1.41963 0.0025 -0.304862 100
1.41944 0.0228 -0.30482 100
1.41905 0.0431 -0.304736 100
1.41924 0.0634 -0.304778 100
1.41924 0.0837 -0.304778 100
1.41895 0.104 -0.304715 100
1.41836 0.1244 -0.304589 100
1.41846 0.1448 -0.30461 100
1.41729 0.1652 -0.304358 100
1.41592 0.1855 -0.304064 100
1.41905 0.2066 -0.304736 100
1.42472 0.2282 -0.305954 100
1.42464 0.0147 -0.285187 100
1.42434 0.035 -0.285129 100
1.42366 0.0553 -0.284991 100
1.42375 0.0756 -0.285011 100
1.42356 0.0959 -0.284972 100
1.42316 0.1163 -0.284893 100
1.42336 0.1367 -0.284932 100
1.42326 0.1572 -0.284913 100
1.42395 0.1778 -0.28505 100
1.42228 0.1982 -0.284716 100
1.42532 0.2193 -0.285325 100
1.4212 -0.2514 -0.2845 100
1.4216 -0.2306 -0.284579 100
1.42169 -0.21 -0.284599 100
1.42248 -0.1894 -0.284756 100
1.42395 -0.169 -0.28505 100
1.42611 -0.1488 -0.285482 100
1.42611 -0.1283 -0.285482 100
1.42669 -0.1079 -0.2856 100
1.42513 -0.0874 -0.285286 100
1.42522 -0.067 -0.285305 100
1.42503 -0.0467 -0.285266 100
1.42552 -0.0264 -0.285364 100
1.42796 0.003 -0.273948 100
1.42776 0.0234 -0.27391 100
1.42629 0.0436 -0.273628 100
1.42658 0.064 -0.273684 100
1.42658 0.0843 -0.273684 100
1.42423 0.1045 -0.273232 100
1.42364 0.1248 -0.273119 100
1.42374 0.1453 -0.273138 100
1.42364 0.1658 -0.273119 100
1.42315 0.1862 -0.273025 100
1.42334 0.2069 -0.273062 100
1.43012 0.2287 -0.274362 100
1.42511 -0.2586 -0.273402 100
1.42275 -0.2373 -0.272949 100
1.42492 -0.2169 -0.273364 100
1.42482 -0.1962 -0.273345 100
1.42442 -0.1756 -0.27327 100
1.42472 -0.1551 -0.273326 100
1.4258 -0.1347 -0.273533 100
1.4255 -0.1143 -0.273477 100
1.426 -0.0939 -0.273571 100
1.42806 -0.0737 -0.273967 100
1.42894 -0.0534 -0.274136 100
1.42953 -0.033 -0.274249 100
1.42962 0.0167 -0.253367 100
1.43021 0.0371 -0.253472 100
1.43159 0.0575 -0.253716 100
1.43159 0.0779 -0.253716 100
1.43139 0.0983 -0.253682 100
1.4309 0.1187 -0.253594 100
1.43011 0.1391 -0.253455 100
1.42903 0.1596 -0.253263 100
1.42864 0.1801 -0.253193 100
1.42696 0.2005 -0.252896 100
1.42795 0.2214 -0.253071 100
1.43021 -0.2681 -0.253472 29
1.42893 -0.2469 -0.253245 100
1.43021 -0.2262 -0.253472 100
1.42933 -0.2053 -0.253315 100
1.43002 -0.1847 -0.253437 100
1.43051 -0.1641 -0.253525 100
1.43159 -0.1437 -0.253716 100
1.43248 -0.1232 -0.253874 100
1.43208 -0.1027 -0.253804 100
1.43139 -0.0822 -0.253682 100
1.43139 -0.0618 -0.253682 100
1.4311 -0.0415 -0.253629 100
1.43149 -0.0211 -0.253699 100
1.43514 0.0015 -0.245571 100
1.43297 0.0217 -0.2452 100
1.43258 0.0418 -0.245133 100
1.43189 0.0619 -0.245014 100
1.4309 0.082 -0.244846 100
1.43061 0.1022 -0.244795 100
1.43011 0.1223 -0.244711 100
1.43021 0.1426 -0.244728 100
1.43011 0.1629 -0.244711 100
1.42873 0.1831 -0.244475 100
1.42804 0.2034 -0.244357 100
1.43041 -0.2585 -0.244761 100
1.42893 -0.2376 -0.244508 100
1.42814 -0.2169 -0.244374 100
1.42893 -0.1965 -0.244508 100
1.42952 -0.1762 -0.24461 100
1.42982 -0.1559 -0.24466 100
1.42992 -0.1356 -0.244677 100
1.42962 -0.1153 -0.244627 100
1.4311 -0.0952 -0.24488 100
1.43228 -0.0751 -0.245082 100
1.43317 -0.055 -0.245234 100
1.43278 -0.0348 -0.245166 100
1.43697 0.0191 -0.234025 100
1.43559 0.0393 -0.2338 100
1.43391 0.0596 -0.233527 100
1.43292 0.0798 -0.233366 100
1.43263 0.1001 -0.233318 100
1.43213 0.1205 -0.233237 100
1.43233 0.1409 -0.23327 100
1.43124 0.1612 -0.233093 100
1.42986 0.1815 -0.232868 100
1.42917 0.202 -0.232755 100
1.42868 -0.2563 -0.232675 100
1.42917 -0.2356 -0.232755 100
1.42927 -0.2149 -0.232771 100
1.43016 -0.1944 -0.232916 100
1.43174 -0.1741 -0.233173 100
1.43401 -0.1538 -0.233543 100
1.43401 -0.1334 -0.233543 100
1.43371 -0.1129 -0.233495 100
1.43608 -0.0927 -0.23388 100
1.43726 -0.0724 -0.234073 100
1.43815 -0.0521 -0.234218 100
1.43776 -0.0318 -0.234154 100
1.43642 0.0036 -0.22545 100
1.43622 0.0239 -0.225419 100
1.43572 0.0442 -0.225342 100
1.43701 0.0646 -0.225543 100
1.43691 0.0849 -0.225528 100
1.43661 0.1053 -0.225481 100
1.43602 0.1257 -0.225388 100
1.43513 0.1461 -0.225249 100
1.43395 0.1665 -0.225063 100
1.43246 0.1869 -0.22483 100
1.43365 0.2077 -0.225016 100
1.44037 0.2295 -0.226071 100
1.43977 -0.2577 -0.225977 100
1.43444 -0.2358 -0.22514 100
1.43365 -0.2149 -0.225016 100
1.43444 -0.1944 -0.22514 100
1.43602 -0.174 -0.225388 100
1.4373 -0.1535 -0.22559 100
1.4373 -0.133 -0.22559 100
1.43809 -0.1126 -0.225714 100
1.43849 -0.0922 -0.225776 100
1.4376 -0.0717 -0.225636 100
1.43651 -0.0513 -0.225466 100
1.43612 -0.031 -0.225404 100
1.43947 0.0147 -0.204354 100
1.43917 0.035 -0.204312 100
1.43947 0.0554 -0.204354 100
1.43858 0.0757 -0.204227 100
1.43739 0.0959 -0.204059 100
1.43788 0.1164 -0.204129 100
1.43818 0.1368 -0.204171 100
1.43709 0.1572 -0.204017 100
1.4358 0.1776 -0.203834 100
1.43511 0.1981 -0.203735 100
1.43818 0.2192 -0.204171 100
1.43867 -0.2699 -0.204241 34
1.43551 -0.2484 -0.203792 100
1.4358 -0.2277 -0.203834 100
1.43491 -0.2068 -0.203707 100
1.4357 -0.1863 -0.20382 100
1.4362 -0.1658 -0.20389 100
1.43729 -0.1455 -0.204045 100
1.43818 -0.1251 -0.204171 100
1.43778 -0.1046 -0.204115 100
1.43917 -0.0843 -0.204312 100
1.44115 -0.0641 -0.204593 100
1.44184 -0.0437 -0.204691 100
1.44234 -0.0234 -0.204761 100
1.4406 0.0114 -0.189403 100
1.44031 0.0317 -0.189364 100
1.4407 0.052 -0.189416 100
1.44179 0.0724 -0.18956 100
1.44259 0.0928 -0.189664 100
1.44219 0.1131 -0.189612 100
1.44149 0.1335 -0.18952 100
1.4405 0.1539 -0.18939 100
1.43921 0.1743 -0.189221 100
1.43862 0.1948 -0.189142 100
1.43872 0.2155 -0.189155 100
1.44437 0.2371 -0.189898 100
1.44348 -0.2603 -0.189781 34
1.4411 -0.2389 -0.189468 100
1.44229 -0.2183 -0.189625 100
1.44031 -0.1973 -0.189364 100
1.43991 -0.1767 -0.189312 100
1.44021 -0.1562 -0.189351 100
1.4413 -0.1358 -0.189494 100
1.44199 -0.1154 -0.189586 100
1.44348 -0.0951 -0.189781 100
1.44467 -0.0748 -0.189938 100
1.44457 -0.0544 -0.189925 100
1.44516 -0.0341 -0.190003 100
1.44473 0.019 -0.171762 100
1.44433 0.0394 -0.171714 100
1.44363 0.0597 -0.171632 100
1.44363 0.0801 -0.171632 100
1.44433 0.1006 -0.171714 100
1.44383 0.121 -0.171655 100
1.44095 0.1412 -0.171313 100
1.43986 0.1616 -0.171183 100
1.43946 0.1821 -0.171136 100
1.43877 0.2027 -0.171053 100
1.44264 0.224 -0.171514 100
1.44532 -0.2513 -0.171832 100
1.44761 -0.2308 -0.172104 100
1.44482 -0.2095 -0.171773 100
1.44165 -0.1884 -0.171396 100
1.44214 -0.1678 -0.171455 100
1.44334 -0.1474 -0.171596 100
1.44433 -0.127 -0.171714 100
1.44492 -0.1065 -0.171785 100
1.44731 -0.0862 -0.172069 100
1.4483 -0.0658 -0.172187 100
1.4481 -0.0454 -0.172163 100
1.44761 -0.025 -0.172104 100
1.44779 0.0183 -0.153446 100
1.44938 0.0387 -0.153615 100
1.44968 0.0591 -0.153647 100
1.44869 0.0795 -0.153541 100
1.44749 0.0999 -0.153415 100
1.4459 0.1202 -0.153246 100
1.44411 0.1405 -0.153057 100
1.44302 0.1609 -0.152941 100
1.44262 0.1815 -0.152898 100
1.44292 0.2021 -0.15293 100
1.44978 0.2239 -0.153657 100
1.4467 -0.2551 -0.153331 100
1.44908 -0.2345 -0.153584 100
1.44729 -0.2134 -0.153394 100
1.44421 -0.1923 -0.153067 100
1.44282 -0.1715 -0.15292 100
1.44411 -0.1511 -0.153057 100
1.446 -0.1307 -0.153257 100
1.44869 -0.1105 -0.153541 100
1.45008 -0.0901 -0.153689 100
1.45018 -0.0696 -0.153699 100
1.45008 -0.0492 -0.153689 100
1.44958 -0.0288 -0.153636 100
1.44815 0.0091 -0.140972 100
1.44786 0.0295 -0.140943 100
1.44726 0.0499 -0.140885 100
1.44746 0.0703 -0.140904 100
1.44736 0.0907 -0.140895 100
1.44696 0.1111 -0.140856 100
1.44626 0.1316 -0.140788 100
1.44527 0.152 -0.140691 100
1.44397 0.1724 -0.140565 100
1.44437 0.1931 -0.140604 100
1.44945 0.2146 -0.141098 100
1.44646 -0.252 -0.140807 100
1.44786 -0.2313 -0.140943 100
1.44507 -0.2101 -0.140672 100
1.44487 -0.1893 -0.140652 100
1.44537 -0.1688 -0.140701 100
1.44567 -0.1482 -0.14073 100
1.44656 -0.1278 -0.140817 100
1.44716 -0.1073 -0.140875 100
1.44756 -0.0869 -0.140914 100
1.44766 -0.0665 -0.140924 100
1.44746 -0.0461 -0.140904 100
1.44796 -0.0257 -0.140953 100
1.44878 0.0025 -0.134399 100
1.44858 0.0228 -0.134381 100
1.44918 0.043 -0.134436 100
1.44938 0.0633 -0.134455 100
1.44838 0.0836 -0.134362 100
1.44808 0.1038 -0.134335 100
1.44848 0.1242 -0.134372 100
1.44758 0.1446 -0.134288 100
1.44549 0.1648 -0.134094 100
1.445 0.1852 -0.134048 100
1.44729 0.2061 -0.134261 100
1.46003 0.2287 -0.135443 100
1.45396 -0.2591 -0.13488 100
1.44958 -0.2375 -0.134473 100
1.44968 -0.2168 -0.134482 100
1.44768 -0.1958 -0.134298 100
1.44629 -0.1751 -0.134168 100
1.44758 -0.1548 -0.134288 100
1.44858 -0.1345 -0.134381 100
1.44828 -0.1141 -0.134353 100
1.44878 -0.0938 -0.134399 100
1.44888 -0.0735 -0.134408 100
1.45077 -0.0533 -0.134584 100
1.45137 -0.033 -0.134639 100
1.45085 0.0015 -0.122341 100
1.45065 0.0218 -0.122325 100
1.45025 0.0422 -0.122291 100
1.45055 0.0625 -0.122316 100
1.45145 0.0829 -0.122392 100
1.45115 0.1033 -0.122367 100
1.45065 0.1237 -0.122325 100
1.44975 0.1441 -0.122249 100
1.44856 0.1645 -0.122148 100
1.44716 0.1849 -0.12203 100
1.44537 0.2053 -0.121879 100
1.44537 0.226 -0.121879 100
1.45663 -0.2498 -0.122829 100
1.45404 -0.2284 -0.12261 100
1.45514 -0.2077 -0.122703 100
1.45195 -0.1866 -0.122434 100
1.45145 -0.1659 -0.122392 100
1.45065 -0.1452 -0.122325 100
1.44956 -0.1247 -0.122232 100
1.45015 -0.1043 -0.122283 100
1.45245 -0.0636 -0.122476 100
1.45125 -0.0432 -0.122375 100
1.45165 -0.0229 -0.122409 100
1.4532 0.0005 -0.105186 100
1.4531 0.0208 -0.105179 100
1.4526 0.0411 -0.105143 100
1.4519 0.0614 -0.105092 100
1.4519 0.0817 -0.105092 100
1.4506 0.1019 -0.104999 100
1.4511 0.1224 -0.105035 100
1.45021 0.1427 -0.10497 100
1.44911 0.1631 -0.10489 100
1.44771 0.1834 -0.104789 100
1.44691 0.2039 -0.104732 100
1.44891 0.2248 -0.104876 100
1.45898 -0.2499 -0.105605 100
1.45539 -0.2284 -0.105345 100
1.45649 -0.2078 -0.105425 100
1.4523 -0.1866 -0.105121 100
1.4508 -0.1658 -0.105013 100
1.451 -0.1453 -0.105027 100
1.4508 -0.1249 -0.105013 100
1.45051 -0.1045 -0.104991 100
1.4508 -0.0842 -0.105013 100
1.4518 -0.0639 -0.105085 100
1.4525 -0.0436 -0.105136 100
1.452 -0.0233 -0.1051 100
1.4553 0.0112 -0.0887548 100
1.45699 0.0317 -0.0888583 100
1.45639 0.0522 -0.0888217 100
1.45649 0.0727 -0.0888278 100
1.45629 0.0932 -0.0888157 100
1.4549 0.1136 -0.0887304 100
1.4531 0.1341 -0.0886209 100
1.44981 0.175 -0.08842 100
1.44821 0.1954 -0.0883226 100
1.44831 0.2162 -0.0883287 100
1.454 0.238 -0.0886756 100
1.4537 -0.2576 -0.0886574 100
1.45619 -0.237 -0.0888096 100
1.4554 -0.216 -0.0887609 100
1.4513 -0.1946 -0.0885113 100
1.45001 -0.1737 -0.0884321 100
1.45031 -0.1531 -0.0884504 100
1.4513 -0.1326 -0.0885113 100
1.453 -0.1122 -0.0886148 100
1.4544 -0.0918 -0.0887 100
1.45659 -0.0714 -0.0888339 100
1.45739 -0.0509 -0.0888826 100
1.45599 -0.0304 -0.0887974 100
1.45697 0.0168 -0.0750815 100
1.45657 0.0372 -0.0750609 100
1.45597 0.0575 -0.0750301 100
1.45497 0.0779 -0.0749786 100
1.45377 0.0982 -0.0749168 100
1.45427 0.1186 -0.0749426 100
1.45447 0.1391 -0.0749529 100
1.45337 0.1596 -0.0748962 100
1.45197 0.18 -0.0748242 100
1.45227 0.2007 -0.0748396 100
1.46026 0.2226 -0.0752513 100
1.45587 -0.2553 -0.0750249 100
1.45926 -0.235 -0.0751999 100
1.45647 -0.2137 -0.0750558 100
1.45437 -0.1927 -0.0749477 100
1.45297 -0.1718 -0.0748757 100
1.45327 -0.1513 -0.0748911 100
1.45417 -0.1309 -0.0749374 100
1.45487 -0.1105 -0.0749734 100
1.45427 -0.09 -0.0749426 100
1.45537 -0.0697 -0.0749992 100
1.45527 -0.0493 -0.074994 100
1.45477 -0.029 -0.0749683 100
1.45852 0.0054 -0.0657208 100
1.45732 0.0257 -0.0656668 100
1.45682 0.0461 -0.0656443 100
1.45702 0.0665 -0.0656533 100
1.45592 0.0869 -0.0656038 100
1.45462 0.1072 -0.0655453 100
1.45392 0.1277 -0.0655138 100
1.45303 0.1481 -0.0654733 100
1.45283 0.1686 -0.0654643 100
1.45133 0.189 -0.0653967 100
1.45243 0.2099 -0.0654463 100
1.46122 0.2321 -0.0658424 100
1.45802 -0.257 -0.0656983 100
1.45462 -0.2354 -0.0655453 100
1.45482 -0.2146 -0.0655543 100
1.45273 -0.1936 -0.0654598 100
1.45233 -0.1729 -0.0654418 100
1.45353 -0.1525 -0.0654958 100
1.45452 -0.1321 -0.0655408 100
1.45422 -0.1116 -0.0655273 100
1.45662 -0.0913 -0.0656353 100
1.45782 -0.0709 -0.0656893 100
1.45862 -0.0505 -0.0657254 100
1.45922 -0.0301 -0.0657524 100
1.46122 0.0115 -0.0477078 100
1.46092 0.0319 -0.047698 100
1.46032 0.0524 -0.0476784 100
1.46042 0.0729 -0.0476817 100
1.45822 0.0932 -0.0476099 100
1.45682 0.1136 -0.0475642 100
1.45602 0.1341 -0.0475381 100
1.45502 0.1546 -0.0475055 100
1.45373 0.175 -0.047463 100
1.45413 0.1958 -0.0474761 100
1.46012 0.2174 -0.0476719 100
1.46012 -0.2607 -0.0476719 100
1.45972 -0.2396 -0.0476588 100
1.46192 -0.219 -0.0477306 100
1.45892 -0.1977 -0.0476327 100
1.45652 -0.1767 -0.0475544 100
1.45492 -0.1558 -0.0475022 100
1.45492 -0.1353 -0.0475022 100
1.45572 -0.1148 -0.0475283 100
1.45812 -0.0945 -0.0476066 100
1.45932 -0.0741 -0.0476458 100
1.46122 -0.0537 -0.0477078 100
1.46182 -0.0332 -0.0477274 100
1.45957 0.0008 -0.0354162 100
1.45737 0.0212 -0.0353629 100
1.45697 0.0415 -0.0353532 100
1.45727 0.062 -0.0353604 100
1.45727 0.0824 -0.0353604 100
1.45697 0.1028 -0.0353532 100
1.45737 0.1234 -0.0353629 100
1.45747 0.1439 -0.0353653 100
1.45827 0.1647 -0.0353847 100
1.45987 0.1855 -0.0354235 100
1.45907 0.2062 -0.0354041 100
1.46197 0.2275 -0.0354745 100
1.46177 -0.2532 -0.0354696 100
1.46127 -0.2321 -0.0354575 100
1.46337 -0.2115 -0.0355084 100
1.46127 -0.1904 -0.0354575 100
1.45677 -0.1691 -0.0353483 100
1.45507 -0.1483 -0.0353071 100
1.45597 -0.1279 -0.0353289 100
1.45657 -0.1074 -0.0353435 100
1.45697 -0.087 -0.0353532 100
1.45807 -0.0666 -0.0353798 100
1.45787 -0.0461 -0.035375 100
1.45837 -0.0257 -0.0353871 100
1.45977 0.0145 -0.0193643 100
1.45847 0.0349 -0.019347 100
1.45787 0.0553 -0.0193391 100
1.45787 0.0757 -0.0193391 100
1.45667 0.0961 -0.0193232 100
1.45717 0.1166 -0.0193298 100
1.45747 0.1371 -0.0193338 100
1.45937 0.1579 -0.019359 100
1.46297 0.179 -0.0194067 100
1.46227 0.1998 -0.0193974 100
1.46627 0.2212 -0.0194505 100
1.46117 -0.2643 -0.0193828 43
1.46177 -0.2433 -0.0193908 100
1.46407 -0.2227 -0.0194213 100
1.46207 -0.2015 -0.0193948 100
1.45777 -0.1802 -0.0193378 100
1.45717 -0.1595 -0.0193298 100
1.46027 -0.1392 -0.0193709 100
1.46207 -0.1188 -0.0193948 100
1.46257 -0.0983 -0.0194014 100
1.46177 -0.0777 -0.0193908 100
1.46177 -0.0572 -0.0193908 100
1.46237 -0.0368 -0.0193988 100
1.46097 0.0117 -0.00994463 100
1.45957 0.0321 -0.0099351 100
1.46007 0.0526 -0.00993851 100
1.45917 0.073 -0.00993238 100
1.45897 0.0935 -0.00993102 100
1.45857 0.1139 -0.0099283 100
1.45777 0.1344 -0.00992285 100
1.45877 0.1551 -0.00992966 100
1.46037 0.176 -0.00994055 100
1.45977 0.1966 -0.00993647 100
1.46287 0.2179 -0.00995757 100
1.46167 -0.2619 -0.0099494 47
1.46227 -0.2409 -0.00995348 100
1.46547 -0.2204 -0.00997526 100
1.46647 -0.1996 -0.00998207 100
1.46417 -0.1785 -0.00996642 100
1.46147 -0.1575 -0.00994804 100
1.46057 -0.1367 -0.00994191 100
1.46037 -0.1161 -0.00994055 100
1.46087 -0.0956 -0.00994395 100
1.46107 -0.0751 -0.00994532 100
1.46097 -0.0547 -0.00994463 100
1.46057 -0.0342 -0.00994191 100
1.46097 0.0008 0.00994463 100
1.46177 0.0212 0.00995008 100
1.46237 0.0417 0.00995416 100
1.46367 0.0622 0.00996301 100
1.46367 0.0827 0.00996301 100
1.46337 0.1032 0.00996097 100
1.46277 0.1238 0.00995689 100
1.46487 0.1446 0.00997118 100
1.46767 0.1656 0.00999024 100
1.46717 0.1864 0.00998684 100
1.46637 0.2071 0.00998139 100
1.46827 0.2284 0.00999432 100
1.46357 -0.2568 0.00996233 100
1.46507 -0.236 0.00997254 100
1.46727 -0.2154 0.00998752 100
1.46517 -0.1942 0.00997322 100
1.46077 -0.1728 0.00994327 100
1.45907 -0.152 0.0099317 100
1.46007 -0.1315 0.00993851 100
1.45977 -0.1109 0.00993647 100
1.45917 -0.0904 0.00993238 100
1.46027 -0.07 0.00993987 100
1.46017 -0.0495 0.00993919 100
1.45967 -0.0291 0.00993579 100
1.45971 0.0135 0.0236954 100
1.46041 0.0339 0.0237068 100
1.46081 0.0544 0.0237133 100
1.45991 0.0748 0.0236987 100
1.45971 0.0952 0.0236954 100
1.45921 0.1157 0.0236873 100
1.46051 0.1363 0.0237084 100
1.46341 0.1573 0.0237555 100
1.46501 0.1782 0.0237814 100
1.46341 0.1988 0.0237555 100
1.46541 0.2199 0.0237879 100
1.46161 -0.2497 0.0237263 100
1.46401 -0.2291 0.0237652 100
1.46411 -0.2082 0.0237668 100
1.46291 -0.1873 0.0237474 100
1.45841 -0.166 0.0236743 100
1.45761 -0.1453 0.0236613 100
1.45951 -0.1249 0.0236922 100
1.46111 -0.1045 0.0237181 100
1.46241 -0.0841 0.0237392 100
1.46341 -0.0637 0.0237555 100
1.46321 -0.0432 0.0237522 100
1.46361 -0.0228 0.0237587 100
1.46731 0.01 0.0450866 100
1.46801 0.0306 0.0451081 100
1.46541 0.0511 0.0450283 100
1.46261 0.0715 0.0449423 100
1.46141 0.092 0.0449054 100
1.46301 0.1127 0.0449546 100
1.46821 0.1338 0.0451143 100
1.47021 0.1548 0.0451757 100
1.46991 0.1756 0.0451665 100
1.46821 0.1963 0.0451143 100
1.46931 0.2175 0.0451481 100
1.46201 -0.2508 0.0449239 100
1.46531 -0.2303 0.0450252 100
1.46541 -0.2093 0.0450283 100
1.46721 -0.1886 0.0450836 100
1.46771 -0.1678 0.0450989 100
1.46801 -0.147 0.0451081 100
1.46591 -0.1261 0.0450436 100
1.46251 -0.1052 0.0449392 100
1.46191 -0.0846 0.0449208 100
1.46291 -0.0641 0.0449515 100
1.46271 -0.0436 0.0449454 100
1.46411 -0.0231 0.0449883 100
1.46598 0.0169 0.0519617 100
1.46458 0.0374 0.0519121 100
1.46398 0.0579 0.0518908 100
1.46298 0.0783 0.0518554 100
1.46378 0.0989 0.0518837 100
1.46718 0.1198 0.0520042 100
1.46938 0.1407 0.0520821 100
1.47028 0.1615 0.052114 100
1.46878 0.1822 0.0520608 100
1.47008 0.2033 0.0521069 100
1.46368 -0.263 0.0518802 100
1.46328 -0.2418 0.051866 100
1.46548 -0.2212 0.051944 100
1.46548 -0.2003 0.051944 100
1.46618 -0.1795 0.0519687 100
1.46748 -0.1589 0.0520148 100
1.46658 -0.1381 0.0519829 100
1.46338 -0.1172 0.0518696 100
1.46088 -0.0964 0.051781 100
1.46108 -0.0759 0.0517881 100
1.46198 -0.0555 0.05182 100
1.46368 -0.035 0.0518802 100
1.47211 0.0108 0.074574 100
1.46882 0.0313 0.074407 100
1.47021 0.0519 0.0744779 100
1.47231 0.0726 0.0745841 100
1.47321 0.0932 0.0746297 100
1.47271 0.1139 0.0746044 100
1.47201 0.1345 0.0745689 100
1.47091 0.1552 0.0745133 100
1.47061 0.176 0.0744981 100
1.46902 0.1966 0.0744172 100
1.47011 0.2177 0.0744728 100
1.46902 -0.2671 0.0744172 100
1.46872 -0.2459 0.074402 100
1.47001 -0.225 0.0744678 100
1.47101 -0.2042 0.0745183 100
1.47071 -0.1833 0.0745032 100
1.47021 -0.1624 0.0744779 100
1.47131 -0.1417 0.0745335 100
1.47111 -0.121 0.0745234 100
1.47071 -0.1003 0.0745032 100
1.47191 -0.0798 0.0745639 100
1.47091 -0.0591 0.0745133 100
1.46862 -0.0385 0.0743969 100
1.4695 0.0139 0.0839591 100
1.4732 0.0345 0.0841701 100
1.4746 0.0552 0.08425 100
1.4747 0.0759 0.0842557 100
1.4744 0.0965 0.0842386 100
1.474 0.1172 0.0842158 100
1.4722 0.1378 0.0841131 100
1.4711 0.1585 0.0840503 100
1.4707 0.1793 0.0840275 100
1.4691 0.2 0.0839363 100
1.4691 0.221 0.0839363 100
1.46381 -0.2538 0.0836339 100
1.46621 -0.2332 0.0837708 100
1.46641 -0.2122 0.0837822 100
1.46821 -0.1915 0.0838849 100
1.4697 -0.1709 0.0839705 100
1.472 -0.1503 0.0841017 100
1.4739 -0.1297 0.0842101 100
1.4746 -0.109 0.08425 100
1.473 -0.0882 0.0841587 100
1.4711 -0.0674 0.0840503 100
1.4709 -0.0468 0.0840389 100
1.4714 -0.0262 0.0840674 100
1.47418 0.0015 0.106188 100
1.47398 0.0222 0.106173 100
1.47458 0.0428 0.106217 100
1.47478 0.0635 0.106231 100
1.47478 0.0842 0.106231 100
1.47248 0.1047 0.106066 100
1.47189 0.1254 0.106023 100
1.47099 0.1461 0.105958 100
1.46979 0.1667 0.105872 100
1.47129 0.1878 0.105979 100
1.46949 0.2085 0.10585 100
1.47239 0.2299 0.106058 100
1.47029 -0.255 0.105908 100
1.46879 -0.2336 0.1058 100
1.46989 -0.2127 0.105879 100
1.47179 -0.192 0.106015 100
1.47328 -0.1713 0.106123 100
1.47458 -0.1506 0.106217 100
1.47448 -0.1298 0.106209 100
1.47518 -0.109 0.10626 100
1.47558 -0.0883 0.106288 100
1.47468 -0.0676 0.106224 100
1.47448 -0.0469 0.106209 100
1.47298 -0.0263 0.106102 100
1.47322 0.0193 0.117498 100
1.47282 0.04 0.117466 100
1.47213 0.0606 0.11741 100
1.47312 0.0814 0.11749 100
1.47183 0.102 0.117386 100
1.47123 0.1227 0.117339 100
1.47232 0.1436 0.117426 100
1.47322 0.1646 0.117498 100
1.47173 0.1853 0.117378 100
1.47392 0.2066 0.117553 100
1.46575 -0.2642 0.116901 100
1.46445 -0.2428 0.116798 100
1.46664 -0.2221 0.116973 100
1.46764 -0.2013 0.117052 100
1.46834 -0.1805 0.117108 100
1.46973 -0.1598 0.117219 100
1.47083 -0.139 0.117307 100
1.47163 -0.1183 0.11737 100
1.47213 -0.0976 0.11741 100
1.47232 -0.0769 0.117426 100
1.47322 -0.0563 0.117498 100
1.47492 -0.0357 0.117633 100
1.47455 0.0088 0.138088 100
1.47624 0.0295 0.138246 100
1.47574 0.0501 0.1382 100
1.47584 0.0708 0.138209 100
1.47475 0.0915 0.138106 100
1.47435 0.1122 0.138069 100
1.47355 0.1329 0.137994 100
1.47355 0.1538 0.137994 100
1.47525 0.1748 0.138153 100
1.47564 0.1959 0.13819 100
1.48361 0.2181 0.138936 100
1.46867 -0.2549 0.137538 100
1.46917 -0.2339 0.137584 100
1.46927 -0.2129 0.137594 100
1.46917 -0.1919 0.137584 100
1.47067 -0.1712 0.137724 100
1.47296 -0.1506 0.137938 100
1.47385 -0.1298 0.138022 100
1.47355 -0.109 0.137994 100
1.47395 -0.0883 0.138032 100
1.47405 -0.0676 0.138041 100
1.47485 -0.047 0.138116 100
1.47534 -0.0263 0.138162 100
1.47381 0.0016 0.145806 100
1.47361 0.0222 0.145787 100
1.4742 0.0429 0.145846 100
1.4744 0.0637 0.145866 100
1.4744 0.0844 0.145866 100
1.4741 0.1052 0.145836 100
1.47351 0.1259 0.145777 100
1.47251 0.1467 0.145678 100
1.47231 0.1676 0.145659 100
1.47281 0.1886 0.145708 100
1.47798 0.2104 0.14622 100
1.46803 -0.2663 0.145235 100
1.46863 -0.2452 0.145295 100
1.47092 -0.2244 0.145521 100
1.47092 -0.2033 0.145521 100
1.47062 -0.1823 0.145491 100
1.47102 -0.1614 0.145531 100
1.47211 -0.1407 0.145639 100
1.4739 -0.12 0.145816 100
1.4755 -0.0993 0.145974 100
1.4757 -0.0785 0.145994 100
1.47371 -0.0577 0.145797 100
1.47331 -0.037 0.145757 100
1.47654 0.0023 0.167447 100
1.47733 0.0231 0.167537 100
1.47693 0.0439 0.167492 100
1.47614 0.0647 0.167402 100
1.47505 0.0855 0.167278 100
1.47475 0.1063 0.167244 100
1.47415 0.1271 0.167176 100
1.47415 0.148 0.167176 100
1.47395 0.169 0.167154 100
1.47544 0.1902 0.167323 100
1.47455 0.2113 0.167222 100
1.48031 0.2334 0.167875 100
1.47952 -0.257 0.167785 100
1.47505 -0.2349 0.167278 100
1.47624 -0.2139 0.167413 100
1.47614 -0.1927 0.167402 100
1.47564 -0.1716 0.167345 100
1.47693 -0.1507 0.167492 100
1.47693 -0.1297 0.167492 100
1.47654 -0.1088 0.167447 100
1.47594 -0.0879 0.167379 100
1.47604 -0.067 0.167391 100
1.47584 -0.0462 0.167368 100
1.47534 -0.0254 0.167312 100
1.47604 0.0117 0.180189 100
1.47565 0.0324 0.180141 100
1.47416 0.0531 0.179959 100
1.47326 0.0738 0.17985 100
1.47306 0.0946 0.179826 100
1.47356 0.1154 0.179886 100
1.47287 0.1362 0.179802 100
1.47277 0.1571 0.179789 100
1.47247 0.178 0.179753 100
1.47177 0.1989 0.179668 100
1.47475 0.2205 0.180032 100
1.47426 -0.2496 0.179971 100
1.47366 -0.2283 0.179898 100
1.47565 -0.2074 0.180141 100
1.47445 -0.1861 0.179995 100
1.47396 -0.1651 0.179935 100
1.47406 -0.1442 0.179947 100
1.47297 -0.1232 0.179814 100
1.47257 -0.1023 0.179765 100
1.47386 -0.0816 0.179923 100
1.47386 -0.0609 0.179923 100
1.47356 -0.0401 0.179886 100
1.47486 0.0117 0.197312 100
1.47645 0.0325 0.197525 100
1.47684 0.0534 0.197578 100
1.47704 0.0742 0.197604 100
1.47783 0.0952 0.19771 100
1.47833 0.1161 0.197776 100
1.48051 0.1373 0.198068 100
1.4814 0.1585 0.198188 100
1.48011 0.1795 0.198015 100
1.48041 0.2007 0.198055 100
1.48428 0.2226 0.198572 100
1.47992 -0.2564 0.197989 100
1.47555 -0.2343 0.197405 100
1.47664 -0.2132 0.197551 100
1.47555 -0.1919 0.197405 100
1.47506 -0.1707 0.197339 100
1.47337 -0.1495 0.197113 100
1.47238 -0.1285 0.196981 100
1.47298 -0.1076 0.19706 100
1.47337 -0.0868 0.197113 100
1.47436 -0.066 0.197246 100
1.47615 -0.0453 0.197485 100
1.47764 -0.0245 0.197684 100
1.47473 0.0031 0.205685 100
1.47453 0.0237 0.205657 100
1.47502 0.0442 0.205726 100
1.47433 0.0648 0.205629 100
1.47532 0.0854 0.205767 100
1.4769 0.1061 0.205988 100
1.47829 0.127 0.206182 100
1.48037 0.1479 0.206472 100
1.48116 0.1689 0.206582 100
1.48265 0.19 0.20679 100
1.48087 0.2107 0.206541 100
1.48275 0.2321 0.206803 100
1.47284 -0.2564 0.205422 100
1.47423 -0.2356 0.205615 100
1.47611 -0.1939 0.205878 100
1.47572 -0.173 0.205823 100
1.47591 -0.1522 0.20585 100
1.47492 -0.1314 0.205712 100
1.47364 -0.1106 0.205533 100
1.47502 -0.0901 0.205726 100
1.47611 -0.0695 0.205878 100
1.47591 -0.0489 0.20585 100
1.47443 -0.0283 0.205643 100
1.4753 0.0203 0.234985 100
1.4758 0.0412 0.235064 100
1.47708 0.0621 0.235268 100
1.47807 0.0831 0.235425 100
1.47777 0.1041 0.235378 100
1.47915 0.1252 0.235598 100
1.48123 0.1465 0.235929 100
1.48389 0.1679 0.236353 100
1.48439 0.1893 0.236432 100
1.48261 0.2104 0.236149 100
1.48251 0.2317 0.236133 100
1.47718 -0.2588 0.235284 100
1.47767 -0.2374 0.235362 100
1.47985 -0.2163 0.235709 100
1.47975 -0.195 0.235693 100
1.47836 -0.1736 0.235473 100
1.47669 -0.1523 0.235205 100
1.47659 -0.1313 0.235189 100
1.47728 -0.1103 0.2353 100
1.47767 -0.0894 0.235362 100
1.47777 -0.0684 0.235378 100
1.47659 -0.0475 0.235189 100
1.47619 -0.0266 0.235127 100
1.47508 0.0193 0.242611 100
1.47567 0.0401 0.242709 100
1.47696 0.0609 0.24292 100
1.47992 0.0819 0.243407 100
1.48159 0.1029 0.243683 100
1.48298 0.124 0.24391 100
1.48406 0.1451 0.244088 100
1.48386 0.1662 0.244056 100
1.48248 0.1872 0.243829 100
1.47873 0.2291 0.243212 100
1.4735 -0.2672 0.242352 100
1.47508 -0.2461 0.242611 100
1.47735 -0.2252 0.242985 100
1.47932 -0.2042 0.243309 100
1.47903 -0.183 0.243261 100
1.47745 -0.1618 0.243001 100
1.47755 -0.1408 0.243017 100
1.47735 -0.1198 0.242985 100
1.47686 -0.0989 0.242904 100
1.47617 -0.078 0.24279 100
1.47508 -0.0572 0.242611 100
1.47479 -0.0364 0.242563 100
1.47746 0.0058 0.264773 100
1.47628 0.0264 0.264561 100
1.47481 0.0471 0.264297 100
1.47402 0.0677 0.264155 100
1.4749 0.0884 0.264314 100
1.47746 0.1094 0.264773 100
1.47983 0.1304 0.265196 100
1.48081 0.1514 0.265373 100
1.48061 0.1723 0.265337 100
1.48002 0.1933 0.265231 100
1.48219 0.2147 0.265619 100
1.47293 -0.243 0.263961 100
1.47412 -0.2221 0.264173 100
1.47599 -0.2013 0.264508 100
1.47766 -0.1805 0.264808 100
1.47894 -0.1597 0.265037 100
1.47608 -0.1385 0.264526 100
1.4749 -0.1176 0.264314 100
1.47638 -0.0969 0.264579 100
1.47756 -0.0763 0.26479 100
1.47746 -0.0555 0.264773 100
1.47707 -0.0348 0.264702 100
1.4777 0.011 0.269077 100
1.47839 0.032 0.269202 100
1.47878 0.0531 0.269274 100
1.4777 0.0952 0.269077 100
1.48016 0.1165 0.269525 100
1.48233 0.1379 0.269919 100
1.48321 0.1593 0.27008 100
1.48183 0.1805 0.269829 100
1.48016 0.2017 0.269525 100
1.47918 0.223 0.269345 100
1.47357 -0.2644 0.268324 100
1.47514 -0.2431 0.268611 100
1.47741 -0.222 0.269023 100
1.47839 -0.2007 0.269202 100
1.47711 -0.1791 0.268969 100
1.47445 -0.1576 0.268486 100
1.47357 -0.1363 0.268324 100
1.47436 -0.1153 0.268468 100
1.47377 -0.0942 0.26836 100
1.47396 -0.0732 0.268396 100
1.47386 -0.0521 0.268378 100
1.47544 -0.0312 0.268665 100
1.47809 0.0032 0.293743 100
1.4779 0.0243 0.293704 100
1.47741 0.0454 0.293607 100
1.47957 0.0666 0.294036 100
1.48045 0.0879 0.294211 100
1.47917 0.109 0.293958 100
1.47947 0.1303 0.294016 100
1.47947 0.1516 0.294016 100
1.48015 0.1731 0.294152 100
1.47859 0.1944 0.293841 100
1.4777 0.2158 0.293665 100
1.47015 -0.2583 0.292164 100
1.47162 -0.2369 0.292457 100
1.47378 -0.2157 0.292885 100
1.47564 -0.1945 0.293256 100
1.47721 -0.1733 0.293568 100
1.47937 -0.1522 0.293997 100
1.47937 -0.1308 0.293997 100
1.47908 -0.1096 0.293938 100
1.47947 -0.0883 0.294016 100
1.47741 -0.0459 0.293607 100
1.47594 -0.0248 0.293314 100
1.48157 0.019 0.30628 100
1.48216 0.0402 0.306401 100
1.48343 0.0614 0.306664 100
1.48343 0.0825 0.306664 100
1.48314 0.1037 0.306604 100
1.48255 0.125 0.306482 100
1.48167 0.1462 0.3063 100
1.4805 0.1674 0.306057 100
1.48099 0.1888 0.306158 100
1.47922 0.2101 0.305794 100
1.48001 0.2317 0.305956 100
1.4754 -0.2607 0.305004 100
1.47305 -0.2387 0.304518 100
1.47325 -0.2172 0.304559 100
1.47413 -0.196 0.304741 100
1.4757 -0.1748 0.305065 100
1.47599 -0.1536 0.305126 100
1.47599 -0.1323 0.305126 100
1.47668 -0.1112 0.305268 100
1.47707 -0.0901 0.305349 100
1.47815 -0.069 0.305571 100
1.47795 -0.0479 0.305531 100
1.47854 -0.0269 0.305652 100
1.48014 0.0164 0.327326 100
1.47975 0.0376 0.327239 100
1.47819 0.0587 0.326894 100
1.47623 0.0798 0.326462 100
1.47496 0.1009 0.326181 100
1.47545 0.1221 0.326289 100
1.47653 0.1435 0.326527 100
1.47633 0.1648 0.326484 100
1.47594 0.1862 0.326397 100
1.47516 0.2076 0.326225 100
1.47701 0.2294 0.326635 100
1.47174 -0.2567 0.325469 100
1.47028 -0.2348 0.325145 100
1.47145 -0.2135 0.325404 100
1.47125 -0.192 0.325361 100
1.47282 -0.1708 0.325706 100
1.47301 -0.1496 0.32575 100
1.47389 -0.1284 0.325944 100
1.47555 -0.1073 0.326311 100
1.47682 -0.0862 0.326592 100
1.47887 -0.0651 0.327045 100
1.47867 -0.0439 0.327002 100
1.47906 -0.0227 0.327088 100
1.4774 0.0185 0.339456 100
1.47799 0.0397 0.339591 100
1.47731 0.0609 0.339434 100
1.47828 0.0821 0.339658 100
1.47799 0.1033 0.339591 100
1.47643 0.1245 0.339232 100
1.47653 0.1458 0.339255 100
1.47828 0.1674 0.339658 100
1.47877 0.1889 0.33977 100
1.47799 0.2103 0.339591 100
1.48169 0.2325 0.340442 100
1.47175 -0.2642 0.338158 100
1.47321 -0.2428 0.338493 100
1.47545 -0.2215 0.339009 100
1.47448 -0.1999 0.338785 100
1.47214 -0.1781 0.338247 100
1.47156 -0.1567 0.338113 100
1.47156 -0.1355 0.338113 100
1.47234 -0.1143 0.338292 100
1.4737 -0.0932 0.338605 100
1.47487 -0.0721 0.338874 100
1.47565 -0.051 0.339053 100
1.47623 -0.0299 0.339188 100
1.47299 0.0026 0.358533 100
1.47231 0.045 0.358367 100
1.47066 0.0662 0.357965 100
1.47056 0.0874 0.357941 100
1.47212 0.1088 0.35832 100
1.47144 0.13 0.358154 100
1.47144 0.1514 0.358154 100
1.47319 0.173 0.35858 100
1.47542 0.1949 0.359124 100
1.47465 0.2164 0.358935 100
1.47921 0.2388 0.360046 100
1.47299 -0.2593 0.358533 46
1.47056 -0.2371 0.357941 100
1.47173 -0.2157 0.358225 100
1.47066 -0.194 0.357965 100
1.4693 -0.1723 0.357634 100
1.47056 -0.1511 0.357941 100
1.47144 -0.1298 0.358154 100
1.47212 -0.1085 0.35832 100
1.47251 -0.0873 0.358414 100
1.47358 -0.0661 0.358674 100
1.47231 -0.0448 0.358367 100
1.47183 -0.0236 0.358249 100
1.47705 0.0069 0.367174 100
1.47579 0.0281 0.36686 100
1.4753 0.0494 0.36674 100
1.47549 0.0707 0.366788 100
1.47433 0.0919 0.366499 100
1.47491 0.1133 0.366643 100
1.47608 0.1347 0.366933 100
1.47608 0.1562 0.366933 100
1.47579 0.1776 0.36686 100
1.47414 0.199 0.36645 100
1.47423 0.2206 0.366474 100
1.46899 -0.2665 0.365172 37
1.46957 -0.2448 0.365316 100
1.47181 -0.2235 0.365871 100
1.47181 -0.2019 0.365871 100
1.47054 -0.1802 0.365558 100
1.46899 -0.1586 0.365172 100
1.47006 -0.1374 0.365437 100
1.46987 -0.1161 0.365389 100
1.47122 -0.0949 0.365727 100
1.47433 -0.0738 0.366499 100
1.47617 -0.0526 0.366957 100
1.47579 -0.0313 0.36686 100
1.47052 0.0191 0.380302 100
1.4711 0.0403 0.380452 100
1.47236 0.0616 0.380778 100
1.47226 0.0829 0.380753 100
1.47197 0.1042 0.380678 100
1.47236 0.1256 0.380778 100
1.47246 0.147 0.380803 100
1.47129 0.1683 0.380503 100
1.47081 0.1897 0.380377 100
1.47004 0.2112 0.380177 100
1.47178 0.2331 0.380628 100
1.47139 -0.2608 0.380528 100
1.4681 -0.2385 0.379676 100
1.46926 -0.217 0.379977 100
1.47013 -0.1956 0.380202 100
1.46974 -0.174 0.380102 100
1.46907 -0.1525 0.379927 100
1.46713 -0.131 0.379426 100
1.46578 -0.1096 0.379075 100
1.46713 -0.0884 0.379426 100
1.4682 -0.0673 0.379701 100
1.47091 -0.0461 0.380402 100
1.47139 -0.0249 0.380528 100
1.47238 0.0191 0.389018 100
1.47102 0.0404 0.388661 100
1.47035 0.0616 0.388482 100
1.47025 0.0829 0.388456 100
1.47189 0.1043 0.388891 100
1.47228 0.1257 0.388993 100
1.47141 0.147 0.388763 100
1.47218 0.1686 0.388967 100
1.4717 0.1901 0.38884 100
1.47373 0.212 0.389376 100
1.46609 -0.2629 0.387358 100
1.46657 -0.2412 0.387486 100
1.4688 -0.2199 0.388073 100
1.46773 -0.1982 0.387792 100
1.46648 -0.1765 0.38746 100
1.46483 -0.1549 0.387026 100
1.46677 -0.1337 0.387537 100
1.46938 -0.1126 0.388226 100
1.47083 -0.0914 0.38861 100
1.47189 -0.0702 0.388891 100
1.4717 -0.0489 0.38884 100
1.47025 -0.0276 0.388456 100
1.46676 0.0207 0.405942 100
1.46628 0.042 0.405809 100
1.46657 0.0633 0.405889 100
1.46744 0.0847 0.406129 100
1.46811 0.1061 0.406316 100
1.4685 0.1276 0.406422 100
1.46946 0.1491 0.406689 100
1.46927 0.1707 0.406636 100
1.46869 0.1922 0.406476 100
1.47168 0.2143 0.407302 100
1.4657 -0.2666 0.405649 38
1.46252 -0.2442 0.404769 100
1.46377 -0.2227 0.405115 100
1.46377 -0.201 0.405115 100
1.46435 -0.1795 0.405275 100
1.46377 -0.158 0.405115 100
1.46387 -0.1365 0.405142 100
1.46358 -0.1151 0.405062 100
1.46503 -0.0939 0.405462 100
1.46618 -0.0726 0.405782 100
1.46695 -0.0514 0.405995 100
1.46753 -0.0301 0.406156 100
1.46629 0.0069 0.419068 100
1.46696 0.0283 0.41926 100
1.46648 0.0497 0.419123 100
1.46658 0.0711 0.41915 100
1.46744 0.0925 0.419397 100
1.46792 0.114 0.419535 100
1.46917 0.1357 0.419892 100
1.47004 0.1574 0.420139 100
1.47062 0.1791 0.420304 100
1.47475 0.2014 0.421486 100
1.46975 -0.2445 0.420057 100
1.46619 -0.222 0.41904 100
1.46619 -0.2003 0.41904 100
1.46591 -0.1785 0.418958 100
1.46523 -0.1569 0.418765 100
1.46341 -0.1352 0.418243 100
1.46225 -0.1136 0.417913 100
1.4636 -0.0923 0.418298 100
1.46562 -0.071 0.418875 100
1.46552 -0.0496 0.418848 100
1.46408 -0.0282 0.418436 100
1.46157 0.0208 0.434881 100
1.46109 0.0418 0.434738 100
1.46234 0.0628 0.435109 100
1.46426 0.084 0.435679 100
1.46589 0.1053 0.436164 100
1.46723 0.1266 0.436564 100
1.46732 0.1478 0.436592 100
1.46713 0.1691 0.436535 100
1.46761 0.1906 0.436678 100
1.4725 0.2127 0.438132 100
1.45841 -0.256 0.43394 100
1.45784 -0.2345 0.433769 100
1.46157 -0.1922 0.434881 100
1.46023 -0.1707 0.434482 100
1.46042 -0.1495 0.434539 100
1.46033 -0.1284 0.43451 100
1.4609 -0.1073 0.434681 100
1.4632 -0.0863 0.435366 100
1.46416 -0.0653 0.435651 100
1.46301 -0.0442 0.435309 100
1.46148 -0.0231 0.434852 100
1.46317 0.0072 0.440364 100
1.46288 0.0286 0.440277 100
1.46336 0.0499 0.440422 100
1.46441 0.0714 0.440739 100
1.46432 0.0928 0.44071 100
1.46384 0.1143 0.440566 100
1.46317 0.1357 0.440364 100
1.46499 0.1575 0.440912 100
1.4647 0.1791 0.440825 100
1.46872 0.2014 0.442035 100
1.4602 -0.2607 0.439471 100
1.45694 -0.2383 0.438491 100
1.45714 -0.2166 0.438548 100
1.45704 -0.1949 0.438519 100
1.45762 -0.1734 0.438692 100
1.45781 -0.1519 0.43875 100
1.45781 -0.1304 0.43875 100
1.45752 -0.109 0.438664 100
1.45886 -0.0877 0.439067 100
1.45991 -0.0664 0.439384 100
1.46058 -0.0451 0.439586 100
1.4601 -0.0237 0.439442 100
1.46164 0.0056 0.438512 100
1.4624 0.0269 0.438742 100
1.46279 0.0482 0.438857 100
1.46298 0.0696 0.438914 100
1.46288 0.091 0.438886 100
1.46441 0.1125 0.439346 100
1.46556 0.1341 0.43969 100
1.46748 0.1558 0.440265 100
1.46719 0.1774 0.440179 100
1.4694 0.1994 0.44084 100
1.45838 -0.2561 0.437535 100
1.4579 -0.2342 0.437391 100
1.45896 -0.2126 0.437708 100
1.45886 -0.191 0.437679 100
1.45934 -0.1695 0.437822 100
1.46145 -0.1482 0.438455 100
1.46231 -0.1268 0.438713 100
1.46298 -0.1054 0.438914 100
1.46327 -0.084 0.439001 100
1.46135 -0.0626 0.438426 100
1.4601 -0.0412 0.438052 100
1.46348 0.008 0.439342 100
1.46415 0.0293 0.439544 100
1.46463 0.0507 0.439687 100
1.46568 0.0721 0.440004 100
1.46549 0.0935 0.439946 100
1.46702 0.1151 0.440406 100
1.46721 0.1366 0.440464 100
1.46807 0.1583 0.440722 100
1.46683 0.1798 0.440349 100
1.46712 0.2015 0.440435 100
1.46118 -0.2565 0.438652 18
1.45974 -0.2344 0.438221 100
1.45984 -0.2127 0.43825 100
1.45878 -0.1909 0.437933 100
1.45926 -0.1694 0.438077 100
1.45945 -0.148 0.438135 100
1.45945 -0.1265 0.438135 100
1.45907 -0.1051 0.43802 100
1.46032 -0.0839 0.438393 100
1.46127 -0.0626 0.438681 100
1.46099 -0.0413 0.438595 100
1.4625 0.0197 0.438771 100
1.46298 0.0411 0.438914 100
1.46327 0.0625 0.439001 100
1.46422 0.0839 0.439288 100
1.46394 0.1053 0.439202 100
1.46518 0.1269 0.439575 100
1.46623 0.1486 0.439891 100
1.46509 0.1701 0.439547 100
1.46738 0.192 0.440236 100
1.46192 -0.2523 0.438598 100
1.45943 -0.2301 0.437851 100
1.46145 -0.2086 0.438455 100
1.4603 -0.1868 0.43811 100
1.46078 -0.1653 0.438254 100
1.45991 -0.1436 0.437995 100
1.45982 -0.1222 0.437966 100
1.45943 -0.1007 0.437851 100
1.45867 -0.0793 0.437621 100
1.45963 -0.058 0.437909 100
1.46125 -0.0368 0.438397 100
1.46014 0.012 0.440009 100
1.46167 0.0333 0.440471 100
1.46206 0.0547 0.440586 100
1.46311 0.0761 0.440904 100
1.46388 0.0976 0.441134 100
1.46627 0.1192 0.441856 100
1.46732 0.1409 0.442173 100
1.46819 0.1626 0.442433 100
1.4678 0.1842 0.442317 100
1.46991 0.2063 0.442952 100
1.45928 -0.265 0.439749 18
1.4589 -0.243 0.439634 100
1.46206 -0.2217 0.440586 100
1.4611 -0.1999 0.440298 100
1.46072 -0.1782 0.440182 100
1.46014 -0.1566 0.440009 100
1.46014 -0.1351 0.440009 100
1.45995 -0.1136 0.439951 100
1.45938 -0.0922 0.439778 100
1.45957 -0.0708 0.439836 100
1.46033 -0.0495 0.440067 100
1.46081 -0.0282 0.440211 100
1.46108 0.02 0.440014 100
1.46348 0.0414 0.440735 100
1.46472 0.0628 0.44111 100
1.46568 0.0843 0.441398 100
1.46529 0.1058 0.441283 100
1.46472 0.1272 0.44111 100
1.46482 0.1488 0.441138 100
1.46453 0.1704 0.441052 100
1.46596 0.1923 0.441484 100
1.46309 -0.2483 0.440619 100
1.45869 -0.2258 0.439293 100
1.45965 -0.2042 0.439581 100
1.4584 -0.1824 0.439206 100
1.45878 -0.1608 0.439322 100
1.45888 -0.1394 0.43935 100
1.45965 -0.118 0.439581 100
1.46012 -0.0966 0.439725 100
1.46032 -0.0752 0.439783 100
1.45936 -0.0538 0.439495 100
1.45897 -0.0325 0.439379 100
1.46235 0.0152 0.439281 100
1.46302 0.0365 0.439483 100
1.46426 0.0579 0.439857 100
1.46522 0.0794 0.440144 100
1.46599 0.1008 0.440374 100
1.46637 0.1224 0.44049 100
1.4656 0.1438 0.440259 100
1.46541 0.1654 0.440202 100
1.46589 0.1871 0.440346 100
1.46895 0.2092 0.441266 100
1.46235 -0.2664 0.439281 20
1.45823 -0.2438 0.438044 100
1.46043 -0.2224 0.438706 100
1.45947 -0.2006 0.438418 100
1.46005 -0.1791 0.438591 100
1.46139 -0.1577 0.438994 100
1.46139 -0.1362 0.438994 100
1.4612 -0.1147 0.438936 100
1.46072 -0.0933 0.438792 100
1.46081 -0.0719 0.438821 100
1.46072 -0.0506 0.438792 100
1.4612 -0.0293 0.438936 100
1.44826 0.0175 0.447758 100
1.45075 0.0387 0.448526 100
1.45199 0.06 0.44891 100
1.45294 0.0814 0.449206 100
1.45457 0.1028 0.449708 100
1.45591 0.1243 0.450121 100
1.45696 0.1459 0.450446 100
1.45677 0.1674 0.450387 100
1.45629 0.1889 0.450239 100
1.4603 0.2112 0.45148 100
1.45686 -0.2543 0.450417 20
1.45447 -0.232 0.449678 100
1.45552 -0.2105 0.450003 100
1.45447 -0.1887 0.449678 100
1.454 -0.1671 0.449531 100
1.45505 -0.1457 0.449855 100
1.45495 -0.1242 0.449826 100
1.45361 -0.1027 0.449412 100
1.45485 -0.0815 0.449796 100
1.45677 -0.0602 0.450387 100
1.45743 -0.0389 0.450594 100
