0.921714 0.0055 -0.261166 100
0.933067 0.0192 -0.264383 100
0.944227 0.0331 -0.267545 100
0.746992 -0.2087 -0.211659 23
0.758153 -0.2 -0.214822 100
0.763541 -0.1897 -0.216348 100
0.771719 -0.1799 -0.218665 100
0.77778 -0.1695 -0.220383 100
0.78567 -0.1593 -0.222618 100
0.796253 -0.1495 -0.225617 100
0.804816 -0.139 -0.228043 100
0.813283 -0.1284 -0.230442 100
0.821653 -0.1175 -0.232814 100
0.832621 -0.1067 -0.235922 100
0.842627 -0.0956 -0.238757 100
0.851479 -0.0841 -0.241265 100
0.859272 -0.0723 -0.243473 100
0.869759 -0.0605 -0.246445 100
0.879092 -0.0483 -0.249089 100
0.888328 -0.0358 -0.251706 100
0.900258 -0.0232 -0.255087 100
0.915799 0.013 -0.259663 100
0.940525 0.027 -0.266674 100
0.951589 0.0412 -0.269811 100
0.740702 -0.2138 -0.210016 10
0.7509 -0.2051 -0.212908 100
0.756384 -0.1949 -0.214463 100
0.766485 -0.1857 -0.217327 100
0.774471 -0.1758 -0.219591 100
0.781494 -0.1655 -0.221582 100
0.789287 -0.1552 -0.223792 100
0.798907 -0.1451 -0.22652 100
0.808432 -0.1348 -0.22922 100
0.81584 -0.1239 -0.231321 100
0.826038 -0.1132 -0.234212 100
0.836043 -0.1022 -0.237049 100
0.845953 -0.091 -0.239859 100
0.854804 -0.0794 -0.242369 100
0.864425 -0.0676 -0.245096 100
0.874815 -0.0557 -0.248043 100
0.883185 -0.0433 -0.250416 100
0.891363 -0.0308 -0.252734 100
0.903196 -0.018 -0.25609 100
0.915623 0.0055 -0.264281 100
0.746333 -0.2035 -0.215418 19
0.756421 -0.1945 -0.21833 100
0.761802 -0.1842 -0.219883 100
0.775445 -0.1756 -0.223821 100
0.782459 -0.1653 -0.225845 100
0.792162 -0.1554 -0.228646 100
0.802635 -0.1454 -0.231669 100
0.812147 -0.135 -0.234414 100
0.819545 -0.1241 -0.236549 100
0.829729 -0.1133 -0.239489 100
0.840682 -0.1024 -0.24265 100
0.848656 -0.0909 -0.244952 100
0.856535 -0.0791 -0.247226 100
0.867103 -0.0674 -0.250276 100
0.876519 -0.0553 -0.252994 100
0.886799 -0.0431 -0.255961 100
0.897848 -0.0305 -0.259151 100
0.908705 -0.0177 -0.262284 100
0.911041 0.0015 -0.265717 100
0.921505 0.0149 -0.268769 100
0.748897 -0.2028 -0.218425 37
0.758977 -0.1938 -0.221365 100
0.763393 -0.1831 -0.222653 100
0.771361 -0.1733 -0.224977 100
0.777409 -0.1628 -0.226741 100
0.785185 -0.1526 -0.229009 100
0.795649 -0.1426 -0.232061 100
0.806017 -0.1324 -0.235085 100
0.813409 -0.1215 -0.237241 100
0.822625 -0.1107 -0.239929 100
0.833569 -0.0998 -0.243121 100
0.843361 -0.0886 -0.245977 100
0.852193 -0.077 -0.248553 100
0.861697 -0.0652 -0.251325 100
0.871105 -0.0532 -0.254069 100
0.879457 -0.0409 -0.256505 100
0.887617 -0.0283 -0.258885 100
0.899425 -0.0156 -0.262329 100
0.918908 0.0075 -0.267315 100
0.745592 -0.2083 -0.216897 7
0.754906 -0.1992 -0.219606 100
0.759323 -0.1887 -0.220891 100
0.766429 -0.1787 -0.222958 100
0.773438 -0.1686 -0.224997 100
0.783232 -0.1589 -0.227846 100
0.793794 -0.1491 -0.230919 100
0.8033 -0.1388 -0.233684 100
0.80983 -0.1279 -0.235584 100
0.818087 -0.1171 -0.237986 100
0.828169 -0.1063 -0.240919 100
0.838059 -0.0952 -0.243796 100
0.846893 -0.0838 -0.246366 100
0.857551 -0.0723 -0.249466 100
0.867057 -0.0604 -0.252232 100
0.875411 -0.0482 -0.254662 100
0.884629 -0.0359 -0.257343 100
0.895575 -0.0233 -0.260528 100
0.916296 0.012 -0.257904 100
0.941131 0.026 -0.264895 100
0.954126 0.0403 -0.268552 100
0.750922 -0.2068 -0.211358 12
0.761126 -0.1977 -0.214229 100
0.765554 -0.1871 -0.215476 100
0.773639 -0.1772 -0.217752 100
0.779704 -0.1667 -0.219459 100
0.787597 -0.1564 -0.22168 100
0.798186 -0.1465 -0.224661 100
0.807619 -0.1361 -0.227316 100
0.81609 -0.1253 -0.2297 100
0.825331 -0.1144 -0.232301 100
0.837267 -0.1037 -0.235661 100
0.845353 -0.0922 -0.237936 100
0.853246 -0.0805 -0.240158 100
0.862872 -0.0687 -0.242867 100
0.873268 -0.0567 -0.245794 100
0.884531 -0.0445 -0.248964 100
0.895697 -0.032 -0.252106 100
0.905612 -0.0191 -0.254897 100
0.916899 0.007 -0.252384 100
0.939845 0.0208 -0.2587 100
0.951994 0.0348 -0.262044 100
0.964913 0.0493 -0.2656 100
0.978604 0.0642 -0.269369 100
0.754634 -0.216 -0.207719 9
0.757526 -0.205 -0.208515 100
0.760226 -0.194 -0.209258 100
0.769289 -0.1846 -0.211753 100
0.776423 -0.1745 -0.213717 100
0.784426 -0.1644 -0.21592 100
0.795031 -0.1547 -0.218839 100
0.804673 -0.1445 -0.221493 100
0.814121 -0.1341 -0.224094 100
0.822509 -0.1233 -0.226402 100
0.831765 -0.1124 -0.22895 100
0.839864 -0.1011 -0.231179 100
0.84883 -0.0898 -0.233647 100
0.859629 -0.0783 -0.23662 100
0.871102 -0.0667 -0.239778 100
0.880647 -0.0546 -0.242405 100
0.889903 -0.0423 -0.244953 100
0.90099 -0.0297 -0.248005 100
0.910053 -0.0168 -0.2505 100
0.924283 0.0037 -0.244206 100
0.934725 0.0172 -0.246965 100
0.947004 0.0311 -0.250209 100
0.961022 0.0455 -0.253913 100
0.972818 0.0601 -0.25703 100
0.98442 0.0751 -0.260095 100
0.997762 0.0907 -0.26362 100
1.01188 0.1067 -0.26735 100
0.752769 -0.2082 -0.19889 26
0.76118 -0.1988 -0.201112 100
0.765627 -0.1882 -0.202288 100
0.772879 -0.1782 -0.204203 100
0.779936 -0.1681 -0.206068 100
0.789701 -0.1583 -0.208648 100
0.800336 -0.1485 -0.211458 100
0.808941 -0.1381 -0.213731 100
0.816482 -0.1273 -0.215724 100
0.825764 -0.1165 -0.218176 100
0.835916 -0.1057 -0.220858 100
0.845874 -0.0946 -0.22349 100
0.852835 -0.0829 -0.225329 100
0.861633 -0.0712 -0.227653 100
0.873042 -0.0595 -0.230668 100
0.88445 -0.0475 -0.233682 100
0.895568 -0.0351 -0.236619 100
0.905623 -0.0224 -0.239276 100
0.927861 0.007 -0.238407 100
0.940258 0.0207 -0.241592 100
0.950525 0.0346 -0.24423 100
0.962535 0.049 -0.247316 100
0.974351 0.0637 -0.250352 100
0.986942 0.0788 -0.253587 100
1.00021 0.0944 -0.256997 100
1.01425 0.1105 -0.260605 100
1.02995 0.1273 -0.264637 100
1.03585 0.1432 -0.266155 100
0.759916 -0.2131 -0.195255 24
0.762725 -0.2021 -0.195976 100
0.76534 -0.1911 -0.196648 100
0.773573 -0.1814 -0.198764 100
0.781612 -0.1714 -0.200829 100
0.790522 -0.1615 -0.203119 100
0.801176 -0.1517 -0.205856 100
0.809796 -0.1413 -0.208071 100
0.817447 -0.1305 -0.210037 100
0.824905 -0.1195 -0.211953 100
0.834106 -0.1086 -0.214317 100
0.846019 -0.0978 -0.217378 100
0.855027 -0.0863 -0.219693 100
0.862872 -0.0746 -0.221708 100
0.873429 -0.0628 -0.224421 100
0.882921 -0.0507 -0.22686 100
0.893187 -0.0384 -0.229498 100
0.90326 -0.0257 -0.232086 100
0.930997 0.004 -0.230054 100
0.944395 0.0177 -0.233364 100
0.954782 0.0316 -0.235931 100
0.965849 0.0459 -0.238666 100
0.978761 0.0607 -0.241856 100
0.991381 0.0758 -0.244975 100
1.00381 0.0913 -0.248045 100
1.01691 0.1073 -0.251284 100
1.03177 0.1239 -0.254954 100
1.03866 0.1399 -0.256657 100
1.06351 0.1589 -0.262799 100
0.753147 -0.2112 -0.186106 28
0.761496 -0.2019 -0.188169 100
0.767029 -0.1916 -0.189536 100
0.775281 -0.1818 -0.191576 100
0.78431 -0.1721 -0.193806 100
0.794115 -0.1624 -0.196229 100
0.802949 -0.1522 -0.198412 100
0.811686 -0.1418 -0.200571 100
0.819258 -0.131 -0.202442 100
0.826734 -0.12 -0.20429 100
0.834985 -0.109 -0.206329 100
0.846052 -0.098 -0.209063 100
0.855955 -0.0867 -0.21151 100
0.864789 -0.0751 -0.213693 100
0.875468 -0.0633 -0.216332 100
0.884982 -0.0512 -0.218683 100
0.894301 -0.0388 -0.220986 100
0.905368 -0.0262 -0.223721 100
0.923558 0.006 -0.222579 100
0.944751 0.0197 -0.227687 100
0.955056 0.0337 -0.23017 100
0.967111 0.048 -0.233075 100
0.978096 0.0627 -0.235723 100
0.990637 0.0778 -0.238745 100
1.00503 0.0935 -0.242213 100
1.01912 0.1096 -0.24561 100
1.0339 0.1262 -0.249171 100
1.03983 0.1421 -0.250601 100
1.06092 0.1605 -0.255685 100
0.750415 -0.2103 -0.180851 26
0.762567 -0.2019 -0.18378 100
0.768108 -0.1917 -0.185116 100
0.777247 -0.1822 -0.187318 100
0.784441 -0.172 -0.189052 100
0.792412 -0.1619 -0.190973 100
0.803106 -0.1521 -0.19355 100
0.812731 -0.1419 -0.19587 100
0.820411 -0.1311 -0.197721 100
0.828869 -0.1203 -0.199759 100
0.840048 -0.1096 -0.202453 100
0.849187 -0.0984 -0.204656 100
0.857159 -0.0869 -0.206577 100
0.866977 -0.0753 -0.208943 100
0.878643 -0.0636 -0.211755 100
0.888171 -0.0515 -0.214051 100
0.898476 -0.0391 -0.216534 100
0.908586 -0.0265 -0.218971 100
0.918599 -0.0135 -0.221384 100
0.926502 0.001 -0.209986 100
0.937132 0.0144 -0.212395 100
0.949518 0.0282 -0.215202 100
0.959758 0.0423 -0.217523 100
0.970779 0.0568 -0.220021 100
0.983555 0.0717 -0.222917 100
0.997014 0.087 -0.225967 100
1.01125 0.1029 -0.229194 100
1.0253 0.1192 -0.232377 100
1.04002 0.136 -0.235715 100
1.0448 0.1519 -0.236798 100
1.06479 0.1704 -0.241329 100
0.757293 -0.2045 -0.171636 43
0.767631 -0.1956 -0.173979 100
0.772995 -0.1852 -0.175195 100
0.782163 -0.1756 -0.177272 100
0.791135 -0.1658 -0.179306 100
0.800985 -0.156 -0.181538 100
0.810738 -0.1458 -0.183749 100
0.818443 -0.1352 -0.185495 100
0.825952 -0.1243 -0.187197 100
0.834339 -0.1134 -0.189098 100
0.843604 -0.1023 -0.191198 100
0.852674 -0.0911 -0.193253 100
0.860574 -0.0795 -0.195044 100
0.870327 -0.0678 -0.197254 100
0.881932 -0.056 -0.199885 100
0.893245 -0.0439 -0.202449 100
0.904558 -0.0314 -0.205013 100
0.913628 -0.0187 -0.207068 100
0.930446 0.001 -0.206105 100
0.942065 0.0145 -0.208678 100
0.952511 0.0283 -0.210992 100
0.961786 0.0424 -0.213047 100
0.973795 0.0569 -0.215707 100
0.98844 0.0719 -0.218951 100
1.00299 0.0874 -0.222173 100
1.01724 0.1033 -0.225331 100
1.0312 0.1197 -0.228424 100
1.03628 0.1353 -0.229548 100
1.05561 0.1532 -0.23383 100
1.08334 0.1731 -0.239972 100
0.759588 -0.2069 -0.168257 42
0.767984 -0.1974 -0.170117 100
0.773452 -0.1871 -0.171328 100
0.782629 -0.1775 -0.173361 100
0.791611 -0.1677 -0.175351 100
0.800594 -0.1577 -0.177341 100
0.809381 -0.1475 -0.179287 100
0.81807 -0.137 -0.181212 100
0.826564 -0.1263 -0.183094 100
0.834961 -0.1154 -0.184953 100
0.844236 -0.1044 -0.187008 100
0.854292 -0.0933 -0.189236 100
0.862298 -0.0817 -0.191009 100
0.872159 -0.07 -0.193193 100
0.88368 -0.0583 -0.195745 100
0.895103 -0.0462 -0.198276 100
0.905452 -0.0337 -0.200568 100
0.91463 -0.0209 -0.202601 100
0.932216 0.0117 -0.202234 100
0.954498 0.0256 -0.207067 100
0.964759 0.0397 -0.209293 100
0.977757 0.0542 -0.212113 100
0.991536 0.0692 -0.215102 100
1.00512 0.0846 -0.218049 100
1.02046 0.1006 -0.221378 100
1.03551 0.1171 -0.224643 100
1.04734 0.1336 -0.227208 100
1.05506 0.1499 -0.228883 100
1.07617 0.1686 -0.233462 100
0.764517 -0.2101 -0.165853 43
0.772042 -0.2003 -0.167486 100
0.777515 -0.19 -0.168673 100
0.784844 -0.1799 -0.170263 100
0.792955 -0.1699 -0.172023 100
0.802826 -0.1601 -0.174164 100
0.811719 -0.1499 -0.176093 100
0.821394 -0.1395 -0.178192 100
0.829994 -0.1288 -0.180058 100
0.836541 -0.1176 -0.181478 100
0.845825 -0.1066 -0.183492 100
0.855891 -0.0955 -0.185676 100
0.86586 -0.0841 -0.187838 100
0.876707 -0.0725 -0.190192 100
0.887359 -0.0607 -0.192502 100
0.896839 -0.0484 -0.194559 100
0.907198 -0.036 -0.196806 100
0.917362 -0.0233 -0.199011 100
0.931709 0.002 -0.190575 100
0.942388 0.0153 -0.192759 100
0.954831 0.0289 -0.195304 100
0.966097 0.0429 -0.197609 100
0.978148 0.0572 -0.200073 100
0.992844 0.0721 -0.203079 100
1.00646 0.0873 -0.205865 100
1.02077 0.1031 -0.208791 100
1.03291 0.119 -0.211275 100
1.04673 0.1355 -0.214101 100
1.05261 0.1514 -0.215303 100
1.07269 0.1697 -0.219411 100
0.756438 -0.2131 -0.154724 27
0.767803 -0.2047 -0.157049 37
0.773387 -0.1946 -0.158191 100
0.784066 -0.1741 -0.160375 100
0.7921 -0.1642 -0.162019 100
0.801015 -0.1543 -0.163842 100
0.811694 -0.1446 -0.166026 100
0.821295 -0.1344 -0.16799 100
0.828839 -0.1237 -0.169533 100
0.835305 -0.1127 -0.170856 100
0.842555 -0.1016 -0.172339 100
0.854606 -0.0909 -0.174804 100
0.865481 -0.0798 -0.177028 100
0.874298 -0.0682 -0.178832 100
0.884879 -0.0565 -0.180996 100
0.896342 -0.0446 -0.18334 100
0.906629 -0.0323 -0.185445 100
0.915838 -0.0197 -0.187328 100
0.933968 0.0053 -0.179178 100
0.943593 0.0186 -0.181024 100
0.956065 0.0323 -0.183417 100
0.968243 0.0464 -0.185753 100
0.979341 0.0607 -0.187882 100
0.992108 0.0756 -0.190332 100
1.00664 0.0909 -0.19312 100
1.02088 0.1067 -0.195852 100
1.03306 0.1227 -0.198188 100
1.04877 0.1395 -0.201203 100
1.05457 0.1554 -0.202315 100
1.07568 0.174 -0.206365 100
0.766031 -0.203 -0.14696 24
0.777325 -0.1943 -0.149126 100
0.783708 -0.1843 -0.150351 100
0.790976 -0.1743 -0.151745 100
0.799029 -0.1644 -0.15329 100
0.80885 -0.1546 -0.155174 100
0.817689 -0.1444 -0.15687 100
0.826331 -0.134 -0.158528 100
0.833893 -0.1232 -0.159979 100
0.843321 -0.1125 -0.161788 100
0.854517 -0.1018 -0.163935 100
0.863552 -0.0906 -0.165669 100
0.872587 -0.0791 -0.167402 100
0.884372 -0.0677 -0.169663 100
0.894979 -0.0558 -0.171698 100
0.904505 -0.0437 -0.173525 100
0.914817 -0.0313 -0.175504 100
0.936799 0.0055 -0.174979 100
0.947415 0.019 -0.176962 100
0.960784 0.033 -0.179459 100
0.974054 0.0473 -0.181937 100
0.986047 0.062 -0.184177 100
0.997843 0.077 -0.186381 100
1.01131 0.0925 -0.188896 100
1.02664 0.1087 -0.19176 100
1.03962 0.125 -0.194184 100
1.0466 0.141 -0.195488 100
1.07078 0.1598 -0.200004 100
0.77077 -0.1991 -0.143967 20
0.781091 -0.1899 -0.145895 100
0.786498 -0.1795 -0.146905 100
0.793674 -0.1693 -0.148245 100
0.801734 -0.1591 -0.149751 100
0.811564 -0.1491 -0.151587 100
0.822279 -0.139 -0.153588 100
0.83093 -0.1284 -0.155204 100
0.838499 -0.1173 -0.156618 100
0.845871 -0.1061 -0.157995 100
0.855013 -0.095 -0.159702 100
0.86504 -0.0836 -0.161575 100
0.874968 -0.072 -0.16343 100
0.887649 -0.0604 -0.165798 100
0.89915 -0.0483 -0.167946 100
0.909569 -0.0359 -0.169893 100
0.919793 -0.0232 -0.171802 100
0.940861 0.0037 -0.169457 100
0.953459 0.0173 -0.171726 100
0.963005 0.0311 -0.173445 100
0.973339 0.0453 -0.175307 100
0.988298 0.0601 -0.178001 100
1.00306 0.0753 -0.18066 100
1.01664 0.0909 -0.183106 100
1.02904 0.1068 -0.185339 100
1.04213 0.1231 -0.187697 100
1.04912 0.1391 -0.188955 100
1.07333 0.1578 -0.193316 100
0.77316 -0.2012 -0.139253 9
0.781624 -0.1916 -0.140777 100
0.787037 -0.1811 -0.141752 100
0.794319 -0.171 -0.143064 100
0.804358 -0.1612 -0.144872 100
0.813215 -0.151 -0.146467 100
0.821089 -0.1404 -0.147885 100
0.828765 -0.1297 -0.149268 100
0.836245 -0.1187 -0.150615 100
0.845693 -0.1078 -0.152317 100
0.857798 -0.097 -0.154497 100
0.867836 -0.0857 -0.156305 100
0.876792 -0.074 -0.157918 100
0.889587 -0.0623 -0.160222 100
0.900117 -0.0502 -0.162119 100
0.908581 -0.0378 -0.163643 100
0.91793 -0.0251 -0.165327 100
0.939444 0.013 -0.15957 100
0.96281 0.0269 -0.163539 100
0.973162 0.0411 -0.165297 100
0.987358 0.0557 -0.167708 100
1.00412 0.0709 -0.170555 100
1.01782 0.0864 -0.172883 100
1.03024 0.1022 -0.174993 100
1.04345 0.1184 -0.177237 100
1.05736 0.1352 -0.179598 100
1.06219 0.1512 -0.180418 100
1.07855 0.1691 -0.183198 1
0.777169 -0.1988 -0.132006 20
0.785647 -0.1891 -0.133447 100
0.790084 -0.1784 -0.1342 100
0.799252 -0.1686 -0.135757 100
0.810196 -0.159 -0.137616 100
0.819069 -0.1487 -0.139123 100
0.826857 -0.138 -0.140446 100
0.834547 -0.1272 -0.141752 100
0.843025 -0.1163 -0.143193 100
0.854363 -0.1056 -0.145118 100
0.864518 -0.0944 -0.146843 100
0.872602 -0.0828 -0.148216 100
0.882559 -0.0711 -0.149908 100
0.894291 -0.0593 -0.1519 100
0.905826 -0.0472 -0.15386 100
0.914304 -0.0347 -0.1553 100
0.923473 -0.0219 -0.156857 100
0.938792 0.0015 -0.1455 100
0.948575 0.0149 -0.147017 100
0.962113 0.0287 -0.149115 100
0.975454 0.0429 -0.151183 100
0.988597 0.0574 -0.15322 100
1.00144 0.0724 -0.155211 100
1.01419 0.0877 -0.157186 100
1.02862 0.1036 -0.159423 100
1.04275 0.1199 -0.161613 100
1.0557 0.1365 -0.163619 100
1.06251 0.1527 -0.164676 100
1.08475 0.1715 -0.168122 100
0.779889 -0.1951 -0.120873 7
0.788288 -0.1854 -0.122174 100
0.793724 -0.1749 -0.123017 100
0.800839 -0.1647 -0.12412 100
0.808843 -0.1545 -0.12536 100
0.819713 -0.1446 -0.127045 100
0.828409 -0.1341 -0.128393 100
0.836117 -0.1233 -0.129587 100
0.844517 -0.1124 -0.130889 100
0.855882 -0.1016 -0.13265 100
0.865961 -0.0905 -0.134213 100
0.874064 -0.0789 -0.135469 100
0.884935 -0.0673 -0.137153 100
0.896595 -0.0554 -0.138961 100
0.907169 -0.0432 -0.140599 100
0.915569 -0.0307 -0.141901 100
0.924759 -0.018 -0.143326 100
0.941445 0.0003 -0.141372 100
0.951235 0.0137 -0.142842 100
0.963794 0.0275 -0.144728 100
0.976155 0.0417 -0.146584 100
0.990297 0.0563 -0.148708 100
1.00424 0.0713 -0.150802 100
1.01987 0.0868 -0.153148 100
1.0344 0.1028 -0.155331 100
1.04657 0.1189 -0.157157 100
1.05962 0.1355 -0.159118 100
1.06644 0.1517 -0.160142 100
1.08672 0.1703 -0.163186 1
0.782823 -0.1983 -0.117552 7
0.789251 -0.1881 -0.118518 100
0.793701 -0.1774 -0.119186 100
0.80092 -0.1672 -0.12027 100
0.809919 -0.1572 -0.121621 100
0.821786 -0.1475 -0.123403 100
0.830588 -0.1371 -0.124725 100
0.838301 -0.1262 -0.125883 100
0.844828 -0.115 -0.126863 100
0.853234 -0.104 -0.128126 100
0.865397 -0.0931 -0.129952 100
0.876374 -0.0818 -0.131601 100
0.885373 -0.0701 -0.132952 100
0.897042 -0.0583 -0.134704 100
0.907624 -0.0461 -0.136293 100
0.918106 -0.0337 -0.137867 100
0.927402 -0.0209 -0.139263 100
0.940885 0.0099 -0.130559 100
0.961488 0.0238 -0.133417 100
0.973968 0.0378 -0.135149 100
0.986151 0.0523 -0.13684 100
0.999226 0.0671 -0.138654 100
1.01299 0.0825 -0.140565 100
1.02656 0.0982 -0.142448 100
1.03885 0.1142 -0.144152 100
1.0539 0.1309 -0.146241 100
1.06084 0.147 -0.147203 100
1.08411 0.1659 -0.150433 100
0.78795 -0.195 -0.109337 7
0.794389 -0.1847 -0.110231 100
0.797855 -0.1737 -0.110712 100
0.805978 -0.1636 -0.111839 100
0.815982 -0.1536 -0.113227 100
0.824896 -0.1433 -0.114464 100
0.831632 -0.1324 -0.115398 100
0.840249 -0.1216 -0.116594 100
0.850749 -0.1109 -0.118051 100
0.86105 -0.0999 -0.119481 100
0.870262 -0.0885 -0.120759 100
0.879275 -0.0769 -0.12201 100
0.892053 -0.0653 -0.123783 100
0.90176 -0.0533 -0.12513 100
0.911368 -0.0409 -0.126463 100
0.922759 -0.0284 -0.128043 100
0.932961 -0.0155 -0.129459 100
0.950935 0.0126 -0.123336 100
0.962538 0.0263 -0.124841 100
0.972058 0.0403 -0.126076 100
0.982273 0.0546 -0.127401 100
0.997247 0.0696 -0.129343 100
1.01302 0.0851 -0.131388 100
1.02551 0.1007 -0.133009 100
1.03682 0.1166 -0.134475 100
1.05278 0.1335 -0.136546 100
1.05873 0.1494 -0.137317 100
1.08204 0.1683 -0.14034 100
0.784628 -0.1912 -0.101766 9
0.793057 -0.1814 -0.102859 100
0.80228 -0.1716 -0.104056 100
0.811404 -0.1617 -0.105239 100
0.822312 -0.1518 -0.106654 100
0.832229 -0.1415 -0.10794 100
0.838973 -0.1305 -0.108815 100
0.848592 -0.1198 -0.110062 0
0.859997 -0.109 -0.111541 100
0.87031 -0.0979 -0.112879 100
0.878442 -0.0863 -0.113934 100
0.88945 -0.0747 -0.115362 100
0.899268 -0.0627 -0.116635 100
0.907995 -0.0505 -0.117767 100
0.917515 -0.038 -0.119002 100
0.943512 0.0023 -0.110837 100
0.954338 0.0158 -0.112109 100
0.967944 0.0296 -0.113707 100
0.980259 0.0438 -0.115154 100
0.992475 0.0583 -0.116589 100
1.00539 0.0733 -0.118106 100
1.02018 0.0888 -0.119844 100
1.03369 0.1047 -0.121431 100
1.0469 0.1209 -0.122983 100
1.0619 0.1378 -0.124744 100
1.06865 0.154 -0.125538 100
1.09199 0.173 -0.128279 100
0.791557 -0.1885 -0.0929866 100
0.799006 -0.1784 -0.0938616 100
0.802283 -0.1674 -0.0942466 100
0.81142 -0.1574 -0.09532 0
0.822345 -0.1475 -0.0966034 100
0.832078 -0.1373 -0.0977467 100
0.839825 -0.1264 -0.0986568 100
0.84936 -0.1157 -0.0997768 100
0.859788 -0.1048 -0.101002 100
0.870018 -0.0937 -0.102204 100
0.878161 -0.0821 -0.10316 100
0.888093 -0.0704 -0.104327 100
0.899912 -0.0586 -0.105715 100
0.909546 -0.0464 -0.106847 100
0.91908 -0.0339 -0.107967 100
0.929409 -0.0212 -0.10918 100
0.947227 0.009 -0.104742 100
0.956868 0.0225 -0.105808 100
0.970385 0.0365 -0.107303 100
0.983704 0.0509 -0.108776 100
0.999707 0.0658 -0.110545 100
1.01462 0.0811 -0.112194 100
1.02724 0.0967 -0.11359 100
1.03966 0.1126 -0.114964 100
1.05378 0.1292 -0.116524 100
1.05974 0.1451 -0.117184 100
1.08608 0.1643 -0.120096 100
0.789587 -0.1908 -0.0873107 8
0.796048 -0.1805 -0.0880251 100
0.800421 -0.1697 -0.0885087 100
0.807578 -0.1594 -0.0893001 100
0.815629 -0.1491 -0.0901903 100
0.826363 -0.1391 -0.0913773 100
0.83511 -0.1285 -0.0923445 100
0.841769 -0.1175 -0.0930809 100
0.851212 -0.1066 -0.094125 100
0.863437 -0.0958 -0.0954769 100
0.873575 -0.0846 -0.0965979 100
0.88262 -0.0729 -0.0975981 100
0.89246 -0.0611 -0.0986862 100
0.903195 -0.0491 -0.0998732 100
0.913731 -0.0368 -0.101038 100
0.925062 -0.0242 -0.102291 100
0.943443 0.0023 -0.0928379 100
0.953296 0.0157 -0.0938074 100
0.965935 0.0295 -0.0950511 100
0.97927 0.0437 -0.0963634 100
1.00743 0.0592 -0.0991348 100
1.02037 0.0743 -0.100408 100
1.03311 0.0898 -0.101661 100
1.04764 0.1059 -0.103091 100
1.06187 0.1225 -0.104492 100
1.06794 0.1384 -0.105089 100
1.08755 0.1565 -0.107018 100
0.796055 -0.1848 -0.0783344 14
0.804415 -0.1748 -0.0791571 100
0.808694 -0.1639 -0.0795782 100
0.819741 -0.1542 -0.0806652 100
0.828698 -0.1439 -0.0815466 0
0.83447 -0.1328 -0.0821146 100
0.842232 -0.122 -0.0828784 100
0.849696 -0.1109 -0.0836129 100
0.859051 -0.0999 -0.0845334 100
0.871292 -0.0889 -0.085738 100
0.882338 -0.0775 -0.086825 100
0.891295 -0.0657 -0.0877064 100
0.902043 -0.0538 -0.088764 100
0.910701 -0.0414 -0.089616 100
0.920056 -0.0289 -0.0905366 100
0.931401 -0.0162 -0.091653 100
0.945892 0.0035 -0.0882473 100
0.967598 0.0171 -0.0902724 100
0.979248 0.0311 -0.0913592 100
0.991693 0.0455 -0.0925204 100
1.00583 0.0603 -0.0938394 100
1.02077 0.0756 -0.0952328 100
1.03212 0.1056 -0.0962918 100
1.04347 0.1216 -0.0973507 100
1.0594 0.1385 -0.098837 100
1.06527 0.1546 -0.0993851 100
1.08857 0.1736 -0.101559 100
0.792957 -0.1951 -0.0739791 7
0.800524 -0.1851 -0.0746851 100
0.804905 -0.1743 -0.0750938 100
0.813169 -0.1641 -0.0758648 100
0.823125 -0.1542 -0.0767938 100
0.833082 -0.1439 -0.0777227 100
0.840948 -0.1332 -0.0784565 100
0.850606 -0.1225 -0.0793576 100
0.861061 -0.1117 -0.0803329 100
0.87042 -0.1005 -0.0812061 100
0.878684 -0.089 -0.0819771 100
0.887845 -0.0773 -0.0828317 100
0.900689 -0.0657 -0.08403 100
0.910446 -0.0536 -0.0849404 100
0.920104 -0.0412 -0.0858414 100
0.930559 -0.0286 -0.0868168 100
0.940814 -0.0157 -0.0877736 100
0.949026 0.002 -0.07519 100
0.959892 0.0155 -0.0760509 100
0.972552 0.0293 -0.0770539 100
0.985911 0.0436 -0.0781123 100
0.999169 0.0582 -0.0791627 100
1.01223 0.0732 -0.0801974 100
1.02499 0.0886 -0.0812083 100
1.03954 0.1045 -0.0823615 100
1.0538 0.1209 -0.0834909 100
1.06985 0.138 -0.0847625 100
1.07573 0.1541 -0.0852285 100
1.09507 0.1726 -0.0867607 100
0.800691 -0.1885 -0.0634376 8
0.805177 -0.1777 -0.063793 100
0.808566 -0.1666 -0.0640615 100
0.817638 -0.1566 -0.0647803 0
0.827607 -0.1465 -0.0655701 100
0.836379 -0.136 -0.0662651 100
0.844155 -0.1251 -0.0668812 100
0.853725 -0.1144 -0.0676394 100
0.865089 -0.1036 -0.0685398 0
0.87446 -0.0923 -0.0692822 100
0.883531 -0.0807 -0.0700009 100
0.892503 -0.0689 -0.0707118 100
0.903369 -0.0571 -0.0715726 100
0.913039 -0.0448 -0.0723388 100
0.923506 -0.0324 -0.0731681 100
0.93487 -0.0197 -0.0740684 100
0.948625 0.0023 -0.0671663 100
0.969473 0.016 -0.0686424 100
0.982041 0.0299 -0.0695323 100
0.99451 0.0443 -0.0704151 100
1.00877 0.0591 -0.0714251 100
1.02264 0.0887 -0.0724068 100
1.03521 0.1045 -0.0732967 100
1.04648 0.1204 -0.0740948 100
1.06354 0.1375 -0.0753025 100
1.07032 0.1537 -0.0757828 100
1.09476 0.1729 -0.0775131 100
0.798102 -0.1841 -0.0565087 7
0.805484 -0.174 -0.0570313 100
0.809773 -0.163 -0.057335 100
0.817852 -0.1528 -0.0579071 100
0.828725 -0.1428 -0.0586769 0
0.837503 -0.1323 -0.0592984 100
0.845284 -0.1214 -0.0598493 0
0.851768 -0.1102 -0.0603084 100
0.862142 -0.0992 -0.0610429 100
0.873413 -0.0881 -0.061841 0
0.883488 -0.0767 -0.0625543 100
0.892466 -0.0648 -0.06319 100
0.903239 -0.0529 -0.0639527 100
0.912815 -0.0406 -0.0646308 100
0.923289 -0.0282 -0.0653723 100
0.935558 -0.0154 -0.0662411 100
0.952389 0.003 -0.0554148 100
0.962273 0.0165 -0.0559898 100
0.974851 0.0304 -0.0567217 100
0.988328 0.0446 -0.0575059 100
1.00151 0.0593 -0.0582726 100
1.01458 0.0743 -0.0590336 100
1.02736 0.0897 -0.0597771 100
1.04194 0.1057 -0.0606251 100
1.05621 0.1221 -0.0614558 100
1.07219 0.1392 -0.0623852 100
1.08107 0.1558 -0.0629021 100
1.10932 0.1757 -0.064546 100
0.796453 -0.1982 -0.0463416 21
0.801045 -0.1875 -0.0466088 46
0.805538 -0.1767 -0.0468702 100
0.810829 -0.166 -0.0471781 100
0.819015 -0.1557 -0.0476544 100
0.828898 -0.1456 -0.0482294 100
0.838781 -0.1353 -0.0488045 100
0.847467 -0.1245 -0.0493098 100
0.856052 -0.1136 -0.0498094 100
0.866534 -0.1027 -0.0504193 100
0.876817 -0.0914 -0.0510176 0
0.884903 -0.0798 -0.0514881 100
0.894886 -0.0681 -0.052069 100
0.906766 -0.0562 -0.0527602 100
0.917348 -0.044 -0.0533759 100
0.928929 -0.0315 -0.0540497 100
0.939211 -0.0187 -0.054648 100
0.951754 0.0005 -0.0487134 100
0.961641 0.0139 -0.0492195 100
0.973326 0.0277 -0.0498175 100
0.986808 0.0419 -0.0505076 100
1.00009 0.0565 -0.0511874 100
1.01317 0.0714 -0.051857 100
1.02596 0.0868 -0.0525113 100
1.03964 0.1026 -0.0532116 100
1.05492 0.119 -0.0539937 100
1.071 0.136 -0.0548166 100
1.07789 0.1522 -0.0551694 100
1.10236 0.1714 -0.0564217 100
0.796358 -0.1954 -0.0407598 30
0.802849 -0.1852 -0.041092 39
0.806345 -0.1742 -0.0412709 100
0.814634 -0.1641 -0.0416952 0
0.823722 -0.154 -0.0421604 100
0.833609 -0.1438 -0.0426664 100
0.841498 -0.1331 -0.0430702 0
0.849188 -0.1222 -0.0434638 100
0.858676 -0.1113 -0.0439494 0
0.87106 -0.1006 -0.0445833 100
0.880348 -0.0892 -0.0450586 100
0.888437 -0.0775 -0.0454727 100
0.898424 -0.0657 -0.0459838 100
0.90921 -0.0537 -0.0465359 100
0.919896 -0.0415 -0.0470828 100
0.93228 -0.029 -0.0477167 100
0.941667 -0.0161 -0.0481971 100
0.952476 0.003 -0.0315969 100
0.974364 0.0167 -0.032323 100
0.986957 0.0307 -0.0327407 100
1.00045 0.0452 -0.0331883 100
1.01364 0.06 -0.033626 100
1.02574 0.0751 -0.0340272 100
1.03943 0.0908 -0.0344814 100
1.05502 0.107 -0.0349986 100
1.07131 0.1238 -0.035539 100
1.07741 0.1398 -0.0357413 100
1.0981 0.1582 -0.0364276 100
0.798061 -0.195 -0.0264744 12
0.806556 -0.1851 -0.0267562 100
0.811054 -0.1742 -0.0269054 0
0.820249 -0.1642 -0.0272105 100
0.832342 -0.1546 -0.0276116 100
0.841337 -0.1441 -0.02791 100
0.848133 -0.1331 -0.0281355 0
0.856829 -0.1222 -0.0284239 0
0.868422 -0.1115 -0.0288085 100
0.878817 -0.1003 -0.0291534 100
0.886113 -0.0886 -0.0293954 100
0.896207 -0.077 -0.0297303 100
0.9082 -0.0652 -0.0301281 100
0.919994 -0.0531 -0.0305193 100
0.930588 -0.0407 -0.0308708 100
0.940083 -0.028 -0.0311858 100
0.949378 -0.0149 -0.0314941 100
0.960602 0.0037 -0.027671 100
0.973396 0.0174 -0.0280396 100
0.987091 0.0314 -0.028434 100
1.00049 0.0459 -0.0288199 100
1.01278 0.0606 -0.029174 100
1.02677 0.0759 -0.0295771 100
1.04157 0.0917 -0.0300033 100
1.05606 0.1079 -0.0304208 100
1.07036 0.1245 -0.0308326 100
1.07745 0.1406 -0.031037 100
1.10004 0.1593 -0.0316877 100
0.802567 -0.1938 -0.0231187 13
0.808165 -0.1833 -0.0232799 100
0.812563 -0.1723 -0.0234066 100
0.82076 -0.1621 -0.0236427 100
0.831855 -0.1522 -0.0239623 100
0.840751 -0.1417 -0.0242186 100
0.848648 -0.1309 -0.0244461 0
0.857344 -0.12 -0.0246966 100
0.86884 -0.1092 -0.0250277 100
0.878236 -0.0979 -0.0252984 100
0.888432 -0.0865 -0.0255921 100
0.898527 -0.0748 -0.0258829 100
0.909423 -0.0629 -0.0261967 100
0.921218 -0.0508 -0.0265365 100
0.932813 -0.0383 -0.0268705 100
0.94131 -0.0255 -0.0271153 100
0.953837 0.0063 -0.0176485 100
0.978633 0.0202 -0.0181072 100
0.99223 0.0343 -0.0183588 100
1.00463 0.0488 -0.0185882 100
1.01783 0.0637 -0.0188324 100
1.03182 0.0791 -0.0190914 100
1.04552 0.0949 -0.0193449 100
1.06102 0.1112 -0.0196316 100
1.07522 0.1279 -0.0198943 100
1.08321 0.1443 -0.0200423 100
1.10681 0.1632 -0.0204789 100
0.806762 -0.1857 -0.0149272 16
0.81706 -0.1761 -0.0151177 100
0.823359 -0.1654 -0.0152343 100
0.832557 -0.1552 -0.0154045 100
0.841456 -0.1447 -0.0155691 100
0.848355 -0.1337 -0.0156968 100
0.858053 -0.123 -0.0158762 100
0.868651 -0.1121 -0.0160723 100
0.87805 -0.1009 -0.0162462 100
0.888348 -0.0895 -0.0164367 100
0.899446 -0.078 -0.0166421 100
0.910444 -0.0661 -0.0168456 100
0.920243 -0.0539 -0.0170269 100
0.930941 -0.0415 -0.0172248 100
0.939439 -0.0287 -0.0173821 100
0.949737 -0.0158 -0.0175726 100
0.953909 0.0025 -0.0131534 100
0.977807 0.0162 -0.013483 100
0.990406 0.0303 -0.0136567 100
1.0039 0.0448 -0.0138428 100
1.0182 0.0597 -0.01404 100
1.0322 0.075 -0.014233 100
1.047 0.0908 -0.0144371 100
1.0615 0.1071 -0.014637 100
1.0748 0.1236 -0.0148204 100
1.0819 0.1398 -0.0149183 100
1.1026 0.1582 -0.0152037 100
0.807923 -0.1854 -0.0111404 41
0.820222 -0.1761 -0.01131 100
0.826521 -0.1654 -0.0113969 100
0.833721 -0.1548 -0.0114962 100
0.84172 -0.1441 -0.0116065 0
0.849519 -0.1333 -0.011714 100
0.858218 -0.1223 -0.011834 0
0.868817 -0.1115 -0.0119801 100
0.880216 -0.1004 -0.0121373 0
0.890515 -0.089 -0.0122793 100
0.901614 -0.0774 -0.0124323 100
0.912613 -0.0655 -0.012584 100
0.922412 -0.0533 -0.0127191 100
0.933011 -0.0408 -0.0128653 100
0.94251 -0.028 -0.0129963 100
0.95081 -0.015 -0.0131107 100
0.960992 0.0084 0.00385769 100
0.983692 0.0223 0.00394881 100
0.996292 0.0365 0.00399939 100
1.00869 0.0511 0.00404917 100
1.01989 0.066 0.00409413 100
1.03479 0.0814 0.00415394 100
1.04849 0.0973 0.00420894 100
1.06489 0.1138 0.00427477 100
1.08109 0.1308 0.0043398 100
1.08709 0.147 0.00436389 100
1.11169 0.1662 0.00446264 100
0.810494 -0.188 0.00325355 8
0.819893 -0.1782 0.00329128 100
0.824193 -0.1671 0.00330854 100
0.833393 -0.1569 0.00334547 100
0.842393 -0.1464 0.0033816 100
0.850293 -0.1356 0.00341331 100
0.858993 -0.1247 0.00344824 0
0.870593 -0.114 0.0034948 0
0.879993 -0.1028 0.00353254 100
0.888293 -0.0912 0.00356586 100
0.898493 -0.0796 0.0036068 100
0.909493 -0.0678 0.00365096 100
0.921293 -0.0557 0.00369833 100
0.932993 -0.0434 0.00374529 100
0.942492 -0.0306 0.00378343 100
0.950792 -0.0176 0.00381675 100
0.957949 0.0045 0.00986478 100
0.984748 0.0184 0.0101407 100
0.997447 0.0326 0.0102715 100
1.01085 0.0472 0.0104095 100
1.02405 0.0622 0.0105454 100
1.03705 0.0775 0.0106793 100
1.04984 0.0933 0.0108111 100
1.06534 0.1097 0.0109707 100
1.08054 0.1265 0.0111272 100
1.08664 0.1427 0.01119 100
1.10924 0.1614 0.0114228 100
0.808957 -0.1855 0.00833048 21
0.821257 -0.1763 0.00845714 100
0.827556 -0.1656 0.00852201 100
0.837656 -0.1554 0.00862601 100
0.845655 -0.1447 0.00870839 0
0.854555 -0.134 0.00880004 100
0.864254 -0.1232 0.00889992 100
0.873754 -0.1121 0.00899775 100
0.882253 -0.1006 0.00908527 100
0.892553 -0.0892 0.00919133 0
0.902652 -0.0775 0.00929534 100
0.913652 -0.0656 0.00940861 100
0.923451 -0.0533 0.00950952 100
0.93505 -0.0409 0.00962897 100
0.94455 -0.0281 0.00972679 100
0.95285 -0.015 0.00981226 100
0.971746 0.0024 0.0222217 100
0.983643 0.0161 0.0224937 100
0.99524 0.0302 0.0227589 100
1.00774 0.0447 0.0230447 100
1.02003 0.0595 0.0233259 100
1.03403 0.0749 0.023646 100
1.04883 0.0907 0.0239843 100
1.06532 0.1071 0.0243616 100
1.08162 0.124 0.0247342 100
1.08772 0.1402 0.0248737 100
1.11241 0.1592 0.0254383 100
0.824584 -0.1968 0.0188564 10
0.824384 -0.1846 0.0188519 100
0.825884 -0.1729 0.0188862 100
0.835082 -0.1627 0.0190965 100
0.84318 -0.1521 0.0192817 100
0.850178 -0.1411 0.0194417 100
0.859975 -0.1304 0.0196657 100
0.871572 -0.1197 0.0199309 100
0.88107 -0.1085 0.0201481 100
0.889467 -0.097 0.0203402 100
0.899765 -0.0854 0.0205756 100
0.908762 -0.0735 0.0207814 100
0.91876 -0.0614 0.02101 100
0.931456 -0.0492 0.0213004 100
0.942054 -0.0365 0.0215427 100
0.949452 -0.0235 0.0217119 100
0.966613 0.0098 0.0273376 100
0.989304 0.0239 0.0279794 100
1.0029 0.0382 0.0283639 100
1.01719 0.053 0.0287681 100
1.03029 0.0682 0.0291385 100
1.04418 0.0838 0.0295314 100
1.05888 0.0999 0.029947 100
1.07427 0.1166 0.0303824 100
1.08936 0.1336 0.0308093 100
1.09536 0.15 0.0309789 100
1.11785 0.169 0.031615 100
0.813575 -0.1911 0.0230094 7
0.822971 -0.1812 0.0232752 100
0.828369 -0.1703 0.0234278 100
0.836565 -0.1598 0.0236596 100
0.844562 -0.1491 0.0238858 100
0.853559 -0.1384 0.0241402 100
0.864254 -0.1277 0.0244427 100
0.87485 -0.1168 0.0247424 100
0.883347 -0.1054 0.0249827 100
0.891743 -0.0938 0.0252202 100
0.901939 -0.0821 0.0255085 100
0.911935 -0.0702 0.0257912 100
0.922831 -0.058 0.0260994 100
0.933527 -0.0456 0.0264019 100
0.945022 -0.0329 0.026727 100
0.953419 -0.0198 0.0269645 100
0.968157 0.0096 0.0404085 100
0.994834 0.0238 0.041522 100
1.00642 0.0382 0.0420057 100
1.01771 0.0529 0.0424769 100
1.0309 0.0681 0.0430274 100
1.04569 0.0838 0.0436446 100
1.06138 0.1 0.0442993 100
1.07776 0.1168 0.0449832 100
1.09385 0.1341 0.0456546 100
1.09884 0.1504 0.0458631 100
1.11933 0.1692 0.0467179 100
0.798205 -0.2097 0.0333151 100
0.809795 -0.2007 0.0337989 100
0.81549 -0.19 0.0340366 100
0.822884 -0.1797 0.0343452 100
0.831176 -0.1693 0.0346913 100
0.839369 -0.1588 0.0350332 100
0.846463 -0.1479 0.0353293 100
0.855355 -0.1371 0.0357005 100
0.868044 -0.1267 0.0362301 100
0.877636 -0.1156 0.0366304 100
0.885129 -0.104 0.0369432 100
0.894421 -0.0924 0.037331 100
0.904612 -0.0806 0.0377563 100
0.915603 -0.0687 0.038215 100
0.927492 -0.0566 0.0387113 100
0.939182 -0.0441 0.0391992 100
0.946676 -0.0312 0.039512 100
0.955968 -0.0181 0.0398998 100
0.972862 0.0034 0.0470703 100
0.985647 0.0172 0.0476889 100
0.997333 0.0314 0.0482543 100
1.01082 0.0459 0.0489067 100
1.024 0.0609 0.0495446 100
1.03898 0.0764 0.0502695 100
1.05277 0.0922 0.0509364 100
1.06725 0.1085 0.0516372 100
1.08153 0.1253 0.0523283 100
1.08853 0.1415 0.0526665 100
1.1142 0.1607 0.0539085 100
0.790875 -0.213 0.0382652 24
0.804459 -0.2047 0.0389224 100
0.811151 -0.1943 0.0392462 100
0.819641 -0.1843 0.039657 100
0.826933 -0.1738 0.0400097 100
0.834224 -0.1632 0.0403625 100
0.842315 -0.1526 0.040754 100
0.851304 -0.142 0.0411889 100
0.86299 -0.1316 0.0417543 0
0.873678 -0.1207 0.0422714 100
0.881269 -0.1092 0.0426387 100
0.889659 -0.0977 0.0430447 100
0.900846 -0.0862 0.0435859 100
0.910934 -0.0743 0.044074 100
0.919824 -0.0621 0.0445041 100
0.932609 -0.0499 0.0451227 100
0.943197 -0.0373 0.045635 100
0.950588 -0.0243 0.0459926 100
0.970319 0.0058 0.0571377 100
0.99308 0.0198 0.058478 100
1.00566 0.0341 0.0592187 100
1.01804 0.0488 0.0599476 100
1.03221 0.064 0.0607823 100
1.04719 0.0797 0.0616641 100
1.06386 0.0959 0.0626458 100
1.08033 0.1127 0.0636157 100
1.0945 0.1297 0.0644504 100
1.0995 0.1459 0.0647444 100
1.11906 0.1644 0.0658965 100
0.79682 -0.2202 0.0469211 12
0.802709 -0.2098 0.047268 100
0.806503 -0.1987 0.0474913 100
0.816985 -0.1892 0.0481086 100
0.826369 -0.1793 0.0486611 100
0.833656 -0.1687 0.0490903 100
0.841842 -0.1581 0.0495723 100
0.849828 -0.1473 0.0500426 100
0.860709 -0.1368 0.0506833 100
0.870492 -0.1259 0.0512594 100
0.879077 -0.1146 0.0517649 100
0.887463 -0.1031 0.0522587 100
0.898743 -0.0917 0.052923 100
0.908926 -0.0799 0.0535225 100
0.919906 -0.0679 0.0541692 100
0.931686 -0.0557 0.0548628 100
0.941369 -0.043 0.055433 100
0.947858 -0.03 0.0558151 100
0.95824 -0.0169 0.0564265 100
0.969615 0.0132 0.0666118 100
0.994256 0.0274 0.0683046 100
1.00573 0.0418 0.0690928 100
1.018 0.0566 0.0699358 100
1.03207 0.0718 0.0709022 100
1.04693 0.0875 0.0719234 100
1.0625 0.1038 0.0729926 100
1.07876 0.1206 0.0741098 100
1.09382 0.1377 0.0751447 100
1.09871 0.1539 0.0754805 100
1.11717 0.1724 0.0767485 100
0.795026 -0.2096 0.0546177 100
0.804604 -0.2001 0.0552756 100
0.809292 -0.1893 0.0555978 100
0.820566 -0.18 0.0563722 100
0.831839 -0.1703 0.0571467 100
0.839022 -0.1596 0.0576402 100
0.847004 -0.1489 0.0581885 100
0.857878 -0.1385 0.0589355 100
0.867655 -0.1277 0.0596072 100
0.876235 -0.1165 0.0601966 100
0.884715 -0.1051 0.0607792 100
0.895988 -0.0938 0.0615537 100
0.906164 -0.0821 0.0622528 100
0.915143 -0.0701 0.0628696 100
0.927015 -0.058 0.0636852 100
0.93769 -0.0455 0.0644186 100
0.944175 -0.0326 0.064864 100
0.95455 -0.0197 0.0655768 100
0.977743 0.0017 0.0798697 100
0.988607 0.0156 0.0807572 100
1.00226 0.0299 0.0818726 100
1.01661 0.0446 0.083045 100
1.03087 0.0597 0.0842092 100
1.04482 0.0752 0.0853491 100
1.05957 0.0912 0.0865541 100
1.07502 0.1077 0.087816 100
1.08828 0.1245 0.0888989 100
1.09435 0.1407 0.0893955 100
1.11897 0.1598 0.0914065 100
0.794354 -0.2132 0.0648891 40
0.805916 -0.2042 0.0658335 100
0.811597 -0.1936 0.0662976 100
0.821065 -0.1837 0.067071 100
0.829338 -0.1734 0.0677468 100
0.836613 -0.1628 0.0683411 100
0.84369 -0.1519 0.0689192 100
0.853557 -0.1414 0.0697252 100
0.865318 -0.1309 0.0706859 100
0.874986 -0.1198 0.0714757 100
0.884454 -0.1085 0.0722491 100
0.895816 -0.0972 0.0731773 100
0.904986 -0.0854 0.0739263 100
0.915052 -0.0734 0.0747486 100
0.924919 -0.0612 0.0755547 100
0.935584 -0.0487 0.0764258 100
0.945152 -0.0359 0.0772074 100
0.955517 -0.0229 0.0780542 100
0.976196 0 0.0862646 100
0.990042 0.0139 0.0874881 100
1.0017 0.0281 0.088518 100
1.01315 0.0427 0.0895303 100
1.0264 0.0577 0.090701 100
1.04035 0.0731 0.0919334 100
1.05519 0.089 0.0932449 100
1.07162 0.1056 0.0946973 100
1.08597 0.1224 0.0959649 100
1.09404 0.1389 0.0966779 100
1.11764 0.1578 0.0987641 100
0.794006 -0.2126 0.0701648 100
0.806557 -0.2039 0.0712739 100
0.814227 -0.1937 0.0719517 100
0.823591 -0.1837 0.0727791 100
0.830962 -0.1732 0.0734305 100
0.838233 -0.1625 0.0740731 100
0.847199 -0.1519 0.0748653 100
0.858156 -0.1415 0.0758336 100
0.868914 -0.1308 0.0767843 100
0.876484 -0.1194 0.0774532 100
0.885051 -0.1079 0.0782103 100
0.896307 -0.0966 0.0792049 100
0.906567 -0.0848 0.0801116 100
0.915532 -0.0727 0.0809038 100
0.927386 -0.0606 0.0819513 100
0.938144 -0.0481 0.082902 100
0.945615 -0.0352 0.0835622 100
0.954979 -0.0221 0.0843896 100
0.969605 0.0066 0.102423 100
0.994268 0.0208 0.105028 100
1.00779 0.0352 0.106457 100
1.02112 0.0501 0.107864 100
1.03614 0.0654 0.109451 100
1.05105 0.0812 0.111026 100
1.06468 0.0973 0.112466 100
1.079 0.1139 0.113978 100
1.0961 0.1313 0.115785 100
1.10107 0.1477 0.11631 100
1.11957 0.1662 0.118264 100
0.794181 -0.2187 0.0838923 12
0.803927 -0.2092 0.0849218 100
0.808601 -0.1984 0.0854155 100
0.818148 -0.1886 0.086424 100
0.826502 -0.1783 0.0873064 100
0.833761 -0.1677 0.0880732 100
0.841916 -0.157 0.0889346 100
0.850866 -0.1464 0.0898801 100
0.861606 -0.1358 0.0910146 100
0.872247 -0.1249 0.0921386 100
0.881794 -0.1137 0.0931471 100
0.89323 -0.1024 0.0943552 100
0.904468 -0.0909 0.0955422 100
0.913517 -0.0788 0.0964982 100
0.924457 -0.0667 0.0976537 100
0.934202 -0.0542 0.0986832 100
0.942854 -0.0414 0.0995971 100
0.951307 -0.0284 0.10049 100
0.963539 -0.0152 0.101782 100
0.972894 0.0116 0.108268 100
0.998536 0.026 0.111121 100
1.01295 0.0406 0.112725 100
1.02617 0.0556 0.114196 100
1.03919 0.0709 0.115645 100
1.05201 0.0866 0.117072 100
1.06751 0.103 0.118797 100
1.08371 0.12 0.1206 100
1.08987 0.1362 0.121286 100
1.11243 0.1549 0.123796 100
0.79857 -0.2081 0.0888684 100
0.811988 -0.1995 0.0903616 100
0.817553 -0.1887 0.0909809 100
0.827889 -0.1789 0.0921312 100
0.835145 -0.1682 0.0929386 100
0.840313 -0.157 0.0935137 100
0.849357 -0.1464 0.0945202 100
0.861085 -0.136 0.0958253 100
0.869731 -0.1249 0.0967875 100
0.878278 -0.1135 0.0977387 100
0.890702 -0.1024 0.0991212 100
0.901932 -0.0909 0.100371 100
0.909983 -0.0788 0.101267 100
0.919921 -0.0667 0.102373 100
0.929661 -0.0543 0.103457 100
0.938308 -0.0415 0.104419 100
0.947749 -0.0286 0.10547 100
0.95898 -0.0155 0.10672 100
0.976327 0.001 0.122646 100
0.988134 0.015 0.12413 100
1.00073 0.0293 0.125712 100
1.01314 0.0439 0.127271 100
1.02623 0.059 0.128916 100
1.04122 0.0746 0.130798 100
1.05491 0.0905 0.132518 100
1.0693 0.107 0.134325 100
1.08547 0.124 0.136357 100
1.09152 0.1403 0.137117 100
1.11404 0.1592 0.139946 100
0.799616 -0.2108 0.100448 23
0.809141 -0.2012 0.101644 100
0.814796 -0.1905 0.102355 100
0.823131 -0.1802 0.103402 100
0.830473 -0.1696 0.104324 100
0.838609 -0.159 0.105346 100
0.848531 -0.1485 0.106593 100
0.860338 -0.1381 0.108076 100
0.868971 -0.127 0.10916 100
0.87661 -0.1155 0.11012 100
0.886929 -0.1042 0.111416 100
0.896256 -0.0925 0.112588 100
0.907269 -0.0808 0.113971 100
0.918283 -0.0687 0.115355 100
0.927014 -0.0562 0.116452 100
0.936639 -0.0436 0.117661 100
0.945072 -0.0306 0.11872 100
0.955292 -0.0175 0.120004 100
0.98162 0.0003 0.128536 100
0.996394 0.0144 0.13047 100
1.00899 0.0288 0.132119 100
1.02138 0.0436 0.133742 100
1.03546 0.0588 0.135586 100
1.04944 0.0744 0.137416 100
1.06312 0.0905 0.139208 100
1.07849 0.1071 0.14122 100
1.09466 0.1243 0.143337 100
1.1007 0.1407 0.144129 100
1.12123 0.1595 0.146816 100
0.797195 -0.2141 0.104387 100
0.809688 -0.2053 0.106022 100
0.816331 -0.1948 0.106892 100
0.824759 -0.1845 0.107996 100
0.832989 -0.1741 0.109074 100
0.841219 -0.1635 0.110151 100
0.853117 -0.1534 0.111709 100
0.862041 -0.1425 0.112878 100
0.868883 -0.1311 0.113774 100
0.87741 -0.1197 0.11489 100
0.88792 -0.1084 0.116266 100
0.898133 -0.0969 0.117604 100
0.908346 -0.085 0.118941 100
0.919253 -0.073 0.120369 100
0.928077 -0.0606 0.121525 100
0.936803 -0.0479 0.122667 100
0.948305 -0.0351 0.124173 100
0.961591 -0.022 0.125913 100
0.975399 0.01 0.143513 100
1.0029 0.0244 0.147559 100
1.01735 0.0391 0.149685 100
1.02853 0.0541 0.151329 100
1.0405 0.0695 0.153091 100
1.05524 0.0854 0.15526 100
1.07265 0.1021 0.157822 100
1.08888 0.1191 0.160209 100
1.0959 0.1356 0.161242 100
1.11648 0.1542 0.16427 100
0.801966 -0.2126 0.117995 100
0.813443 -0.2034 0.119684 100
0.819082 -0.1926 0.120513 100
0.826502 -0.1821 0.121605 100
0.832834 -0.1712 0.122537 100
0.841837 -0.1608 0.123861 100
0.852819 -0.1504 0.125477 100
0.861624 -0.1395 0.126773 100
0.869341 -0.1282 0.127908 100
0.878838 -0.1169 0.129305 100
0.890216 -0.1057 0.130979 100
0.901396 -0.0941 0.132624 100
0.910498 -0.0821 0.133963 100
0.921479 -0.07 0.135579 100
0.931175 -0.0576 0.137006 100
0.939782 -0.0448 0.138272 100
0.94928 -0.0318 0.13967 100
0.962438 -0.0187 0.141606 100
0.984329 0.0094 0.15203 100
0.997868 0.0236 0.154121 100
1.00933 0.0381 0.155892 100
1.02248 0.053 0.157922 100
1.03651 0.0684 0.16009 100
1.05124 0.0842 0.162364 100
1.06764 0.1007 0.164898 100
1.08286 0.1175 0.167249 100
1.09778 0.1348 0.169553 100
1.10272 0.1512 0.170317 100
1.11913 0.1695 0.172851 100
0.802188 -0.2164 0.123899 100
0.812763 -0.207 0.125532 100
0.818396 -0.1962 0.126402 100
0.825808 -0.1858 0.127547 100
0.83411 -0.1753 0.128829 100
0.846364 -0.1532 0.130722 100
0.857137 -0.1427 0.132385 100
0.864944 -0.1315 0.133591 100
0.873542 -0.1203 0.134919 100
0.884907 -0.1091 0.136675 100
0.896075 -0.0977 0.138399 100
0.903289 -0.0857 0.139514 100
0.913271 -0.0737 0.141055 100
0.924043 -0.0614 0.142719 100
0.93363 -0.0489 0.1442 100
0.941141 -0.036 0.14536 100
0.951419 -0.023 0.146947 100
0.982398 0.0073 0.164044 100
0.996996 0.0215 0.166482 100
1.01041 0.0362 0.168722 100
1.02254 0.0511 0.170748 100
1.03458 0.0664 0.172757 100
1.05026 0.0824 0.175376 100
1.06574 0.0989 0.177962 100
1.08093 0.1157 0.180498 100
1.09593 0.1331 0.183002 100
1.10175 0.1497 0.183974 100
1.12206 0.1686 0.187366 100
0.799135 -0.2179 0.133443 14
0.808801 -0.2083 0.135057 100
0.813437 -0.1972 0.135831 100
0.82192 -0.187 0.137247 100
0.828232 -0.1761 0.138301 100
0.836419 -0.1655 0.139668 100
0.847367 -0.1553 0.141497 100
0.857231 -0.1446 0.143144 100
0.864924 -0.1333 0.144428 100
0.873505 -0.122 0.145861 100
0.883961 -0.1107 0.147607 100
0.895205 -0.0992 0.149485 100
0.904378 -0.0873 0.151016 100
0.91434 -0.0752 0.15268 100
0.924105 -0.0628 0.154311 100
0.932785 -0.0501 0.15576 100
0.941267 -0.0372 0.157176 100
0.952512 -0.0241 0.159054 100
0.982746 0.0016 0.167984 100
0.996448 0.0157 0.170326 100
1.01094 0.0303 0.172803 100
1.02316 0.0452 0.174892 100
1.0343 0.0604 0.176796 100
1.05007 0.0762 0.179492 100
1.06653 0.0926 0.182306 100
1.08092 0.1093 0.184765 100
1.09591 0.1266 0.187326 100
1.1029 0.1432 0.188523 100
1.12715 0.1627 0.192668 100
0.798518 -0.2145 0.136493 100
0.810938 -0.2056 0.138616 100
0.816557 -0.1948 0.139577 100
0.82395 -0.1842 0.14084 100
0.832229 -0.1738 0.142256 100
0.842284 -0.1634 0.143974 100
0.852239 -0.1529 0.145676 100
0.861012 -0.1419 0.147175 100
0.869785 -0.1307 0.148675 100
0.880233 -0.1196 0.150461 100
0.890682 -0.1081 0.152247 100
0.898863 -0.0962 0.153645 100
0.909903 -0.0844 0.155533 100
0.919858 -0.0722 0.157234 100
0.928631 -0.0596 0.158734 100
0.937207 -0.0469 0.1602 100
0.948641 -0.034 0.162154 100
0.961849 -0.0208 0.164412 100
0.978148 0.0005 0.182349 100
0.99083 0.0146 0.184713 100
1.00135 0.029 0.186674 100
1.01364 0.0438 0.188965 100
1.02661 0.059 0.191384 100
1.04146 0.0747 0.194151 100
1.05601 0.0909 0.196863 100
1.07124 0.1076 0.199704 100
1.08629 0.1247 0.202508 100
1.09326 0.1413 0.203809 100
1.1145 0.1602 0.207768 100
0.798936 -0.2123 0.14894 44
0.809455 -0.2029 0.1509 100
0.815058 -0.192 0.151945 100
0.822333 -0.1815 0.153301 100
0.83059 -0.1709 0.154841 100
0.841502 -0.1608 0.156875 100
0.851431 -0.1501 0.158726 100
0.860181 -0.1391 0.160357 100
0.868832 -0.1279 0.16197 100
0.880235 -0.1168 0.164096 100
0.890557 -0.1053 0.16602 100
0.8997 -0.0934 0.167724 100
0.907761 -0.0812 0.169227 100
0.91769 -0.069 0.171078 100
0.927324 -0.0565 0.172874 100
0.935876 -0.0436 0.174468 100
0.947182 -0.0307 0.176576 100
0.96124 -0.0174 0.179197 100
0.978031 0.0031 0.188339 100
1.00346 0.0175 0.193237 100
1.01387 0.0321 0.195241 100
1.02703 0.0471 0.197775 100
1.04205 0.0626 0.200668 100
1.05669 0.0786 0.203486 100
1.07122 0.095 0.206284 100
1.0883 0.1121 0.209574 100
1.09449 0.1285 0.210766 100
1.11992 0.1476 0.215663 100
0.802358 -0.2229 0.15451 17
0.80825 -0.2122 0.155644 100
0.812964 -0.2012 0.156552 100
0.819445 -0.1905 0.1578 100
0.828675 -0.1803 0.159578 100
0.840753 -0.1705 0.161904 100
0.850769 -0.16 0.163832 100
0.857643 -0.1487 0.165156 100
0.866382 -0.1376 0.166839 100
0.876987 -0.1265 0.168881 100
0.886414 -0.1151 0.170696 100
0.895743 -0.1034 0.172493 100
0.906839 -0.0916 0.17463 100
0.918721 -0.0797 0.176918 100
0.926576 -0.0671 0.17843 100
0.935217 -0.0544 0.180094 100
0.946706 -0.0416 0.182307 100
0.958981 -0.0285 0.184671 100
0.971059 -0.015 0.186996 100
0.975966 0.0057 0.203712 100
1.00318 0.0202 0.209392 100
1.01649 0.035 0.212171 100
1.02863 0.0501 0.214705 100
1.04449 0.0659 0.218015 100
1.06005 0.0821 0.221264 100
1.07444 0.0986 0.224267 100
1.08952 0.1157 0.227414 100
1.09559 0.1322 0.228681 100
1.11703 0.1509 0.233156 100
0.795652 -0.2238 0.166076 18
0.804267 -0.2139 0.167874 100
0.809063 -0.2029 0.168875 100
0.817482 -0.1926 0.170632 100
0.826684 -0.1824 0.172553 100
0.837745 -0.1724 0.174862 100
0.84773 -0.1619 0.176946 100
0.85468 -0.1506 0.178396 100
0.863393 -0.1395 0.180215 100
0.873965 -0.1284 0.182422 100
0.88532 -0.1172 0.184792 100
0.893641 -0.1054 0.186528 100
0.901863 -0.0933 0.188245 100
0.912827 -0.0813 0.190533 100
0.924574 -0.0691 0.192985 100
0.934167 -0.0564 0.194988 100
0.94562 -0.0436 0.197378 100
0.957857 -0.0304 0.199932 100
0.969016 -0.0169 0.202262 100
0.97497 0.0101 0.207948 100
1.00216 0.0247 0.213747 100
1.01438 0.0395 0.216354 100
1.02847 0.0548 0.219358 100
1.04323 0.0705 0.222508 100
1.05771 0.0867 0.225595 100
1.07111 0.1032 0.228453 100
1.08509 0.1202 0.231436 100
1.09214 0.1368 0.232937 100
1.11238 0.1555 0.237255 100
0.800984 -0.2236 0.170839 13
0.805874 -0.2126 0.171882 100
0.809688 -0.2013 0.172695 100
0.817121 -0.1908 0.174281 100
0.826314 -0.1806 0.176242 100
0.836387 -0.1703 0.17839 100
0.845385 -0.1597 0.180309 100
0.854187 -0.1487 0.182186 100
0.861033 -0.1373 0.183647 100
0.87052 -0.1261 0.18567 100
0.881865 -0.1149 0.18809 100
0.892134 -0.1033 0.19028 100
0.902207 -0.0915 0.192428 100
0.912085 -0.0793 0.194535 100
0.920887 -0.0669 0.196413 100
0.929591 -0.0542 0.198269 100
0.939958 -0.0413 0.20048 100
0.953161 -0.0283 0.203296 100
0.968124 -0.0149 0.206488 100
0.990303 0.0133 0.222085 100
1.00172 0.0278 0.224645 100
1.01294 0.0426 0.227162 100
1.02592 0.0579 0.230072 100
1.04163 0.0737 0.233595 100
1.05802 0.0901 0.237271 100
1.07119 0.1067 0.240226 100
1.08515 0.1238 0.243355 100
1.09305 0.1405 0.245127 100
1.12096 0.1605 0.251386 100
0.802468 -0.2109 0.179961 100
0.810958 -0.2008 0.181865 100
0.815544 -0.1896 0.182894 100
0.82374 -0.1792 0.184732 100
0.834669 -0.1691 0.187182 100
0.844621 -0.1586 0.189414 100
0.853403 -0.1476 0.191384 100
0.861112 -0.1363 0.193113 100
0.87165 -0.1252 0.195476 100
0.881993 -0.1139 0.197795 100
0.891165 -0.1021 0.199852 100
0.901216 -0.0902 0.202106 100
0.911071 -0.0781 0.204316 100
0.92844 -0.0529 0.208212 100
0.939856 -0.04 0.210772 100
0.951956 -0.0269 0.213485 100
0.987163 0.0081 0.222829 100
0.998674 0.0225 0.225427 100
1.01087 0.0373 0.228179 100
1.02296 0.0524 0.23091 100
1.03672 0.068 0.234014 100
1.0532 0.0842 0.237736 100
1.06852 0.1008 0.241193 100
1.08354 0.1179 0.244583 100
1.09827 0.1354 0.247908 100
1.10305 0.152 0.248987 100
1.12304 0.1712 0.253501 100
0.802997 -0.2195 0.181258 14
0.807874 -0.2085 0.182359 100
0.811581 -0.1972 0.183195 100
0.818897 -0.1866 0.184847 100
0.828066 -0.1763 0.186917 100
0.83704 -0.1658 0.188942 100
0.846014 -0.155 0.190968 100
0.852843 -0.1437 0.192509 100
0.861427 -0.1325 0.194447 100
0.87284 -0.1216 0.197023 100
0.883082 -0.1101 0.199335 100
0.892251 -0.0984 0.201405 100
0.903274 -0.0865 0.203893 100
0.913126 -0.0743 0.206117 100
0.921808 -0.0617 0.208076 100
0.932245 -0.0491 0.210432 100
0.944536 -0.0362 0.213207 100
0.95468 -0.0229 0.215497 100
0.982724 0.0123 0.228325 100
1.00776 0.0271 0.234142 100
1.02003 0.042 0.236993 100
1.03386 0.0575 0.240207 100
1.04954 0.0734 0.24385 100
1.06299 0.0897 0.246974 100
1.07818 0.1065 0.250504 100
1.09308 0.1238 0.253967 100
1.09903 0.1405 0.255347 100
1.12406 0.16 0.261163 100
0.801842 -0.2158 0.186299 52
0.810316 -0.2058 0.188268 100
0.815868 -0.1948 0.189558 100
0.824148 -0.1844 0.191482 100
0.834278 -0.1742 0.193836 100
0.844213 -0.1637 0.196144 100
0.853077 -0.1528 0.198203 100
0.860772 -0.1415 0.199991 100
0.870416 -0.1303 0.202232 100
0.880741 -0.119 0.204631 100
0.890968 -0.1074 0.207007 100
0.901098 -0.0955 0.209361 100
0.911034 -0.0834 0.211669 100
0.918826 -0.0709 0.213479 100
0.926521 -0.0581 0.215267 100
0.936944 -0.0453 0.217689 100
0.950191 -0.0323 0.220767 100
0.96412 -0.019 0.224003 100
0.985952 0.0039 0.232524 100
0.999384 0.0183 0.235692 100
1.01077 0.0329 0.238377 100
1.02284 0.048 0.241224 100
1.03763 0.0636 0.244713 100
1.05321 0.0797 0.248385 100
1.06849 0.0963 0.251989 100
1.0826 0.1132 0.255318 100
1.09739 0.1306 0.258807 100
1.10323 0.1473 0.260184 100
1.12328 0.1664 0.264912 100
0.801609 -0.2182 0.189049 24
0.809201 -0.208 0.19084 100
0.8129 -0.1966 0.191712 100
0.822146 -0.1864 0.193893 100
0.833144 -0.1765 0.196486 100
0.843072 -0.166 0.198828 100
0.850079 -0.1548 0.20048 100
0.858839 -0.1438 0.202546 100
0.869351 -0.1328 0.205025 100
0.879765 -0.1215 0.207481 100
0.889012 -0.1099 0.209662 100
0.899134 -0.0981 0.212049 100
0.909061 -0.086 0.214391 100
0.917918 -0.0736 0.216479 100
0.927554 -0.061 0.218752 100
0.939039 -0.0483 0.22146 100
0.950329 -0.0352 0.224123 100
0.960452 -0.0218 0.22651 100
0.986834 0.0096 0.245862 100
1.00013 0.0241 0.249174 100
1.01041 0.0389 0.251737 100
1.02235 0.0541 0.25471 100
1.03797 0.0699 0.258603 100
1.05437 0.0862 0.262688 100
1.06951 0.103 0.26646 100
1.08445 0.1201 0.270183 100
1.09134 0.1368 0.271899 100
1.11628 0.1562 0.278112 100
0.798782 -0.2195 0.199011 11
0.808291 -0.2097 0.20138 100
0.812949 -0.1985 0.20254 100
0.822167 -0.1883 0.204837 100
0.831289 -0.1779 0.207109 100
0.839342 -0.1671 0.209116 100
0.847299 -0.156 0.211098 100
0.856032 -0.145 0.213274 100
0.865541 -0.1338 0.215643 100
0.874954 -0.1225 0.217988 100
0.895816 -0.1123 0.223186 100
0.906878 -0.1005 0.225942 100
0.914932 -0.0881 0.227948 100
0.921821 -0.0754 0.229665 100
0.931524 -0.0627 0.232082 100
0.943848 -0.0499 0.235153 100
0.956074 -0.0368 0.238199 100
0.99824 0.009 0.245561 100
1.01057 0.0236 0.248595 100
1.02184 0.0386 0.251365 100
1.03767 0.0542 0.255259 100
1.0533 0.0702 0.259105 100
1.06777 0.0866 0.262664 100
1.08194 0.1035 0.266152 100
1.0969 0.1208 0.26983 100
1.10282 0.1376 0.271287 100
1.12389 0.1566 0.276471 100
0.799466 -0.2231 0.196664 13
0.808011 -0.2131 0.198766 100
0.81277 -0.2019 0.199936 100
0.822966 -0.192 0.202444 100
0.832191 -0.1815 0.204714 100
0.84025 -0.1707 0.206696 100
0.850155 -0.16 0.209133 100
0.859866 -0.1491 0.211522 100
0.868508 -0.1378 0.213648 100
0.877053 -0.1262 0.21575 100
0.885404 -0.1145 0.217804 100
0.896571 -0.1028 0.220551 100
0.908515 -0.091 0.223489 100
0.91541 -0.0784 0.225185 100
0.923178 -0.0657 0.227096 100
0.934637 -0.053 0.229915 100
0.94794 -0.0401 0.233187 100
0.959981 -0.0268 0.236149 100
0.987851 0.008 0.258053 100
1.01475 0.0228 0.265079 100
1.02781 0.0379 0.268491 100
1.04174 0.0534 0.27213 100
1.05732 0.0695 0.2762 100
1.07367 0.086 0.280471 100
1.08683 0.1028 0.283908 100
1.09399 0.1194 0.285779 100
1.11827 0.1383 0.292123 100
0.799376 -0.2275 0.208818 100
0.809922 -0.218 0.211573 100
0.815533 -0.2071 0.213039 100
0.824919 -0.1969 0.21549 100
0.833143 -0.1863 0.217639 100
0.842141 -0.1757 0.219989 100
0.850171 -0.1647 0.222087 100
0.860911 -0.154 0.224892 100
0.871457 -0.143 0.227647 100
0.879971 -0.1315 0.229871 100
0.891291 -0.1201 0.232829 100
0.902418 -0.1085 0.235735 100
0.909578 -0.0961 0.237605 100
0.917511 -0.0836 0.239678 100
0.928251 -0.0712 0.242483 100
0.940636 -0.0586 0.245719 100
0.952923 -0.0456 0.248928 100
0.965114 -0.0323 0.252113 100
0.977982 -0.0186 0.255475 100
0.993019 0.0022 0.261996 100
1.00549 0.0167 0.265287 100
1.01864 0.0317 0.268757 100
1.03363 0.0472 0.272711 100
1.04833 0.063 0.276588 100
1.06273 0.0794 0.280389 100
1.07898 0.0963 0.284675 100
1.0929 0.1135 0.288349 100
1.09899 0.1302 0.289956 100
1.12007 0.1492 0.295517 100
0.800313 -0.222 0.211153 100
0.81269 -0.2129 0.214419 100
0.819168 -0.202 0.216128 100
0.830384 -0.1921 0.219087 100
0.837636 -0.1811 0.221 100
0.844695 -0.1699 0.222863 100
0.85359 -0.1589 0.22521 100
0.863259 -0.1478 0.227761 100
0.872832 -0.1365 0.230286 100
0.881341 -0.1248 0.232531 100
0.893524 -0.1134 0.235746 100
0.904547 -0.1015 0.238654 100
0.912572 -0.0891 0.240771 100
0.922338 -0.0766 0.243348 100
0.934908 -0.064 0.246664 100
0.946317 -0.0511 0.249674 100
0.9585 -0.0378 0.252889 100
0.972424 -0.0243 0.256562 100
0.986853 0.0075 0.261844 100
1.01276 0.0223 0.268717 100
1.02484 0.0374 0.271922 100
1.03972 0.053 0.275872 100
1.05432 0.069 0.279744 100
1.06775 0.0854 0.283309 100
1.08283 0.1024 0.28731 100
1.08998 0.119 0.289208 100
1.11521 0.138 0.295901 100
0.796635 -0.2274 0.211373 100
0.809877 -0.2187 0.214886 100
0.816546 -0.2079 0.216656 100
0.825825 -0.1977 0.219118 100
0.835104 -0.1872 0.22158 100
0.842256 -0.1761 0.223478 100
0.849312 -0.1648 0.22535 100
0.860041 -0.1541 0.228196 100
0.870576 -0.143 0.230992 100
0.879179 -0.1314 0.233274 100
0.889424 -0.1199 0.235993 100
0.899573 -0.1081 0.238686 100
0.908659 -0.0959 0.241096 100
0.917551 -0.0834 0.243456 100
0.92828 -0.0709 0.246302 100
0.940748 -0.0582 0.249611 100
0.953024 -0.0451 0.252868 100
0.965106 -0.0317 0.256073 100
0.976994 -0.018 0.259228 100
0.990581 0.0032 0.263388 100
1.00295 0.0178 0.266677 100
1.01329 0.0326 0.269427 100
1.02624 0.0479 0.27287 100
1.04383 0.0639 0.277547 100
1.06026 0.0803 0.281915 100
1.07447 0.097 0.285693 100
1.08838 0.1141 0.289393 100
1.09447 0.1308 0.291012 100
1.1137 0.1494 0.296125 100
0.801163 -0.2172 0.213023 100
0.81247 -0.2078 0.21603 100
0.818945 -0.1969 0.217751 100
0.827256 -0.1863 0.219961 100
0.835374 -0.1756 0.22212 100
0.845232 -0.1649 0.224741 100
0.854993 -0.1541 0.227336 100
0.864657 -0.143 0.229906 100
0.873161 -0.1314 0.232167 100
0.883502 -0.12 0.234917 100
0.894616 -0.1084 0.237872 100
0.904667 -0.0963 0.240544 100
0.913558 -0.0839 0.242908 100
0.923222 -0.0714 0.245478 100
0.934722 -0.0587 0.248536 100
0.945063 -0.0456 0.251285 100
0.95724 -0.0324 0.254523 100
0.969127 -0.0187 0.257684 100
0.996565 0.0054 0.264234 100
1.00894 0.0201 0.267515 100
1.02208 0.0351 0.271 100
1.036 0.0506 0.274691 100
1.05166 0.0666 0.278843 100
1.06606 0.083 0.282662 100
1.08018 0.0999 0.286403 100
1.08743 0.1164 0.288326 100
1.11362 0.1355 0.295271 100
0.798605 -0.224 0.211746 100
0.809044 -0.2144 0.214514 100
0.814651 -0.2034 0.216001 100
0.82393 -0.1932 0.218461 100
0.833113 -0.1827 0.220896 100
0.842102 -0.172 0.223279 100
0.850995 -0.161 0.225637 100
0.861627 -0.1502 0.228456 100
0.871293 -0.1389 0.231019 100
0.880669 -0.1274 0.233505 100
0.891012 -0.1158 0.236248 100
0.900098 -0.1038 0.238657 100
0.909184 -0.0915 0.241066 100
0.91798 -0.079 0.243398 100
0.927646 -0.0664 0.245961 100
0.940019 -0.0536 0.249241 100
0.952294 -0.0405 0.252496 100
0.965247 -0.027 0.255931 100
