1.43539 0.0097 -0.30772 100
1.43118 0.0301 -0.306819 100
1.42962 0.0505 -0.306483 100
1.43177 0.0711 -0.306944 100
1.43353 0.0917 -0.307322 100
1.43314 0.1123 -0.307238 100
1.43245 0.1328 -0.307091 100
1.43343 0.1536 -0.307301 100
1.43411 0.1744 -0.307448 100
1.43255 0.195 -0.307112 100
1.43167 0.2157 -0.306924 100
1.4305 0.2364 -0.306672 100
1.42903 0.2572 -0.306358 100
1.42844 -0.2371 -0.306232 22
1.43245 -0.2169 -0.307091 100
1.43724 -0.1966 -0.308118 100
1.43979 -0.1761 -0.308663 100
1.44106 -0.1554 -0.308936 100
1.44115 -0.1347 -0.308957 100
1.44086 -0.1139 -0.308894 100
1.44037 -0.0932 -0.308789 100
1.44047 -0.0726 -0.30881 100
1.43939 -0.0519 -0.30858 100
1.43803 -0.0313 -0.308286 100
1.43823 0.0161 -0.293656 100
1.4349 0.0366 -0.292976 100
1.43235 0.057 -0.292456 100
1.43431 0.0775 -0.292856 100
1.43999 0.0985 -0.294016 100
1.44048 0.1191 -0.294116 100
1.4397 0.1398 -0.293956 100
1.43764 0.1603 -0.293536 100
1.43627 0.1809 -0.293256 100
1.43362 0.2014 -0.292716 100
1.43166 0.2219 -0.292316 100
1.43049 0.2427 -0.292076 100
1.4299 0.2636 -0.291956 100
1.43529 -0.2243 -0.293056 40
1.43921 -0.204 -0.293856 100
1.43989 -0.1832 -0.293996 100
1.44038 -0.1624 -0.294096 100
1.44048 -0.1417 -0.294116 100
1.44028 -0.1209 -0.294076 100
1.44087 -0.1003 -0.294196 100
1.44205 -0.0798 -0.294437 100
1.44107 -0.0591 -0.294237 100
1.43783 -0.0384 -0.293576 100
1.43377 0.0076 -0.280774 100
1.43151 0.028 -0.280332 100
1.432 0.0484 -0.280428 100
1.4322 0.0689 -0.280467 100
1.43308 0.0894 -0.28064 100
1.43367 0.1099 -0.280755 100
1.432 0.1303 -0.280428 100
1.43004 0.1507 -0.280044 100
1.42984 0.1712 -0.280005 100
1.43122 0.1921 -0.280274 100
1.43328 0.2132 -0.280678 100
1.43023 0.2336 -0.280082 100
1.42984 0.2544 -0.280005 100
1.43701 -0.2347 -0.281408 100
1.43818 -0.2139 -0.281639 100
1.43995 -0.1933 -0.281985 100
1.44152 -0.1726 -0.282292 100
1.4428 -0.152 -0.282542 100
1.44083 -0.1311 -0.282158 100
1.43858 -0.1103 -0.281716 100
1.43602 -0.0895 -0.281216 100
1.43612 -0.069 -0.281235 100
1.43691 -0.0486 -0.281389 100
1.43543 -0.0281 -0.281101 100
1.43765 0.0138 -0.265156 100
1.43736 0.0342 -0.265101 100
1.43578 0.0546 -0.264811 100
1.43588 0.0751 -0.264829 100
1.43569 0.0955 -0.264793 100
1.43421 0.116 -0.264521 100
1.43244 0.1363 -0.264194 100
1.43441 0.1571 -0.264557 100
1.43696 0.1781 -0.265029 100
1.43726 0.1989 -0.265083 100
1.43637 0.2196 -0.26492 100
1.43706 0.2407 -0.265047 100
1.44513 -0.221 -0.266534 100
1.44414 -0.1999 -0.266353 100
1.44473 -0.1791 -0.266462 100
1.44414 -0.1582 -0.266353 100
1.44227 -0.1373 -0.266008 100
1.44208 -0.1166 -0.265972 100
1.44355 -0.0961 -0.266244 100
1.44375 -0.0755 -0.26628 100
1.44168 -0.0548 -0.265899 100
1.44031 -0.0343 -0.265645 100
1.44103 0.0199 -0.257725 100
1.44054 0.0403 -0.257637 100
1.43887 0.0607 -0.257338 100
1.43897 0.0811 -0.257356 100
1.43867 0.1016 -0.257303 100
1.4371 0.1219 -0.257021 100
1.43533 0.1423 -0.256704 100
1.43611 0.1629 -0.256845 100
1.43966 0.184 -0.257479 100
1.43985 0.2048 -0.257514 100
1.43788 0.2253 -0.257162 100
1.4366 0.246 -0.256933 100
1.44271 -0.2198 -0.258025 100
1.44556 -0.1993 -0.258535 100
1.44527 -0.1785 -0.258482 100
1.44556 -0.1578 -0.258535 100
1.44468 -0.137 -0.258377 100
1.44251 -0.1162 -0.25799 100
1.44005 -0.0955 -0.257549 100
1.43926 -0.075 -0.257409 100
1.43916 -0.0546 -0.257391 100
1.44074 -0.0342 -0.257673 100
1.44109 0.0168 -0.245812 100
1.44266 0.0373 -0.246081 100
1.44109 0.0577 -0.245812 100
1.43911 0.078 -0.245475 100
1.43892 0.0985 -0.245442 100
1.43842 0.1189 -0.245358 100
1.43852 0.1395 -0.245374 100
1.43941 0.1602 -0.245526 100
1.44 0.1809 -0.245627 100
1.44128 0.2019 -0.245845 100
1.44227 0.2229 -0.246013 100
1.43911 0.2433 -0.245475 100
1.43754 0.264 -0.245206 100
1.44808 -0.2306 -0.247005 50
1.44621 -0.2093 -0.246686 100
1.44799 -0.1887 -0.246989 100
1.44848 -0.1679 -0.247073 100
1.44868 -0.1472 -0.247106 100
1.44868 -0.1265 -0.247106 100
1.44532 -0.1056 -0.246535 100
1.44168 -0.0848 -0.245912 100
1.44079 -0.0643 -0.245761 100
1.44148 -0.0439 -0.245879 100
1.44197 -0.0235 -0.245963 100
1.44495 0.0015 -0.229116 100
1.44475 0.022 -0.229085 100
1.44436 0.0424 -0.229022 100
1.44366 0.0628 -0.228912 100
1.44357 0.0833 -0.228897 100
1.44228 0.1036 -0.228693 100
1.4407 0.124 -0.228442 100
1.4409 0.1446 -0.228474 100
1.44366 0.1655 -0.228912 100
1.44613 0.1865 -0.229304 100
1.44534 0.2072 -0.229178 100
1.44238 0.2276 -0.228709 100
1.441 0.2483 -0.228489 100
1.44673 -0.2254 -0.229398 100
1.4487 -0.2048 -0.229711 100
1.45038 -0.1842 -0.229977 100
1.45176 -0.1636 -0.230196 100
1.45295 -0.1429 -0.230384 100
1.45078 -0.1221 -0.23004 100
1.44544 -0.1011 -0.229194 100
1.44278 -0.0804 -0.228771 100
1.44278 -0.0599 -0.228771 100
1.44248 -0.0395 -0.228724 100
1.44617 0.0077 -0.214583 100
1.44587 0.028 -0.214539 100
1.44538 0.0483 -0.214466 100
1.44458 0.0687 -0.214348 100
1.4435 0.089 -0.214187 100
1.4431 0.1094 -0.214128 100
1.4434 0.1298 -0.214172 100
1.44646 0.1506 -0.214627 100
1.44913 0.1716 -0.215023 100
1.44953 0.1923 -0.215082 100
1.44676 0.2127 -0.214671 100
1.44468 0.2332 -0.214363 100
1.44528 0.2542 -0.214451 100
1.45052 -0.2278 -0.215229 100
1.45062 -0.207 -0.215244 100
1.4523 -0.1864 -0.215493 100
1.45378 -0.1659 -0.215713 100
1.45586 -0.1454 -0.216021 100
1.45576 -0.1247 -0.216007 100
1.45438 -0.104 -0.215801 100
1.4527 -0.0834 -0.215552 100
1.45279 -0.0629 -0.215566 100
1.45151 -0.0424 -0.215376 100
1.44795 -0.0219 -0.214847 100
1.44969 0.0176 -0.188539 100
1.44929 0.0381 -0.188488 100
1.44662 0.0584 -0.188139 100
1.44572 0.0789 -0.188023 100
1.44741 0.0995 -0.188243 100
1.44989 0.1202 -0.188565 100
1.45197 0.1411 -0.188836 100
1.45286 0.1619 -0.188952 100
1.45346 0.1827 -0.189029 100
1.45267 0.2035 -0.188926 100
1.45068 0.2242 -0.188668 100
1.44741 0.2446 -0.188243 100
1.44582 0.2654 -0.188036 100
1.45534 -0.2265 -0.189274 100
1.45842 -0.2059 -0.189674 100
1.45812 -0.1849 -0.189636 100
1.45762 -0.164 -0.189571 100
1.45673 -0.1431 -0.189455 100
1.45663 -0.1223 -0.189442 100
1.45624 -0.1016 -0.18939 100
1.45753 -0.0604 -0.189558 100
1.45326 -0.0397 -0.189004 100
1.45249 0.0056 -0.183234 100
1.4513 0.0261 -0.183084 100
1.44981 0.0465 -0.182896 100
1.44902 0.0669 -0.182796 100
1.44892 0.0873 -0.182784 100
1.44951 0.1079 -0.182859 100
1.45189 0.1286 -0.183159 100
1.45288 0.1494 -0.183284 100
1.45368 0.1701 -0.183385 100
1.45308 0.1909 -0.183309 100
1.45229 0.2116 -0.183209 100
1.4512 0.2323 -0.183072 100
1.44882 0.2529 -0.182771 100
1.46062 -0.2165 -0.184261 100
1.46052 -0.1955 -0.184248 100
1.46211 -0.1748 -0.184448 100
1.46142 -0.1539 -0.184361 100
1.46142 -0.1331 -0.184361 100
1.46013 -0.1123 -0.184198 100
1.45765 -0.0915 -0.183885 100
1.45675 -0.0708 -0.183773 100
1.45755 -0.0503 -0.183873 100
1.45517 -0.0297 -0.183572 100
1.45456 0.0054 -0.165983 100
1.45337 0.0258 -0.165847 100
1.45188 0.0463 -0.165677 100
1.45108 0.0667 -0.165587 100
1.45098 0.0872 -0.165575 100
1.44959 0.1076 -0.165416 100
1.44999 0.1282 -0.165462 100
1.45297 0.1492 -0.165802 100
1.45565 0.1702 -0.166108 100
1.45615 0.1911 -0.166165 100
1.45536 0.2118 -0.166074 100
1.45317 0.2325 -0.165825 100
1.45476 0.2538 -0.166006 100
1.45903 -0.2205 -0.166494 100
1.45903 -0.1995 -0.166494 100
1.46072 -0.1788 -0.166686 100
1.46102 -0.158 -0.16672 100
1.46012 -0.1372 -0.166618 100
1.45893 -0.1163 -0.166482 100
1.45844 -0.0956 -0.166426 100
1.45764 -0.075 -0.166335 100
1.45655 -0.0544 -0.16621 100
1.45516 -0.0338 -0.166051 100
1.45439 0.0023 -0.158511 100
1.45319 0.0227 -0.158381 100
1.4528 0.0432 -0.158337 100
1.45399 0.0637 -0.158467 100
1.45399 0.0842 -0.158467 100
1.45558 0.1049 -0.158641 100
1.45896 0.1258 -0.159009 100
1.45787 0.1671 -0.15889 100
1.45638 0.1878 -0.158727 100
1.45459 0.2084 -0.158532 100
1.4526 0.229 -0.158316 100
1.45121 0.2497 -0.158164 100
1.45677 -0.2281 -0.158771 100
1.45876 -0.2074 -0.158987 100
1.46055 -0.1867 -0.159182 100
1.46204 -0.1661 -0.159345 100
1.46115 -0.1452 -0.159247 100
1.45817 -0.1242 -0.158922 100
1.45677 -0.1034 -0.158771 100
1.46005 -0.083 -0.159128 100
1.46204 -0.0625 -0.159345 100
1.45876 -0.0418 -0.158987 100
1.45717 -0.0213 -0.158814 100
1.45542 0.0107 -0.138602 100
1.45611 0.0312 -0.138669 100
1.45651 0.0517 -0.138707 100
1.45761 0.0723 -0.138811 100
1.45651 0.0927 -0.138707 100
1.45601 0.1133 -0.138659 100
1.45731 0.134 -0.138783 100
1.4582 0.1548 -0.138868 100
1.4579 0.1755 -0.138839 100
1.4583 0.1964 -0.138877 100
1.45542 0.2169 -0.138602 100
1.45522 0.2378 -0.138583 100
1.46328 -0.218 -0.139351 100
1.46129 -0.1968 -0.139162 100
1.46288 -0.1761 -0.139313 100
1.46318 -0.1553 -0.139342 100
1.46328 -0.1345 -0.139351 100
1.46398 -0.1139 -0.139418 100
1.46348 -0.0932 -0.13937 100
1.46059 -0.0724 -0.139095 100
1.4585 -0.0518 -0.138896 100
1.45908 0.0161 -0.130476 100
1.45868 0.0366 -0.13044 100
1.45808 0.057 -0.130387 100
1.45709 0.0775 -0.130298 100
1.45489 0.0979 -0.130102 100
1.4534 0.1183 -0.129968 100
1.4536 0.1388 -0.129986 100
1.45549 0.1596 -0.130155 100
1.45709 0.1805 -0.130298 100
1.45639 0.2012 -0.130235 100
1.45539 0.222 -0.130146 100
1.4532 0.2425 -0.12995 100
1.45161 0.2632 -0.129808 100
1.46416 -0.2241 -0.13093 100
1.46316 -0.203 -0.130841 100
1.46485 -0.1823 -0.130993 100
1.46535 -0.1615 -0.131037 100
1.46645 -0.1408 -0.131135 100
1.46127 -0.1197 -0.130672 100
1.46107 -0.0785 -0.130654 100
1.46107 -0.0579 -0.130654 100
1.46067 -0.0374 -0.130618 100
1.46221 0.0036 -0.105326 100
1.46101 0.024 -0.105239 100
1.45952 0.0445 -0.105132 100
1.45982 0.0649 -0.105153 100
1.46072 0.0855 -0.105218 100
1.46341 0.1062 -0.105412 100
1.46371 0.1268 -0.105433 100
1.46381 0.1475 -0.105441 100
1.46361 0.1682 -0.105426 100
1.46211 0.1888 -0.105318 100
1.46131 0.2096 -0.105261 100
1.45922 0.2301 -0.10511 100
1.45882 0.2511 -0.105081 100
1.46919 -0.2244 -0.105829 100
1.4663 -0.2029 -0.10562 100
1.468 -0.1823 -0.105742 100
1.4664 -0.1613 -0.105627 100
1.4655 -0.1404 -0.105563 100
1.4663 -0.1198 -0.10562 100
1.4659 -0.0992 -0.105591 100
1.4661 -0.0786 -0.105606 100
1.4661 -0.058 -0.105606 100
1.46371 -0.0374 -0.105433 100
1.46288 0.0046 -0.0956257 100
1.45968 0.025 -0.0954169 100
1.45919 0.0455 -0.0953843 100
1.45839 0.0659 -0.0953321 100
1.45929 0.0864 -0.0953908 100
1.46098 0.107 -0.0955017 100
1.46128 0.1277 -0.0955213 100
1.46338 0.1485 -0.0956583 100
1.46517 0.1694 -0.0957757 100
1.46557 0.1903 -0.0958018 100
1.46477 0.2111 -0.0957496 100
1.46268 0.2317 -0.0956126 100
1.46328 0.2529 -0.0956518 100
1.46747 -0.2399 -0.0959257 23
1.46667 -0.2187 -0.0958735 100
1.46857 -0.198 -0.0959975 100
1.46827 -0.1771 -0.0959779 100
1.46757 -0.1562 -0.0959322 100
1.46767 -0.1355 -0.0959388 100
1.46837 -0.1148 -0.0959844 100
1.46587 -0.094 -0.0958214 100
1.46308 -0.0733 -0.0956387 100
1.46298 -0.0528 -0.0956322 100
1.46747 -0.0324 -0.0959257 100
1.465 0.0015 -0.0765212 100
1.4638 0.0221 -0.0764586 100
1.4644 0.0426 -0.0764899 100
1.4656 0.0632 -0.0765525 100
1.4656 0.0838 -0.0765525 100
1.4653 0.1045 -0.0765368 100
1.4667 0.1252 -0.0766098 100
1.4668 0.146 -0.0766151 100
1.4646 0.1665 -0.0765003 100
1.4641 0.1873 -0.0764742 100
1.46331 0.2081 -0.0764325 100
1.46221 0.2289 -0.0763751 100
1.4648 0.2504 -0.0765107 100
1.4677 -0.2197 -0.076662 100
1.4696 -0.199 -0.0767611 100
1.4683 -0.1779 -0.0766933 100
1.4686 -0.1571 -0.0767089 100
1.4687 -0.1363 -0.0767142 100
1.4695 -0.1156 -0.0767559 100
1.4699 -0.0949 -0.0767768 100
1.4701 -0.0742 -0.0767872 100
1.468 -0.0535 -0.0766777 100
1.4656 -0.0329 -0.0765525 100
1.46652 0.0046 -0.065825 100
1.46433 0.0251 -0.0657264 100
1.46283 0.0456 -0.0656591 100
1.46303 0.0661 -0.0656681 100
1.46692 0.0869 -0.0658429 100
1.46862 0.1077 -0.0659192 100
1.46592 0.1282 -0.0657981 100
1.46602 0.1489 -0.0658026 100
1.46772 0.1699 -0.0658788 100
1.46622 0.1906 -0.0658116 100
1.46443 0.2112 -0.0657308 100
1.46223 0.2319 -0.0656322 100
1.46283 0.253 -0.0656591 100
1.47302 -0.2212 -0.0661165 100
1.47002 -0.1997 -0.0659819 100
1.46972 -0.1787 -0.0659685 100
1.47012 -0.1579 -0.0659864 100
1.47012 -0.1371 -0.0659864 100
1.47092 -0.1164 -0.0660223 100
1.47142 -0.0957 -0.0660447 100
1.47162 -0.075 -0.0660537 100
1.47152 -0.0544 -0.0660492 100
1.47012 -0.0337 -0.0659864 100
1.4649 0.0169 -0.0542274 100
1.4645 0.0372 -0.0542126 100
1.46789 0.0782 -0.0543383 100
1.47069 0.0988 -0.0544419 100
1.47119 0.1194 -0.0544604 100
1.47039 0.1399 -0.0544308 100
1.46929 0.1604 -0.0543901 100
1.46789 0.181 -0.0543383 100
1.4662 0.2015 -0.0542754 100
1.4643 0.222 -0.0542052 100
1.463 0.2426 -0.0541571 100
1.4664 0.2642 -0.0542828 100
1.46849 -0.221 -0.0543605 100
1.46939 -0.2003 -0.0543938 100
1.47009 -0.1797 -0.0544197 100
1.47039 -0.159 -0.0544308 100
1.47149 -0.1385 -0.0544715 100
1.47329 -0.118 -0.0545381 100
1.47379 -0.0975 -0.0545566 100
1.47399 -0.0769 -0.054564 100
1.47589 -0.0565 -0.0546343 100
1.47559 -0.036 -0.0546232 100
1.47225 0.018 -0.0436954 100
1.47085 0.0386 -0.0436539 100
1.46815 0.0591 -0.0435738 100
1.46715 0.0796 -0.0435441 100
1.46795 0.1003 -0.0435678 100
1.46935 0.1211 -0.0436094 100
1.46855 0.1417 -0.0435856 100
1.46735 0.1624 -0.04355 100
1.46695 0.1832 -0.0435382 100
1.46625 0.2039 -0.0435174 100
1.46525 0.2248 -0.0434877 100
1.46585 0.2459 -0.0435055 100
1.47315 -0.2323 -0.0437221 100
1.47225 -0.2111 -0.0436954 100
1.47415 -0.1904 -0.0437518 100
1.47365 -0.1694 -0.0437369 100
1.47385 -0.1485 -0.0437429 100
1.47385 -0.1277 -0.0437429 100
1.47345 -0.1069 -0.043731 100
1.47285 -0.0862 -0.0437132 100
1.47285 -0.0655 -0.0437132 100
1.47365 -0.0449 -0.0437369 100
1.47315 -0.0242 -0.0437221 100
1.47683 0.0119 -0.0226842 100
1.47443 0.0325 -0.0226473 100
1.47283 0.0531 -0.0226228 100
1.47203 0.0737 -0.0226105 100
1.47283 0.0944 -0.0226228 100
1.47233 0.1151 -0.0226151 100
1.47063 0.1357 -0.022589 100
1.47053 0.1564 -0.0225874 100
1.47023 0.1772 -0.0225828 100
1.46953 0.1981 -0.0225721 100
1.46763 0.2188 -0.0225429 100
1.46643 0.2396 -0.0225245 100
1.46973 -0.238 -0.0225752 100
1.46993 -0.217 -0.0225782 100
1.47183 -0.1963 -0.0226074 100
1.47243 -0.1754 -0.0226166 100
1.47373 -0.1547 -0.0226366 100
1.47573 -0.1341 -0.0226673 100
1.47753 -0.1134 -0.022695 100
1.47793 -0.0927 -0.0227011 100
1.47813 -0.0719 -0.0227042 100
1.47793 -0.0512 -0.0227011 100
1.47653 -0.0305 -0.0226796 100
1.47796 0.0088 -0.0103183 100
1.47466 0.0293 -0.0102953 100
1.47216 0.0498 -0.0102778 100
1.47326 0.0705 -0.0102855 100
1.47416 0.0911 -0.0102918 100
1.47276 0.1117 -0.010282 100
1.47106 0.1322 -0.0102701 100
1.47006 0.1528 -0.0102632 100
1.46876 0.1734 -0.0102541 100
1.46816 0.1942 -0.0102499 100
1.46726 0.2149 -0.0102436 100
1.46516 0.2355 -0.0102289 100
1.46466 0.2565 -0.0102255 100
1.47446 -0.2276 -0.0102939 100
1.47256 -0.2063 -0.0102806 100
1.47336 -0.1855 -0.0102862 100
1.47376 -0.1647 -0.010289 100
1.47396 -0.1439 -0.0102904 100
1.47386 -0.1232 -0.0102897 100
1.47436 -0.1025 -0.0102932 100
1.47366 -0.0818 -0.0102883 100
1.47266 -0.0612 -0.0102813 100
1.47336 -0.0406 -0.0102862 100
1.4759 0.0098 0.0172595 100
1.4756 0.0304 0.017256 100
1.475 0.051 0.017249 100
1.4752 0.0716 0.0172513 100
1.475 0.0922 0.017249 100
1.4746 0.1129 0.0172443 100
1.4739 0.1335 0.0172361 100
1.4738 0.1543 0.017235 100
1.4725 0.1749 0.0172198 100
1.4719 0.1957 0.0172127 100
1.4701 0.2164 0.0171917 100
1.4679 0.237 0.017166 100
1.4694 0.2584 0.0171835 100
1.4736 -0.2264 0.0172326 100
1.4737 -0.2054 0.0172338 100
1.4754 -0.1847 0.0172537 100
1.4758 -0.1639 0.0172583 100
1.476 -0.1431 0.0172607 100
1.4768 -0.1224 0.01727 100
1.4764 -0.1016 0.0172654 100
1.4767 -0.081 0.0172689 100
1.4777 -0.0604 0.0172806 100
1.4784 -0.0397 0.0172888 100
1.47787 0.0046 0.0196044 100
1.47667 0.0253 0.0195884 100
1.47617 0.0459 0.0195818 100
1.47637 0.0665 0.0195845 100
1.47527 0.0871 0.0195699 100
1.47397 0.1077 0.0195526 100
1.47327 0.1284 0.0195433 100
1.47237 0.1491 0.0195314 0
1.47107 0.1697 0.0195142 100
1.47057 0.1905 0.0195075 100
1.47077 0.2115 0.0195102 100
1.46967 0.2323 0.0194956 100
1.47317 0.254 0.019542 100
1.47517 -0.2226 0.0195685 100
1.47517 -0.2016 0.0195685 100
1.47487 -0.1806 0.0195646 100
1.47427 -0.1597 0.0195566 100
1.47537 -0.139 0.0195712 100
1.47617 -0.1183 0.0195818 100
1.47767 -0.0976 0.0196017 100
1.47787 -0.0769 0.0196044 100
1.47777 -0.0563 0.019603 100
1.47947 -0.0356 0.0196256 100
1.47851 0.0015 0.0381996 100
1.47831 0.0222 0.0381944 100
1.47691 0.0427 0.0381583 100
1.47611 0.0633 0.0381376 100
1.47611 0.084 0.0381376 100
1.47581 0.1046 0.0381299 100
1.47421 0.1252 0.0380886 100
1.47331 0.1458 0.0380653 100
1.47411 0.1667 0.038086 100
1.47461 0.1876 0.0380989 100
1.47481 0.2085 0.038104 100
1.47381 0.2294 0.0380782 100
1.47831 0.2512 0.0381944 100
1.47471 -0.2232 0.0381015 100
1.47371 -0.2021 0.0380756 100
1.47541 -0.1814 0.0381195 100
1.47581 -0.1606 0.0381299 100
1.47691 -0.1399 0.0381583 100
1.47971 -0.1194 0.0382306 100
1.48121 -0.0988 0.0382693 100
1.48141 -0.0781 0.0382745 100
1.48041 -0.0573 0.0382487 100
1.48001 -0.0367 0.0382384 100
1.4773 0.0005 0.0453938 100
1.4761 0.0211 0.0453569 100
1.4767 0.0417 0.0453753 100
1.477 0.0624 0.0453845 100
1.476 0.083 0.0453538 100
1.4767 0.1037 0.0453753 100
1.4771 0.1245 0.0453876 100
1.4772 0.1453 0.0453907 100
1.476 0.166 0.0453538 100
1.4745 0.1867 0.0453078 100
1.4738 0.2076 0.0452863 100
1.47171 0.2283 0.0452218 100
1.47231 0.2494 0.0452402 100
1.4805 -0.237 0.045492 49
1.4787 -0.2156 0.0454368 100
1.4805 -0.1948 0.045492 100
1.4801 -0.1738 0.0454798 100
1.4784 -0.1527 0.0454275 100
1.4774 -0.1318 0.0453968 100
1.4771 -0.111 0.0453876 100
1.4785 -0.0904 0.0454306 100
1.4787 -0.0697 0.0454368 100
1.4785 -0.049 0.0454306 100
1.478 -0.0284 0.0454153 100
1.48032 0.0109 0.0705869 100
1.48002 0.0316 0.0705726 100
1.48042 0.0523 0.0705916 100
1.48052 0.073 0.0705964 100
1.48032 0.0938 0.0705869 100
1.47792 0.1144 0.0704725 100
1.47612 0.1351 0.0703868 100
1.47612 0.1559 0.0703868 100
1.47582 0.1768 0.0703725 100
1.47512 0.1977 0.0703392 100
1.47522 0.2187 0.0703439 100
1.47892 0.2404 0.0705202 100
1.47582 -0.2346 0.0703725 100
1.47692 -0.2137 0.0704249 100
1.47982 -0.193 0.070563 100
1.47742 -0.1717 0.0704487 100
1.47662 -0.1507 0.0704106 100
1.47762 -0.13 0.0704583 100
1.47932 -0.1093 0.0705392 100
1.48072 -0.0886 0.0706059 100
1.48172 -0.0679 0.0706535 100
1.48162 -0.0471 0.0706488 100
1.48112 -0.0264 0.070625 100
1.4809 0.0036 0.0789066 100
1.4797 0.0243 0.0788427 100
1.4782 0.045 0.0787629 100
1.4774 0.0657 0.0787204 100
1.47641 0.0863 0.0786671 100
1.47601 0.107 0.0786459 100
1.47441 0.1277 0.0785607 100
1.47451 0.1485 0.0785661 100
1.47521 0.1694 0.0786033 100
1.47471 0.1903 0.0785767 100
1.47581 0.2115 0.0786352 100
1.47471 0.2324 0.0785767 100
1.4782 0.2542 0.0787629 100
1.48439 -0.2222 0.0790928 100
1.4794 -0.2004 0.0788268 100
1.4791 -0.1793 0.0788108 100
1.4785 -0.1583 0.0787789 100
1.4775 -0.1373 0.0787257 100
1.4783 -0.1166 0.0787682 100
1.4788 -0.0958 0.0787949 100
1.479 -0.0751 0.0788055 100
1.4799 -0.0544 0.0788534 100
1.4795 -0.0336 0.0788321 100
1.4816 0.0016 0.100486 100
1.4804 0.0223 0.100404 100
1.48 0.043 0.100377 100
1.4792 0.0638 0.100323 100
1.4792 0.0846 0.100323 100
1.4789 0.1054 0.100303 100
1.47721 0.1261 0.100188 100
1.47631 0.1469 0.100127 100
1.47611 0.1678 0.100113 100
1.47661 0.1888 0.100147 100
1.47781 0.21 0.100228 100
1.47671 0.231 0.100154 100
1.4792 0.2527 0.100323 100
1.4821 -0.2154 0.100519 100
1.481 -0.1941 0.100445 100
1.48249 -0.1732 0.100546 100
1.4818 -0.1521 0.100499 100
1.4808 -0.1311 0.100431 100
1.48349 -0.1104 0.100614 100
1.48489 -0.0896 0.100709 100
1.48499 -0.0687 0.100716 100
1.48479 -0.0479 0.100702 100
1.48339 -0.027 0.100607 100
1.48174 0.0101 0.112453 100
1.48044 0.0308 0.112354 100
1.47984 0.0515 0.112309 100
1.47895 0.0722 0.112241 100
1.47785 0.0929 0.112158 100
1.47735 0.1137 0.11212 100
1.47665 0.1344 0.112067 100
1.47566 0.1552 0.111991 100
1.47536 0.1761 0.111969 100
1.47765 0.1974 0.112143 100
1.47875 0.2186 0.112226 100
1.47945 0.2399 0.112279 100
1.48583 0.2623 0.112763 100
1.48274 -0.2253 0.112529 100
1.48084 -0.2038 0.112385 100
1.48254 -0.183 0.112513 100
1.47994 -0.1617 0.112317 100
1.47905 -0.1407 0.112249 100
1.48094 -0.12 0.112392 100
1.48244 -0.0992 0.112506 100
1.48363 -0.0785 0.112597 100
1.48363 -0.0577 0.112597 100
1.48323 -0.0369 0.112566 100
1.48114 0.0008 0.131927 100
1.48094 0.0215 0.13191 100
1.48153 0.0422 0.131963 100
1.48283 0.063 0.132078 100
1.48273 0.0837 0.132069 100
1.48243 0.1045 0.132043 100
1.48183 0.1253 0.131989 100
1.47994 0.146 0.131821 100
1.48084 0.167 0.131901 100
1.48134 0.188 0.131945 100
1.48253 0.2092 0.132052 100
1.48143 0.2302 0.131954 100
1.48303 0.2517 0.132096 100
1.49289 -0.2211 0.132974 100
1.48691 -0.199 0.132442 100
1.48552 -0.1778 0.132318 100
1.48492 -0.1567 0.132264 100
1.48392 -0.1357 0.132176 100
1.48373 -0.1148 0.132158 100
1.48412 -0.094 0.132193 100
1.48632 -0.0733 0.132389 100
1.48622 -0.0525 0.13238 100
1.48482 -0.0317 0.132256 100
1.48207 0.0135 0.142446 100
1.48177 0.034 0.142417 100
1.48018 0.0544 0.142264 100
1.47908 0.0953 0.142159 100
1.47869 0.1158 0.142121 100
1.47699 0.1362 0.141958 100
1.47689 0.1568 0.141949 100
1.47958 0.1778 0.142207 100
1.48098 0.1987 0.142341 100
1.48307 0.2198 0.142542 100
1.48187 0.2406 0.142427 100
1.48526 0.2623 0.142752 100
1.48615 -0.2387 0.142838 41
1.48336 -0.2172 0.14257 100
1.48426 -0.1965 0.142657 100
1.48287 -0.1755 0.142523 100
1.48018 -0.1545 0.142264 100
1.48018 -0.1339 0.142264 100
1.48287 -0.1135 0.142523 100
1.48625 -0.0931 0.142848 100
1.48735 -0.0726 0.142953 100
1.48526 -0.052 0.142752 100
1.48287 -0.0314 0.142523 100
1.48293 0.0047 0.164241 100
1.48273 0.0255 0.164219 100
1.48422 0.0464 0.164384 100
1.48741 0.0674 0.164737 100
1.4883 0.0884 0.164836 100
1.48691 0.1093 0.164682 100
1.48522 0.1302 0.164494 100
1.48432 0.1512 0.164395 100
1.48502 0.1724 0.164472 100
1.48542 0.1936 0.164516 100
1.48452 0.2147 0.164417 100
1.48343 0.2359 0.164296 100
1.48393 0.2574 0.164351 100
1.48989 -0.2265 0.165012 100
1.48701 -0.2047 0.164693 100
1.48671 -0.1834 0.16466 100
1.48512 -0.1621 0.164483 100
1.48532 -0.141 0.164505 100
1.48313 -0.1198 0.164263 100
1.48263 -0.0988 0.164208 100
1.48393 -0.078 0.164351 100
1.48482 -0.0571 0.16445 100
1.48254 -0.0362 0.164197 100
1.48669 0.0131 0.165709 100
1.4864 0.034 0.165675 100
1.48679 0.0549 0.16572 100
1.48689 0.0759 0.165731 100
1.48769 0.0969 0.165819 100
1.48719 0.118 0.165764 100
1.48828 0.1391 0.165886 100
1.48918 0.1604 0.165985 100
1.48977 0.1817 0.166052 100
1.48908 0.2029 0.165974 100
1.48709 0.224 0.165753 100
1.48679 0.2454 0.16572 100
1.48729 -0.223 0.165775 100
1.48928 -0.2019 0.165997 100
1.48699 -0.1803 0.165742 100
1.4864 -0.159 0.165675 100
1.48451 -0.1377 0.165465 100
1.48133 -0.1164 0.16511 100
1.48073 -0.0955 0.165044 100
1.48292 -0.0747 0.165288 100
1.48282 -0.0537 0.165276 100
1.48143 -0.0328 0.165121 100
1.48426 0.0086 0.19488 100
1.48396 0.0295 0.194841 100
1.48545 0.0505 0.195036 100
1.48555 0.0714 0.195049 100
1.48446 0.0923 0.194906 100
1.48396 0.1133 0.194841 100
1.48426 0.1343 0.19488 100
1.48426 0.1554 0.19488 100
1.48486 0.1766 0.194958 100
1.48624 0.198 0.19514 100
1.48525 0.2192 0.19501 100
1.48307 0.2403 0.194723 100
1.48158 0.2614 0.194528 100
1.48882 -0.2294 0.195478 100
1.48793 -0.2079 0.195361 100
1.48962 -0.1868 0.195583 100
1.49011 -0.1656 0.195648 100
1.48932 -0.1443 0.195544 100
1.48724 -0.123 0.19527 100
1.48575 -0.1018 0.195075 100
1.48505 -0.0808 0.194984 100
1.48406 -0.0598 0.194854 100
1.48277 -0.0389 0.194684 100
1.48711 0.0094 0.203709 100
1.48682 0.0304 0.203668 100
1.48622 0.0514 0.203587 100
1.48543 0.0724 0.203478 100
1.48523 0.0934 0.203451 100
1.48771 0.1146 0.203791 100
1.49098 0.1361 0.204238 100
1.49286 0.1575 0.204496 100
1.49147 0.1787 0.204306 100
1.4889 0.1997 0.203953 100
1.48691 0.2208 0.203682 100
1.48573 0.2421 0.203519 100
1.48612 0.2637 0.203573 100
1.49316 -0.233 0.204537 100
1.48939 -0.211 0.204021 100
1.48919 -0.1896 0.203994 100
1.49068 -0.1684 0.204198 100
1.49187 -0.1473 0.204361 100
1.49078 -0.126 0.204211 100
1.4885 -0.1046 0.203899 100
1.48781 -0.0835 0.203804 100
1.48781 -0.0625 0.203804 100
1.48652 -0.0414 0.203628 100
1.48401 0.0089 0.22523 100
1.48371 0.0299 0.225185 100
1.48312 0.0509 0.225095 100
1.48232 0.0719 0.224975 100
1.48213 0.0929 0.224945 100
1.48272 0.1141 0.225035 100
1.4849 0.1354 0.225365 100
1.48588 0.1567 0.225515 100
1.48549 0.178 0.225455 100
1.48579 0.1994 0.2255 100
1.48588 0.2208 0.225515 100
1.48361 0.242 0.22517 100
1.48302 0.2635 0.22508 100
1.48648 -0.2233 0.225605 100
1.48648 -0.2019 0.225605 100
1.48915 -0.1808 0.22601 100
1.48855 -0.1594 0.22592 100
1.48865 -0.1381 0.225935 100
1.48944 -0.117 0.226055 100
1.48895 -0.0957 0.22598 100
1.48816 -0.0746 0.22586 100
1.48509 -0.0533 0.225395 100
1.4847 -0.0323 0.225335 100
1.48674 0.0184 0.25173 100
1.48536 0.0394 0.251496 100
1.48368 0.0604 0.251213 100
1.48368 0.0815 0.251213 100
1.48437 0.1026 0.251329 100
1.48477 0.1238 0.251396 100
1.48388 0.1448 0.251246 100
1.48378 0.1661 0.251229 100
1.48329 0.1873 0.251146 100
1.4825 0.2085 0.251012 100
1.48142 0.2298 0.250829 100
1.48398 0.2517 0.251263 100
1.48398 -0.2194 0.251263 100
1.48487 -0.1982 0.251413 100
1.48457 -0.1768 0.251363 100
1.48487 -0.1555 0.251413 100
1.48585 -0.1344 0.25158 100
1.48654 -0.1133 0.251697 100
1.48704 -0.0922 0.25178 100
1.48713 -0.0711 0.251797 100
1.48605 -0.05 0.251613 100
1.48358 -0.0289 0.251196 100
1.47989 0.0071 0.262543 100
1.48058 0.028 0.262665 100
1.48107 0.049 0.262753 100
1.48127 0.07 0.262788 100
1.48304 0.0912 0.263102 100
1.48265 0.1122 0.263032 100
1.48196 0.1333 0.26291 100
1.48196 0.1545 0.26291 100
1.48166 0.1756 0.262858 100
1.48206 0.197 0.262927 100
1.48206 0.2184 0.262927 100
1.47989 0.2395 0.262543 100
1.48334 0.2616 0.263155 100
1.48157 -0.2223 0.26284 100
1.48245 -0.2011 0.262997 100
1.48413 -0.1799 0.263294 100
1.48354 -0.1586 0.263189 100
1.48452 -0.1375 0.263364 100
1.48629 -0.1165 0.263679 100
1.48678 -0.0954 0.263766 100
1.48797 -0.0743 0.263975 100
1.48885 -0.0532 0.264133 100
1.48846 -0.0322 0.264063 100
1.48819 0.0132 0.266695 100
1.48888 0.0344 0.266819 100
1.48829 0.0555 0.266713 100
1.48839 0.0767 0.266731 100
1.48908 0.098 0.266854 100
1.48957 0.1193 0.266942 100
1.49075 0.1408 0.267154 100
1.49154 0.1623 0.267295 100
1.49016 0.1836 0.267048 100
1.4875 0.2047 0.266572 100
1.48652 0.2262 0.266396 100
1.48809 0.2481 0.266678 100
1.48809 -0.2221 0.266678 100
1.49095 -0.2009 0.267189 100
1.48868 -0.1791 0.266784 100
1.48809 -0.1576 0.266678 100
1.48819 -0.1363 0.266695 100
1.48888 -0.115 0.266819 100
1.48839 -0.0937 0.266731 100
1.4876 -0.0725 0.26659 100
1.48642 -0.0512 0.266378 100
1.48701 -0.0301 0.266484 100
1.48515 0.0024 0.288953 100
1.48496 0.0235 0.288915 100
1.48446 0.0446 0.28882 100
1.48378 0.0658 0.288686 100
1.48368 0.0869 0.288667 100
1.48329 0.1081 0.28859 100
1.4827 0.1293 0.288476 100
1.4827 0.1506 0.288476 100
1.48535 0.1722 0.288991 100
1.48672 0.1939 0.289259 100
1.4878 0.2156 0.289469 100
1.48476 0.2367 0.288877 100
1.48525 0.2585 0.288972 100
1.48427 -0.2264 0.288781 100
1.48044 -0.2043 0.288037 100
1.48113 -0.183 0.28817 100
1.4826 -0.1618 0.288457 100
1.4827 -0.1405 0.288476 100
1.48348 -0.1193 0.288629 100
1.48496 -0.0981 0.288915 100
1.48515 -0.0769 0.288953 100
1.48613 -0.0558 0.289144 100
1.48672 -0.0346 0.289259 100
1.48563 0.0153 0.301444 100
1.48631 0.0366 0.301583 100
1.48563 0.0577 0.301444 100
1.48661 0.079 0.301643 100
1.48641 0.1003 0.301603 100
1.48484 0.1215 0.301285 100
1.48504 0.1428 0.301325 100
1.4868 0.1644 0.301683 100
1.48641 0.1858 0.301603 100
1.48465 0.2071 0.301245 100
1.48269 0.2284 0.300847 100
1.48416 0.2504 0.301146 100
1.4917 -0.2342 0.302677 41
1.487 -0.2118 0.301722 100
1.4868 -0.1902 0.301683 100
1.48641 -0.1686 0.301603 100
1.48661 -0.1472 0.301643 100
1.48651 -0.1259 0.301623 100
1.48612 -0.1045 0.301543 100
1.48543 -0.0832 0.301404 100
1.48543 -0.062 0.301404 100
1.48621 -0.0408 0.301563 100
1.48478 0.009 0.310998 100
1.48546 0.0302 0.311141 100
1.4839 0.0513 0.310813 100
1.48409 0.0725 0.310854 100
1.48488 0.0938 0.311018 100
1.48439 0.1151 0.310916 100
1.4837 0.1363 0.310772 100
1.48458 0.1578 0.310957 100
1.48517 0.1793 0.31108 100
1.48458 0.2007 0.310957 100
1.48263 0.222 0.310547 100
1.48135 0.2434 0.31028 100
1.48468 0.2658 0.310977 100
1.48566 -0.2287 0.311182 100
1.4838 -0.2068 0.310793 100
1.48546 -0.1855 0.311141 100
1.484 -0.1639 0.310834 100
1.48312 -0.1424 0.310649 100
1.48302 -0.1211 0.310629 100
1.48253 -0.0998 0.310526 100
1.4838 -0.0786 0.310793 100
1.48468 -0.0575 0.310977 100
1.48537 -0.0363 0.311121 100
1.4861 0.0175 0.323479 100
1.48669 0.0388 0.323607 100
1.486 0.0601 0.323458 100
1.48698 0.0815 0.323671 100
1.48864 0.103 0.324032 100
1.49001 0.1246 0.32433 100
1.49011 0.1461 0.324351 100
1.48796 0.1674 0.323883 100
1.48649 0.1888 0.323564 100
1.48669 0.2105 0.323607 100
1.48561 0.2321 0.323373 100
1.48806 0.2543 0.323905 100
1.48952 -0.239 0.324224 45
1.48874 -0.2171 0.324053 100
1.48962 -0.1955 0.324245 100
1.48923 -0.1738 0.32416 100
1.4905 -0.1523 0.324436 100
1.4905 -0.1308 0.324436 100
1.49021 -0.1093 0.324372 100
1.48864 -0.0878 0.324032 100
1.48679 -0.0663 0.323628 100
1.48649 -0.045 0.323564 100
1.486 -0.0237 0.323458 100
1.48552 0.0197 0.335322 100
1.48513 0.0409 0.335234 100
1.48435 0.0622 0.335058 100
1.48533 0.0835 0.335278 100
1.48504 0.1048 0.335212 100
1.48543 0.1262 0.3353 100
1.48455 0.1475 0.335102 100
1.48338 0.1689 0.334838 100
1.48279 0.1903 0.334706 100
1.48299 0.2119 0.33475 100
1.48289 0.2336 0.334728 100
1.48533 0.2558 0.335278 100
1.48377 -0.2207 0.334926 100
1.48562 -0.1993 0.335344 100
1.4863 -0.1778 0.335499 100
1.48757 -0.1564 0.335785 100
1.48757 -0.135 0.335785 100
1.48738 -0.1135 0.335741 100
1.48582 -0.092 0.335388 100
1.48309 -0.0706 0.334772 100
1.48192 -0.0493 0.334508 100
1.4824 -0.0281 0.334618 100
1.48623 0.02 0.341212 100
1.4877 0.0413 0.341548 100
1.48799 0.0627 0.341615 100
1.48604 0.084 0.341168 100
1.48575 0.1054 0.3411 100
1.48604 0.1269 0.341168 100
1.48711 0.1485 0.341414 100
1.48779 0.1702 0.34157 100
1.48828 0.1919 0.341682 100
1.48838 0.2137 0.341705 100
1.48828 0.2355 0.341682 100
1.49354 0.2583 0.342891 100
1.48682 -0.2181 0.341347 100
1.4877 -0.1965 0.341548 100
1.48731 -0.1748 0.341458 100
1.4876 -0.1532 0.341526 100
1.48662 -0.1316 0.341302 100
1.48633 -0.1101 0.341235 100
1.48477 -0.0885 0.340877 100
1.4839 -0.0671 0.340675 100
1.48565 -0.0459 0.341078 100
1.48711 -0.0245 0.341414 100
1.48984 0.0136 0.347794 100
1.48858 0.035 0.347499 100
1.48605 0.0562 0.346907 100
1.4841 0.0775 0.346453 100
1.48488 0.0989 0.346635 100
1.48439 0.1203 0.346521 100
1.48351 0.1416 0.346316 100
1.48439 0.1632 0.346521 100
1.48488 0.1848 0.346635 100
1.48614 0.2066 0.34693 100
1.4841 0.2281 0.346453 100
1.48663 0.2503 0.347044 100
1.48527 -0.2204 0.346726 100
1.48517 -0.1987 0.346703 100
1.48488 -0.177 0.346635 100
1.48322 -0.1553 0.346248 100
1.48225 -0.1337 0.346021 100
1.48205 -0.1123 0.345975 100
1.48244 -0.091 0.346066 100
1.48449 -0.0698 0.346544 100
1.48624 -0.0485 0.346953 100
1.48585 -0.0272 0.346862 100
1.49033 0.0168 0.350103 100
1.49091 0.0382 0.35024 100
1.49023 0.0596 0.35008 100
1.48936 0.081 0.349874 100
1.48712 0.1023 0.349348 100
1.48653 0.1237 0.349211 100
1.48566 0.1452 0.349005 100
1.48546 0.1667 0.348959 100
1.48595 0.1884 0.349073 100
1.48712 0.2102 0.349348 100
1.48507 0.2317 0.348868 100
1.48751 0.254 0.349439 100
1.48955 -0.2348 0.34992 100
1.48877 -0.2129 0.349737 100
1.49052 -0.1914 0.350148 100
1.49004 -0.1696 0.350034 100
1.48838 -0.1478 0.349645 100
1.48731 -0.1262 0.349394 100
1.48692 -0.1047 0.349302 100
1.48721 -0.0833 0.349371 100
1.48721 -0.0619 0.349371 100
1.48799 -0.0406 0.349554 100
1.48494 0.012 0.372715 100
1.48358 0.0334 0.372375 100
1.483 0.0548 0.372229 100
1.48213 0.0762 0.372009 100
1.4829 0.0976 0.372204 100
1.48242 0.1191 0.372082 100
1.48251 0.1406 0.372107 100
1.48436 0.1624 0.372569 100
1.48397 0.184 0.372472 100
1.48222 0.2055 0.372034 100
1.48222 0.2273 0.372034 100
1.48475 0.2496 0.372667 100
1.48504 -0.2346 0.37274 100
1.48329 -0.2125 0.372302 100
1.48504 -0.1909 0.37274 100
1.48465 -0.1692 0.372642 100
1.48387 -0.1475 0.372448 100
1.48281 -0.1258 0.37218 100
1.48242 -0.1043 0.372082 100
1.48281 -0.0829 0.37218 100
1.48378 -0.0615 0.372423 100
1.48348 -0.0401 0.37235 100
1.48531 0.0201 0.383021 100
1.48676 0.0415 0.383396 100
1.48608 0.0629 0.383221 100
1.48705 0.0844 0.383471 100
1.4886 0.106 0.38387 100
1.48996 0.1277 0.38422 100
1.48909 0.1493 0.383995 100
1.48783 0.1708 0.38367 100
1.48734 0.1925 0.383545 100
1.48463 0.2139 0.382846 100
1.48347 0.2355 0.382547 100
1.48153 -0.2287 0.382047 100
1.48357 -0.2072 0.382572 100
1.48424 -0.1855 0.382746 100
1.48376 -0.1638 0.382622 100
1.48289 -0.1422 0.382397 100
1.48376 -0.1207 0.382622 100
1.48424 -0.0993 0.382746 100
1.48444 -0.0778 0.382796 100
1.48444 -0.0564 0.382796 100
1.48502 -0.035 0.382946 100
1.48242 0.0113 0.398322 100
1.48116 0.0326 0.397985 100
1.48145 0.054 0.398063 100
1.48155 0.0754 0.398089 100
1.48329 0.097 0.398556 100
1.48474 0.1186 0.398945 100
1.48396 0.1401 0.398737 100
1.48387 0.1617 0.398711 100
1.48348 0.1834 0.398608 100
1.48184 0.2049 0.398167 100
1.48271 0.2268 0.3984 100
1.4774 -0.223 0.396973 100
1.47933 -0.2015 0.397492 100
1.48194 -0.1802 0.398192 100
1.48319 -0.1587 0.39853 100
1.48329 -0.1371 0.398556 100
1.48213 -0.1154 0.398244 100
1.48058 -0.0939 0.397829 100
1.48078 -0.0724 0.397881 100
1.48068 -0.051 0.397855 100
1.48116 -0.0297 0.397985 100
1.47727 0.0203 0.401643 100
1.47872 0.0416 0.402037 100
1.47901 0.0629 0.402115 100
1.47805 0.0841 0.401853 100
1.47969 0.1056 0.402299 100
1.48287 0.1273 0.403165 100
1.48393 0.1488 0.403453 100
1.48374 0.1704 0.403401 100
1.48229 0.1918 0.403008 100
1.48055 0.2132 0.402535 100
1.48036 0.235 0.402483 100
1.47631 -0.2358 0.401381 100
1.47843 -0.2144 0.401958 100
1.48113 -0.1932 0.402693 100
1.48258 -0.1717 0.403086 100
1.48191 -0.1501 0.402903 100
1.48084 -0.1286 0.402614 100
1.47959 -0.107 0.402273 100
1.48181 -0.0645 0.402876 100
1.48258 -0.0432 0.403086 100
1.48007 -0.0218 0.402404 100
1.47754 0.0187 0.404485 100
1.47811 0.0401 0.404643 100
1.4784 0.0615 0.404723 100
1.4784 0.0829 0.404723 100
1.47908 0.1043 0.404907 100
1.48226 0.1261 0.405779 100
1.48429 0.1479 0.406333 100
1.48409 0.1695 0.40628 100
1.48265 0.1911 0.405884 100
1.47995 0.2125 0.405145 100
1.47879 0.2341 0.404828 100
1.47792 -0.24 0.404591 100
1.47725 -0.218 0.404406 100
1.47908 -0.1965 0.404907 100
1.47966 -0.1749 0.405066 100
1.47995 -0.1533 0.405145 100
1.48081 -0.1319 0.405383 100
1.47956 -0.1103 0.40504 100
1.47898 -0.0888 0.404881 100
1.47908 -0.0673 0.404907 100
1.47985 -0.046 0.405119 100
1.48033 -0.0246 0.405251 100
1.4797 0.0064 0.404523 100
1.48038 0.0279 0.404708 100
1.48086 0.0494 0.404839 100
1.48009 0.0708 0.404628 100
1.48472 0.0926 0.405894 100
1.4853 0.1142 0.406053 100
1.4826 0.1357 0.405314 100
1.4826 0.1573 0.405314 100
1.48125 0.1789 0.404945 100
1.4797 0.2005 0.404523 100
1.4797 0.2223 0.404523 100
1.47854 -0.2232 0.404207 100
1.48047 -0.2017 0.404734 100
1.48018 -0.1799 0.404655 100
1.48057 -0.1582 0.40476 100
1.48057 -0.1366 0.40476 100
1.47941 -0.1149 0.404444 100
1.47893 -0.0933 0.404312 100
1.47903 -0.0718 0.404338 100
1.47989 -0.0504 0.404576 100
1.48038 -0.0289 0.404708 100
1.4781 0.0166 0.402422 100
1.47868 0.038 0.402579 100
1.4809 0.0596 0.403183 100
1.48485 0.0813 0.40426 100
1.48649 0.103 0.404707 100
1.48591 0.1246 0.404549 100
1.48505 0.1462 0.404313 100
1.48389 0.1678 0.403998 100
1.48148 0.1893 0.403341 100
1.4807 0.211 0.403131 100
1.48148 0.2331 0.403341 100
1.47733 -0.228 0.402211 100
1.48022 -0.2066 0.403 100
1.48099 -0.1849 0.40321 100
1.48051 -0.1631 0.403078 100
1.47868 -0.1413 0.402579 100
1.47752 -0.1196 0.402264 100
1.4781 -0.0981 0.402422 100
1.47829 -0.0766 0.402474 100
1.47723 -0.0551 0.402185 100
1.47781 -0.0337 0.402343 100
1.48017 0.0209 0.40243 100
1.48065 0.0423 0.402561 100
1.48094 0.0637 0.40264 100
1.48181 0.0853 0.402876 100
1.48345 0.1069 0.403322 100
1.4847 0.1286 0.403663 100
1.48287 0.15 0.403165 100
1.48162 0.1715 0.402824 100
1.48113 0.1932 0.402693 100
1.4793 0.2147 0.402194 100
1.48007 0.2367 0.402404 100
1.47708 -0.2242 0.401591 100
1.47988 -0.2028 0.402352 100
1.47959 -0.1811 0.402273 100
1.47998 -0.1594 0.402378 100
1.48007 -0.1379 0.402404 100
1.47988 -0.1163 0.402352 100
1.4794 -0.0948 0.40222 100
1.47949 -0.0733 0.402247 100
1.48133 -0.052 0.402745 100
1.48191 -0.0305 0.402903 100
