2.27256 -0.1856 -0.337609 99
2.31143 -0.1559 -0.343384 99
2.32617 -0.1239 -0.345574 99
2.35337 -0.092 -0.349615 99
2.44744 0.0086 -0.317868 99
2.47481 0.0433 -0.321422 99
2.50179 0.0788 -0.324926 99
2.51627 0.1145 -0.326806 99
2.56198 0.1524 -0.332743 99
2.27787 -0.1921 -0.295843 99
2.31982 -0.163 -0.301292 99
2.33568 -0.1314 -0.303352 99
2.36206 -0.0998 -0.306778 99
2.39102 -0.0675 -0.310539 99
2.43058 0.0252 -0.307054 99
2.48753 0.0604 -0.314248 99
2.51918 0.0963 -0.318246 99
2.53148 0.1321 -0.3198 99
2.57196 0.1701 -0.324914 99
2.27512 -0.2013 -0.287414 51
2.30637 -0.1717 -0.291362 99
2.31837 -0.1402 -0.292879 99
2.34387 -0.1091 -0.2961 99
2.37195 -0.0773 -0.299647 99
2.39953 -0.0448 -0.303131 99
2.45332 0.0086 -0.277786 99
2.47777 0.0435 -0.280554 99
2.50678 0.0792 -0.283839 99
2.5203 0.1151 -0.285369 99
2.56412 0.1532 -0.290331 99
2.28838 -0.1921 -0.259109 99
2.32653 -0.1624 -0.26343 99
2.33945 -0.1303 -0.264892 99
2.36787 -0.0986 -0.26811 99
2.39579 -0.0661 -0.271272 99
2.44542 0.0219 -0.275594 99
2.47165 0.0569 -0.278551 99
2.49948 0.0928 -0.281687 99
2.51478 0.1288 -0.283411 99
2.56139 0.1673 -0.288664 99
2.2752 -0.1848 -0.256411 99
2.31713 -0.1555 -0.261137 99
2.33204 -0.1235 -0.262816 99
2.35728 -0.0916 -0.265661 99
2.38222 -0.0591 -0.268472 99
2.45246 0.0292 -0.236145 99
2.50661 0.0651 -0.241359 99
2.52134 0.1009 -0.242777 99
2.56743 0.1389 -0.247215 99
2.27717 -0.2168 -0.219266 1
2.31569 -0.1877 -0.222976 99
2.33102 -0.1561 -0.224452 99
2.35481 -0.1245 -0.226742 99
2.38019 -0.0923 -0.229186 99
2.40717 -0.0596 -0.231784 99
2.45727 0.0013 -0.218873 99
2.48187 0.0361 -0.221065 99
2.51006 0.0717 -0.223576 99
2.5247 0.1076 -0.22488 99
2.57072 0.1457 -0.228979 99
2.27758 -0.2178 -0.202868 37
2.30826 -0.1881 -0.205601 99
2.31962 -0.1564 -0.206612 99
2.34741 -0.1252 -0.209087 99
2.37579 -0.0933 -0.211616 99
2.40468 -0.0607 -0.214189 99
2.46443 0.0151 -0.180111 99
2.48886 0.0501 -0.181897 99
2.51679 0.086 -0.183938 99
2.53434 0.1222 -0.185221 99
2.5871 0.1611 -0.189077 99
2.29298 -0.1905 -0.167582 99
2.33228 -0.1608 -0.170453 99
2.34524 -0.1287 -0.171401 99
2.37367 -0.0969 -0.173478 99
2.40369 -0.0644 -0.175672 99
2.44301 0.0013 -0.15627 99
2.47165 0.0359 -0.158102 99
2.50388 0.0715 -0.160164 99
2.53652 0.108 -0.162251 99
2.54769 0.1443 -0.162966 99
2.58232 0.1826 -0.165181 1
2.28453 -0.201 -0.146132 42
2.31996 -0.1714 -0.148399 99
2.33303 -0.1395 -0.149235 99
2.35968 -0.1079 -0.150939 99
2.38493 -0.0756 -0.152554 99
2.41167 -0.0427 -0.154265 99
2.4708 0.0229 -0.123868 99
2.49916 0.0581 -0.12529 99
2.52413 0.0941 -0.126542 99
2.54051 0.1303 -0.127363 99
2.58825 0.1691 -0.129756 99
2.29112 -0.1916 -0.114861 99
2.33347 -0.1623 -0.116984 99
2.34845 -0.1303 -0.117735 99
2.37502 -0.0985 -0.119066 99
2.39909 -0.0659 -0.120273 99
2.46886 0.0082 -0.124635 99
2.49842 0.0433 -0.126127 99
2.52858 0.0792 -0.12765 99
2.54416 0.1154 -0.128436 99
2.5911 0.1539 -0.130806 99
2.30107 -0.1925 -0.116165 99
2.34132 -0.1629 -0.118196 99
2.3554 -0.1308 -0.118907 99
2.38197 -0.0988 -0.120248 99
2.40903 -0.0662 -0.121615 99
2.44714 0.0278 -0.0901602 99
2.5065 0.0636 -0.0923472 99
2.53728 0.0999 -0.0934812 99
2.54967 0.1362 -0.0939378 99
2.59134 0.1748 -0.0954731 99
2.29544 -0.2034 -0.0845712 55
2.32892 -0.1735 -0.0858046 99
2.34211 -0.1416 -0.0862906 99
2.36589 -0.1098 -0.0871669 99
2.39208 -0.0774 -0.0881315 99
2.41996 -0.0444 -0.0891588 99
2.44713 0.0214 -0.061516 99
2.50761 0.0569 -0.0630363 99
2.5395 0.0932 -0.063838 99
2.55389 0.1295 -0.0641999 99
2.60078 0.1683 -0.0653785 99
2.29667 -0.1995 -0.0577339 99
2.33706 -0.1701 -0.0587491 99
2.35216 -0.1382 -0.0591286 99
2.37885 -0.1064 -0.0597996 99
2.40714 -0.074 -0.0605108 99
2.43093 -0.0408 -0.0611089 99
2.44872 0.0081 -0.0367577 99
2.50732 0.0434 -0.0376372 99
2.53651 0.0794 -0.0380755 99
2.55111 0.1156 -0.0382946 99
2.59711 0.1541 -0.0389851 99
2.31024 -0.198 -0.0346789 99
2.34474 -0.1679 -0.0351967 99
2.35783 -0.1357 -0.0353934 99
2.38543 -0.1039 -0.0358076 99
2.41363 -0.0713 -0.0362309 99
2.44142 -0.038 -0.0366481 99
2.473 0.0009 -0.00043162 99
2.5017 0.0358 -0.000436629 99
2.527 0.0715 -0.000441045 99
2.5447 0.1076 -0.000444134 99
2.5949 0.1461 -0.000452895 99
2.3052 -0.2124 -0.000402333 73
2.3329 -0.1821 -0.000407168 99
2.3442 -0.1501 -0.00040914 99
2.37 -0.1185 -0.000413643 99
2.3974 -0.0863 -0.000418425 99
2.4254 -0.0534 -0.000423312 99
2.45791 0.0064 0.0210208 99
2.51461 0.0417 0.0215057 99
2.54571 0.0779 0.0217717 99
2.55941 0.1141 0.0218889 99
2.6024 0.1525 0.0222566 99
2.31382 -0.1685 0.0197885 99
2.35081 -0.1382 0.0201049 99
2.36551 -0.1059 0.0202306 99
2.39181 -0.0736 0.0204556 99
2.41961 -0.0406 0.0206933 99
2.45455 0.027 0.0415587 99
2.51484 0.0628 0.0425795 99
2.54474 0.0991 0.0430857 99
2.55903 0.1355 0.0433278 99
2.60383 0.1744 0.0440862 99
2.30937 -0.1956 0.0391006 45
2.33986 -0.1653 0.039617 99
2.35186 -0.1332 0.0398201 99
2.37846 -0.1014 0.0402704 99
2.40566 -0.0689 0.0407309 99
2.42935 -0.0356 0.0411321 99
2.46934 0.0039 0.0568997 99
2.49504 0.0384 0.0574917 99
2.52523 0.0738 0.0581874 99
2.54193 0.1095 0.0585721 99
2.59511 0.1478 0.0597976 99
2.31878 -0.1756 0.0534304 99
2.35987 -0.1459 0.0543772 99
2.37467 -0.1139 0.0547181 99
2.39896 -0.0819 0.0552779 99
2.42286 -0.0492 0.0558285 99
2.47579 0.0061 0.0773723 99
2.50848 0.041 0.0783938 99
2.54056 0.0769 0.0793965 99
2.55525 0.113 0.0798556 99
2.59933 0.1512 0.0812332 99
2.31077 -0.2165 0.0722152 79
2.33846 -0.1863 0.0730805 99
2.34875 -0.1543 0.0734022 99
2.37364 -0.1228 0.07418 99
2.39913 -0.0907 0.0749765 99
2.42612 -0.0579 0.0758199 99
2.46446 0.0065 0.11191 99
2.49113 0.0414 0.113122 99
2.5192 0.0771 0.114396 99
2.55087 0.1139 0.115834 99
2.56695 0.1506 0.116565 99
2.31951 -0.1691 0.105328 99
2.35647 -0.1387 0.107007 99
2.37116 -0.1063 0.107674 99
2.39743 -0.0738 0.108867 99
2.4232 -0.0407 0.110037 99
2.46817 0.0022 0.154419 99
2.49782 0.0372 0.156274 99
2.52496 0.073 0.157972 99
2.5566 0.1098 0.159952 99
2.57776 0.1469 0.161276 99
2.64513 0.188 0.16549 99
2.31497 -0.1988 0.144835 60
2.34042 -0.168 0.146427 99
2.34951 -0.1356 0.146995 99
2.37805 -0.1038 0.148781 99
2.4062 -0.0713 0.150542 99
2.43494 -0.038 0.15234 99
2.47108 0.0238 0.169761 99
2.53333 0.0599 0.174038 99
2.56615 0.0967 0.176293 99
2.57852 0.1334 0.177142 99
2.62411 0.1727 0.180275 99
2.31115 -0.2088 0.158774 92
2.34866 -0.179 0.161351 99
2.36393 -0.1468 0.1624 99
2.38667 -0.1147 0.163963 99
2.41192 -0.082 0.165697 99
2.43975 -0.0487 0.167609 99
2.47518 0.01 0.209152 99
2.50467 0.0452 0.211644 99
2.53267 0.0812 0.21401 99
2.54922 0.1176 0.215408 99
2.59904 0.1564 0.219618 99
2.31874 -0.1803 0.195932 99
2.3558 -0.15 0.199065 99
2.36866 -0.1175 0.200151 99
2.39497 -0.0852 0.202374 99
2.42077 -0.0522 0.204554 99
2.466 0.0346 0.220084 99
2.52994 0.0709 0.225791 99
2.56052 0.1077 0.228521 99
2.57277 0.1443 0.229614 99
2.61521 0.1835 0.233401 99
2.31251 -0.2083 0.206386 50
2.34199 -0.1779 0.209017 99
2.35315 -0.1456 0.210013 99
2.37984 -0.1138 0.212395 99
2.40604 -0.0813 0.214733 99
2.43383 -0.0482 0.217213 99
2.48538 0.0323 0.258593 99
2.54934 0.0689 0.265247 99
2.56505 0.1053 0.266883 99
2.61399 0.144 0.271974 99
2.30904 -0.2208 0.240245 52
2.34265 -0.1909 0.243743 99
2.35598 -0.1588 0.24513 99
2.38075 -0.127 0.247706 99
2.40621 -0.0945 0.250356 99
2.43307 -0.0614 0.25315 99
2.46237 0.0022 0.268804 99
2.49388 0.0373 0.272244 99
2.5249 0.0733 0.27563 99
2.55542 0.1102 0.278961 99
2.56854 0.147 0.280394 99
2.6099 0.1862 0.284908 99
2.33751 -0.2007 0.255174 99
2.35004 -0.1685 0.256541 99
2.374 -0.1367 0.259156 99
2.40074 -0.0705 0.262075 99
2.42827 -0.0372 0.265081 99
2.46067 0.0065 0.316965 99
2.51978 0.0422 0.32458 99
2.55172 0.0787 0.328693 99
2.5662 0.1154 0.330559 99
2.61093 0.1544 0.33632 99
2.32152 -0.1973 0.299041 99
2.36357 -0.1674 0.304458 99
2.37756 -0.1347 0.306259 99
2.40295 -0.1022 0.30953 99
2.42893 -0.069 0.312877 99
2.45849 -0.0351 0.316684 99
2.4679 0.0321 0.321839 99
2.52968 0.0687 0.329895 99
2.56409 0.1058 0.334382 99
2.57728 0.1428 0.336102 99
2.6215 0.1824 0.34187 99
2.30944 -0.2045 0.301174 41
2.34475 -0.1744 0.305778 99
2.35883 -0.142 0.307614 99
2.38431 -0.1098 0.310937 99
2.4094 -0.0769 0.314209 99
2.43597 -0.0434 0.317675 99
2.46487 0.023 0.359147 99
2.52959 0.0593 0.368576 99
2.54532 0.0955 0.370869 99
2.59223 0.1339 0.377703 99
2.31891 -0.2006 0.33788 95
2.34811 -0.1698 0.342133 99
2.35919 -0.1372 0.343748 99
2.38749 -0.1052 0.347872 99
2.4154 -0.0723 0.351938 99
2.4429 -0.0387 0.355946 99
2.31673 -0.2089 0.347891 58
2.34402 -0.178 0.351989 99
2.35519 -0.1454 0.353667 99
2.38061 -0.1133 0.357484 99
2.40573 -0.0804 0.361256 99
2.43035 -0.0468 0.364953 99
2.31552 -0.1977 0.381257 99
2.35045 -0.1672 0.387008 99
2.36338 -0.1345 0.389136 99
2.37788 -0.1015 0.391524 99
2.41745 -0.0689 0.398039 90
