2.44603 0.0047 -0.328543 98
2.44772 0.0392 -0.32877 99
2.4499 0.0738 -0.329063 99
2.44861 0.1084 -0.32889 99
2.44594 0.1428 -0.32853 99
2.44564 0.1774 -0.32849 99
2.44891 0.2124 -0.328929 99
2.44841 -0.2289 -0.328863 99
2.4504 -0.1942 -0.329129 99
2.45773 -0.16 -0.330114 99
2.45079 -0.1249 -0.329182 99
2.44544 -0.0901 -0.328464 99
2.44643 -0.0556 -0.328597 99
2.44918 0.0125 -0.304194 99
2.43787 0.0467 -0.302788 99
2.42507 0.0806 -0.301198 99
2.43856 0.1154 -0.302875 99
2.45256 0.1506 -0.304613 99
2.45226 0.1852 -0.304576 99
2.45633 0.2203 -0.305081 99
2.4474 -0.242 -0.303972 99
2.44551 -0.2072 -0.303737 99
2.4462 -0.1727 -0.303824 99
2.4463 -0.1381 -0.303836 99
2.447 -0.1037 -0.303922 99
2.44918 -0.0693 -0.304194 99
2.43807 -0.0347 -0.302813 99
2.47155 0.0256 -0.275918 99
2.47791 0.0606 -0.276628 99
2.48576 0.0958 -0.277505 99
2.49311 0.1313 -0.278326 99
2.49003 0.1664 -0.277982 99
2.48844 0.2015 -0.277804 99
2.48437 0.2364 -0.277349 99
2.47244 -0.2464 -0.276018 40
2.47661 -0.2116 -0.276484 99
2.4784 -0.1766 -0.276684 99
2.48556 -0.142 -0.277482 99
2.48029 -0.1066 -0.276894 99
2.47363 -0.0714 -0.276151 99
2.47234 -0.0366 -0.276007 94
2.47264 0.0048 -0.266868 98
2.47433 0.0395 -0.267051 97
2.47552 0.0743 -0.267179 99
2.47821 0.1093 -0.267469 99
2.48238 0.1444 -0.26792 99
2.48119 0.1794 -0.267791 99
2.48636 0.2149 -0.268349 99
2.47354 -0.2357 -0.266965 99
2.47354 -0.2006 -0.266965 99
2.47015 -0.1655 -0.2666 99
2.47025 -0.1307 -0.266611 96
2.46986 -0.0959 -0.266568 99
2.47184 -0.0612 -0.266782 94
2.50914 0.0066 -0.244255 95
2.51083 0.0419 -0.24442 99
2.51889 0.0775 -0.245204 99
2.52855 0.1134 -0.246144 99
2.52566 0.1489 -0.245863 98
2.52337 0.1845 -0.24564 99
2.5176 0.2197 -0.245078 99
2.51441 -0.2327 -0.244768 99
2.50645 -0.1965 -0.243993 99
2.50605 -0.161 -0.243954 99
2.50605 -0.1256 -0.243954 98
2.50755 -0.0904 -0.2441 99
2.50854 -0.0551 -0.244197 99
2.50994 0.033 -0.222682 99
2.51522 0.0684 -0.22315 99
2.52 0.104 -0.223574 99
2.5203 0.1395 -0.223601 99
2.5201 0.175 -0.223583 99
2.51841 0.2104 -0.223433 99
2.5211 0.2464 -0.223671 97
2.50745 -0.2531 -0.222461 41
2.50775 -0.2176 -0.222487 99
2.50855 -0.1822 -0.222558 99
2.50785 -0.1468 -0.222496 99
2.50964 -0.1115 -0.222655 99
2.51094 -0.0763 -0.22277 99
2.51084 -0.041 -0.222761 93
2.54357 0.012 -0.180987 96
2.55414 0.0479 -0.181739 98
2.55713 0.0838 -0.181952 98
2.55674 0.1196 -0.181924 99
2.55584 0.1555 -0.18186 99
2.55733 0.1916 -0.181966 99
2.54955 -0.2581 -0.181413 90
2.54497 -0.2216 -0.181086 99
2.54576 -0.1858 -0.181143 99
2.54217 -0.1498 -0.180887 96
2.54197 -0.1141 -0.180873 99
2.54337 -0.0784 -0.180973 99
2.54517 -0.0428 -0.1811 96
2.54985 0.0303 -0.174279 98
2.56611 0.0664 -0.17539 96
2.56302 0.1021 -0.175179 99
2.55733 0.1376 -0.17479 96
2.55614 0.1734 -0.174708 99
2.55853 0.2094 -0.174872 99
2.54287 -0.2282 -0.173801 99
2.54277 -0.1925 -0.173794 99
2.54825 -0.1572 -0.174169 94
2.55813 -0.122 -0.174844 98
2.55564 -0.0861 -0.174674 99
2.55354 -0.0504 -0.174531 99
2.5911 0.0145 -0.142143 97
2.5926 0.0508 -0.142226 99
2.5926 0.087 -0.142226 99
2.60019 0.1237 -0.142642 95
2.61217 0.1609 -0.143299 98
2.60269 0.1969 -0.142779 99
2.58871 0.2323 -0.142012 99
2.58391 -0.2414 -0.141749 78
2.58302 -0.2049 -0.1417 99
2.58461 -0.1687 -0.141787 99
2.58372 -0.1324 -0.141738 96
2.58531 -0.0963 -0.141826 99
2.59041 -0.0602 -0.142105 98
2.59905 0.0123 -0.123932 99
2.59156 0.0486 -0.123575 98
2.59166 0.085 -0.123579 97
2.59325 0.1215 -0.123656 95
2.59325 0.158 -0.123656 99
2.60474 0.1954 -0.124203 99
2.6395 0.2354 -0.125861 99
2.58017 -0.2483 -0.123032 1
2.58037 -0.2118 -0.123041 99
2.58307 -0.1755 -0.12317 94
2.58237 -0.1391 -0.123136 99
2.59205 -0.1032 -0.123598 99
2.60314 -0.067 -0.124127 97
2.62189 0.0105 -0.105306 99
2.62548 0.0472 -0.10545 95
2.62658 0.084 -0.105494 96
2.62608 0.1207 -0.105474 95
2.62418 0.1574 -0.105398 99
2.62368 0.1942 -0.105378 99
2.62568 0.2313 -0.105458 98
2.6066 -0.2434 -0.104692 1
2.61369 -0.2073 -0.104977 97
2.61829 -0.1709 -0.105161 99
2.61749 -0.1341 -0.105129 99
2.61509 -0.0973 -0.105033 97
2.61719 -0.0608 -0.105117 94
2.63341 0.0327 -0.0855188 94
2.63571 0.0696 -0.0855935 97
2.63051 0.1063 -0.0854247 98
2.62472 0.1429 -0.0852364 96
2.63241 0.1803 -0.0854864 99
2.6586 0.2196 -0.0863367 99
2.64471 -0.2287 -0.0858856 99
2.62572 -0.1901 -0.0852689 96
2.62112 -0.1529 -0.0851196 99
2.61902 -0.116 -0.0850514 96
2.61842 -0.0793 -0.085032 99
2.62132 -0.0427 -0.0851261 97
2.66028 0.0367 -0.0473642 94
2.65858 0.0738 -0.047334 93
2.65828 0.111 -0.0473286 99
2.65948 0.1483 -0.04735 94
2.66608 0.1861 -0.0474675 96
2.68917 0.2255 -0.0478787 98
2.68088 -0.2513 -0.0477309 89
2.65818 -0.2117 -0.0473268 99
2.65388 -0.1741 -0.0472503 99
2.65408 -0.1369 -0.0472539 96
2.65668 -0.0998 -0.0473001 99
2.66688 -0.0629 -0.0474817 95
2.65785 0.0125 -0.027834 91
2.66135 0.0497 -0.0278707 98
2.65945 0.0869 -0.0278508 94
2.65695 0.124 -0.0278246 97
2.65795 0.1613 -0.027835 92
2.65845 0.1986 -0.0278403 95
2.66235 0.2363 -0.0278811 95
2.65115 -0.2381 -0.0277638 61
2.65125 -0.2009 -0.0277649 96
2.65285 -0.1637 -0.0277816 98
2.65485 -0.1267 -0.0278026 98
2.65535 -0.0895 -0.0278078 99
2.65435 -0.0524 -0.0277974 94
2.69288 0.0179 0.01081 92
2.69038 0.0555 0.0107999 98
2.69038 0.0931 0.0107999 92
2.69278 0.131 0.0108096 97
2.69468 0.1689 0.0108172 97
2.69808 0.207 0.0108308 98
2.71378 0.2464 0.0108939 90
2.67808 -0.2531 0.0107506 1
2.68228 -0.2157 0.0107674 99
2.68608 -0.1782 0.0107827 99
2.68628 -0.1405 0.0107835 96
2.68798 -0.1029 0.0107903 94
2.68818 -0.0653 0.0107911 96
2.7018 0.0071 0.0325388 88
2.7104 0.045 0.0326423 92
2.7025 0.0827 0.0325472 95
2.6941 0.1202 0.0324461 98
2.6932 0.158 0.0324352 95
2.6957 0.196 0.0324653 98
2.68361 -0.2224 0.0323196 99
2.68541 -0.1848 0.0323413 98
2.68481 -0.1471 0.0323341 97
2.68661 -0.1095 0.0323557 96
2.6888 -0.0719 0.0323822 97
2.74017 0.0148 0.0674468 93
2.73267 0.053 0.0672623 92
2.72667 0.0911 0.0671147 98
2.72907 0.1294 0.0671737 95
2.73007 0.1677 0.0671983 94
2.73237 0.2062 0.0672549 91
2.71458 -0.2288 0.0668169 99
2.71748 -0.1908 0.0668883 94
2.71888 -0.1527 0.0669227 90
2.71878 -0.1146 0.0669203 96
2.72208 -0.0766 0.0670015 94
2.72374 0.0266 0.0794114 94
2.72604 0.0647 0.0794784 93
2.72594 0.1029 0.0794755 87
2.72624 0.141 0.0794843 92
2.72694 0.1793 0.0795047 95
2.73314 0.2181 0.0796853 94
2.71525 -0.2405 0.0791637 97
2.71635 -0.2024 0.0791957 96
2.71785 -0.1644 0.0792395 91
2.72094 -0.1265 0.0793298 98
2.72244 -0.0884 0.0793735 96
2.72434 -0.0504 0.0794289 92
2.77823 0.0228 0.121786 96
2.77164 0.0616 0.121497 99
2.76455 0.1001 0.121186 97
2.76385 0.1389 0.121155 96
2.76564 0.1778 0.121234 99
2.77184 0.2172 0.121506 94
2.75825 -0.2243 0.12091 97
2.76614 -0.1861 0.121256 98
2.76844 -0.1473 0.121357 99
2.76025 -0.1082 0.120998 98
2.76245 -0.0696 0.121094 93
2.76335 0.0343 0.138051 92
2.76855 0.0731 0.138311 93
2.77524 0.1122 0.138645 94
2.77244 0.151 0.138505 97
2.77204 0.1899 0.138485 99
2.74977 -0.2552 0.137373 87
2.76106 -0.2173 0.137937 97
2.76375 -0.1786 0.138071 98
2.77504 -0.1404 0.138635 99
2.76975 -0.1013 0.138371 99
2.76186 -0.0623 0.137977 88
2.80658 0.0393 0.185429 89
2.81077 0.0787 0.185706 87
2.81237 0.1182 0.185811 98
2.81047 0.1576 0.185686 95
2.80898 0.197 0.185587 88
2.79211 -0.2218 0.184473 94
2.7969 -0.1829 0.184789 96
2.79421 -0.1434 0.184611 93
2.796 -0.1043 0.18473 93
2.7981 -0.0651 0.184869 88
2.79173 -0.2302 0.208441 98
2.79672 -0.1911 0.208814 96
2.80011 -0.1519 0.209067 95
2.8019 -0.1126 0.209201 98
2.80021 -0.0732 0.209074 92
