2.44563 0.0009 -0.331532 99
2.44632 0.0354 -0.331626 99
2.44563 0.0699 -0.331532 99
2.44543 0.1045 -0.331505 99
2.44474 0.139 -0.331411 99
2.44355 0.1736 -0.33125 99
2.44286 0.2082 -0.331155 99
2.44276 0.243 -0.331142 99
2.45088 0.2788 -0.332244 99
2.44246 -0.2134 -0.331102 99
2.44315 -0.1788 -0.331196 99
2.44444 -0.1442 -0.33137 99
2.44623 -0.1097 -0.331612 99
2.44751 -0.0752 -0.331787 99
2.44732 -0.0406 -0.33176 99
2.44866 0.0327 -0.306733 99
2.44797 0.0672 -0.306646 99
2.44777 0.1018 -0.306621 99
2.44708 0.1363 -0.306534 99
2.44698 0.1709 -0.306522 99
2.44539 0.2054 -0.306323 99
2.44718 0.2404 -0.306547 99
2.44291 -0.2226 -0.306012 99
2.44469 -0.1881 -0.306236 99
2.44608 -0.1536 -0.30641 99
2.44896 -0.1191 -0.306771 99
2.44946 -0.0846 -0.306833 99
2.44936 -0.05 -0.30682 99
2.45209 0.0215 -0.28762 99
2.45159 0.056 -0.287562 99
2.45149 0.0905 -0.287551 99
2.451 0.1251 -0.287492 99
2.451 0.1596 -0.287492 99
2.4506 0.1943 -0.287446 99
2.44762 0.2287 -0.287096 99
2.44623 0.2633 -0.286933 99
2.46093 -0.2143 -0.288657 99
2.4507 -0.1787 -0.287457 99
2.45199 -0.1441 -0.287609 99
2.45278 -0.1096 -0.287702 99
2.45308 -0.0751 -0.287737 99
2.4509 -0.0405 -0.287481 99
2.45451 0.0198 -0.266211 99
2.455 0.0544 -0.266265 99
2.455 0.0889 -0.266265 99
2.45451 0.1235 -0.266211 99
2.45252 0.158 -0.265996 99
2.45212 0.1926 -0.265952 99
2.44824 0.2269 -0.265532 99
2.44486 0.2613 -0.265165 99
2.45113 -0.2051 -0.265845 99
2.45272 -0.1705 -0.266017 99
2.4549 -0.136 -0.266254 99
2.4555 -0.1014 -0.266319 99
2.4547 -0.0668 -0.266233 99
2.45792 0.0112 -0.244033 99
2.45752 0.0457 -0.243993 99
2.45662 0.0802 -0.243904 99
2.45821 0.1148 -0.244062 99
2.45841 0.1494 -0.244082 99
2.45612 0.1839 -0.243855 99
2.45523 0.2185 -0.243766 99
2.45493 0.2533 -0.243736 99
2.45473 -0.2246 -0.243717 1
2.45463 -0.1899 -0.243707 99
2.45602 -0.1553 -0.243845 99
2.45692 -0.1208 -0.243934 99
2.45642 -0.0862 -0.243885 99
2.45642 -0.0517 -0.243885 99
2.46094 0.0112 -0.211409 99
2.46153 0.0458 -0.211461 99
2.46163 0.0804 -0.211469 99
2.46024 0.1149 -0.211349 99
2.45845 0.1495 -0.211195 99
2.45705 0.1841 -0.211075 99
2.45526 0.2186 -0.210921 99
2.45695 0.2536 -0.211067 99
2.45705 -0.1979 -0.211075 99
2.45854 -0.1633 -0.211204 99
2.45854 -0.1287 -0.211204 99
2.45914 -0.0941 -0.211255 99
2.46024 -0.0596 -0.211349 99
2.46266 0.0181 -0.201602 99
2.46316 0.0526 -0.201643 99
2.46326 0.0872 -0.201651 99
2.46276 0.1217 -0.20161 99
2.46087 0.1562 -0.201455 99
2.45937 0.1908 -0.201333 99
2.45947 0.2255 -0.201341 99
2.45509 -0.2186 -0.200982 99
2.45788 -0.1842 -0.201211 99
2.46027 -0.1497 -0.201406 99
2.46107 -0.1152 -0.201472 99
2.46147 -0.0807 -0.201504 99
2.46137 -0.0461 -0.201496 99
2.46322 0.0112 -0.16879 99
2.46282 0.0454 -0.168762 99
2.46392 0.0797 -0.168837 99
2.46362 0.1139 -0.168817 99
2.46382 0.1483 -0.168831 99
2.46452 0.1827 -0.168878 99
2.46272 0.217 -0.168755 99
2.46073 0.2859 -0.168619 1
2.45943 -0.2081 -0.16853 99
2.46213 -0.1739 -0.168714 99
2.46432 -0.1397 -0.168865 99
2.46502 -0.1054 -0.168913 99
2.46422 -0.0711 -0.168858 99
2.46492 -0.0368 -0.168906 99
2.46678 0.0181 -0.142665 99
2.46628 0.0528 -0.142637 99
2.46728 0.0876 -0.142694 99
2.46788 0.1224 -0.142729 99
2.46688 0.1571 -0.142671 99
2.46548 0.1919 -0.14259 99
2.46249 0.2265 -0.142417 99
2.46009 0.2613 -0.142279 1
2.46338 -0.2056 -0.142469 99
2.46298 -0.1707 -0.142446 99
2.46518 -0.1361 -0.142573 99
2.46578 -0.1013 -0.142608 99
2.46698 -0.0666 -0.142677 99
2.46826 0.025 -0.114241 99
2.46866 0.0596 -0.11426 99
2.46956 0.0942 -0.114302 99
2.46896 0.1287 -0.114274 99
2.46796 0.1633 -0.114228 99
2.46546 0.1978 -0.114112 99
2.47235 0.2332 -0.114431 99
2.49872 0.271 -0.115652 99
2.46386 -0.2051 -0.114038 99
2.46446 -0.1705 -0.114066 99
2.46566 -0.1359 -0.114121 99
2.46526 -0.1013 -0.114103 99
2.46746 -0.0669 -0.114204 99
2.47096 0.0337 -0.0953567 99
2.47226 0.0683 -0.0954068 99
2.47206 0.1029 -0.0953991 99
2.47036 0.1374 -0.0953335 99
2.46916 0.172 -0.0952872 99
2.46756 0.2066 -0.0952255 99
2.46836 0.2415 -0.0952564 99
2.46636 -0.1961 -0.0951793 99
2.46786 -0.1615 -0.0952371 99
2.46886 -0.127 -0.0952757 99
2.46946 -0.0924 -0.0952988 99
2.47046 -0.0579 -0.0953374 99
2.47289 0.006 -0.0742575 99
2.47159 0.0406 -0.0742185 99
2.47079 0.0752 -0.0741945 99
2.47049 0.1098 -0.0741855 99
2.47069 0.1444 -0.0741915 99
2.47039 0.1791 -0.0741825 99
2.46869 0.2137 -0.0741314 99
2.46839 0.2485 -0.0741224 99
2.46519 -0.2186 -0.0740264 1
2.46799 -0.1841 -0.0741104 99
2.46939 -0.1495 -0.0741524 99
2.47019 -0.1149 -0.0741764 99
2.47159 -0.0804 -0.0742185 99
2.47249 -0.0458 -0.0742455 99
2.47354 0.0065 -0.0479262 99
2.47424 0.041 -0.0479397 99
2.47334 0.0755 -0.0479223 99
2.47314 0.11 -0.0479184 99
2.47234 0.1446 -0.0479029 99
2.47204 0.1792 -0.0478971 99
2.47034 0.2137 -0.0478642 99
2.47104 0.2486 -0.0478778 99
2.46984 -0.2193 -0.0478545 99
2.46964 -0.1847 -0.0478506 99
2.47094 -0.1501 -0.0478758 99
2.47084 -0.1156 -0.0478739 99
2.47124 -0.081 -0.0478816 99
2.47314 -0.0466 -0.0479184 99
2.47273 0.0332 -0.0181264 99
2.47503 0.0679 -0.0181433 99
2.47383 0.1024 -0.0181345 99
2.47413 0.1371 -0.0181367 99
2.47293 0.1717 -0.0181279 99
2.47233 0.2064 -0.0181235 99
2.47613 0.2416 -0.0181513 99
2.46773 -0.2012 -0.0180898 99
2.46933 -0.1667 -0.0181015 99
2.47143 -0.1322 -0.0181169 99
2.47203 -0.0976 -0.0181213 99
2.47213 -0.063 -0.018122 99
2.47596 0.0052 0.0142607 99
2.47466 0.0398 0.0142532 99
2.47486 0.0744 0.0142543 99
2.47456 0.109 0.0142526 99
2.47376 0.1436 0.014248 99
2.47356 0.1783 0.0142468 99
2.47376 0.2131 0.014248 99
2.47756 0.2484 0.0142699 99
2.46986 -0.2241 0.0142255 99
2.46976 -0.1893 0.0142249 99
2.47216 -0.1548 0.0142388 99
2.47306 -0.1202 0.014244 99
2.47446 -0.0856 0.014252 99
2.47546 -0.051 0.0142578 99
2.47556 0.0285 0.0345676 99
2.47596 0.0632 0.0345732 99
2.47586 0.0978 0.0345718 99
2.47526 0.1325 0.0345634 99
2.47516 0.1672 0.034562 99
2.47456 0.202 0.0345536 99
2.47646 0.237 0.0345801 99
2.46946 -0.2259 0.0344824 99
2.47136 -0.1913 0.0345089 99
2.47276 -0.1567 0.0345285 99
2.47376 -0.122 0.0345424 99
2.47526 -0.0874 0.0345634 99
2.47516 -0.0528 0.034562 99
2.47719 0.0234 0.0592434 99
2.47759 0.058 0.059253 99
2.47759 0.0926 0.059253 99
2.47799 0.1272 0.0592626 99
2.47899 0.162 0.0592865 99
2.47949 0.1968 0.0592984 99
2.48349 0.2321 0.0593941 99
2.47189 -0.2275 0.0591167 99
2.47279 -0.1928 0.0591382 99
2.47419 -0.1582 0.0591717 99
2.47519 -0.1236 0.0591956 99
2.47669 -0.0891 0.0592315 99
2.47669 -0.0545 0.0592315 99
2.47764 0.0061 0.0821917 99
2.47634 0.0407 0.0821486 99
2.47554 0.0753 0.0821221 99
2.47624 0.11 0.0821453 99
2.47544 0.1447 0.0821187 99
2.47514 0.1795 0.0821088 99
2.47434 0.2143 0.0820823 99
2.47614 0.2494 0.082142 99
2.47324 -0.2159 0.0820458 99
2.47304 -0.1811 0.0820392 99
2.47534 -0.1465 0.0821154 99
2.47614 -0.1118 0.082142 99
2.47544 -0.0771 0.0821187 99
2.47624 -0.0424 0.0821453 99
2.47815 0.0182 0.0930354 99
2.47765 0.0529 0.0930166 99
2.47875 0.0876 0.0930579 99
2.47825 0.1223 0.0930391 99
2.47725 0.157 0.0930016 99
2.47785 0.1919 0.0930241 99
2.47885 0.2269 0.0930616 99
2.48745 0.2629 0.0933843 1
2.47306 -0.202 0.092844 99
2.47466 -0.1673 0.0929041 99
2.47476 -0.1325 0.0929078 99
2.47636 -0.0979 0.0929678 99
2.47745 -0.0632 0.0930091 99
2.47573 0.0337 0.123249 99
2.47903 0.0684 0.123413 99
2.47783 0.1031 0.123354 99
2.47713 0.1377 0.123319 99
2.47793 0.1725 0.123359 99
2.47633 0.2072 0.123279 99
2.47913 0.2424 0.123418 99
2.47244 -0.2173 0.123085 99
2.47224 -0.1825 0.123075 99
2.47354 -0.1479 0.12314 99
2.47334 -0.1133 0.12313 99
2.47474 -0.0787 0.1232 99
2.47753 -0.0441 0.123339 99
2.48147 0.0043 0.150034 99
2.48217 0.0391 0.150077 99
2.48237 0.0739 0.150089 99
2.48207 0.1087 0.150071 99
2.48137 0.1435 0.150028 99
2.48007 0.1783 0.14995 99
2.48137 0.2133 0.150028 99
2.48706 0.2489 0.150372 99
2.47448 -0.2228 0.149612 99
2.47438 -0.1879 0.149606 99
2.47578 -0.1531 0.14969 99
2.47768 -0.1185 0.149805 99
2.47708 -0.0837 0.149769 99
2.47698 -0.049 0.149763 99
2.47736 0.0052 0.181491 99
2.47906 0.0394 0.181616 99
2.47926 0.0736 0.18163 99
2.47926 0.142 0.18163 99
2.47816 0.1762 0.18155 99
2.47846 0.2106 0.181572 99
2.48524 0.2457 0.182069 99
2.47188 -0.2057 0.181089 99
2.47247 -0.1715 0.181133 99
2.47357 -0.1374 0.181214 99
2.47527 -0.1033 0.181338 99
2.47537 -0.0691 0.181345 99
2.47616 -0.035 0.181404 99
2.47775 0.0313 0.211982 99
2.47904 0.0661 0.212093 99
2.47994 0.1009 0.21217 99
2.48124 0.1359 0.212281 99
2.48403 0.171 0.212519 99
2.48343 0.206 0.212468 99
2.48721 0.2415 0.212792 1
2.47346 -0.2288 0.211616 99
2.47237 -0.1938 0.211522 99
2.47386 -0.159 0.21165 99
2.47586 -0.1243 0.21182 99
2.47735 -0.0895 0.211948 99
2.47934 -0.0548 0.212119 99
2.47764 0.0096 0.226791 99
2.47924 0.0444 0.226937 99
2.47933 0.0793 0.226946 99
2.47804 0.1141 0.226828 99
2.48013 0.1492 0.227019 99
2.48282 0.1844 0.227265 99
2.48103 0.2193 0.227101 99
2.48362 0.2548 0.227338 99
2.47376 -0.1981 0.226436 99
2.47525 -0.1632 0.226572 99
2.47635 -0.1284 0.226673 99
2.47585 -0.0935 0.226627 99
2.47595 -0.0587 0.226636 99
2.47882 0.0313 0.263597 99
2.48211 0.0663 0.263946 99
2.48588 0.1014 0.264348 99
2.48728 0.1365 0.264496 99
2.48807 0.1717 0.264581 99
2.48648 0.2067 0.264411 99
2.48728 0.2421 0.264496 99
2.47713 -0.2227 0.263417 99
2.47604 -0.1875 0.263301 99
2.47634 -0.1525 0.263333 99
2.47524 -0.1176 0.263217 99
2.47763 -0.0828 0.26347 99
2.47753 -0.0479 0.26346 99
2.47493 0.0222 0.2903 99
2.47732 0.0571 0.290579 99
2.4793 0.0921 0.290812 99
2.48278 0.1272 0.29122 99
2.48367 0.1623 0.291325 99
2.48417 0.1975 0.291383 99
2.48119 0.2325 0.291034 99
2.48069 0.2677 0.290976 1
2.47394 -0.2015 0.290183 99
2.47245 -0.1664 0.290009 99
2.47156 -0.1314 0.289904 99
2.47314 -0.0966 0.29009 99
2.47324 -0.0618 0.290102 99
2.48524 0.0013 0.321894 99
2.48395 0.0363 0.321727 99
2.48227 0.0712 0.321509 99
2.48296 0.1062 0.321599 99
2.48326 0.1412 0.321637 99
2.48405 0.1764 0.32174 99
2.48236 0.2114 0.321522 99
2.48316 0.2467 0.321625 99
2.47899 -0.216 0.321085 99
2.47582 -0.1806 0.320674 99
2.47711 -0.1457 0.320841 99
2.47681 -0.1107 0.320802 99
2.48108 -0.076 0.321355 99
2.48395 -0.0411 0.321727 99
2.48329 0.0074 0.336636 99
2.4819 0.0425 0.336448 99
2.48111 0.0775 0.336341 99
2.4818 0.1126 0.336435 99
2.4819 0.1478 0.336448 99
2.48259 0.183 0.336542 99
2.4818 0.2182 0.336435 99
2.4815 0.2536 0.336394 1
2.47506 -0.204 0.335521 99
2.47665 -0.1689 0.335736 99
2.47873 -0.1339 0.336018 99
2.48031 -0.0989 0.336233 99
2.47952 -0.0638 0.336126 99
2.47865 0.0236 0.381943 99
2.47904 0.0587 0.382004 99
2.47993 0.0938 0.382141 99
2.48141 0.129 0.382369 99
2.48329 0.1643 0.382659 99
2.48181 0.1995 0.38243 99
2.48369 0.235 0.38272 99
2.47163 -0.2145 0.380862 99
2.47242 -0.1794 0.380983 99
2.47459 -0.1444 0.381318 99
2.47538 -0.1094 0.38144 99
2.47766 -0.0744 0.381791 99
2.47944 -0.0394 0.382065 99
2.47732 0.0236 0.396803 99
2.47673 0.0587 0.396708 99
2.47663 0.0937 0.396692 99
2.47811 0.1289 0.396929 99
2.47999 0.1642 0.39723 99
2.47851 0.1993 0.396993 99
2.48038 0.2348 0.397293 99
2.46597 -0.2194 0.394984 99
2.46972 -0.1846 0.395585 99
2.47298 -0.1497 0.396107 99
2.47387 -0.1147 0.396249 99
2.47614 -0.0797 0.396613 99
2.47801 -0.0447 0.396913 99
2.47631 0.0197 0.427287 99
2.47581 0.0548 0.427202 99
2.47483 0.0898 0.427032 99
2.47631 0.125 0.427287 99
2.47729 0.1602 0.427457 99
2.4768 0.1955 0.427372 99
2.47778 0.2309 0.427542 99
2.46921 -0.2041 0.426063 99
2.47079 -0.1691 0.426335 99
2.47286 -0.1341 0.426692 99
2.47345 -0.099 0.426794 99
2.47463 -0.064 0.426998 99
2.47634 0.0026 0.433526 99
2.47703 0.0377 0.433647 99
2.47722 0.0728 0.433682 99
2.47703 0.1079 0.433647 99
2.47722 0.143 0.433682 99
2.47604 0.1781 0.433475 99
2.47821 0.2136 0.433854 99
2.46974 -0.1971 0.432371 99
2.47122 -0.162 0.43263 99
2.47122 -0.1269 0.43263 99
2.47368 -0.092 0.433061 99
2.47476 -0.057 0.433251 99
