2.49647 0.0167 -0.342861 99
2.49508 0.0519 -0.342671 99
2.49508 0.087 -0.342671 99
2.49359 0.1222 -0.342467 99
2.49171 0.1573 -0.342208 99
2.49022 0.1925 -0.342004 99
2.49231 0.228 -0.34229 99
2.49181 0.2634 -0.342222 99
2.49488 0.2993 -0.342643 99
2.504 -0.1665 -0.343895 20
2.49617 -0.1307 -0.34282 99
2.49577 -0.0954 -0.342766 99
2.49389 -0.0602 -0.342507 99
2.4998 0.0066 -0.318458 99
2.4995 0.0418 -0.31842 99
2.49861 0.0769 -0.318306 99
2.49831 0.1121 -0.318268 99
2.49851 0.1474 -0.318293 99
2.4992 0.1827 -0.318382 99
2.50039 0.2182 -0.318534 99
2.50109 0.2537 -0.318622 99
2.50714 0.29 -0.319393 99
2.49652 -0.1781 -0.318041 63
2.49583 -0.1428 -0.317952 99
2.49553 -0.1076 -0.317914 99
2.49682 -0.0725 -0.318079 99
2.49851 -0.0373 -0.318293 99
2.53122 0.0351 -0.290186 99
2.52943 0.0706 -0.289981 99
2.52824 0.1062 -0.289845 97
2.52953 0.1418 -0.289993 99
2.52824 0.1774 -0.289845 99
2.52655 0.2129 -0.289651 99
2.52735 0.2488 -0.289742 99
2.53748 0.2858 -0.290904 99
2.53211 -0.1928 -0.290289 12
2.53162 -0.1571 -0.290232 99
2.53251 -0.1215 -0.290334 99
2.53301 -0.0859 -0.290391 99
2.53291 -0.0503 -0.29038 96
2.53351 0.0249 -0.279702 99
2.5339 0.0605 -0.279746 99
2.53381 0.0962 -0.279735 99
2.53321 0.1318 -0.279669 99
2.53212 0.1675 -0.279548 99
2.52953 0.203 -0.279263 99
2.53738 0.2396 -0.28013 99
2.53778 0.2757 -0.280174 99
2.53758 0.3118 -0.280152 99
2.53311 -0.1827 -0.279658 29
2.54037 -0.1474 -0.280459 99
2.54116 -0.1117 -0.280547 99
2.54842 -0.0761 -0.281348 99
2.54225 -0.0402 -0.280667 98
2.5645 0.0355 -0.241061 97
2.58162 0.072 -0.242671 99
2.57236 0.108 -0.241801 99
2.56171 0.1436 -0.240799 99
2.56041 0.1796 -0.240678 99
2.56659 0.2163 -0.241258 99
2.56828 0.2529 -0.241417 99
2.57346 0.2899 -0.241904 99
2.57017 -0.1532 -0.241595 99
2.56708 -0.1168 -0.241305 99
2.56539 -0.0807 -0.241146 99
2.56728 -0.0446 -0.241323 95
2.58258 0.0281 -0.230034 96
2.576 0.0636 -0.229449 96
2.57789 0.0992 -0.229617 99
2.5773 0.1348 -0.229564 99
2.57421 0.1703 -0.229289 99
2.57461 0.2061 -0.229325 99
2.57451 0.2419 -0.229316 99
2.57889 0.2782 -0.229706 99
2.56106 -0.1865 -0.228118 1
2.57242 -0.1517 -0.229129 99
2.58218 -0.1165 -0.229999 99
2.57451 -0.0806 -0.229316 99
2.56644 -0.0449 -0.228597 98
2.60052 0.0178 -0.195991 99
2.60202 0.0544 -0.196104 99
2.609 0.0912 -0.19663 99
2.61339 0.1651 -0.19696 98
2.60481 0.2014 -0.196314 94
2.59584 0.2375 -0.195638 94
2.59624 0.2744 -0.195668 99
2.60402 0.3123 -0.196254 99
2.59594 -0.1998 -0.195645 1
2.60052 -0.1634 -0.195991 99
2.60252 -0.1268 -0.196141 99
2.60202 -0.0901 -0.196104 99
2.60212 -0.0535 -0.196111 96
2.62162 0.0289 -0.180103 94
2.62402 0.0657 -0.180268 98
2.62182 0.1025 -0.180117 99
2.62112 0.1393 -0.180069 99
2.62092 0.1762 -0.180055 99
2.62621 0.2136 -0.180419 96
2.62392 0.2505 -0.180261 99
2.61524 0.2867 -0.179665 99
2.6316 -0.1946 -0.180789 1
2.61713 -0.1566 -0.179795 99
2.61214 -0.1196 -0.179452 99
2.61853 -0.0831 -0.179891 96
2.61144 -0.0462 -0.179404 99
2.65203 0.0162 -0.12553 97
2.66851 0.0537 -0.126311 95
2.65852 0.0907 -0.125838 98
2.64993 0.1275 -0.125431 99
2.64893 0.1646 -0.125384 96
2.64734 0.2017 -0.125308 98
2.64434 0.2388 -0.125166 99
2.64174 0.2758 -0.125044 99
2.6758 -0.1964 -0.126656 52
2.66232 -0.158 -0.126017 99
2.65832 -0.1205 -0.125828 94
2.66871 -0.0835 -0.12632 93
2.66661 -0.0462 -0.126221 93
2.66592 0.0247 -0.126188 99
2.66532 0.062 -0.126159 93
2.66621 0.0993 -0.126202 97
2.66651 0.1367 -0.126216 98
2.66731 0.1742 -0.126254 97
2.67061 0.2119 -0.12641 95
2.66941 0.2494 -0.126353 99
2.67261 0.2875 -0.126504 99
2.64923 -0.1907 -0.125398 1
2.65363 -0.1537 -0.125606 99
2.65543 -0.1166 -0.125691 97
2.65483 -0.0794 -0.125663 98
2.65573 -0.0422 -0.125705 92
2.66736 0.0331 -0.0875535 97
2.66666 0.0704 -0.0875305 89
2.66536 0.1077 -0.0874879 98
2.66566 0.145 -0.0874977 97
2.66936 0.1827 -0.0876191 97
2.67246 0.2205 -0.0877208 99
2.66916 0.2579 -0.0876125 99
2.66826 0.2955 -0.087583 98
2.66896 -0.1738 -0.0876059 94
2.66806 -0.1363 -0.0875764 99
2.66976 -0.099 -0.0876322 92
2.66886 -0.0616 -0.0876027 97
2.70106 0.0165 -0.0674276 99
2.69966 0.0543 -0.0673926 93
2.69956 0.092 -0.0673902 94
2.70006 0.1299 -0.0674026 97
2.70096 0.1678 -0.0674251 99
2.70436 0.206 -0.0675099 99
2.70316 0.244 -0.06748 97
2.70646 0.2825 -0.0675623 94
2.68396 -0.1498 -0.0670008 95
2.68686 -0.1123 -0.0670732 93
2.68916 -0.0747 -0.0671306 92
2.70058 0.0321 -0.0344097 93
2.70088 0.0699 -0.0344135 95
2.69968 0.1076 -0.0343982 94
2.69988 0.1455 -0.0344008 97
2.69958 0.1834 -0.034397 91
2.69868 0.2213 -0.0343855 98
2.70038 0.2595 -0.0344072 92
2.70738 0.2985 -0.0344963 96
2.71288 -0.1638 -0.0345664 96
2.70388 -0.1254 -0.0344517 99
2.70038 -0.0874 -0.0344072 95
2.70228 -0.0496 -0.0344314 95
2.73873 0.0167 -0.0305932 98
2.74823 0.055 -0.0306993 97
2.75123 0.0934 -0.0307328 97
2.74763 0.1698 -0.0306926 95
2.74593 0.2081 -0.0306736 93
2.74583 0.2465 -0.0306725 94
2.74313 0.2848 -0.0306423 97
2.74283 0.3234 -0.030639 99
2.74863 -0.1689 -0.0307038 98
2.73773 -0.1301 -0.030582 97
2.73533 -0.0919 -0.0305552 94
2.73633 -0.0538 -0.0305664 86
2.74788 0.0225 0.0115103 98
2.74728 0.0604 0.0115078 91
2.74218 0.098 0.0114865 92
2.74258 0.1359 0.0114881 94
2.74648 0.174 0.0115045 92
2.74778 0.2121 0.0115099 85
2.74458 0.2499 0.0114965 94
2.74188 0.2878 0.0114852 95
2.74918 -0.1439 0.0115158 93
2.73898 -0.1056 0.0114731 96
2.73718 -0.0678 0.0114655 92
2.78172 0.0083 0.0393283 97
2.78132 0.0471 0.0393226 95
2.78142 0.0861 0.039324 96
2.78192 0.125 0.0393311 94
2.78092 0.164 0.039317 94
2.78032 0.203 0.0393085 99
2.78022 0.2421 0.0393071 96
2.77652 0.2809 0.0392548 97
2.77232 0.3197 0.0391954 91
2.77882 -0.1658 0.0392873 80
2.77482 -0.1266 0.0392307 95
2.77632 -0.0878 0.0392519 96
2.77732 -0.049 0.0392661 90
2.78023 0.0097 0.0655197 95
2.78183 0.0485 0.0655574 96
2.78283 0.0874 0.065581 94
2.78233 0.1262 0.0655692 99
2.78033 0.165 0.0655221 94
2.77673 0.2037 0.0654372 94
2.77563 0.2426 0.0654113 97
2.78693 0.2828 0.0656776 94
2.82542 0.3266 0.0665846 89
2.78223 -0.1676 0.0655668 88
2.77823 -0.1285 0.0654726 93
2.77583 -0.0896 0.065416 86
2.77773 -0.0509 0.0654608 92
2.82309 0.0261 0.0675159 92
2.82339 0.0656 0.067523 95
2.82319 0.105 0.0675183 99
2.82149 0.1444 0.0674776 99
2.82119 0.1839 0.0674704 98
2.82139 0.2236 0.0674752 99
2.82389 0.2635 0.067535 97
2.81579 -0.1747 0.0673413 99
2.81899 -0.1354 0.0674178 94
2.82159 -0.0961 0.06748 96
2.82159 -0.0566 0.06748 96
2.81721 0.0054 0.125465 88
2.8248 0.0446 0.125803 88
2.84198 0.0842 0.126569 94
2.84448 0.1237 0.12668 99
2.83449 0.1627 0.126235 95
2.83099 0.2018 0.126079 97
2.83289 0.2415 0.126164 99
2.84898 0.3225 0.12688 94
2.81471 -0.1921 0.125354 1
2.826 -0.1536 0.125857 96
2.83589 -0.1148 0.126297 93
2.8292 -0.0753 0.125999 99
2.85749 0.022 0.158758 94
2.87586 0.0617 0.159779 85
2.86778 0.101 0.15933 89
2.86818 0.1405 0.159352 99
2.87786 0.1807 0.15989 94
2.87017 0.2199 0.159463 91
2.86688 0.2593 0.15928 82
2.88515 -0.1604 0.160295 80
2.86908 -0.1199 0.159402 87
2.87047 -0.0805 0.159479 81
2.86728 -0.0409 0.159302 90
2.88107 0.0192 0.198433 81
2.88058 0.0597 0.198398 88
2.86651 0.0998 0.19743 84
2.86082 0.14 0.197038 90
2.86252 0.1805 0.197155 98
2.86172 0.2209 0.1971 92
2.85933 0.2613 0.196935 84
2.86132 0.3022 0.197072 91
2.85314 -0.1531 0.196509 86
2.85903 -0.1131 0.196914 85
2.86531 -0.0729 0.197347 88
