1.2506 -0.2459 -0.261264 100
1.25667 -0.2285 -0.262532 100
1.27223 -0.2127 -0.265784 100
1.28564 -0.1962 -0.268585 100
1.25448 -0.2382 -0.254315 100
1.26154 -0.221 -0.255746 100
1.27604 -0.2048 -0.258686 100
1.29231 -0.1885 -0.261984 100
1.30937 -0.172 -0.265442 100
1.32524 -0.1549 -0.26866 100
1.25316 -0.246 -0.232259 100
1.25837 -0.2285 -0.233225 100
1.274 -0.2127 -0.236123 100
1.29033 -0.1967 -0.239148 100
1.30655 -0.1802 -0.242155 100
1.32258 -0.1633 -0.245125 100
1.33939 -0.1461 -0.248241 100
1.35591 -0.1285 -0.251303 100
1.37223 -0.1104 -0.254328 100
1.38836 -0.0918 -0.257317 100
1.40419 -0.0729 -0.260251 100
1.4208 -0.0535 -0.26333 100
1.43811 -0.0337 -0.266538 100
1.46354 0.0156 -0.262541 100
1.50153 0.0373 -0.269357 100
1.25841 -0.2352 -0.225744 100
1.2654 -0.218 -0.226998 100
1.28095 -0.202 -0.229787 100
1.29631 -0.1857 -0.232542 100
1.31334 -0.1691 -0.235597 100
1.33027 -0.1521 -0.238634 100
1.34493 -0.1345 -0.241264 100
1.36235 -0.1168 -0.24439 100
1.3785 -0.0985 -0.247285 100
1.39552 -0.0798 -0.25034 100
1.41314 -0.0607 -0.253501 100
1.43056 -0.0411 -0.256626 100
1.44868 -0.0211 -0.259875 100
1.47432 0.0047 -0.247776 100
1.49286 0.0259 -0.250891 100
1.51111 0.0476 -0.253957 100
1.5329 0.0701 -0.25762 100
1.54365 0.0925 -0.259427 100
1.5756 0.1168 -0.264797 100
1.26802 -0.2287 -0.213104 100
1.27591 -0.2115 -0.214429 100
1.29238 -0.1955 -0.217197 100
1.30766 -0.1789 -0.219766 100
1.32275 -0.1619 -0.222302 100
1.33951 -0.1447 -0.225119 100
1.35608 -0.1271 -0.227904 100
1.37147 -0.109 -0.230489 100
1.38961 -0.0907 -0.233539 100
1.40845 -0.0719 -0.236704 100
1.42502 -0.0525 -0.239489 100
1.4404 -0.0326 -0.242074 100
1.47312 0.0039 -0.242817 100
1.49069 0.0251 -0.245712 100
1.50993 0.0468 -0.248884 100
1.52986 0.0691 -0.252169 100
1.54051 0.0915 -0.253925 100
1.57159 0.1157 -0.259048 100
1.25201 -0.238 -0.20637 100
1.27164 -0.2231 -0.209607 100
1.28141 -0.2062 -0.211217 100
1.2969 -0.1899 -0.21377 100
1.31209 -0.1732 -0.216275 100
1.32808 -0.1562 -0.21891 100
1.34288 -0.1386 -0.221349 100
1.36034 -0.121 -0.224228 100
1.37761 -0.1029 -0.227074 100
1.39369 -0.0843 -0.229725 100
1.40948 -0.0652 -0.232327 100
1.42507 -0.0457 -0.234897 100
1.44234 -0.0258 -0.237743 100
1.4709 0.0171 -0.224291 100
1.50807 0.0389 -0.229959 100
1.52715 0.061 -0.232868 100
1.53703 0.0831 -0.234376 100
1.56926 0.1071 -0.23929 100
1.2631 -0.2395 -0.192605 100
1.26923 -0.2222 -0.193539 100
1.28584 -0.2064 -0.196072 100
1.30225 -0.1903 -0.198574 100
1.31658 -0.1734 -0.20076 100
1.3326 -0.1564 -0.203202 100
1.34831 -0.139 -0.205599 100
1.36393 -0.1212 -0.20798 100
1.38025 -0.103 -0.210468 100
1.39735 -0.0845 -0.213076 100
1.41415 -0.0654 -0.215638 100
1.43175 -0.046 -0.218321 100
1.45103 -0.0261 -0.221261 100
1.46854 0.015 -0.212929 100
1.50585 0.0367 -0.218338 100
1.52792 0.0588 -0.221538 100
1.53782 0.0809 -0.222973 100
1.57008 0.1049 -0.227651 100
1.25092 -0.2524 -0.181375 46
1.26507 -0.2368 -0.183427 100
1.2721 -0.2196 -0.184445 100
1.28961 -0.2039 -0.186985 100
1.30604 -0.1877 -0.189367 100
1.32029 -0.1707 -0.191434 100
1.33534 -0.1535 -0.193615 100
1.35107 -0.1361 -0.195896 100
1.3676 -0.1183 -0.198292 100
1.38393 -0.1 -0.20066 100
1.40105 -0.0814 -0.203143 100
1.41975 -0.0624 -0.205855 100
1.43638 -0.0428 -0.208265 100
1.4536 -0.0228 -0.210762 100
1.47779 0.0151 -0.189571 100
1.51618 0.0368 -0.194496 100
1.53532 0.0589 -0.196951 100
1.54623 0.0812 -0.198351 100
1.57856 0.1052 -0.202499 100
1.25432 -0.2546 -0.160905 37
1.2695 -0.2391 -0.162852 100
1.27555 -0.2217 -0.163628 100
1.2932 -0.2061 -0.165893 100
1.30868 -0.1897 -0.167877 100
1.32207 -0.1727 -0.169595 100
1.33714 -0.1555 -0.171529 100
1.3549 -0.1383 -0.173807 100
1.37156 -0.1205 -0.175944 100
1.38793 -0.1023 -0.178044 100
1.40499 -0.0837 -0.180232 100
1.42284 -0.0646 -0.182523 100
1.4395 -0.0451 -0.18466 100
1.45686 -0.0251 -0.186887 100
1.48041 0.013 -0.176528 100
1.50097 0.0343 -0.178979 100
1.5242 0.0564 -0.18175 100
1.54605 0.079 -0.184355 100
1.55469 0.1014 -0.185385 100
1.5809 0.1255 -0.188511 100
1.2557 -0.2442 -0.149734 33
1.27368 -0.2291 -0.151877 100
1.28063 -0.2118 -0.152706 100
1.29721 -0.1958 -0.154683 100
1.31161 -0.1791 -0.1564 100
1.32481 -0.1619 -0.157975 100
1.3408 -0.1448 -0.159881 100
1.35748 -0.1273 -0.16187 100
1.37595 -0.1095 -0.164072 100
1.39412 -0.0912 -0.166239 100
1.41021 -0.0723 -0.168157 100
1.4259 -0.053 -0.170028 100
1.44238 -0.0333 -0.171994 100
1.4784 0.0179 -0.158778 100
1.51678 0.0396 -0.1629 100
1.53696 0.0617 -0.165068 100
1.54879 0.0839 -0.166339 100
1.58518 0.1082 -0.170247 100
1.25309 -0.2557 -0.134581 10
1.26731 -0.2402 -0.136108 100
1.27437 -0.2231 -0.136866 100
1.28919 -0.2071 -0.138457 100
1.30569 -0.1911 -0.14023 100
1.321 -0.1744 -0.141874 100
1.33711 -0.1576 -0.143604 100
1.35401 -0.1404 -0.145419 100
1.37062 -0.1227 -0.147203 100
1.38712 -0.1046 -0.148975 100
1.40432 -0.0862 -0.150823 100
1.42123 -0.0672 -0.152638 100
1.43992 -0.0479 -0.154646 100
1.45831 -0.0281 -0.156621 100
1.4752 0.0047 -0.151926 100
1.49688 0.0257 -0.15416 100
1.51628 0.0473 -0.156157 100
1.53627 0.0695 -0.158217 100
1.54712 0.0918 -0.159333 100
1.58044 0.116 -0.162765 100
1.25735 -0.2367 -0.129491 100
1.27724 -0.222 -0.13154 100
1.28699 -0.2052 -0.132544 100
1.30152 -0.1888 -0.134039 100
1.31783 -0.1723 -0.13572 100
1.33295 -0.1554 -0.137277 100
1.34787 -0.138 -0.138813 100
1.36448 -0.1204 -0.140524 100
1.38189 -0.1024 -0.142317 100
1.40009 -0.084 -0.144192 100
1.418 -0.0652 -0.146036 100
1.43272 -0.0457 -0.147552 100
1.44814 -0.0259 -0.14914 100
1.49225 0.0131 -0.13003 100
1.51486 0.0345 -0.132 100
1.53518 0.0564 -0.133771 100
1.55511 0.079 -0.135507 100
1.56477 0.1015 -0.136349 100
1.59506 0.1259 -0.138988 100
1.2661 -0.2325 -0.110324 100
1.28692 -0.2178 -0.112139 100
1.29669 -0.2008 -0.112989 100
1.31223 -0.1844 -0.114343 100
1.32747 -0.1677 -0.115672 100
1.34251 -0.1505 -0.116982 100
1.35935 -0.1332 -0.11845 100
1.37599 -0.1154 -0.119899 100
1.39332 -0.0972 -0.12141 100
1.41046 -0.0786 -0.122903 100
1.42739 -0.0595 -0.124379 100
1.44592 -0.04 -0.125993 100
1.4898 0 -0.124578 100
1.50963 0.0212 -0.126237 100
1.53106 0.0429 -0.128028 100
1.55119 0.0653 -0.129711 100
1.56205 0.0877 -0.13062 100
1.59653 0.1121 -0.133503 100
1.26289 -0.2465 -0.105604 100
1.28083 -0.2314 -0.107104 100
1.2899 -0.2144 -0.107862 100
1.30554 -0.1982 -0.109171 100
1.32099 -0.1817 -0.110462 100
1.33624 -0.1647 -0.111737 100
1.35228 -0.1475 -0.113079 100
1.37012 -0.13 -0.11457 100
1.38666 -0.112 -0.115954 100
1.404 -0.0936 -0.117404 100
1.42204 -0.0748 -0.118912 100
1.43689 -0.0554 -0.120154 100
1.45353 -0.0357 -0.121545 100
1.48139 0.0171 -0.10203 100
1.52389 0.039 -0.104957 100
1.54215 0.0611 -0.106215 100
1.55312 0.0834 -0.106971 100
1.58564 0.1074 -0.109211 100
1.2668 -0.2384 -0.0872502 100
1.28575 -0.2233 -0.0885558 100
1.29463 -0.2062 -0.0891673 100
1.3102 -0.1899 -0.0902392 100
1.32566 -0.1732 -0.0913042 100
1.34282 -0.1563 -0.0924861 100
1.36068 -0.1391 -0.093716 100
1.37744 -0.1213 -0.0948704 100
1.3939 -0.103 -0.0960041 100
1.41116 -0.0844 -0.0971928 100
1.42812 -0.0654 -0.0983609 100
1.44388 -0.0458 -0.0994466 100
1.46034 -0.0258 -0.10058 100
1.476 0.0062 -0.0941553 100
1.51871 0.0274 -0.09688 100
1.54107 0.0492 -0.098306 100
1.55224 0.0711 -0.099019 100
1.58448 0.1166 -0.101075 100
1.26084 -0.2504 -0.0804299 33
1.2779 -0.2354 -0.0815185 100
1.28698 -0.2187 -0.0820978 100
1.30365 -0.203 -0.0831609 100
1.32022 -0.1869 -0.0842177 100
1.33449 -0.1701 -0.0851281 100
1.34966 -0.1531 -0.0860957 100
1.36752 -0.1359 -0.0872353 100
1.38319 -0.1182 -0.0882348 100
1.39956 -0.1001 -0.0892788 100
1.41682 -0.0816 -0.0903801 100
1.43468 -0.0627 -0.0915197 100
1.45145 -0.0433 -0.0925892 100
1.47081 -0.0235 -0.0938242 100
1.49724 0.0037 -0.0727032 100
1.51801 0.025 -0.073712 100
1.53849 0.0469 -0.0747063 100
1.55966 0.0694 -0.0757345 100
1.56845 0.0918 -0.0761613 100
1.59692 0.116 -0.0775436 100
1.26611 -0.2501 -0.06148 52
1.28319 -0.2348 -0.0623094 100
1.29128 -0.2177 -0.0627022 100
1.30806 -0.2017 -0.0635171 100
1.32354 -0.1852 -0.0642688 100
1.33792 -0.1681 -0.0649672 100
1.35301 -0.1508 -0.0656996 100
1.37188 -0.1335 -0.0666163 100
1.38856 -0.1155 -0.0674262 100
1.40704 -0.0972 -0.0683235 100
1.42512 -0.0784 -0.0692014 100
1.4411 -0.059 -0.0699774 100
1.45578 -0.0392 -0.0706904 100
1.48037 0.0147 -0.0672234 100
1.52403 0.0365 -0.0692058 100
1.54431 0.0587 -0.0701266 100
1.5553 0.0809 -0.0706256 100
1.58786 0.105 -0.0721045 100
1.27079 -0.2368 -0.0577063 100
1.29277 -0.2222 -0.0587042 100
1.30266 -0.2052 -0.0591533 100
1.31924 -0.1889 -0.0599064 100
1.33263 -0.1718 -0.0605142 100
1.34681 -0.1545 -0.0611584 100
1.36369 -0.1371 -0.061925 100
1.38148 -0.1193 -0.0627325 100
1.39796 -0.101 -0.063481 100
1.41414 -0.0823 -0.0642158 100
1.43113 -0.0632 -0.064987 100
1.4508 -0.0437 -0.0658807 100
1.46929 -0.0237 -0.0667199 100
1.49812 0.0149 -0.048389 100
1.52081 0.0364 -0.0491218 100
1.5411 0.0585 -0.0497771 100
1.56209 0.0811 -0.0504551 100
1.57178 0.1037 -0.0507682 100
1.60206 0.1282 -0.0517464 100
1.27324 -0.2326 -0.0411253 100
1.29712 -0.2183 -0.0418969 100
1.30592 -0.201 -0.0421809 100
1.32151 -0.1845 -0.0426846 100
1.3358 -0.1675 -0.0431462 100
1.351 -0.1503 -0.0436369 100
1.36789 -0.1328 -0.0441825 100
1.38548 -0.115 -0.0447507 100
1.40297 -0.0967 -0.0453156 100
1.41916 -0.0779 -0.0458386 100
1.43605 -0.0587 -0.0463842 100
1.45374 -0.0391 -0.0469556 100
1.49547 0.0023 -0.0399437 100
1.51526 0.0236 -0.0404724 100
1.53675 0.0454 -0.0410465 100
1.55894 0.0678 -0.0416392 100
1.56884 0.0902 -0.0419035 100
1.59933 0.1144 -0.0427179 100
1.26865 -0.2474 -0.0338854 100
1.28774 -0.2325 -0.0343954 100
1.29774 -0.2157 -0.0346624 100
1.31253 -0.1993 -0.0350576 100
1.32803 -0.1827 -0.0354714 100
1.34432 -0.1659 -0.0359066 100
1.36141 -0.1487 -0.0363632 100
1.37731 -0.131 -0.0367878 100
1.3939 -0.113 -0.037231 100
1.4113 -0.0945 -0.0376956 100
1.42749 -0.0756 -0.0381281 100
1.44339 -0.0562 -0.0385527 100
1.46098 -0.0365 -0.0390226 100
1.50379 0.0173 -0.0183731 100
1.54438 0.0394 -0.0188692 100
1.56668 0.0619 -0.0191416 100
1.57558 0.0843 -0.0192503 100
1.60718 0.1085 -0.0196364 100
1.2742 -0.2308 -0.0155681 100
1.295 -0.216 -0.0158222 100
1.3038 -0.1987 -0.0159297 100
1.3194 -0.1823 -0.0161203 100
1.3347 -0.1654 -0.0163073 100
1.3508 -0.1483 -0.0165039 100
1.3667 -0.1307 -0.0166982 100
1.3823 -0.1128 -0.0168888 100
1.3997 -0.0945 -0.0171014 100
1.41689 -0.0758 -0.0173115 100
1.43479 -0.0567 -0.0175302 100
1.45339 -0.0371 -0.0177574 100
1.50388 0.0205 -0.00866179 100
1.54337 0.0425 -0.0088893 100
1.56567 0.065 -0.00901774 100
1.57557 0.0874 -0.00907476 100
1.60807 0.1117 -0.00926194 100
1.26998 -0.2478 -0.00731463 100
1.29008 -0.2331 -0.0074304 100
1.30008 -0.2163 -0.007488 100
1.31488 -0.1999 -0.00757324 100
1.33138 -0.1835 -0.00766827 100
1.34968 -0.1669 -0.00777367 100
1.36578 -0.1496 -0.0078664 100
1.38168 -0.1319 -0.00795798 100
1.39838 -0.1138 -0.00805416 100
1.41578 -0.0954 -0.00815438 100
1.43298 -0.0765 -0.00825344 100
1.45088 -0.0572 -0.00835654 100
1.47048 -0.0374 -0.00846943 100
1.50494 0.0058 0.0139214 100
1.52373 0.0272 0.0140953 100
1.54313 0.0491 0.0142748 100
1.56533 0.0718 0.0144801 100
1.57313 0.0942 0.0145523 100
1.60153 0.1184 0.014815 100
1.26995 -0.2478 0.0117476 21
1.28904 -0.2329 0.0119243 100
1.29714 -0.2156 0.0119992 100
1.31384 -0.1996 0.0121537 100
1.32844 -0.1828 0.0122888 100
1.34474 -0.1659 0.0124396 100
1.36184 -0.1487 0.0125977 100
1.37774 -0.131 0.0127448 100
1.39434 -0.1129 0.0128984 100
1.41274 -0.0945 0.0130686 100
1.42894 -0.0755 0.0132184 100
1.44484 -0.0561 0.0133655 100
1.46244 -0.0363 0.0135283 100
1.49485 0.0047 0.0208735 100
1.51565 0.0259 0.0211639 100
1.53715 0.0478 0.0214641 100
1.55825 0.0703 0.0217587 100
1.56815 0.0927 0.0218969 100
1.60254 0.1172 0.0223772 100
1.27208 -0.2419 0.0177627 30
1.29007 -0.2267 0.018014 100
1.29907 -0.2096 0.0181397 100
1.31477 -0.1934 0.0183589 100
1.33117 -0.1768 0.0185879 100
1.34647 -0.1597 0.0188015 100
1.36247 -0.1423 0.0190249 100
1.38027 -0.1247 0.0192734 100
1.39676 -0.1066 0.0195038 100
1.41316 -0.088 0.0197327 100
1.42916 -0.0689 0.0199561 100
1.44506 -0.0495 0.0201781 100
1.46156 -0.0296 0.0204085 100
1.50433 0.0189 0.0414942 100
1.54491 0.041 0.0426136 100
1.5671 0.0636 0.0432257 100
1.5761 0.086 0.0434739 100
1.60959 0.1104 0.0443976 100
1.27322 -0.2446 0.0351194 100
1.29721 -0.2305 0.0357811 100
1.3072 -0.2134 0.0360568 100
1.3239 -0.1972 0.0365173 100
1.33839 -0.1803 0.0369171 100
1.35269 -0.163 0.0373114 100
1.36978 -0.1456 0.0377829 100
1.38857 -0.128 0.0383012 100
1.40617 -0.1098 0.0387865 100
1.42356 -0.0912 0.0392663 100
1.43965 -0.072 0.0397102 100
1.45555 -0.0524 0.0401486 100
1.47504 -0.0325 0.0406863 100
1.49636 0.0089 0.0700431 100
1.53901 0.0307 0.0720397 100
1.56239 0.0531 0.0731338 100
1.57148 0.0755 0.0735593 100
1.60314 0.0995 0.0750415 100
1.2782 -0.2404 0.0598312 100
1.30207 -0.2261 0.0609488 100
1.31306 -0.209 0.0614631 100
1.32675 -0.1922 0.0621037 100
1.34213 -0.1752 0.0628237 100
1.35931 -0.1581 0.063628 100
1.37539 -0.1405 0.0643808 100
1.39008 -0.1223 0.0650681 100
1.40766 -0.104 0.065891 100
1.42494 -0.0852 0.0667 100
1.44092 -0.0659 0.0674481 100
1.4587 -0.0463 0.0682804 100
1.47718 -0.0261 0.0691454 100
1.50753 0.0206 0.084548 100
1.54797 0.0428 0.0868158 100
1.57013 0.0655 0.0880589 100
1.58002 0.0881 0.0886133 100
1.61257 0.1126 0.0904388 100
1.2752 -0.2476 0.0715178 41
1.29427 -0.2325 0.0725873 100
1.30335 -0.2153 0.0730969 100
1.32102 -0.1993 0.074088 100
1.3365 -0.1825 0.0749559 100
1.35188 -0.1653 0.0758183 100
1.36795 -0.1478 0.0767198 100
1.38373 -0.1299 0.0776045 100
1.40339 -0.1119 0.0787076 100
1.42167 -0.0933 0.0797324 100
1.43784 -0.0741 0.0806395 100
1.45471 -0.0546 0.0815858 100
1.47328 -0.0346 0.0826274 100
1.5086 0.0206 0.0832875 100
1.55104 0.0429 0.0856303 100
1.5752 0.0656 0.0869643 100
1.58509 0.0882 0.0875101 100
1.61963 0.1129 0.0894174 100
1.27915 -0.2485 0.0706199 52
1.29623 -0.233 0.0715626 100
1.30431 -0.2157 0.0720091 100
1.32099 -0.1995 0.0729296 100
1.33656 -0.1828 0.0737896 100
1.35184 -0.1656 0.074633 100
1.36991 -0.1484 0.0756307 100
1.38779 -0.1307 0.0766175 100
1.40536 -0.1126 0.0775877 100
1.42074 -0.0938 0.0784366 100
1.43591 -0.0747 0.0792745 100
1.45079 -0.0551 0.0800958 100
1.47036 -0.0352 0.0811763 100
1.50707 0.0182 0.107499 100
1.54557 0.0403 0.110246 100
1.57071 0.063 0.112039 100
1.58068 0.0856 0.11275 100
1.6122 0.11 0.114999 100
1.27526 -0.2465 0.0909643 100
1.3001 -0.2324 0.092736 100
1.31117 -0.2155 0.0935257 100
1.32683 -0.199 0.0946428 100
1.34229 -0.1821 0.0957456 100
1.35755 -0.1649 0.0968341 100
1.37361 -0.1473 0.0979797 100
1.39047 -0.1295 0.0991821 100
1.40702 -0.1111 0.100363 100
1.42538 -0.0925 0.101672 100
1.44144 -0.0733 0.102818 100
1.45829 -0.0537 0.10402 100
1.47984 -0.0337 0.105557 100
1.52083 0.0186 0.124234 100
1.54037 0.0405 0.125829 100
1.5615 0.0629 0.127555 100
1.57147 0.0854 0.12837 100
1.60396 0.1097 0.131024 100
1.28343 -0.2353 0.10484 100
1.30226 -0.2199 0.106379 100
1.31014 -0.2024 0.107022 100
1.32568 -0.1858 0.108292 100
1.34293 -0.1691 0.109701 100
1.36007 -0.1519 0.111101 100
1.37592 -0.1342 0.112396 100
1.39256 -0.1161 0.113755 100
1.40791 -0.0976 0.115009 100
1.42306 -0.0786 0.116247 100
1.442 -0.0594 0.117794 100
1.46163 -0.0397 0.119398 100
1.49944 0.0103 0.140419 100
1.53897 0.0321 0.14412 100
1.56127 0.0545 0.146209 100
1.57123 0.077 0.147141 100
1.60378 0.1011 0.15019 100
1.29125 -0.2406 0.120922 100
1.31017 -0.2251 0.122694 100
1.31803 -0.2075 0.12343 100
1.33466 -0.1909 0.124988 100
1.34999 -0.1738 0.126423 100
1.36712 -0.1566 0.128027 100
1.38305 -0.1388 0.129519 100
1.39968 -0.1206 0.131076 100
1.4161 -0.102 0.132615 100
1.43233 -0.083 0.134134 100
1.44926 -0.0636 0.135719 100
1.46788 -0.0438 0.137463 100
1.48829 -0.0235 0.139374 100
1.50271 0.0132 0.157145 100
1.5402 0.0351 0.161066 100
1.56337 0.0575 0.16349 100
1.57441 0.0799 0.164644 100
1.60783 0.1042 0.168139 100
1.29225 -0.2383 0.135137 100
1.30916 -0.2225 0.136905 100
1.31702 -0.2049 0.137727 100
1.33452 -0.1886 0.139558 100
1.34984 -0.1715 0.141159 100
1.36496 -0.1541 0.14274 100
1.38177 -0.1365 0.144498 100
1.39837 -0.1184 0.146235 100
1.41578 -0.0999 0.148055 100
1.43289 -0.081 0.149844 100
1.4488 -0.0616 0.151508 100
1.4664 -0.0418 0.153349 100
1.4857 -0.0216 0.155367 100
1.50431 0.0143 0.178845 100
1.5477 0.0364 0.184004 100
1.56885 0.0589 0.186519 100
1.57977 0.0815 0.187817 100
1.61513 0.1061 0.19202 100
1.28674 -0.2461 0.152979 100
1.30471 -0.2306 0.155116 100
1.31365 -0.2133 0.156178 100
1.33023 -0.1969 0.15815 100
1.34562 -0.1799 0.15998 100
1.36082 -0.1625 0.161786 100
1.3777 -0.145 0.163793 100
1.39547 -0.1271 0.165906 100
1.41196 -0.1087 0.167866 100
1.42616 -0.0896 0.169554 100
1.44314 -0.0704 0.171573 100
1.4628 -0.0508 0.17391 100
1.48325 -0.0307 0.176342 100
1.51357 0.0059 0.186379 100
1.53322 0.0275 0.188799 100
1.55545 0.0498 0.191537 100
1.57739 0.0728 0.194238 100
1.5881 0.0957 0.195558 100
1.62235 0.1207 0.199774 100
1.29105 -0.2299 0.158978 100
1.31378 -0.215 0.161777 100
1.3235 -0.1975 0.162975 100
1.3369 -0.1803 0.164625 100
1.35209 -0.163 0.166495 100
1.36995 -0.1456 0.168694 100
1.38772 -0.1278 0.170882 100
1.40519 -0.1095 0.173033 100
1.42037 -0.0906 0.174903 100
1.43734 -0.0714 0.176993 100
1.4561 -0.0518 0.179303 100
1.47456 -0.0316 0.181576 100
1.51759 0.0208 0.201412 100
1.56071 0.0435 0.207135 100
1.57172 0.0883 0.208595 100
1.60899 0.1132 0.213542 100
1.28186 -0.2552 0.170126 100
1.2999 -0.2398 0.17252 100
1.30892 -0.2224 0.173718 100
1.3227 -0.2056 0.175546 100
1.33916 -0.1888 0.17773 100
1.3574 -0.1719 0.180151 100
1.37435 -0.1544 0.182401 100
1.38922 -0.1362 0.184374 100
1.40577 -0.1178 0.186571 100
1.42411 -0.0991 0.189005 100
1.44116 -0.0799 0.191268 100
1.46 -0.0603 0.193768 100
1.48052 -0.0402 0.196491 100
1.52235 0.0156 0.210973 100
1.54276 0.0375 0.213801 100
1.56593 0.0602 0.217013 100
1.57475 0.0828 0.218234 100
1.60714 0.1073 0.222723 100
1.29017 -0.2378 0.178796 100
1.30889 -0.2222 0.181391 100
1.31682 -0.2045 0.182489 100
1.33227 -0.1877 0.18463 100
1.34841 -0.1707 0.186868 100
1.36545 -0.1533 0.189229 100
1.3812 -0.1353 0.191412 100
1.39784 -0.1171 0.193718 100
1.41508 -0.0985 0.196106 100
1.4331 -0.0794 0.198605 100
1.45192 -0.0599 0.201213 100
1.47144 -0.04 0.203917 100
1.50444 0.0149 0.236396 100
1.54662 0.0372 0.243024 100
1.56668 0.0598 0.246176 100
1.57853 0.0826 0.248038 100
1.61074 0.1072 0.253099 100
1.28474 -0.243 0.201874 100
1.30548 -0.2278 0.205133 100
1.31536 -0.2104 0.206686 100
1.33077 -0.1937 0.209107 100
1.34806 -0.1768 0.211824 100
1.36308 -0.1592 0.214183 100
1.37799 -0.1412 0.216527 100
1.39548 -0.1231 0.219275 100
1.41188 -0.1045 0.221851 100
1.42995 -0.0855 0.224692 100
1.44774 -0.066 0.227486 100
1.46631 -0.0461 0.230404 100
1.48755 -0.0258 0.233742 100
1.50135 0.0037 0.249892 100
1.54554 0.0257 0.257248 100
1.56675 0.0483 0.260778 100
1.5777 0.0711 0.2626 100
1.61104 0.0955 0.26815 100
1.27812 -0.2575 0.212737 38
1.29804 -0.2424 0.216053 100
1.30702 -0.225 0.217548 100
1.32172 -0.2083 0.219994 100
1.33908 -0.1916 0.222884 100
1.35535 -0.1744 0.225593 100
1.37133 -0.1567 0.228253 100
1.38712 -0.1386 0.23088 100
1.40359 -0.1202 0.233621 100
1.41987 -0.1013 0.236331 100
1.43693 -0.0821 0.239171 100
1.45666 -0.0625 0.242455 100
1.47609 -0.0424 0.245689 100
1.4972 -0.0218 0.249203 100
1.5038 0.0091 0.265161 100
1.5429 0.0312 0.272055 100
1.56594 0.0539 0.276118 100
1.57687 0.0767 0.278045 100
1.61006 0.1012 0.283897 100
1.28783 -0.2424 0.22708 100
1.30753 -0.227 0.230553 100
1.31639 -0.2093 0.232116 100
1.33284 -0.1926 0.235015 100
1.348 -0.1753 0.23769 100
1.36396 -0.1577 0.240503 100
1.38267 -0.14 0.243802 100
1.4002 -0.1218 0.246893 100
1.41645 -0.103 0.249758 100
1.4325 -0.0837 0.252589 100
1.45121 -0.0641 0.255888 100
1.47061 -0.0441 0.259309 100
1.48982 -0.0235 0.262695 100
1.5099 0.007 0.292674 100
1.53022 0.0288 0.296613 100
1.55231 0.0513 0.300894 100
1.57597 0.0745 0.305481 100
1.58362 0.0974 0.306965 100
1.60856 0.1218 0.311798 100
1.2787 -0.2485 0.247859 43
1.29745 -0.2331 0.251494 100
1.30629 -0.2156 0.253207 100
1.31983 -0.1986 0.255833 100
1.33603 -0.1817 0.258972 100
1.35203 -0.1644 0.262074 100
1.36686 -0.1466 0.264948 100
1.38433 -0.1286 0.268335 100
1.40073 -0.1101 0.271513 100
1.41771 -0.0912 0.274805 100
1.4345 -0.0719 0.278059 100
1.45404 -0.0522 0.281846 100
1.47524 -0.032 0.285956 100
1.51571 0.0016 0.30452 100
1.53709 0.0235 0.308814 100
1.55914 0.0461 0.313246 100
1.57111 0.0689 0.315649 100
1.60718 0.0934 0.322898 100
1.27561 -0.2558 0.256281 38
1.29541 -0.2406 0.26026 100
1.30532 -0.2233 0.26225 100
1.31894 -0.2063 0.264988 100
1.33522 -0.1895 0.268257 100
1.3513 -0.1722 0.271488 100
1.3662 -0.1543 0.274482 100
1.38277 -0.1363 0.277811 100
1.39914 -0.1178 0.2811 100
1.41826 -0.0991 0.284941 100
1.43708 -0.0799 0.288723 100
1.45669 -0.0602 0.292662 100
1.47699 -0.04 0.29674 100
1.51779 0.0211 0.303835 100
1.56534 0.0441 0.313355 100
1.57338 0.0667 0.314964 100
1.6027 0.0909 0.320833 100
1.28236 -0.253 0.256706 50
1.30207 -0.2377 0.260651 100
1.31099 -0.2201 0.262438 100
1.32648 -0.2033 0.265539 100
1.34276 -0.1863 0.268797 100
1.35884 -0.1688 0.272016 100
1.37659 -0.1511 0.275569 100
1.39316 -0.1329 0.278887 100
1.40855 -0.1141 0.281968 100
1.42464 -0.095 0.285187 100
1.44346 -0.0756 0.288956 100
1.46297 -0.0558 0.292862 100
1.48317 -0.0354 0.296906 100
1.50649 0 0.329019 100
1.52974 0.0219 0.334097 100
1.54987 0.0444 0.338492 100
1.57058 0.0675 0.343016 100
1.58123 0.0906 0.345342 100
1.61581 0.1158 0.352895 100
1.27788 -0.2466 0.27909 100
1.29937 -0.2315 0.283784 100
1.30816 -0.2138 0.285704 100
1.32448 -0.1971 0.289268 100
1.3407 -0.1799 0.29281 100
1.3575 -0.1625 0.29648 100
1.37323 -0.1445 0.299915 100
1.38964 -0.1261 0.3035 100
1.40586 -0.1073 0.307041 100
1.42276 -0.0882 0.310733 100
1.44142 -0.0686 0.314808 100
1.45979 -0.0486 0.31882 100
1.47982 -0.0281 0.323194 100
1.509 0.0167 0.340343 100
1.55055 0.0394 0.349716 100
1.57328 0.0626 0.354843 100
1.58391 0.0858 0.357241 100
1.61864 0.111 0.365073 100
1.28063 -0.2478 0.288838 100
1.30219 -0.2327 0.2937 100
1.31097 -0.215 0.29568 100
1.32824 -0.1983 0.299574 100
1.34345 -0.1809 0.303007 100
1.3574 -0.163 0.306153 100
1.37399 -0.1451 0.309893 100
1.39145 -0.1268 0.313831 100
1.41057 -0.1082 0.318144 100
1.42939 -0.089 0.32239 100
1.44705 -0.0693 0.326372 100
1.46637 -0.0492 0.330729 100
1.48539 -0.0285 0.335019 100
1.50476 0.0113 0.359039 100
1.52674 0.0334 0.364284 100
1.54756 0.0561 0.369251 100
1.56993 0.0795 0.374589 100
1.57946 0.1027 0.376864 100
1.60796 0.1278 0.383664 100
1.28357 -0.2331 0.306263 100
1.30477 -0.2177 0.311322 100
1.31343 -0.1999 0.313388 100
1.33142 -0.1831 0.317681 100
1.36177 -0.1674 0.324922 100
1.37743 -0.1493 0.328659 100
1.39387 -0.1309 0.332581 100
1.41012 -0.112 0.336457 100
1.42899 -0.0929 0.34096 100
1.44756 -0.0733 0.345393 100
1.46595 -0.0532 0.349779 100
1.51804 0.0213 0.375958 100
1.55929 0.0443 0.386174 100
1.57113 0.0673 0.389107 100
1.60783 0.0921 0.398194 100
1.2808 -0.239 0.317204 100
1.30595 -0.2243 0.323431 100
1.32235 -0.2076 0.327493 100
1.33846 -0.1904 0.331484 100
1.35438 -0.1729 0.335427 100
1.36914 -0.1548 0.339081 100
1.38564 -0.1365 0.343167 100
1.40476 -0.118 0.347903 100
1.42272 -0.0989 0.352351 100
1.44135 -0.0794 0.356966 100
1.46067 -0.0594 0.36175 100
1.47979 -0.0389 0.366486 100
1.5071 0.0177 0.390606 100
1.55125 0.0405 0.402046 100
1.56025 0.0633 0.404379 100
1.5921 0.0876 0.412634 100
1.27401 -0.252 0.330192 100
1.29637 -0.2371 0.335988 100
1.30518 -0.2194 0.338271 100
1.32134 -0.2026 0.342461 100
1.33838 -0.1856 0.346876 100
1.35425 -0.1679 0.350991 100
1.37081 -0.15 0.355281 100
1.3862 -0.1315 0.35927 100
1.40227 -0.1127 0.363435 100
1.42105 -0.0936 0.368302 100
1.4406 -0.074 0.37337 100
1.45783 -0.0539 0.377836 100
1.47584 -0.0332 0.382502 100
1.50027 0.0057 0.405086 100
1.52325 0.0278 0.41129 100
1.54681 0.0507 0.41765 100
1.55463 0.0735 0.419762 100
1.58147 0.0977 0.427008 100
1.27021 -0.2488 0.342967 36
1.28962 -0.2333 0.348207 100
1.29734 -0.2154 0.350292 100
1.31163 -0.1984 0.35415 100
1.32852 -0.1813 0.358712 100
1.34523 -0.1638 0.363222 100
1.36077 -0.1458 0.367419 100
1.37506 -0.1272 0.371277 100
1.39108 -0.1084 0.375604 100
1.40981 -0.0894 0.380661 100
1.42922 -0.0699 0.3859 100
1.45026 -0.0499 0.391583 100
1.46909 -0.0292 0.396666 100
1.49534 0.0022 0.415537 100
1.5173 0.0242 0.421641 100
1.53995 0.0469 0.427933 100
1.54881 0.0697 0.430397 100
1.57656 0.0939 0.438108 100
1.26998 -0.2466 0.352912 43
1.28934 -0.231 0.358294 100
1.29801 -0.2132 0.360703 100
1.31314 -0.1962 0.364907 100
1.32721 -0.1787 0.368816 100
1.34282 -0.161 0.373153 100
1.35929 -0.143 0.377732 100
1.37548 -0.1246 0.38223 100
1.39427 -0.1059 0.387451 100
1.41479 -0.0869 0.393154 100
1.43223 -0.0671 0.398 100
1.45034 -0.0468 0.403033 100
1.46913 -0.0261 0.408254 100
1.27071 -0.2399 0.373268 100
1.29278 -0.2247 0.37975 100
1.30228 -0.2069 0.38254 100
1.31638 -0.1895 0.386683 100
1.33116 -0.1719 0.391024 100
1.34766 -0.1542 0.395871 100
1.36387 -0.136 0.400634 100
1.38086 -0.1174 0.405623 100
1.39765 -0.0983 0.410555 100
1.41607 -0.0789 0.415966 100
1.43516 -0.0591 0.421575 100
1.45406 -0.0386 0.427127 100
1.2643 -0.2687 0.379067 16
1.28001 -0.2526 0.383776 100
1.28709 -0.2346 0.385902 100
1.30242 -0.2179 0.390497 100
1.31746 -0.2007 0.395006 100
1.33144 -0.1831 0.399199 100
1.3461 -0.1652 0.403593 100
1.36344 -0.1472 0.408791 100
1.38058 -0.1287 0.413932 100
1.39744 -0.1097 0.418986 100
1.41497 -0.0904 0.424242 100
1.43326 -0.0706 0.429727 100
1.45424 -0.0504 0.436017 100
1.46334 -0.0293 0.438745 100
1.27034 -0.2566 0.384991 21
1.28403 -0.24 0.389139 100
1.29092 -0.2219 0.391227 100
1.30604 -0.205 0.39581 100
1.32193 -0.1878 0.400624 100
1.33666 -0.17 0.405091 100
1.35303 -0.1521 0.41005 100
1.3693 -0.1338 0.414981 100
1.38519 -0.115 0.419795 100
1.40289 -0.0958 0.425161 100
1.42021 -0.0762 0.430411 100
1.44117 -0.0563 0.436762 100
1.4495 -0.0354 0.439286 100
1.27413 -0.2372 0.384924 100
1.29327 -0.2214 0.390708 100
1.30179 -0.2034 0.393282 100
1.31768 -0.1863 0.398082 100
1.33328 -0.1687 0.402796 100
1.34879 -0.1508 0.407481 100
1.36497 -0.1325 0.412369 100
1.38182 -0.1138 0.417459 100
1.39847 -0.0947 0.422491 100
1.41685 -0.0752 0.428043 100
1.43686 -0.0553 0.434087 100
1.44509 -0.0345 0.436575 100
1.26743 -0.2544 0.382178 15
1.28199 -0.238 0.386566 100
1.28878 -0.22 0.388616 100
1.30391 -0.2031 0.393177 100
1.31789 -0.1857 0.397392 100
1.33359 -0.1682 0.402127 100
1.35092 -0.1505 0.407352 100
1.36519 -0.132 0.411654 100
1.38309 -0.1135 0.417053 100
1.40348 -0.0946 0.423202 100
1.42282 -0.0751 0.429034 100
1.44188 -0.0551 0.434779 100
1.26287 -0.2622 0.377917 16
1.28222 -0.2468 0.383708 100
1.29017 -0.229 0.386088 100
1.30444 -0.212 0.390359 100
1.31757 -0.1946 0.394287 100
1.33433 -0.1773 0.399304 100
1.35273 -0.1597 0.404809 100
1.36901 -0.1415 0.409683 100
1.38319 -0.1226 0.413926 100
1.399 -0.1036 0.418656 100
1.41845 -0.0843 0.424476 100
1.43953 -0.0645 0.430783 100
1.45849 -0.0441 0.43646 100
1.4675 -0.023 0.439154 100
1.27201 -0.2565 0.379445 16
1.28571 -0.2398 0.383532 100
1.29261 -0.2217 0.385591 100
1.30775 -0.2047 0.390107 100
1.32184 -0.1872 0.394309 100
1.3365 -0.1694 0.398683 100
1.35203 -0.1514 0.403314 100
1.36822 -0.133 0.408145 100
1.38518 -0.1143 0.413204 100
1.40473 -0.0953 0.419036 100
1.42409 -0.0757 0.42481 100
1.4422 -0.0556 0.430213 100
1.4514 -0.0347 0.432957 100
