0.459441 0.002 -0.138976 100
0.464131 0.0088 -0.140395 100
0.471597 0.0159 -0.142653 100
0.479063 0.0231 -0.144911 100
0.486337 0.0306 -0.147112 100
0.493516 0.0383 -0.149283 100
0.503375 0.0465 -0.152265 100
0.513233 0.055 -0.155248 100
0.520029 0.0634 -0.157303 100
0.527687 0.0722 -0.15962 100
0.53611 0.0813 -0.162167 100
0.545394 0.0909 -0.164976 100
0.556402 0.1011 -0.168306 100
0.569994 0.1122 -0.172417 100
0.581575 0.1233 -0.17592 100
0.584543 0.1328 -0.176818 100
0.598613 0.1452 -0.181074 100
0.616129 0.159 -0.186372 100
0.625031 0.171 -0.189065 100
0.638335 0.1847 -0.19309 100
0.393013 -0.067 -0.118882 100
0.395693 -0.0616 -0.119693 100
0.401245 -0.0564 -0.121372 100
0.407658 -0.0513 -0.123312 100
0.413114 -0.0458 -0.124962 100
0.418378 -0.0403 -0.126555 100
0.422781 -0.0345 -0.127887 100
0.42795 -0.0286 -0.12945 100
0.432066 -0.0225 -0.130695 100
0.437139 -0.0164 -0.13223 100
0.44403 -0.0101 -0.134314 100
0.458143 0.0017 -0.139806 100
0.46283 0.0084 -0.141236 100
0.470386 0.0153 -0.143542 100
0.478707 0.0225 -0.146081 100
0.487889 0.0299 -0.148883 100
0.496019 0.0376 -0.151364 100
0.50501 0.0456 -0.154108 100
0.511992 0.0537 -0.156239 100
0.518878 0.062 -0.15834 100
0.527486 0.0707 -0.160967 100
0.537816 0.08 -0.164119 100
0.547189 0.0894 -0.166979 100
0.558189 0.0995 -0.170336 100
0.568518 0.1182 -0.173488 100
0.580857 0.1296 -0.177253 100
0.592143 0.141 -0.180697 100
0.603238 0.1528 -0.184083 100
0.615098 0.1652 -0.187702 100
0.620263 0.1762 -0.189278 100
0.639009 0.1914 -0.194999 100
0.392722 -0.0671 -0.119842 100
0.396356 -0.0619 -0.120951 100
0.400947 -0.0567 -0.122352 100
0.405442 -0.0514 -0.123724 100
0.412712 -0.0463 -0.125942 100
0.418068 -0.0408 -0.127577 100
0.423328 -0.0352 -0.129182 100
0.428493 -0.0294 -0.130758 100
0.433658 -0.0235 -0.132334 100
0.439684 -0.0175 -0.134173 100
0.447527 -0.0113 -0.136566 100
0.460398 0.0045 -0.139265 100
0.471788 0.0115 -0.142711 100
0.480116 0.0188 -0.14523 100
0.486146 0.0332 -0.147054 100
0.492367 0.0409 -0.148936 100
0.502226 0.0491 -0.151918 100
0.511989 0.0576 -0.154871 100
0.518785 0.0661 -0.156927 100
0.527304 0.075 -0.159504 100
0.536684 0.0843 -0.162341 100
0.545873 0.0939 -0.165121 100
0.555923 0.104 -0.168161 100
0.568558 0.115 -0.171983 100
0.580044 0.1261 -0.175457 100
0.583011 0.1357 -0.176355 100
0.596986 0.1481 -0.180582 100
0.615363 0.1622 -0.186141 100
0.623212 0.174 -0.188515 100
0.636517 0.1877 -0.192539 100
0.391003 -0.073 -0.118274 100
0.393875 -0.0676 -0.119143 100
0.398565 -0.0624 -0.120562 100
0.404021 -0.0572 -0.122212 100
0.411391 -0.0522 -0.124441 100
0.41589 -0.0466 -0.125802 100
0.42125 -0.041 -0.127423 100
0.426514 -0.0352 -0.129016 100
0.430821 -0.0292 -0.130319 100
0.434937 -0.0231 -0.131564 100
0.441924 -0.017 -0.133677 100
0.45073 -0.0108 -0.136341 100
0.457262 0.004 -0.135795 100
0.467711 0.0109 -0.138898 100
0.476147 0.0181 -0.141403 100
0.484487 0.0255 -0.14388 100
0.492635 0.0331 -0.146299 100
0.500784 0.041 -0.148719 100
0.509699 0.0493 -0.151367 100
0.516601 0.0576 -0.153417 100
0.522449 0.0659 -0.155153 100
0.531076 0.0749 -0.157715 100
0.543251 0.0847 -0.161331 100
0.555329 0.0949 -0.164918 100
0.566258 0.1053 -0.168163 100
0.576035 0.1158 -0.171067 100
0.585718 0.1267 -0.173942 100
0.597988 0.1385 -0.177586 100
0.610067 0.1506 -0.181173 100
0.620995 0.163 -0.184419 100
0.626171 0.1741 -0.185956 100
0.645919 0.1897 -0.191821 100
0.392076 -0.07 -0.116436 100
0.395815 -0.0648 -0.117546 100
0.399553 -0.0594 -0.118657 100
0.405976 -0.0543 -0.120564 100
0.412399 -0.0491 -0.122471 100
0.417767 -0.0435 -0.124066 100
0.423135 -0.0379 -0.12566 100
0.427449 -0.032 -0.126941 100
0.431667 -0.026 -0.128194 100
0.436748 -0.0199 -0.129702 100
0.44365 -0.0137 -0.131752 100
0.452373 -0.0074 -0.134343 100
0.458222 0.0025 -0.132519 100
0.470614 0.0094 -0.136103 100
0.479068 0.0166 -0.138548 100
0.486465 0.0239 -0.140687 100
0.493766 0.0315 -0.142798 100
0.501931 0.0393 -0.14516 100
0.51 0.0474 -0.147493 100
0.516917 0.0557 -0.149494 100
0.525659 0.0643 -0.152022 100
0.537186 0.0737 -0.155356 100
0.547561 0.0832 -0.158356 100
0.558705 0.0932 -0.161579 100
0.569175 0.1121 -0.164607 100
0.579839 0.1229 -0.167691 100
0.589445 0.1339 -0.170469 100
0.598763 0.1452 -0.173164 100
0.60885 0.157 -0.176081 100
0.614133 0.1679 -0.177609 100
0.633154 0.1829 -0.18311 100
0.393764 -0.0707 -0.113877 100
0.397606 -0.0655 -0.114989 100
0.401257 -0.0601 -0.116044 100
0.406828 -0.0549 -0.117656 100
0.413169 -0.0497 -0.119489 100
0.419605 -0.0442 -0.121351 100
0.423928 -0.0385 -0.122601 100
0.429211 -0.0327 -0.124129 100
0.433438 -0.0267 -0.125351 100
0.43949 -0.0206 -0.127102 100
0.446503 -0.0145 -0.12913 100
0.454284 -0.0081 -0.13138 100
0.459114 0.0033 -0.129397 100
0.47153 0.0102 -0.132896 100
0.480963 0.0174 -0.135555 100
0.488374 0.0248 -0.137644 100
0.495689 0.0323 -0.139705 100
0.502908 0.0401 -0.14174 100
0.510896 0.0482 -0.143991 100
0.519751 0.0567 -0.146487 100
0.527644 0.073 -0.148712 100
0.537076 0.0822 -0.15137 100
0.547279 0.0919 -0.154246 100
0.557385 0.1019 -0.157094 100
0.568262 0.1124 -0.160159 100
0.577983 0.123 -0.162899 100
0.589437 0.1344 -0.166127 100
0.599832 0.1459 -0.169057 100
0.611767 0.1582 -0.172421 100
0.616098 0.1688 -0.173642 100
0.636022 0.1841 -0.179257 100
0.393471 -0.0712 -0.110896 100
0.397321 -0.066 -0.111981 100
0.400979 -0.0607 -0.113012 100
0.405599 -0.0554 -0.114314 100
0.411085 -0.0501 -0.11586 100
0.417437 -0.0447 -0.117651 100
0.42379 -0.0392 -0.119441 100
0.428987 -0.0335 -0.120906 100
0.433319 -0.0275 -0.122127 100
0.43842 -0.0214 -0.123565 100
0.44535 -0.0153 -0.125518 100
0.454205 -0.009 -0.128013 100
0.462111 0.0025 -0.126073 100
0.467803 0.0092 -0.127625 100
0.476293 0.0161 -0.129942 100
0.484783 0.0233 -0.132258 100
0.493079 0.0307 -0.134521 100
0.500315 0.0383 -0.136495 100
0.509383 0.0463 -0.138969 100
0.518259 0.0546 -0.141391 100
0.52617 0.063 -0.143549 100
0.536782 0.072 -0.146444 100
0.545272 0.081 -0.14876 100
0.553665 0.0903 -0.15105 100
0.564856 0.1004 -0.154103 100
0.575179 0.1191 -0.15692 100
0.586756 0.1302 -0.160078 100
0.59814 0.1417 -0.163184 100
0.610295 0.1537 -0.1665 100
0.622258 0.1661 -0.169764 100
0.626503 0.1768 -0.170922 100
0.643579 0.1914 -0.17558 100
0.390334 -0.072 -0.106491 100
0.395062 -0.0671 -0.10778 100
0.397859 -0.0618 -0.108544 100
0.401525 -0.0565 -0.109544 100
0.407989 -0.0515 -0.111307 100
0.415321 -0.0465 -0.113307 100
0.421688 -0.0411 -0.115045 100
0.426995 -0.0355 -0.116492 100
0.432204 -0.0298 -0.117913 100
0.435484 -0.0238 -0.118808 100
0.441562 -0.0178 -0.120466 100
0.449473 -0.0118 -0.122625 100
0.462287 0.0065 -0.125427 100
0.473675 0.0135 -0.128517 100
0.483133 0.0207 -0.131083 100
0.491433 0.0281 -0.133335 100
0.498768 0.0357 -0.135325 100
0.50784 0.0436 -0.137787 100
0.51585 0.0518 -0.13996 100
0.522799 0.06 -0.141845 100
0.53245 0.0689 -0.144464 100
0.54297 0.0781 -0.147318 100
0.552331 0.0876 -0.149858 100
0.564492 0.0978 -0.153157 100
0.574529 0.108 -0.155881 100
0.581767 0.1267 -0.157845 100
0.593252 0.1381 -0.160961 100
0.604447 0.1498 -0.163998 100
0.616414 0.1621 -0.167245 100
0.621723 0.173 -0.168685 100
0.642569 0.1887 -0.174341 100
0.391641 -0.0713 -0.10626 100
0.39637 -0.0663 -0.107543 100
0.400037 -0.0611 -0.108538 100
0.40467 -0.0559 -0.109795 100
0.411136 -0.0508 -0.111549 100
0.418471 -0.0456 -0.113539 100
0.423875 -0.0401 -0.115006 100
0.428218 -0.0343 -0.116184 100
0.432465 -0.0284 -0.117336 100
0.436615 -0.0224 -0.118462 100
0.44366 -0.0164 -0.120373 100
0.452539 -0.0102 -0.122783 100
0.462837 0.0013 -0.119439 100
0.46855 0.0081 -0.120914 100
0.474263 0.0151 -0.122388 100
0.482687 0.0223 -0.124562 100
0.491014 0.0298 -0.126711 100
0.497308 0.0374 -0.128335 100
0.504473 0.0452 -0.130184 100
0.513478 0.0535 -0.132508 100
0.522289 0.0621 -0.134782 100
0.531972 0.071 -0.13728 100
0.542526 0.0804 -0.140004 100
0.55279 0.0901 -0.142653 100
0.562086 0.0999 -0.145051 100
0.573027 0.1104 -0.147875 100
0.584743 0.1214 -0.150898 100
0.594426 0.1324 -0.153397 100
0.603915 0.1436 -0.155846 100
0.615051 0.1557 -0.158719 100
0.621344 0.1668 -0.160344 100
0.644196 0.1829 -0.166241 100
0.393799 -0.0717 -0.101623 100
0.397672 -0.0665 -0.102623 100
0.401351 -0.0612 -0.103572 100
0.405031 -0.0558 -0.104522 100
0.408614 -0.0503 -0.105446 100
0.414036 -0.0449 -0.106846 100
0.421395 -0.0396 -0.108745 100
0.428657 -0.034 -0.110619 100
0.433886 -0.0281 -0.111968 100
0.438146 -0.0221 -0.113068 100
0.443181 -0.0159 -0.114367 100
0.450153 -0.0097 -0.116166 100
0.467417 0.0047 -0.117667 100
0.473138 0.0116 -0.119108 100
0.481575 0.0188 -0.121231 100
0.490012 0.0262 -0.123355 100
0.496412 0.0338 -0.124966 100
0.503588 0.0416 -0.126773 100
0.512704 0.0498 -0.129068 100
0.520656 0.0582 -0.13107 100
0.527444 0.0667 -0.132778 100
0.536075 0.0757 -0.134951 100
0.547518 0.0854 -0.137832 100
0.559639 0.0956 -0.140883 100
0.568852 0.1056 -0.143202 100
0.578743 0.1162 -0.145692 100
0.59038 0.1274 -0.148622 100
0.602793 0.1392 -0.151747 100
0.614042 0.1512 -0.154579 100
0.624127 0.1632 -0.157117 100
0.628394 0.1741 -0.158192 100
0.645559 0.1889 -0.162513 100
0.39585 -0.0692 -0.0996509 100
0.400601 -0.0641 -0.100847 100
0.405256 -0.0589 -0.102019 100
0.408844 -0.0534 -0.102922 100
0.413402 -0.0479 -0.10407 100
0.420772 -0.0426 -0.105925 100
0.428045 -0.0371 -0.107756 100
0.432409 -0.0312 -0.108854 100
0.436676 -0.0251 -0.109929 100
0.440846 -0.019 -0.110978 100
0.448798 -0.0128 -0.11298 100
0.46701 0.005 -0.110913 100
0.480534 0.0121 -0.114125 100
0.488025 0.0193 -0.115904 100
0.494544 0.0266 -0.117452 100
0.501938 0.0342 -0.119208 100
0.510111 0.0422 -0.121149 100
0.520132 0.0505 -0.123529 100
0.527138 0.0588 -0.125193 100
0.535991 0.0676 -0.127296 100
0.545623 0.0768 -0.129583 100
0.556034 0.0864 -0.132056 100
0.56732 0.0965 -0.134736 100
0.577438 0.1067 -0.137139 100
0.587362 0.1173 -0.139496 100
0.598065 0.1283 -0.142038 100
0.60867 0.1397 -0.144557 100
0.614313 0.1503 -0.145897 100
0.632896 0.1645 -0.15031 100
0.650409 0.179 -0.154469 100
0.390732 -0.0773 -0.0927972 100
0.396569 -0.0725 -0.0941836 100
0.401337 -0.0675 -0.0953158 100
0.406104 -0.0623 -0.0964481 100
0.409801 -0.0569 -0.0973261 100
0.41632 -0.0517 -0.0988743 100
0.423714 -0.0465 -0.10063 100
0.429163 -0.0409 -0.101924 100
0.434514 -0.0351 -0.103195 100
0.438892 -0.0291 -0.104235 100
0.443076 -0.0231 -0.105229 100
0.450178 -0.017 -0.106915 100
0.460102 -0.0107 -0.109272 100
0.463725 0.0061 -0.1074 100
0.472298 0.013 -0.109386 100
0.479897 0.0201 -0.111146 100
0.491198 0.0277 -0.113763 100
0.499576 0.0353 -0.115704 100
0.504837 0.043 -0.116922 100
0.512923 0.0511 -0.118795 100
0.521886 0.0595 -0.120871 100
0.529679 0.0681 -0.122676 100
0.540298 0.0774 -0.125135 100
0.549846 0.0868 -0.127346 100
0.558224 0.0963 -0.129287 100
0.56933 0.1066 -0.131859 100
0.578293 0.1169 -0.133935 100
0.588035 0.1277 -0.136191 100
0.601479 0.1396 -0.139305 100
0.614728 0.152 -0.142373 100
0.625737 0.1642 -0.144923 100
0.630023 0.175 -0.145916 100
0.650092 0.1906 -0.150564 100
0.390952 -0.0739 -0.0905458 100
0.397674 -0.0693 -0.0921027 100
0.401473 -0.064 -0.0929826 100
0.405175 -0.0587 -0.09384 100
0.40878 -0.0532 -0.0946749 100
0.415307 -0.048 -0.0961866 100
0.422711 -0.0428 -0.0979014 100
0.429043 -0.0372 -0.099368 100
0.432453 -0.0313 -0.100158 100
0.43674 -0.0253 -0.10115 100
0.441903 -0.0193 -0.102346 100
0.446969 -0.0131 -0.10352 100
0.453009 -0.0067 -0.104919 100
0.464896 0.0061 -0.102214 100
0.476421 0.0131 -0.104748 100
0.485992 0.0204 -0.106852 100
0.493415 0.0278 -0.108484 100
0.499861 0.0353 -0.109902 100
0.507088 0.0431 -0.111491 100
0.515195 0.0513 -0.113273 100
0.523203 0.0596 -0.115034 100
0.531017 0.0683 -0.116752 100
0.539709 0.0772 -0.118663 100
0.550257 0.0868 -0.120982 100
0.560512 0.0967 -0.123237 100
0.571646 0.107 -0.125685 100
0.581608 0.1175 -0.127875 100
0.593328 0.1288 -0.130452 100
0.604853 0.1403 -0.132986 100
0.616183 0.1523 -0.135477 100
0.627317 0.1646 -0.137924 100
0.632493 0.1756 -0.139063 100
0.652612 0.1913 -0.143486 100
0.391841 -0.074 -0.0861518 0
0.397701 -0.0692 -0.0874402 100
0.401412 -0.064 -0.0882562 100
0.406198 -0.0588 -0.0893084 100
0.410788 -0.0535 -0.0903177 100
0.416355 -0.0482 -0.0915417 100
0.422801 -0.0428 -0.0929589 100
0.428173 -0.0371 -0.09414 100
0.434521 -0.0314 -0.0955357 0
0.438819 -0.0254 -0.0964806 100
0.443019 -0.0193 -0.0974039 100
0.450051 -0.0131 -0.09895 100
0.459036 -0.0068 -0.100926 100
0.469615 0.0045 -0.0993059 100
0.480279 0.0115 -0.101561 100
0.488889 0.0187 -0.103382 100
0.496324 0.0261 -0.104954 100
0.504738 0.0338 -0.106733 100
0.513935 0.0418 -0.108678 100
0.521175 0.0499 -0.110209 100
0.529198 0.0583 -0.111905 100
0.538003 0.067 -0.113767 100
0.549645 0.0765 -0.116229 100
0.560212 0.0861 -0.118464 100
0.570485 0.0961 -0.120636 100
0.580757 0.1063 -0.122808 100
0.589758 0.1167 -0.124712 100
0.602477 0.1282 -0.127401 100
0.614022 0.1398 -0.129842 100
0.625371 0.1518 -0.132242 100
0.636524 0.1642 -0.134601 100
0.640829 0.1751 -0.135511 100
0.654428 0.1888 -0.138387 1
0.393009 -0.0771 -0.0831066 100
0.398781 -0.0724 -0.0843272 0
0.403575 -0.0673 -0.085341 100
0.407391 -0.062 -0.0861479 100
0.411109 -0.0565 -0.086934 0
0.416686 -0.0512 -0.0881133 100
0.425197 -0.0461 -0.0899132 100
0.431557 -0.0406 -0.091258 100
0.435959 -0.0347 -0.092189 100
0.440362 -0.0288 -0.09312 100
0.444569 -0.0227 -0.0940096 100
0.451711 -0.0165 -0.0955198 100
0.46169 -0.0103 -0.0976301 100
0.469533 0.0058 -0.0947598 100
0.4811 0.0128 -0.0970942 100
0.490706 0.02 -0.0990329 100
0.499235 0.0275 -0.100754 100
0.505606 0.0351 -0.10204 100
0.51482 0.0431 -0.103899 100
0.523937 0.0514 -0.105739 100
0.530994 0.0598 -0.107164 100
0.538934 0.0684 -0.108766 100
0.549521 0.0778 -0.110903 100
0.559127 0.0873 -0.112841 100
0.5704 0.0974 -0.115116 100
0.580594 0.1076 -0.117174 100
0.590593 0.1182 -0.119192 100
0.602355 0.1295 -0.121566 100
0.614902 0.1414 -0.124098 100
0.627155 0.1537 -0.126571 100
0.63833 0.166 -0.128826 100
0.641663 0.1767 -0.129498 100
0.65421 0.1902 -0.132031 1
0.395624 -0.0778 -0.0798436 100
0.399544 -0.0727 -0.0806349 100
0.403367 -0.0675 -0.0814064 0
0.408171 -0.0623 -0.0823758 100
0.411895 -0.0569 -0.0831275 100
0.417483 -0.0516 -0.0842551 100
0.424933 -0.0464 -0.0857586 100
0.431402 -0.0409 -0.0870643 100
0.436793 -0.0351 -0.0881523 100
0.441205 -0.0291 -0.0890426 100
0.444439 -0.023 -0.0896954 100
0.451595 -0.0169 -0.0911396 100
0.460613 -0.0107 -0.0929596 100
0.472147 0.0002 -0.0918615 100
0.477055 0.007 -0.0928164 100
0.485693 0.014 -0.0944971 100
0.495214 0.0213 -0.0963496 100
0.5013 0.0359 -0.0975337 100
0.508662 0.0437 -0.098966 100
0.517791 0.0519 -0.100742 100
0.526723 0.0604 -0.10248 100
0.533693 0.0689 -0.103836 100
0.542331 0.0779 -0.105517 100
0.552932 0.0874 -0.107579 100
0.56422 0.0974 -0.109775 100
0.57541 0.1078 -0.111953 100
0.585423 0.1183 -0.113901 100
0.59622 0.1293 -0.116001 100
0.607803 0.1409 -0.118255 100
0.620073 0.1531 -0.120642 100
0.632245 0.1656 -0.12301 100
0.637447 0.1767 -0.124023 100
0.656686 0.1921 -0.127766 100
0.392932 -0.0791 -0.0764494 100
0.39784 -0.0742 -0.0774043 0
0.40265 -0.0692 -0.0783401 100
0.40746 -0.0641 -0.0792759 100
0.412171 -0.0589 -0.0801926 100
0.417766 -0.0536 -0.0812812 100
0.425325 -0.0484 -0.0827518 100
0.430822 -0.0429 -0.0838213 100
0.435337 -0.0371 -0.0846998 100
0.439656 -0.0312 -0.0855401 100
0.444956 -0.0252 -0.0865714 100
0.451141 -0.0191 -0.0877746 100
0.458208 -0.0129 -0.0891496 100
0.47078 0.0028 -0.0883592 100
0.475596 0.0096 -0.0892631 100
0.482279 0.0166 -0.0905175 100
0.49083 0.0239 -0.0921223 100
0.499282 0.0314 -0.0937087 100
0.504688 0.039 -0.0947233 100
0.512944 0.047 -0.0962728 100
0.522969 0.0554 -0.0981544 100
0.53093 0.0639 -0.0996485 100
0.539775 0.0727 -0.101309 100
0.551373 0.0823 -0.103485 100
0.561791 0.092 -0.105441 100
0.57211 0.102 -0.107378 100
0.57555 0.1111 -0.108023 100
0.58931 0.1224 -0.110606 100
0.607788 0.1353 -0.114074 100
0.622137 0.1478 -0.116767 100
0.625773 0.1581 -0.117449 100
0.637764 0.1707 -0.1197 100
0.641007 0.1814 -0.120309 100
0.653588 0.195 -0.12267 1
0.390973 -0.076 -0.0733806 0
0.396772 -0.0713 -0.0744689 100
0.401686 -0.0663 -0.0753912 100
0.406404 -0.0612 -0.0762767 100
0.411121 -0.056 -0.0771621 100
0.416724 -0.0507 -0.0782136 100
0.424193 -0.0455 -0.0796155 100
0.429697 -0.0399 -0.0806485 100
0.43412 -0.0341 -0.0814786 100
0.438444 -0.0282 -0.0822903 100
0.443752 -0.0222 -0.0832864 100
0.449845 -0.0161 -0.0844301 100
0.457905 -0.0099 -0.0859427 100
0.471824 0.0035 -0.0826011 100
0.483546 0.0105 -0.0846532 100
0.493199 0.0177 -0.0863432 100
0.500784 0.0251 -0.087671 100
0.5063 0.0326 -0.0886367 100
0.512604 0.0403 -0.0897403 100
0.521863 0.0485 -0.0913613 100
0.53191 0.0571 -0.0931202 100
0.540874 0.0658 -0.0946895 100
0.551611 0.0751 -0.0965691 100
0.56215 0.0847 -0.0984143 100
0.574562 0.0949 -0.100587 100
0.584904 0.1052 -0.102398 100
0.593967 0.1156 -0.103984 100
0.6049 0.1266 -0.105898 100
0.615538 0.138 -0.107761 100
0.620365 0.1483 -0.108606 100
0.637307 0.162 -0.111572 100
0.655038 0.1764 -0.114676 100
0.662031 0.1884 -0.1159 100
0.392924 -0.0807 -0.0687883 100
0.398834 -0.0761 -0.0698229 100
0.402774 -0.0709 -0.0705127 100
0.407601 -0.0658 -0.0713577 0
0.412329 -0.0606 -0.0721854 100
0.417057 -0.0552 -0.0730132 100
0.422672 -0.0499 -0.0739961 100
0.429173 -0.0445 -0.0751342 0
0.435674 -0.0389 -0.0762724 0
0.441092 -0.033 -0.0772208 100
0.446411 -0.0271 -0.078152 100
0.450646 -0.0209 -0.0788935 100
0.456852 -0.0147 -0.0799799 100
0.465816 -0.0084 -0.0815492 100
0.473458 0.0055 -0.078975 100
0.485098 0.0125 -0.0809164 100
0.493778 0.0198 -0.0823643 100
0.501373 0.0272 -0.0836312 100
0.506798 0.0347 -0.0845361 100
0.514196 0.0426 -0.0857701 100
0.524355 0.0509 -0.0874648 100
0.532444 0.0593 -0.0888139 100
0.542307 0.0682 -0.0904592 100
0.553059 0.0775 -0.0922526 100
0.562627 0.087 -0.0938486 100
0.573082 0.097 -0.0955926 100
0.58334 0.1072 -0.0973037 100
0.594388 0.118 -0.0991465 100
0.605238 0.1291 -0.100956 100
0.615891 0.1405 -0.102733 100
0.627333 0.1525 -0.104642 100
0.640451 0.1653 -0.10683 100
0.643805 0.176 -0.107389 100
0.659291 0.1903 -0.109973 100
0.393365 -0.0811 -0.065615 100
0.398396 -0.0762 -0.0664541 0
0.403229 -0.0713 -0.0672603 0
0.407174 -0.066 -0.0679185 0
0.410922 -0.0607 -0.0685437 0
0.415657 -0.0554 -0.0693334 0
0.421279 -0.05 -0.0702713 100
0.428776 -0.0448 -0.0715217 0
0.435286 -0.0392 -0.0726076 100
0.439725 -0.0333 -0.073348 100
0.444065 -0.0273 -0.0740719 100
0.449292 -0.0213 -0.074944 100
0.456493 -0.0151 -0.076145 100
0.464483 -0.0088 -0.0774777 100
0.474221 0.0062 -0.074261 100
0.487855 0.0133 -0.076396 100
0.497537 0.0206 -0.0779122 100
0.504057 0.028 -0.0789332 100
0.508602 0.0355 -0.0796449 100
0.516901 0.0434 -0.0809445 100
0.528065 0.0519 -0.0826927 100
0.537055 0.0605 -0.0841006 100
0.545057 0.0692 -0.0853537 100
0.554838 0.0784 -0.0868854 100
0.566397 0.0882 -0.0886955 100
0.578747 0.0985 -0.0906293 100
0.588923 0.1089 -0.0922229 100
0.599 0.1195 -0.0938009 100
0.609868 0.1307 -0.0955027 100
0.621526 0.1424 -0.0973283 100
0.626169 0.1528 -0.0980554 100
0.643162 0.1666 -0.100716 100
0.662723 0.1817 -0.10378 100
0.390837 -0.0817 -0.0612034 0
0.397753 -0.0773 -0.0622864 100
0.40368 -0.0726 -0.0632147 100
0.409509 -0.0677 -0.0641275 100
0.413362 -0.0623 -0.0647308 100
0.417117 -0.0568 -0.0653187 100
0.422748 -0.0515 -0.0662006 100
0.430257 -0.0463 -0.0673764 100
0.435789 -0.0407 -0.0682428 100
0.440235 -0.0348 -0.0689389 100
0.444681 -0.0288 -0.0696351 0
0.448929 -0.0227 -0.0703004 100
0.456141 -0.0166 -0.0714298 0
0.466218 -0.0104 -0.0730078 100
0.473971 0.0022 -0.0692293 100
0.486735 0.0091 -0.0710938 100
0.495443 0.0163 -0.0723656 100
0.503161 0.0236 -0.073493 100
0.510681 0.0312 -0.0745914 100
0.519983 0.0392 -0.0759499 100
0.529284 0.0474 -0.0773085 100
0.536408 0.0557 -0.0783491 100
0.544522 0.0721 -0.0795343 0
0.554219 0.0814 -0.0809506 100
0.564807 0.0911 -0.0824971 100
0.575197 0.1011 -0.0840147 100
0.585389 0.1114 -0.0855033 100
0.595383 0.1221 -0.0869631 100
0.606267 0.1332 -0.0885529 100
0.617844 0.145 -0.0902439 100
0.630213 0.1573 -0.0920505 100
0.635655 0.1682 -0.0928454 100
0.656138 0.1835 -0.0958371 100
0.676324 0.1995 -0.0987855 100
0.390853 -0.0801 -0.0570889 100
0.39768 -0.0757 -0.0580862 0
0.403617 -0.0709 -0.0589533 100
0.407476 -0.0657 -0.059517 0
0.411236 -0.0604 -0.0600662 100
0.414997 -0.055 -0.0606154 0
0.420637 -0.0497 -0.0614392 100
0.428157 -0.0444 -0.0625377 0
0.434688 -0.0389 -0.0634916 100
0.44013 -0.0332 -0.0642865 100
0.444484 -0.0272 -0.0649224 0
0.447749 -0.021 -0.0653993 100
0.452004 -0.0148 -0.0660208 100
0.460019 -0.0086 -0.0671915 100
0.472462 0.0022 -0.0656435 100
0.484248 0.0091 -0.0672812 100
0.491974 0.0162 -0.0683546 100
0.501681 0.0236 -0.0697032 100
0.509209 0.0311 -0.0707491 100
0.516637 0.0389 -0.0717812 100
0.525849 0.0471 -0.0730611 100
0.53407 0.0554 -0.0742033 100
0.543083 0.0641 -0.0754556 100
0.55487 0.0735 -0.0770933 100
0.563586 0.0827 -0.0783043 100
0.573194 0.0924 -0.0796392 100
0.585476 0.1029 -0.0813457 100
0.597659 0.1137 -0.0830384 100
0.608653 0.1247 -0.0845659 100
0.61945 0.1361 -0.0860659 100
0.630939 0.148 -0.0876623 100
0.644212 0.1607 -0.0895064 100
0.648669 0.1716 -0.0901257 100
0.665309 0.1861 -0.0924376 100
0.39035 -0.084 -0.054235 100
0.398274 -0.0799 -0.055336 0
0.403326 -0.075 -0.0560378 0
0.407189 -0.0698 -0.0565745 100
0.412042 -0.0646 -0.0572488 0
0.416796 -0.0594 -0.0579094 100
0.422541 -0.0541 -0.0587076 0
0.429177 -0.0488 -0.0596296 0
0.435715 -0.0433 -0.0605379 0
0.440172 -0.0375 -0.0611572 0
0.444629 -0.0316 -0.0617765 100
0.449978 -0.0256 -0.0625196 100
0.456218 -0.0195 -0.0633866 100
0.46533 -0.0133 -0.0646527 100
0.472462 -0.0068 -0.0656435 0
0.477176 0.0005 -0.0605351 100
0.485013 0.0074 -0.0615294 100
0.493842 0.0145 -0.0626495 100
0.501481 0.0218 -0.0636185 100
0.508127 0.0292 -0.0644617 100
0.514576 0.0369 -0.0652798 100
0.522909 0.0449 -0.066337 100
0.532135 0.0533 -0.0675074 0
0.539179 0.0617 -0.0684009 100
0.548107 0.0706 -0.0695336 100
0.561797 0.0804 -0.0712704 100
0.575388 0.0906 -0.0729946 100
0.584813 0.1006 -0.0741902 100
0.595031 0.111 -0.0754864 100
0.606043 0.122 -0.0768834 100
0.615963 0.133 -0.0781419 100
0.620824 0.1432 -0.0787586 100
0.639971 0.1572 -0.0811876 100
0.658919 0.1717 -0.0835914 100
0.665962 0.1836 -0.0844849 100
0.391264 -0.0828 -0.0496363 0
0.398208 -0.0784 -0.0505173 0
0.404161 -0.0737 -0.0512724 100
0.40803 -0.0685 -0.0517632 100
0.413883 -0.0635 -0.0525057 0
0.418645 -0.0582 -0.0531098 100
0.424299 -0.0529 -0.0538272 100
0.430946 -0.0475 -0.0546704 0
0.436502 -0.0419 -0.0553752 100
0.440966 -0.0361 -0.0559415 100
0.446422 -0.0302 -0.0566337 0
0.451779 -0.0242 -0.0573133 100
0.45793 -0.018 -0.0580936 100
0.467156 -0.0118 -0.059264 100
0.478863 0.0066 -0.0548983 100
0.495554 0.0138 -0.0568117 100
0.503303 0.0211 -0.0577001 100
0.508867 0.0285 -0.058338 100
0.516318 0.0362 -0.0591922 100
0.525756 0.0443 -0.0602742 100
0.534896 0.0526 -0.0613221 100
0.54205 0.061 -0.0621421 100
0.550991 0.0699 -0.0631672 100
0.555859 0.0785 -0.0637253 100
0.570463 0.0887 -0.0653996 100
0.589737 0.1003 -0.0676092 100
0.603944 0.1114 -0.0692379 100
0.607223 0.1209 -0.0696137 100
0.617058 0.1319 -0.0707413 100
0.627788 0.1434 -0.0719714 100
0.642194 0.1563 -0.0736229 100
0.647658 0.1673 -0.0742493 100
0.667329 0.1824 -0.0765045 100
0.39084 -0.0876 -0.044807 0
0.397794 -0.0833 -0.0456043 0
0.402861 -0.0784 -0.0461852 0
0.406835 -0.0733 -0.0466408 0
0.411703 -0.0682 -0.0471988 0
0.416571 -0.063 -0.0477569 100
0.42134 -0.0577 -0.0483036 100
0.427997 -0.0525 -0.0490668 100
0.434653 -0.0471 -0.0498299 100
0.440217 -0.0414 -0.0504677 0
0.444687 -0.0356 -0.0509802 100
0.449059 -0.0296 -0.0514814 100
0.45343 -0.0235 -0.0519825 100
0.459689 -0.0173 -0.0527001 100
0.468829 -0.011 -0.0537479 100
0.47825 0.0065 -0.0513634 0
0.490977 0.0135 -0.0527303 100
0.499726 0.0208 -0.05367 100
0.507283 0.0283 -0.0544816 100
0.514839 0.036 -0.0552931 100
0.52518 0.0441 -0.0564037 100
0.534327 0.0525 -0.0573861 100
0.540492 0.0608 -0.0580482 100
0.54944 0.0696 -0.0590092 100
0.560278 0.079 -0.0601732 100
0.569923 0.0885 -0.061209 100
0.580362 0.0986 -0.0623302 100
0.591697 0.109 -0.0635476 100
0.601839 0.1197 -0.0646368 100
0.613671 0.131 -0.0659075 100
0.626398 0.143 -0.0672744 100
0.631071 0.1534 -0.0677762 100
0.648173 0.1673 -0.0696129 100
0.666865 0.1821 -0.0716205 100
0.670942 0.1934 -0.0720583 100
0.391449 -0.086 -0.0420411 0
0.398508 -0.0817 -0.0427993 0
0.40348 -0.0768 -0.0433332 0
0.408451 -0.0718 -0.0438672 0
0.412329 -0.0665 -0.0442836 0
0.417101 -0.0613 -0.0447962 100
0.42088 -0.0558 -0.045202 0
0.426547 -0.0505 -0.0458106 0
0.433209 -0.0451 -0.0465261 100
0.439672 -0.0395 -0.0472202 0
0.44514 -0.0337 -0.0478075 100
0.449614 -0.0277 -0.048288 0
0.454884 -0.0216 -0.048854 100
0.461049 -0.0154 -0.0495161 0
0.469202 -0.0091 -0.0503917 100
0.479005 0.0043 -0.0437615 100
0.490856 0.0113 -0.0448441 100
0.500615 0.0186 -0.0457357 100
0.508184 0.026 -0.0464272 100
0.515752 0.0337 -0.0471186 100
0.527105 0.0418 -0.0481558 0
0.53547 0.0501 -0.0489201 100
0.544632 0.0587 -0.0497571 100
0.555586 0.0678 -0.0507579 100
0.564449 0.0769 -0.0515676 100
0.573213 0.0863 -0.0523682 100
0.584665 0.0965 -0.0534145 100
0.594026 0.1066 -0.0542697 100
0.604283 0.1172 -0.0552068 100
0.616234 0.1286 -0.0562985 100
0.628981 0.1405 -0.0574631 100
0.640532 0.1525 -0.0585185 100
0.64601 0.1635 -0.0590189 100
0.667719 0.179 -0.0610022 100
0.391968 -0.091 -0.0358098 0
0.393262 -0.0854 -0.0359281 0
0.400233 -0.0811 -0.0365649 0
0.405212 -0.0762 -0.0370198 0
0.410192 -0.0712 -0.0374747 0
0.416067 -0.0662 -0.0380115 0
0.419852 -0.0608 -0.0383573 100
0.424632 -0.0554 -0.038794 0
0.4323 -0.0502 -0.0394945 0
0.438872 -0.0447 -0.040095 100
0.443453 -0.0389 -0.0405135 0
0.447935 -0.033 -0.0409229 0
0.453312 -0.0269 -0.0414142 100
0.459586 -0.0208 -0.0419874 0
0.468847 -0.0147 -0.0428335 100
0.474922 -0.0082 -0.0433885 100
0.478203 0.0053 -0.0415009 0
0.490955 0.0123 -0.0426076 100
0.500718 0.0195 -0.0434549 100
0.509385 0.027 -0.0442071 100
0.514865 0.0345 -0.0446827 100
0.522337 0.0424 -0.0453311 0
0.531602 0.0506 -0.0461352 100
0.539771 0.059 -0.0468442 100
0.548737 0.0678 -0.0476223 100
0.561589 0.0774 -0.0487376 100
0.573245 0.0872 -0.0497492 100
0.582809 0.097 -0.0505792 100
0.592174 0.1071 -0.051392 100
0.601439 0.1174 -0.052196 100
0.613394 0.1287 -0.0532336 100
0.62515 0.1403 -0.0542538 100
0.630928 0.1509 -0.0547553 100
0.648064 0.1646 -0.0562424 100
0.665897 0.1791 -0.05779 100
0.669085 0.19 -0.0580667 100
0.393521 -0.0848 -0.0341518 0
0.399498 -0.0803 -0.0346706 100
0.405476 -0.0756 -0.0351893 0
0.410457 -0.0706 -0.0356216 0
0.414343 -0.0653 -0.0359588 0
0.419125 -0.0601 -0.0363738 100
0.42291 -0.0546 -0.0367024 0
0.428589 -0.0492 -0.0371952 100
0.436161 -0.0439 -0.0378523 0
0.442736 -0.0383 -0.0384229 0
0.447119 -0.0324 -0.0388034 100
0.451503 -0.0264 -0.0391838 100
0.456883 -0.0203 -0.0396507 0
0.464056 -0.0141 -0.0402732 100
0.471129 -0.0077 -0.0408871 0
0.483531 0.0063 -0.0377151 100
0.50028 0.0135 -0.0390215 100
0.508057 0.0208 -0.0396281 100
0.514637 0.0283 -0.0401413 100
0.521217 0.036 -0.0406545 100
0.530588 0.0442 -0.0413855 100
0.538863 0.0525 -0.042031 100
0.547936 0.0611 -0.0427386 0
0.559899 0.0704 -0.0436718 100
0.571664 0.0801 -0.0445894 100
0.582331 0.0899 -0.0454214 100
0.591902 0.0999 -0.0461679 100
0.602171 0.1103 -0.0469689 100
0.613337 0.1213 -0.0478399 100
0.624204 0.1325 -0.0486875 100
0.634971 0.1441 -0.0495273 100
0.647434 0.1565 -0.0504994 100
0.652917 0.1676 -0.0509271 100
0.673654 0.183 -0.0525445 100
0.391012 -0.0929 -0.0304987 0
0.397094 -0.0885 -0.030973 0
0.401181 -0.0835 -0.0312919 100
0.406266 -0.0786 -0.0316885 0
0.411251 -0.0736 -0.0320773 0
0.417133 -0.0687 -0.0325361 0
0.421021 -0.0632 -0.0328394 0
0.425807 -0.0579 -0.0332126 0
0.433483 -0.0527 -0.0338114 0
0.439166 -0.0472 -0.0342546 0
0.442755 -0.0413 -0.0345346 0
0.447242 -0.0354 -0.0348845 100
0.452625 -0.0295 -0.0353044 100
0.459006 -0.0234 -0.0358021 100
0.468278 -0.0173 -0.0365253 100
0.476453 -0.0109 -0.037163 100
0.483928 0.0008 -0.0322273 0
0.488817 0.0077 -0.0325529 100
0.4967 0.0148 -0.0330778 100
0.506378 0.0222 -0.0337224 100
0.513962 0.0297 -0.0342274 100
0.52354 0.0376 -0.0348653 100
0.53282 0.0458 -0.0354833 100
0.539106 0.0539 -0.0359019 100
0.54629 0.0624 -0.0363803 100
0.558164 0.0717 -0.037171 100
0.568042 0.081 -0.0378289 100
0.577621 0.0907 -0.0384668 100
0.589095 0.101 -0.0392309 100
0.601368 0.1118 -0.0400482 100
0.612543 0.1227 -0.0407925 100
0.622421 0.1338 -0.0414503 100
0.634095 0.1456 -0.0422277 100
0.648563 0.1585 -0.0431912 100
0.653951 0.1696 -0.04355 100
0.674606 0.185 -0.0449255 100
0.392131 -0.0935 -0.0261141 100
0.398318 -0.089 -0.0265261 0
0.401511 -0.0839 -0.0267387 0
0.405502 -0.0788 -0.0270045 0
0.410491 -0.0738 -0.0273367 0
0.416478 -0.0689 -0.0277354 100
0.420269 -0.0635 -0.0279879 0
0.42416 -0.058 -0.0282471 0
0.430846 -0.0528 -0.0286923 0
0.436433 -0.0473 -0.0290644 0
0.441123 -0.0416 -0.0293767 0
0.446611 -0.0358 -0.0297421 0
0.451999 -0.0299 -0.030101 100
0.459382 -0.0239 -0.0305927 100
0.467664 -0.0178 -0.0311442 100
0.47385 -0.0114 -0.0315562 100
0.486337 0.001 -0.0254027 100
0.494226 0.0079 -0.0258148 100
0.504113 0.0152 -0.0263312 100
0.511802 0.0226 -0.0267329 100
0.518393 0.0301 -0.0270771 100
0.52788 0.0381 -0.0275727 0
0.537268 0.0463 -0.028063 0
0.544558 0.0546 -0.0284438 100
0.552647 0.0632 -0.0288663 100
0.563632 0.0725 -0.02944 100
0.574417 0.0821 -0.0300034 100
0.586001 0.0921 -0.0306085 100
0.596487 0.1023 -0.0311562 100
0.605774 0.1126 -0.0316413 100
0.617858 0.1238 -0.0322724 100
0.629741 0.1354 -0.0328931 100
0.635633 0.146 -0.0332009 100
0.653909 0.1598 -0.0341555 100
0.671884 0.1742 -0.0350944 100
0.678076 0.186 -0.0354178 100
0.392265 -0.0946 -0.0204891 100
0.397458 -0.09 -0.0207603 0
0.401553 -0.085 -0.0209742 0
0.406646 -0.0802 -0.0212402 0
0.411639 -0.0752 -0.021501 0
0.415633 -0.0699 -0.0217097 0
0.420527 -0.0647 -0.0219653 0
0.426319 -0.0595 -0.0222678 0
0.43301 -0.0543 -0.0226173 100
0.439701 -0.0489 -0.0229668 0
0.443296 -0.0431 -0.0231546 100
0.448888 -0.0373 -0.0234467 0
0.454281 -0.0313 -0.0237283 0
0.459673 -0.0252 -0.02401 0
0.467962 -0.0191 -0.024443 100
0.476151 -0.0128 -0.0248707 0
0.483482 0.0035 -0.0223776 100
0.500364 0.0107 -0.023159 100
0.508156 0.0179 -0.0235196 100
0.514849 0.0254 -0.0238294 100
0.52344 0.0332 -0.024227 100
0.531831 0.0412 -0.0246154 100
0.539223 0.0493 -0.0249575 100
0.547414 0.0578 -0.0253366 0
0.558402 0.0669 -0.0258452 0
0.568292 0.0761 -0.0263029 100
0.578081 0.0857 -0.026756 100
0.590668 0.096 -0.0273386 100
0.601057 0.1063 -0.0278194 100
0.612245 0.1172 -0.0283373 100
0.622334 0.1281 -0.0288042 100
0.634121 0.1398 -0.0293498 100
0.648606 0.1526 -0.0300202 100
0.661891 0.1655 -0.0306351 100
0.664389 0.176 -0.0307507 100
0.675377 0.1891 -0.0312593 100
0.396076 -0.0921 -0.0183321 0
0.399273 -0.0869 -0.01848 0
0.404267 -0.0822 -0.0187112 0
0.409362 -0.0772 -0.018947 0
0.414356 -0.0722 -0.0191782 0
0.419251 -0.067 -0.0194047 0
0.425045 -0.0619 -0.0196729 0
0.432837 -0.0568 -0.0200335 100
0.437532 -0.0512 -0.0202508 0
0.442227 -0.0455 -0.0204681 0
0.446722 -0.0397 -0.0206762 0
0.451217 -0.0337 -0.0208842 100
0.456711 -0.0277 -0.0211385 100
0.465002 -0.0217 -0.0215223 0
0.473193 -0.0155 -0.0219014 100
0.478388 -0.0089 -0.0221418 100
0.487653 0.0026 -0.0183928 100
0.494548 0.0095 -0.0186529 0
0.503342 0.0167 -0.0189845 100
0.511037 0.0241 -0.0192748 100
0.518631 0.0317 -0.0195612 0
0.527125 0.0397 -0.0198816 100
0.535519 0.0478 -0.0201982 100
0.542714 0.0561 -0.0204695 100
0.551808 0.0649 -0.0208125 100
0.563699 0.0743 -0.021261 100
0.574492 0.0839 -0.0216681 100
0.585084 0.0938 -0.0220676 100
0.595577 0.104 -0.0224634 100
0.603871 0.1142 -0.0227762 100
0.614963 0.1252 -0.0231945 100
0.626854 0.1368 -0.0236431 100
0.63265 0.1473 -0.0238617 100
0.650937 0.1612 -0.0245514 100
0.668924 0.1756 -0.0252298 100
0.676019 0.1876 -0.0254974 100
0.39412 -0.0877 -0.014865 0
0.401115 -0.0834 -0.0151288 100
0.40721 -0.0788 -0.0153588 0
0.411208 -0.0736 -0.0155095 0
0.416104 -0.0685 -0.0156942 0
0.421001 -0.0633 -0.0158789 0
0.425797 -0.0579 -0.0160598 0
0.433492 -0.0528 -0.01635 0
0.439188 -0.0473 -0.0165648 0
0.444784 -0.0416 -0.0167759 0
0.45028 -0.0358 -0.0169832 0
0.455676 -0.0298 -0.0171867 100
0.462071 -0.0237 -0.0174279 100
0.470366 -0.0176 -0.0177408 100
0.47756 -0.0112 -0.0180121 100
0.487785 0.0029 -0.0144771 100
0.495682 0.0099 -0.0147115 100
0.506477 0.0171 -0.0150319 100
0.513174 0.0246 -0.0152307 100
0.520771 0.0322 -0.0154561 0
0.530267 0.0402 -0.0157379 0
0.539562 0.0485 -0.0160138 100
0.547759 0.057 -0.0162571 100
0.558854 0.066 -0.0165864 100
0.56875 0.0752 -0.0168801 100
0.577546 0.0846 -0.0171412 100
0.589141 0.0947 -0.0174853 100
0.599636 0.105 -0.0177968 100
0.608932 0.1154 -0.0180727 100
0.621926 0.1269 -0.0184583 100
0.63572 0.139 -0.0188677 100
0.649314 0.1515 -0.0192712 100
0.662608 0.1644 -0.0196658 100
0.667006 0.1754 -0.0197963 100
0.686698 0.1908 -0.0203807 100
0.394726 -0.0897 -0.0117152 0
0.402823 -0.0857 -0.0119555 0
0.406921 -0.0806 -0.0120771 0
0.410919 -0.0755 -0.0121958 0
0.414917 -0.0702 -0.0123145 0
0.419815 -0.065 -0.0124598 0
0.425613 -0.0599 -0.0126319 100
0.43241 -0.0547 -0.0128336 0
0.439007 -0.0493 -0.0130294 100
0.444704 -0.0437 -0.0131985 100
0.448203 -0.0377 -0.0133023 0
0.4537 -0.0318 -0.0134655 0
0.460097 -0.0258 -0.0136554 100
0.468394 -0.0197 -0.0139016 0
0.47659 -0.0134 -0.0141449 100
0.490921 0.0039 -0.00882618 100
0.499819 0.011 -0.00898616 100
0.508618 0.0183 -0.00914435 100
0.521816 0.0333 -0.00938163 100
0.530314 0.0413 -0.00953443 100
0.538613 0.0495 -0.00968363 100
0.545812 0.0578 -0.00981306 100
0.55391 0.0665 -0.00995866 100
0.564809 0.0758 -0.0101546 100
0.576607 0.0856 -0.0103667 100
0.588205 0.0957 -0.0105752 100
0.599603 0.1061 -0.0107802 100
0.608902 0.1165 -0.0109473 100
0.6199 0.1276 -0.0111451 100
0.632698 0.1395 -0.0113752 100
0.637497 0.1499 -0.0114614 100
0.653794 0.1633 -0.0117545 100
0.672691 0.1781 -0.0120942 100
0.67979 0.1901 -0.0122218 100
0.401335 -0.0885 -0.00721554 0
0.407434 -0.0839 -0.00732519 0
0.409534 -0.0784 -0.00736294 0
0.413533 -0.0732 -0.00743484 0
0.418432 -0.0681 -0.00752292 0
0.425231 -0.0631 -0.00764516 100
0.43203 -0.058 -0.0077674 0
0.437829 -0.0525 -0.00787166 0
0.441429 -0.0468 -0.00793637 0
0.446028 -0.041 -0.00801906 0
0.450527 -0.0351 -0.00809995 0
0.455026 -0.029 -0.00818084 100
0.462325 -0.0231 -0.00831207 0
0.477623 -0.0171 -0.0085871 100
0.482822 -0.0106 -0.00868057 100
0.490981 0.0046 -0.00428473 100
0.506881 0.0119 -0.00442348 100
0.51358 0.0192 -0.00448195 100
0.51928 0.0267 -0.00453169 100
0.52788 0.0345 -0.00460674 100
0.538279 0.0427 -0.00469749 100
0.546579 0.0511 -0.00476992 100
0.555779 0.0598 -0.00485021 100
0.566778 0.069 -0.0049462 100
0.579678 0.0788 -0.00505877 100
0.589378 0.0885 -0.00514342 100
0.597977 0.0983 -0.00521847 100
0.608377 0.1088 -0.00530922 100
0.613577 0.1186 -0.0053546 100
0.630476 0.131 -0.00550208 100
0.650075 0.1446 -0.00567312 100
0.654875 0.1552 -0.00571501 100
0.672474 0.1794 -0.0058686 100
0.677574 0.1909 -0.0059131 100
0.399185 -0.0933 -0.00348363 0
0.405385 -0.0888 -0.00353774 0
0.408484 -0.0835 -0.00356479 0
0.413584 -0.0786 -0.0036093 100
0.416584 -0.0731 -0.00363547 0
0.420584 -0.0678 -0.00367038 100
0.426384 -0.0626 -0.00372099 0
0.433183 -0.0575 -0.00378034 0
0.439883 -0.0521 -0.0038388 100
0.444583 -0.0464 -0.00387982 100
0.449183 -0.0406 -0.00391996 100
0.454683 -0.0347 -0.00396796 100
0.461082 -0.0287 -0.00402381 100
0.468482 -0.0226 -0.00408838 100
0.475682 -0.0163 -0.00415121 100
0.480882 -0.0097 -0.00419659 100
0.493992 0.0039 0.002759 100
0.501892 0.011 0.00280312 100
0.509692 0.0183 0.00284669 100
0.518392 0.0258 0.00289528 100
0.528892 0.0338 0.00295392 100
0.537392 0.0419 0.00300139 100
0.543692 0.05 0.00303658 100
0.552891 0.0587 0.00308796 100
0.562891 0.0677 0.00314381 100
0.572791 0.0771 0.0031991 100
0.584591 0.087 0.00326501 100
0.595091 0.0971 0.00332365 100
0.605491 0.1075 0.00338173 100
0.61669 0.1184 0.00344428 100
0.62679 0.1294 0.00350069 100
0.63859 0.1412 0.0035666 100
0.65019 0.1533 0.00363138 100
0.66249 0.166 0.00370008 100
0.66689 0.1771 0.00372465 100
0.685489 0.1923 0.00382853 100
0.403994 -0.0906 0.00225635 0
0.409094 -0.0857 0.00228483 0
0.412194 -0.0804 0.00230215 100
0.416294 -0.0752 0.00232505 0
0.421193 -0.07 0.00235241 0
0.426093 -0.0647 0.00237978 100
0.432893 -0.0595 0.00241776 0
0.438693 -0.0541 0.00245015 100
0.443393 -0.0484 0.0024764 100
0.447993 -0.0426 0.00250209 100
0.451493 -0.0365 0.00252164 0
0.456993 -0.0306 0.00255236 100
0.464393 -0.0245 0.00259369 100
0.473593 -0.0184 0.00264507 100
0.480892 -0.0119 0.00268584 100
0.48997 0.0022 0.00538772 100
0.505869 0.0094 0.00556255 100
0.512669 0.0166 0.00563732 100
0.520369 0.0242 0.00572198 100
0.528968 0.032 0.00581654 100
0.537468 0.04 0.00591 100
0.543867 0.0481 0.00598037 100
0.553067 0.0567 0.00608153 100
0.565166 0.0659 0.00621457 100
0.577065 0.0755 0.00634542 100
0.587765 0.0853 0.00646307 100
0.599364 0.0955 0.00659061 100
0.611763 0.1062 0.00672696 100
0.622062 0.117 0.00684021 100
0.631162 0.1278 0.00694027 100
0.642961 0.1396 0.00707001 100
0.65456 0.1517 0.00719756 100
0.66016 0.1628 0.00725913 100
0.682059 0.1783 0.00749993 100
0.395476 -0.096 0.00434866 28
0.403576 -0.0921 0.00443772 0
0.406775 -0.0868 0.00447291 0
0.411875 -0.0819 0.00452899 100
0.416975 -0.0769 0.00458506 100
0.420975 -0.0716 0.00462904 0
0.426874 -0.0665 0.00469392 100
0.432674 -0.0612 0.00475769 0
0.437474 -0.0557 0.00481047 100
0.443173 -0.0501 0.00487314 0
0.448773 -0.0444 0.00493471 100
0.453373 -0.0385 0.00498529 100
0.457872 -0.0325 0.00503477 100
0.464172 -0.0264 0.00510404 100
0.473571 -0.0203 0.0052074 0
0.481771 -0.014 0.00529756 100
0.486871 -0.0073 0.00535364 100
0.49984 0.0058 0.0126523 100
0.512636 0.0131 0.0129762 100
0.519434 0.0205 0.0131483 100
0.529031 0.0283 0.0133912 100
0.537628 0.0363 0.0136088 100
0.545025 0.0445 0.0137961 100
0.554322 0.053 0.0140314 100
0.565419 0.0621 0.0143123 100
0.575416 0.0713 0.0145653 100
0.586212 0.081 0.0148386 100
0.595909 0.0909 0.0150841 100
0.606406 0.1012 0.0153498 100
0.618702 0.1121 0.015661 100
0.629898 0.1232 0.0159444 100
0.640795 0.1347 0.0162202 100
0.652491 0.1467 0.0165163 100
0.662688 0.1686 0.0167744 100
0.666087 0.1794 0.0168604 100
0.680782 0.1936 0.0172324 1
0.393374 -0.1001 0.00995735 100
0.401471 -0.0962 0.0101623 100
0.40577 -0.0912 0.0102711 100
0.407969 -0.0858 0.0103268 0
0.412068 -0.0806 0.0104305 0
0.417066 -0.0756 0.0105571 0
0.421065 -0.0702 0.0106583 100
0.425964 -0.0649 0.0107823 100
0.433761 -0.0599 0.0109797 0
0.439459 -0.0545 0.0111239 100
0.443158 -0.0487 0.0112175 100
0.447857 -0.0428 0.0113364 100
0.452355 -0.0369 0.0114503 0
0.456854 -0.0309 0.0115642 100
0.464151 -0.0248 0.0117489 100
0.473448 -0.0187 0.0119842 100
0.484645 -0.0124 0.0122677 100
0.491732 0.0039 0.0162265 100
0.508623 0.0112 0.0167839 100
0.516419 0.0186 0.0170411 100
0.525014 0.0263 0.0173248 100
0.53361 0.0342 0.0176084 100
0.540106 0.0422 0.0178228 100
0.548401 0.0505 0.0180965 100
0.558596 0.0594 0.0184329 100
0.570589 0.0687 0.0188287 100
0.583382 0.0785 0.0192509 100
0.593177 0.0883 0.0195741 100
0.601673 0.0982 0.0198544 100
0.613066 0.1089 0.0202304 100
0.623261 0.1197 0.0205668 100
0.633255 0.1308 0.0208966 100
0.646048 0.1429 0.0213188 100
0.659541 0.1556 0.021764 100
0.670935 0.1682 0.02214 100
0.673333 0.1788 0.0222191 100
0.689025 0.1934 0.0227369 1
0.392686 -0.1022 0.0129581 100
0.398983 -0.0979 0.0131659 100
0.403181 -0.093 0.0133044 100
0.408378 -0.0882 0.0134759 0
0.412475 -0.0831 0.0136112 0
0.415574 -0.0777 0.0137134 100
0.420571 -0.0726 0.0138783 100
0.428467 -0.0678 0.0141388 100
0.435263 -0.0626 0.0143631 100
0.44006 -0.0571 0.0145214 100
0.444758 -0.0514 0.0146764 0
0.448456 -0.0454 0.0147985 0
0.453053 -0.0395 0.0149502 0
0.45855 -0.0335 0.0151316 100
0.464947 -0.0275 0.0153426 100
0.473242 -0.0213 0.0156164 100
0.479539 -0.0149 0.0158242 100
0.486635 -0.0083 0.0160583 100
0.497397 0.0002 0.0245008 100
0.505287 0.0073 0.0248895 100
0.512179 0.0145 0.0252289 100
0.51987 0.022 0.0256078 100
0.528559 0.0298 0.0260358 100
0.537049 0.0378 0.026454 100
0.543441 0.0459 0.0267689 100
0.551631 0.0544 0.0271723 100
0.561719 0.0634 0.0276692 100
0.573704 0.0729 0.0282596 100
0.58549 0.0827 0.0288401 100
0.596077 0.0927 0.0293616 100
0.605566 0.1029 0.029829 100
0.615853 0.1136 0.0303357 100
0.626041 0.1245 0.0308376 100
0.637827 0.1362 0.0314181 100
0.65151 0.1486 0.0320921 100
0.663895 0.1613 0.0327022 100
0.667391 0.1721 0.0328744 100
0.683272 0.1864 0.0336566 100
0.391226 -0.1029 0.019271 0
0.398417 -0.0989 0.0196252 0
0.403711 -0.0942 0.019886 100
0.406907 -0.0889 0.0200434 0
0.411002 -0.0838 0.0202451 100
0.416095 -0.0788 0.0204961 100
0.421089 -0.0737 0.0207421 100
0.427981 -0.0687 0.0210815 100
0.434873 -0.0636 0.021421 100
0.440666 -0.0582 0.0217063 100
0.444361 -0.0523 0.0218884 100
0.449056 -0.0465 0.0221196 100
0.452651 -0.0405 0.0222967 100
0.459143 -0.0346 0.0226165 100
0.467533 -0.0287 0.0230298 100
0.474924 -0.0224 0.0233938 100
0.480118 -0.016 0.0236497 100
0.485312 -0.0093 0.0239055 100
0.495246 0.0005 0.0273417 100
0.502135 0.0076 0.0277221 100
0.509025 0.0148 0.0281024 100
0.516713 0.0223 0.0285269 100
0.526299 0.0301 0.0290561 100
0.534786 0.0381 0.0295247 100
0.541176 0.0462 0.0298775 100
0.550462 0.0547 0.0303901 100
0.560546 0.0637 0.0309469 100
0.570531 0.0729 0.0314981 100
0.581315 0.0826 0.0320935 100
0.591899 0.0926 0.0326778 100
0.602383 0.1029 0.0332566 100
0.613666 0.1137 0.0338795 100
0.624749 0.1248 0.0344914 100
0.649211 0.1487 0.0358419 100
0.660694 0.1611 0.0364758 100
0.665087 0.1721 0.0367184 100
0.681862 0.1867 0.0376445 100
0.391504 -0.1013 0.0216143 100
0.397794 -0.097 0.0219616 0
0.402986 -0.0923 0.0222482 0
0.40718 -0.0873 0.0224798 100
0.411274 -0.0822 0.0227058 0
0.416266 -0.0771 0.0229814 100
0.422257 -0.0721 0.0233121 100
0.429146 -0.0671 0.0236925 0
0.434938 -0.0618 0.0240122 100
0.43973 -0.0562 0.0242768 100
0.443525 -0.0504 0.0244863 0
0.448118 -0.0446 0.0247399 100
0.452711 -0.0386 0.0249934 0
0.457104 -0.0326 0.025236 100
0.463494 -0.0265 0.0255888 100
0.47288 -0.0204 0.0261069 100
0.480069 -0.014 0.0265038 100
0.485161 -0.0073 0.026785 100
0.500017 0.0066 0.0313708 100
0.514788 0.0139 0.0322975 100
0.522573 0.0213 0.0327859 100
0.532154 0.029 0.033387 100
0.540637 0.037 0.0339193 100
0.546126 0.045 0.0342637 100
0.55431 0.0533 0.0347771 100
0.565488 0.0623 0.0354784 100
0.576467 0.0716 0.0361672 100
0.587245 0.0812 0.0368434 100
0.598922 0.0912 0.0375761 100
0.6104 0.1016 0.0382961 100
0.620779 0.1122 0.0389474 100
0.631858 0.1232 0.0396424 100
0.644732 0.135 0.0404501 100
0.656509 0.1469 0.041189 100
0.668985 0.1594 0.0419717 100
0.673476 0.1704 0.0422535 100
0.694235 0.1859 0.0435559 100
0.39173 -0.1116 0.0245769 0
0.397019 -0.1072 0.0249088 0
0.401411 -0.1024 0.0251843 100
0.405702 -0.0976 0.0254535 100
0.409894 -0.0926 0.0257165 100
0.414086 -0.0876 0.0259795 0
0.418178 -0.0824 0.0262362 100
0.423168 -0.0774 0.0265493 100
0.430054 -0.0725 0.0269814 0
0.435943 -0.0673 0.0273508 100
0.44263 -0.0559 0.0277703 100
0.44732 -0.0502 0.0280646 0
0.451911 -0.0444 0.0283527 100
0.458499 -0.0387 0.0287659 100
0.466882 -0.0329 0.0292919 100
0.473269 -0.0268 0.0296927 100
0.477661 -0.0205 0.0299682 100
0.482851 -0.014 0.0302938 100
0.489937 -0.0074 0.0307384 100
0.499973 0.0068 0.0320689 100
0.51574 0.0143 0.0330803 100
0.524422 0.0219 0.0336371 100
0.532107 0.0297 0.03413 100
0.539591 0.0377 0.0346101 100
0.548972 0.0461 0.0352118 100
0.559151 0.0548 0.0358647 100
0.570228 0.064 0.0365752 100
0.57921 0.0732 0.0371513 100
0.587992 0.0827 0.0377146 100
0.596674 0.0925 0.0382715 100
0.60815 0.103 0.0390076 100
0.620325 0.114 0.0397885 100
0.631402 0.1253 0.040499 100
0.644276 0.1372 0.0413247 100
0.657848 0.1498 0.0421953 100
0.669225 0.1623 0.042925 100
0.672718 0.1731 0.043149 100
0.688585 0.1875 0.0441668 100
0.392493 -0.1086 0.0251751 0
0.395886 -0.1036 0.0253927 100
0.400178 -0.0987 0.0256679 100
0.404469 -0.0938 0.0259432 0
0.409658 -0.089 0.026276 100
0.414748 -0.084 0.0266025 100
0.420735 -0.0791 0.0269865 0
0.427721 -0.0742 0.0274346 100
0.433709 -0.069 0.0278187 0
0.437501 -0.0634 0.0280619 0
0.442391 -0.0577 0.0283755 100
0.447081 -0.052 0.0286764 100
0.451772 -0.0461 0.0289772 0
0.455264 -0.0401 0.0292013 100
0.461751 -0.0341 0.0296173 100
0.470234 -0.0281 0.0301614 100
0.476521 -0.0218 0.0305647 100
0.48181 -0.0153 0.0309039 100
0.489893 -0.0087 0.0314224 100
0.509548 0.003 0.038492 100
0.516429 0.0103 0.0390118 100
0.527198 0.0179 0.0398253 100
0.535873 0.0257 0.0404806 100
0.541457 0.0336 0.0409025 100
0.548836 0.0418 0.0414599 100
0.559107 0.0504 0.0422357 100
0.569278 0.0594 0.0430041 100
0.580346 0.0687 0.0438402 100
0.589221 0.0782 0.0445106 100
0.598894 0.088 0.0452413 100
0.611358 0.0986 0.0461829 100
0.620731 0.109 0.0468909 100
0.630902 0.1199 0.0476593 100
0.643865 0.1318 0.0486385 100
0.656529 0.144 0.0495952 100
0.669094 0.1565 0.0505443 100
0.672683 0.1673 0.0508155 100
0.689535 0.1818 0.0520885 100
0.393279 -0.112 0.0297089 0
0.398664 -0.1075 0.0301157 0
0.402054 -0.1024 0.0303718 100
0.406342 -0.0975 0.0306957 0
0.411527 -0.0927 0.0310874 100
0.414718 -0.0873 0.0313284 100
0.420801 -0.0824 0.0317879 100
0.427781 -0.0776 0.0323152 100
0.433764 -0.0724 0.0327672 100
0.43865 -0.067 0.0331363 100
0.443536 -0.0614 0.0335054 100
0.447325 -0.0555 0.0337916 100
0.451015 -0.0496 0.0340703 100
0.454605 -0.0436 0.0343415 100
0.461186 -0.0377 0.0348387 100
0.471556 -0.0319 0.035622 100
0.478935 -0.0257 0.0361795 100
0.48422 -0.0192 0.0365787 100
0.4914 -0.0126 0.0371211 100
0.504349 0.0005 0.0408447 100
0.511226 0.0077 0.0414017 100
0.518104 0.0151 0.0419587 100
0.527772 0.0227 0.0427417 100
0.536344 0.0306 0.0434359 100
0.54382 0.0387 0.0440413 100
0.551195 0.047 0.0446386 100
0.560365 0.0557 0.0453812 100
0.570432 0.0648 0.0461965 100
0.581397 0.0743 0.0470845 100
0.592161 0.0841 0.0479562 100
0.600733 0.0939 0.0486504 100
0.612196 0.1045 0.0495787 100
0.622462 0.1152 0.0504102 100
0.632529 0.1263 0.0512254 100
0.645287 0.1382 0.0522587 100
0.65984 0.151 0.0534372 100
0.671203 0.1636 0.0543574 100
0.675688 0.1747 0.0547207 100
0.695224 0.1902 0.0563028 100
0.39411 -0.1085 0.031917 0
0.399392 -0.1039 0.0323448 0
0.403778 -0.0991 0.0327 100
0.407964 -0.0941 0.033039 100
0.412151 -0.089 0.0333781 100
0.418231 -0.0842 0.0338705 100
0.425308 -0.0794 0.0344436 0
0.430291 -0.0741 0.0348472 100
0.435175 -0.0687 0.0352427 100
0.440059 -0.0632 0.0356382 100
0.443847 -0.0574 0.035945 100
0.447634 -0.0515 0.0362517 0
0.452219 -0.0457 0.036623 100
0.458798 -0.0398 0.0371558 100
0.466273 -0.0339 0.0377612 100
0.474646 -0.0279 0.0384393 100
0.480925 -0.0215 0.0389478 100
0.487205 -0.0149 0.0394563 100
0.495278 -0.0082 0.0401102 100
0.508977 0.0057 0.045425 100
0.524714 0.0133 0.0468295 100
0.532484 0.021 0.0475229 100
0.540053 0.0289 0.0481985 100
0.54852 0.0372 0.0489541 100
0.557883 0.0457 0.0497897 100
0.569138 0.0547 0.0507942 100
0.580194 0.0641 0.0517809 100
0.589158 0.0735 0.052581 100
0.59892 0.0833 0.0534521 100
0.610474 0.0937 0.0544833 100
0.620832 0.1043 0.0554078 100
0.631092 0.1152 0.0563234 100
0.643144 0.1267 0.057399 100
0.656889 0.1391 0.0586258 100
0.667447 0.1512 0.0595681 100
0.672128 0.1623 0.0599859 100
0.690954 0.1772 0.061666 100
0.391743 -0.1158 0.0349621 100
0.397221 -0.1113 0.035451 0
0.401604 -0.1065 0.0358422 100
0.405887 -0.1015 0.0362244 0
0.410269 -0.0965 0.0366156 100
0.414453 -0.0913 0.0369889 100
0.419632 -0.0862 0.0374512 100
0.4276 -0.0816 0.0381623 0
0.434573 -0.0766 0.0387846 100
0.438557 -0.071 0.0391402 100
0.443437 -0.0654 0.0395757 100
0.447322 -0.0595 0.0399224 100
0.452003 -0.0536 0.0403402 100
0.457681 -0.0478 0.0408469 100
0.465251 -0.0419 0.0415225 100
0.472721 -0.0359 0.0421892 100
0.478199 -0.0295 0.0426782 100
0.484574 -0.0231 0.0432471 100
0.491745 -0.0165 0.0438871 100
0.500909 -0.0097 0.0447049 100
0.509753 0.0059 0.0479166 100
0.526479 0.0135 0.0494888 100
0.535241 0.0212 0.0503124 100
0.541812 0.0291 0.0509301 100
0.549279 0.0373 0.051632 100
0.559633 0.0459 0.0526053 100
0.571879 0.055 0.0537564 100
0.58293 0.0643 0.0547952 100
0.591791 0.0737 0.0556281 100
0.600652 0.0834 0.056461 100
0.611206 0.0936 0.0574531 100
0.622655 0.1043 0.0585293 100
0.63281 0.1152 0.0594839 100
0.637988 0.1254 0.0599706 100
0.653718 0.138 0.0614492 100
0.672137 0.1518 0.0631806 100
0.683587 0.1645 0.0642568 100
0.698521 0.1785 0.0656607 100
0.39028 -0.1166 0.0366861 0
0.396651 -0.1124 0.0372851 0
0.401132 -0.1076 0.0377062 0
0.405413 -0.1027 0.0381086 100
0.409794 -0.0977 0.0385204 100
0.414971 -0.0928 0.0390071 100
0.421044 -0.088 0.0395779 100
0.427117 -0.083 0.0401488 100
0.43319 -0.0779 0.0407197 100
0.438168 -0.0725 0.0411876 100
0.442051 -0.0667 0.0415526 100
0.445934 -0.0609 0.0419176 100
0.449718 -0.055 0.0422733 0
0.456388 -0.0494 0.0429003 100
0.46495 -0.0437 0.0437051 100
0.472417 -0.0377 0.044407 100
0.477893 -0.0314 0.0449218 100
0.484265 -0.025 0.0455207 100
0.49452 -0.0186 0.0464847 100
0.501688 -0.0118 0.0471585 100
0.514082 0.0016 0.0548488 100
0.521938 0.009 0.0556869 100
0.530688 0.0166 0.0566205 100
0.538345 0.0245 0.0574374 100
0.545902 0.0325 0.0582437 100
0.556342 0.041 0.0593577 100
0.566584 0.0498 0.0604504 100
0.576727 0.0589 0.0615325 100
0.58677 0.0682 0.062604 100
0.597608 0.078 0.0637604 100
0.607253 0.088 0.0647895 100
0.617794 0.0984 0.065914 100
0.62903 0.1093 0.0671129 100
0.641161 0.1207 0.0684072 100
0.652099 0.1323 0.0695742 100
0.663733 0.1445 0.0708154 100
0.677256 0.1574 0.0722583 100
0.681731 0.1686 0.0727357 100
0.698535 0.1832 0.0745286 100
0.394561 -0.1179 0.0420967 100
0.399035 -0.1132 0.0425741 100
0.402516 -0.1081 0.0429454 100
0.405896 -0.1029 0.0433062 0
0.411166 -0.0981 0.0438684 0
0.416436 -0.0931 0.0444307 100
0.423496 -0.0885 0.045184 100
0.429562 -0.0835 0.0458311 100
0.434633 -0.0781 0.0463722 100
0.439605 -0.0726 0.0469026 100
0.443483 -0.0669 0.0473164 100
0.447361 -0.0611 0.0477301 100
0.45114 -0.0551 0.0481333 100
0.458796 -0.0495 0.0489502 100
0.468342 -0.0439 0.0499686 100
0.474805 -0.0377 0.0506582 100
0.47928 -0.0313 0.0511356 100
0.486638 -0.0249 0.0519207 100
0.49688 -0.0184 0.0530134 100
0.504039 -0.0116 0.0537773 100
0.511638 0.0016 0.0587462 100
0.528428 0.0091 0.060674 100
0.53419 0.0167 0.0613356 100
0.54184 0.0246 0.0622139 100
0.550384 0.0327 0.0631949 100
0.560815 0.0412 0.0643926 100
0.572042 0.0501 0.0656816 100
0.582175 0.0593 0.0668452 100
0.592209 0.0687 0.0679973 100
0.601945 0.0784 0.0691151 100
0.613668 0.0887 0.0704612 100
0.6241 0.0992 0.0716589 100
0.633438 0.1098 0.0727312 100
0.638704 0.12 0.0733358 100
0.655493 0.1327 0.0752635 100
0.673972 0.1463 0.0773852 100
0.684503 0.1587 0.0785944 100
0.69861 0.1723 0.0802142 100
0.393515 -0.1205 0.0451832 100
0.397985 -0.1158 0.0456965 100
0.401462 -0.1107 0.0460958 0
0.40484 -0.1056 0.0464836 0
0.409211 -0.1006 0.0469855 100
0.415371 -0.096 0.0476928 0
0.423517 -0.0916 0.0486281 100
0.429578 -0.0866 0.049324 100
0.434644 -0.0813 0.0499057 100
0.438718 -0.0757 0.0503734 100
0.442592 -0.07 0.0508183 100
0.446467 -0.0642 0.0512632 100
0.451335 -0.0585 0.0518221 100
0.457991 -0.0528 0.0525864 100
0.467528 -0.0473 0.0536815 100
0.474085 -0.0412 0.0544343 100
0.479549 -0.0349 0.0550617 100
0.485013 -0.0285 0.0556891 100
0.494253 -0.0221 0.0567499 100
0.502499 -0.0154 0.0576967 100
0.508559 -0.0084 0.0583926 100
0.51405 0.0016 0.0638461 100
0.523875 0.009 0.0650664 100
0.532608 0.0167 0.066151 100
0.537272 0.0244 0.0667303 100
0.544814 0.0325 0.067667 100
0.554241 0.0409 0.068838 100
0.563471 0.0495 0.0699842 100
0.571608 0.0584 0.0709949 100
0.582623 0.0678 0.0723631 100
0.59344 0.0775 0.0737065 100
0.603066 0.0875 0.0749021 100
0.61557 0.0981 0.0764551 100
0.626883 0.109 0.0778602 100
0.637006 0.12 0.0791174 100
0.648914 0.1318 0.0805965 100
0.660525 0.1439 0.0820386 100
0.672036 0.1563 0.0834683 100
0.677494 0.1676 0.0841462 100
0.69625 0.1827 0.0864758 100
0.392881 -0.121 0.0487967 0
0.397347 -0.1163 0.0493513 100
0.401813 -0.1115 0.049906 100
0.406179 -0.1066 0.0504483 0
0.410546 -0.1016 0.0509906 100
0.415805 -0.0967 0.0516439 100
0.42295 -0.0921 0.0525313 100
0.429004 -0.0871 0.0532832 100
0.434065 -0.0818 0.0539118 100
0.439126 -0.0764 0.0545404 100
0.443989 -0.0708 0.0551443 100
0.446966 -0.0648 0.0555141 100
0.450737 -0.0589 0.0559825 100
0.457386 -0.0532 0.0568083 100
0.466019 -0.0476 0.0578806 100
0.473561 -0.0416 0.0588173 100
0.479019 -0.0353 0.0594952 100
0.485371 -0.0289 0.0602841 100
0.494699 -0.0225 0.0614427 100
0.502936 -0.0158 0.0624657 100
0.511656 0.0045 0.0668157 100
0.527422 0.0121 0.0688746 100
0.536049 0.0198 0.0700012 100
0.542692 0.0277 0.0708687 100
0.552112 0.036 0.0720989 100
0.562425 0.0447 0.0734455 100
0.572638 0.0536 0.0747792 100
0.582752 0.0628 0.0761 100
0.592569 0.0724 0.077382 100
0.603377 0.0823 0.0787934 100
0.613888 0.0926 0.0801659 100
0.624299 0.1031 0.0815256 100
0.635504 0.1142 0.0829888 100
0.648494 0.126 0.0846851 100
0.661186 0.1382 0.0863425 100
0.671796 0.1503 0.087728 100
0.676457 0.1613 0.0883366 100
0.697181 0.1767 0.0910429 100
0.390782 -0.1201 0.0510312 0
0.396236 -0.1157 0.0517434 100
0.400698 -0.1109 0.0523261 100
0.405061 -0.106 0.0528958 100
0.409325 -0.101 0.0534526 100
0.41458 -0.0961 0.0541389 100
0.421719 -0.0915 0.0550712 100
0.427768 -0.0866 0.0558611 100
0.432825 -0.0813 0.0565215 100
0.437783 -0.0758 0.0571689 100
0.441749 -0.0701 0.0576869 100
0.445617 -0.0643 0.0581919 100
0.449484 -0.0584 0.0586969 100
0.456127 -0.0528 0.0595644 100
0.464655 -0.0471 0.060678 100
0.472191 -0.0412 0.0616621 100
0.477645 -0.0349 0.0623743 100
0.48409 -0.0285 0.063216 100
0.493312 -0.0221 0.0644202 100
0.501542 -0.0154 0.065495 100
0.506599 -0.0084 0.0661554 100
0.523115 0.0069 0.0716578 100
0.537778 0.0147 0.0736664 100
0.546397 0.0226 0.0748471 100
0.555909 0.0309 0.07615 100
0.565321 0.0394 0.0774393 100
0.573643 0.0481 0.0785793 100
0.583749 0.0573 0.0799636 100
0.593755 0.0667 0.0813343 100
0.602573 0.0764 0.0825422 100
0.615254 0.0868 0.0842794 100
0.626648 0.0974 0.0858401 100
0.637943 0.1084 0.0873873 100
0.65102 0.1201 0.0891787 100
0.661919 0.1318 0.0906716 100
0.672619 0.1438 0.0921373 100
0.678365 0.1551 0.0929245 100
0.69927 0.1702 0.0957881 100
0.393426 -0.1241 0.0538927 0
0.397884 -0.1194 0.0545034 100
0.402343 -0.1146 0.0551141 100
0.40581 -0.1094 0.0555891 100
0.41116 -0.1046 0.056322 100
0.418393 -0.1002 0.0573127 100
0.423545 -0.0952 0.0580184 100
0.427805 -0.0898 0.058602 100
0.432858 -0.0845 0.0592941 100
0.437911 -0.0791 0.0599863 100
0.442864 -0.0736 0.0606649 100
0.446728 -0.0678 0.0611942 100
0.450592 -0.0619 0.0617234 100
0.457329 -0.0562 0.0626463 100
0.465949 -0.0506 0.063827 100
0.473478 -0.0447 0.0648585 100
0.480017 -0.0385 0.0657542 100
0.48834 -0.0322 0.0668942 100
0.495671 -0.0257 0.0678985 100
0.502904 -0.019 0.0688892 100
0.509145 -0.012 0.0697442 100
0.518298 0.0027 0.0770903 100
0.526112 0.0102 0.0782525 100
0.533827 0.0179 0.0794001 100
0.540455 0.0258 0.0803858 100
0.548961 0.034 0.081651 100
0.561226 0.0427 0.0834753 100
0.572403 0.0517 0.0851377 100
0.581503 0.0608 0.0864912 100
0.589416 0.07 0.0876682 100
0.599208 0.0798 0.0891246 100
0.610781 0.0901 0.0908459 100
0.622156 0.1008 0.0925378 100
0.634322 0.112 0.0943474 100
0.645301 0.1233 0.0959804 100
0.656181 0.135 0.0975987 100
0.661028 0.1458 0.0983196 100
0.67725 0.1594 0.100732 100
0.696142 0.1742 0.103542 100
0.392285 -0.1224 0.0583474 100
0.395746 -0.1174 0.0588623 0
0.400197 -0.1126 0.0595243 100
0.404649 -0.1077 0.0601863 100
0.409891 -0.1029 0.0609661 100
0.415133 -0.098 0.0617458 100
0.421266 -0.0932 0.0626579 100
0.427398 -0.0883 0.0635701 100
0.431454 -0.0828 0.0641733 100
0.436498 -0.0774 0.0649236 100
0.440455 -0.0717 0.0655121 100
0.445301 -0.066 0.0662329 100
0.450049 -0.0603 0.0669391 100
0.456775 -0.0546 0.0679395 100
0.46538 -0.049 0.0692194 100
0.471909 -0.0429 0.0701904 100
0.47636 -0.0366 0.0708525 100
0.483778 -0.0303 0.0719559 100
0.492977 -0.0239 0.0733241 100
0.500197 -0.0171 0.074398 100
0.50633 -0.0102 0.0753102 100
0.52906 0.0039 0.0859733 100
0.535871 0.0116 0.0870801 100
0.54357 0.0194 0.0883312 100
0.552058 0.0275 0.0897106 100
0.562521 0.036 0.0914108 100
0.571799 0.0447 0.0929186 100
0.581867 0.0538 0.0945546 100
0.590948 0.0631 0.0960303 100
0.600819 0.0727 0.0976343 100
0.611479 0.0828 0.0993666 100
0.622929 0.0933 0.101227 100
0.635267 0.1044 0.103232 100
0.645434 0.1154 0.104884 100
0.65639 0.127 0.106665 100
0.668136 0.139 0.108573 100
0.673861 0.1502 0.109504 100
0.695773 0.1654 0.113065 100
0.391465 -0.1255 0.0636139 100
0.396005 -0.1208 0.0643517 100
0.400447 -0.1161 0.0650735 100
0.403902 -0.1109 0.0656349 100
0.409232 -0.1062 0.066501 100
0.416437 -0.1018 0.0676719 100
0.422557 -0.097 0.0686664 100
0.426801 -0.0917 0.0693561 100
0.431934 -0.0864 0.0701902 100
0.435981 -0.0808 0.0708478 100
0.439929 -0.0751 0.0714894 100
0.444865 -0.0695 0.0722914 100
0.450589 -0.0639 0.0732217 100
0.459275 -0.0586 0.0746332 100
0.466975 -0.0528 0.0758843 100
0.472502 -0.0467 0.0767825 100
0.479017 -0.0405 0.0778412 100
0.487407 -0.0343 0.0792045 100
0.494711 -0.0278 0.0803915 100
0.501028 -0.0211 0.081418 100
0.50616 -0.0141 0.0822521 100
0.523595 0.0014 0.0883714 100
0.529412 0.0089 0.0893533 100
0.536118 0.0166 0.090485 100
0.544795 0.0246 0.0919496 100
0.553176 0.0328 0.0933642 100
0.562544 0.0413 0.0949452 100
0.5727 0.0502 0.0966594 100
0.582758 0.0594 0.0983569 100
0.591731 0.0688 0.0998714 100
0.601493 0.0786 0.101519 100
0.614016 0.0891 0.103633 100
0.62437 0.0996 0.10538 100
0.634624 0.1105 0.107111 100
0.645668 0.1218 0.108975 100
0.658388 0.1339 0.111122 100
0.662234 0.1444 0.111771 100
0.678504 0.158 0.114517 100
0.698324 0.1731 0.117862 100
0.39314 -0.1222 0.0663535 0
0.397577 -0.1175 0.0671024 0
0.402014 -0.1126 0.0678513 100
0.408325 -0.1082 0.0689164 100
0.414537 -0.1036 0.0699649 100
0.418777 -0.0984 0.0706805 100
0.423017 -0.0931 0.0713961 100
0.428145 -0.0879 0.0722615 100
0.43416 -0.0828 0.0732767 100
0.438203 -0.0771 0.0739591 100
0.443034 -0.0716 0.0747746 100
0.446978 -0.0657 0.0754403 100
0.453684 -0.0602 0.0765719 100
0.462262 -0.0547 0.0780198 100
0.468869 -0.0488 0.0791349 100
0.472419 -0.0424 0.079734 100
0.478927 -0.0361 0.0808324 100
0.488195 -0.0299 0.0823968 100
0.497464 -0.0234 0.0839612 100
0.503578 -0.0166 0.084993 100
0.510677 -0.0096 0.0861913 100
0.530077 0.0017 0.0976699 100
0.536863 0.0093 0.0989202 100
0.544534 0.0172 0.100334 100
0.554073 0.0254 0.102091 100
0.563514 0.0338 0.103831 100
0.573742 0.0426 0.105715 100
0.582986 0.0516 0.107419 100
0.592919 0.061 0.109249 100
0.60472 0.0709 0.111423 100
0.61544 0.081 0.113399 100
0.625963 0.0915 0.115337 100
0.637273 0.1024 0.117421 100
0.647402 0.1134 0.119288 100
0.658318 0.125 0.121299 100
0.66235 0.1355 0.122042 100
0.680642 0.1493 0.125413 100
0.700508 0.1641 0.129073 100
0.392886 -0.1263 0.0723917 100
0.39741 -0.1216 0.0732253 0
0.400951 -0.1165 0.0738776 100
0.407245 -0.1121 0.0750373 100
0.414424 -0.1078 0.0763601 100
0.419734 -0.1028 0.0773386 100
0.423963 -0.0975 0.0781178 100
0.428192 -0.0921 0.078897 100
0.433208 -0.0868 0.0798211 100
0.438223 -0.0814 0.0807453 100
0.443239 -0.0758 0.0816694 100
0.449041 -0.0703 0.0827386 100
0.45681 -0.0648 0.0841701 100
0.463498 -0.0591 0.0854023 100
0.468218 -0.053 0.0862721 100
0.473726 -0.0468 0.0872868 100
0.4812 -0.0406 0.088664 100
0.490543 -0.0344 0.0903854 100
0.499787 -0.028 0.0920888 100
0.505097 -0.0211 0.0930673 100
0.511195 -0.0141 0.0941908 100
0.529802 0.0047 0.0991498 100
0.535601 0.0124 0.100235 100
0.544153 0.0203 0.101835 100
0.55467 0.0287 0.103804 100
0.564008 0.0372 0.105551 100
0.574231 0.0461 0.107464 100
0.584257 0.0553 0.109341 100
0.594184 0.0648 0.111199 100
0.60598 0.0748 0.113406 100
0.614629 0.0848 0.115025 100
0.624066 0.0952 0.116791 100
0.635271 0.1062 0.118888 100
0.647361 0.1177 0.12115 100
0.659156 0.1295 0.123358 100
0.663088 0.1401 0.124094 100
0.679307 0.1537 0.127129 100
0.697196 0.1682 0.130477 100
0.391601 -0.1266 0.0732862 100
0.396123 -0.1219 0.0741324 100
0.400546 -0.1171 0.0749602 100
0.403986 -0.1119 0.075604 100
0.410277 -0.1073 0.0767813 100
0.417453 -0.1029 0.0781241 100
0.423645 -0.0981 0.079283 100
0.427872 -0.0926 0.080074 100
0.431902 -0.0871 0.0808282 100
0.43603 -0.0815 0.0816008 100
0.439962 -0.0758 0.0823366 100
0.445859 -0.0703 0.0834403 100
0.455492 -0.0652 0.0852431 100
0.463257 -0.0595 0.0866963 100
0.46886 -0.0535 0.0877448 100
0.47348 -0.0472 0.0886094 100
0.479967 -0.0409 0.0898234 100
0.487339 -0.0346 0.0912031 100
0.495596 -0.0281 0.0927483 100
0.501887 -0.0213 0.0939256 100
0.508964 -0.0143 0.09525 100
0.520959 0.0006 0.102775 100
0.529691 0.0081 0.104497 100
0.53646 0.0158 0.105833 100
0.544015 0.0238 0.107323 100
0.555395 0.0322 0.109568 100
0.564716 0.0408 0.111407 100
0.57384 0.0497 0.113207 100
0.582866 0.0589 0.114988 100
0.590813 0.0682 0.116555 100
0.600525 0.0779 0.118472 100
0.611023 0.0882 0.120543 100
0.624268 0.0992 0.123156 100
0.637415 0.1105 0.125749 100
0.649286 0.1221 0.128091 100
0.660078 0.1339 0.13022 100
0.670673 0.146 0.13231 100
0.676266 0.1573 0.133414 100
0.695986 0.1723 0.137304 100
0.392632 -0.1274 0.0774585 100
0.397145 -0.1226 0.0783488 100
0.401658 -0.1178 0.0792392 100
0.406956 -0.1131 0.0802843 100
0.414216 -0.1088 0.0817166 100
0.420397 -0.1041 0.0829359 100
0.424714 -0.0988 0.0837876 100
0.428835 -0.0934 0.0846005 100
0.432955 -0.0878 0.0854134 100
0.437076 -0.0822 0.0862263 100
0.441981 -0.0767 0.087194 100
0.448849 -0.0713 0.0885489 100
0.4566 -0.0659 0.0900779 100
0.463271 -0.0601 0.0913941 100
0.46798 -0.054 0.0923231 100
0.472493 -0.0477 0.0932134 100
0.47995 -0.0416 0.0946844 100
0.488289 -0.0353 0.0963296 100
0.496628 -0.0288 0.0979747 100
0.50379 -0.0221 0.0993876 100
0.509971 -0.0151 0.100607 100
0.522437 0.0035 0.100416 100
0.536087 0.0113 0.10304 100
0.544729 0.0192 0.104701 100
0.554157 0.0274 0.106513 100
0.564566 0.036 0.108514 100
0.574779 0.0449 0.110477 100
0.58293 0.0539 0.112044 100
0.592848 0.0633 0.11395 100
0.604633 0.0733 0.116215 100
0.614256 0.0833 0.118065 100
0.622702 0.0935 0.119688 100
0.633995 0.1044 0.121859 100
0.646074 0.1159 0.12418 100
0.657858 0.1277 0.126445 100
0.669544 0.1399 0.128692 100
0.67524 0.1511 0.129786 100
0.695077 0.1659 0.133599 100
0.393104 -0.1273 0.0755577 100
0.397622 -0.1225 0.076426 100
0.401157 -0.1174 0.0771055 100
0.405576 -0.1125 0.0779549 100
0.410879 -0.1077 0.0789741 100
0.418048 -0.1033 0.080352 100
0.424136 -0.0984 0.0815223 100
0.429341 -0.0932 0.0825227 100
0.433466 -0.0877 0.0833154 100
0.437492 -0.082 0.0840893 100
0.440536 -0.0761 0.0846744 100
0.447312 -0.0708 0.0859768 100
0.457034 -0.0656 0.0878455 100
0.46273 -0.0598 0.0889403 100
0.467444 -0.0536 0.0898463 100
0.474023 -0.0475 0.0911109 100
0.482469 -0.0415 0.0927342 100
0.489834 -0.0351 0.0941498 100
0.496119 -0.0285 0.0953579 100
0.502306 -0.0216 0.096547 100
0.508492 -0.0147 0.0977361 100
0.516447 -0.0075 0.099265 100
