1.42665 0.0096 -0.280674 48
1.4244 0.0299 -0.28023 44
1.42184 0.05 -0.279728 43
1.42008 0.0701 -0.279381 45
1.42194 0.0905 -0.279747 51
1.42449 0.111 -0.280249 45
1.42381 0.1313 -0.280114 47
1.42675 0.152 -0.280693 48
1.43234 0.1732 -0.281794 100
1.42783 0.1932 -0.280906 51
1.42116 0.2129 -0.279593 25
1.40978 -0.2758 -0.277354 24
1.41527 -0.2561 -0.278435 30
1.41871 -0.236 -0.27911 43
1.41792 -0.2152 -0.278956 43
1.41969 -0.1949 -0.279303 43
1.42028 -0.1745 -0.279419 43
1.42057 -0.1541 -0.279477 41
1.42253 -0.1339 -0.279863 46
1.4243 -0.1137 -0.280211 41
1.42371 -0.0934 -0.280095 42
1.42194 -0.073 -0.279747 38
1.42077 -0.0527 -0.279516 44
1.42234 -0.0326 -0.279825 100
1.42858 0.0084 -0.270707 100
1.43025 0.0287 -0.271024 100
1.43074 0.0491 -0.271117 52
1.43084 0.0694 -0.271135 49
1.43074 0.0898 -0.271117 100
1.43035 0.1102 -0.271042 49
1.42966 0.1306 -0.270912 51
1.43172 0.1514 -0.271303 100
1.43536 0.1724 -0.271992 100
1.43575 0.1932 -0.272066 100
1.43388 0.2137 -0.271713 25
1.42229 -0.2777 -0.269516 22
1.42691 -0.2577 -0.270391 32
1.42838 -0.237 -0.27067 45
1.42376 -0.2155 -0.269795 48
1.4217 -0.1946 -0.269404 47
1.42416 -0.1744 -0.269869 49
1.42357 -0.1538 -0.269758 45
1.42455 -0.1335 -0.269944 46
1.42622 -0.1132 -0.27026 43
1.42563 -0.0928 -0.270149 42
1.42583 -0.0725 -0.270186 41
1.42376 -0.0521 -0.269795 50
1.42425 -0.0319 -0.269888 100
1.44363 0.0128 -0.254551 100
1.44727 0.0334 -0.255193 100
1.44865 0.054 -0.255436 100
1.44777 0.0746 -0.25528 100
1.44658 0.0952 -0.255072 100
1.44511 0.1157 -0.254811 100
1.44442 0.1364 -0.25469 100
1.44432 0.1571 -0.254672 100
1.44402 0.1778 -0.25462 100
1.44629 0.199 -0.25502 100
1.43526 -0.2742 -0.253075 100
1.43605 -0.2533 -0.253214 100
1.43841 -0.2327 -0.253631 100
1.44048 -0.2121 -0.253995 100
1.44127 -0.1913 -0.254134 100
1.44284 -0.1707 -0.254412 100
1.44215 -0.1499 -0.25429 100
1.44008 -0.129 -0.253926 100
1.4388 -0.1083 -0.2537 100
1.43821 -0.0877 -0.253596 100
1.43831 -0.0672 -0.253613 100
1.43811 -0.0468 -0.253578 100
1.43762 -0.0263 -0.253492 100
1.4417 0.0079 -0.242809 100
1.44337 0.0285 -0.243092 100
1.44485 0.049 -0.243341 100
1.44495 0.0696 -0.243358 100
1.44781 0.0904 -0.243839 100
1.45037 0.1113 -0.244271 100
1.44968 0.132 -0.244155 100
1.44968 0.1528 -0.244155 100
1.44939 0.1737 -0.244105 100
1.45077 0.1948 -0.244337 100
1.44456 -0.261 -0.243291 100
1.43933 -0.239 -0.242411 100
1.44347 -0.2187 -0.243108 100
1.44436 -0.1978 -0.243258 100
1.44495 -0.177 -0.243358 100
1.44732 -0.1565 -0.243756 100
1.4483 -0.1358 -0.243922 100
1.44811 -0.115 -0.243889 100
1.44663 -0.0942 -0.24364 100
1.44682 -0.0736 -0.243673 100
1.44663 -0.053 -0.24364 100
1.4413 -0.0322 -0.242743 100
1.46289 0.0044 -0.237199 100
1.46171 0.025 -0.237007 100
1.46023 0.0456 -0.236767 100
1.46043 0.0662 -0.236799 100
1.45944 0.0868 -0.236639 100
1.46003 0.1075 -0.236735 100
1.4623 0.1284 -0.237103 100
1.46141 0.1491 -0.236959 100
1.46122 0.1699 -0.236927 100
1.46171 0.1908 -0.237007 100
1.44799 -0.278 -0.234782 34
1.44878 -0.2571 -0.23491 100
1.45115 -0.2365 -0.235295 100
1.44937 -0.2153 -0.235007 100
1.45026 -0.1945 -0.235151 100
1.45174 -0.174 -0.235391 100
1.45401 -0.1535 -0.235759 100
1.45401 -0.1328 -0.235759 100
1.45569 -0.1123 -0.236031 100
1.45806 -0.0919 -0.236415 100
1.45826 -0.0712 -0.236447 100
1.45904 -0.0507 -0.236575 100
1.46161 -0.0302 -0.236991 100
1.46107 0.0075 -0.229582 100
1.45979 0.0281 -0.22938 100
1.46028 0.0487 -0.229458 100
1.46048 0.0693 -0.229489 100
1.46038 0.0899 -0.229473 100
1.46097 0.1106 -0.229566 100
1.46325 0.1315 -0.229923 100
1.46226 0.1523 -0.229768 100
1.46196 0.1731 -0.229721 100
1.46137 0.1939 -0.229628 100
1.45179 -0.2691 -0.228123 100
1.45139 -0.248 -0.22806 100
1.45366 -0.2274 -0.228418 100
1.45475 -0.2066 -0.228588 100
1.45445 -0.1857 -0.228542 100
1.45495 -0.165 -0.228619 100
1.45603 -0.1443 -0.22879 100
1.45594 -0.1236 -0.228775 100
1.45752 -0.1031 -0.229023 100
1.4588 -0.0826 -0.229225 100
1.45979 -0.062 -0.22938 100
1.46048 -0.0414 -0.229489 100
1.46097 -0.0208 -0.229566 100
1.48046 0.0175 -0.207275 100
1.48205 0.0384 -0.207497 100
1.48333 0.0594 -0.207677 100
1.48234 0.0803 -0.207538 100
1.48016 0.1011 -0.207233 100
1.48155 0.1223 -0.207427 100
1.48561 0.1437 -0.207996 100
1.48937 0.1653 -0.208523 100
1.48799 0.1864 -0.208329 100
1.49116 0.2082 -0.208772 100
1.4759 -0.2723 -0.206637 100
1.47759 -0.2511 -0.206873 100
1.47997 -0.2301 -0.207205 100
1.48105 -0.2089 -0.207358 100
1.48185 -0.1878 -0.207469 100
1.48422 -0.1669 -0.207802 100
1.48442 -0.1457 -0.207829 100
1.47937 -0.1242 -0.207122 100
1.47798 -0.1031 -0.206928 100
1.47927 -0.0822 -0.207108 100
1.47828 -0.0613 -0.20697 100
1.47808 -0.0404 -0.206942 100
1.48109 0.0177 -0.195252 100
1.48168 0.0385 -0.19533 100
1.48396 0.0594 -0.195631 100
1.48892 0.0805 -0.196284 100
1.4907 0.1016 -0.196519 100
1.49011 0.1226 -0.196441 100
1.49031 0.1437 -0.196467 100
1.4911 0.1649 -0.196572 100
1.49159 0.1861 -0.196637 100
1.49576 0.208 -0.197186 100
1.47712 -0.2749 -0.194729 100
1.47781 -0.2537 -0.19482 100
1.48019 -0.2328 -0.195134 100
1.48128 -0.2117 -0.195278 100
1.48307 -0.1908 -0.195513 100
1.48158 -0.1695 -0.195317 100
1.4798 -0.1483 -0.195082 100
1.47881 -0.1273 -0.194951 100
1.47841 -0.1064 -0.194899 100
1.4797 -0.0857 -0.195069 100
1.4798 -0.0649 -0.195082 100
1.4795 -0.0441 -0.195042 100
1.47999 -0.0234 -0.195108 100
1.50566 0.0085 -0.193147 100
1.50536 0.0296 -0.193109 100
1.50487 0.0507 -0.193045 100
1.50398 0.0717 -0.192931 100
1.50487 0.0929 -0.193045 100
1.50636 0.1142 -0.193236 100
1.50963 0.1357 -0.193656 100
1.51251 0.1574 -0.194025 100
1.51221 0.1788 -0.193987 100
1.51548 0.2007 -0.194407 100
1.49564 -0.2709 -0.191862 100
1.49624 -0.2494 -0.191938 100
1.49862 -0.2283 -0.192243 100
1.49763 -0.2067 -0.192116 100
1.49842 -0.1855 -0.192218 100
1.49882 -0.1642 -0.192269 100
1.49802 -0.1429 -0.192167 100
1.49683 -0.1217 -0.192014 100
1.49832 -0.1007 -0.192205 100
1.5006 -0.0798 -0.192498 100
1.50259 -0.0588 -0.192752 100
1.50219 -0.0377 -0.192702 100
1.50815 0.0077 -0.172632 100
1.50785 0.0289 -0.172598 100
1.50835 0.0502 -0.172655 100
1.50944 0.0715 -0.17278 100
1.50835 0.0927 -0.172655 100
1.50785 0.114 -0.172598 100
1.50915 0.1355 -0.172746 100
1.51203 0.1572 -0.173076 100
1.51262 0.1788 -0.173144 100
1.51888 0.2013 -0.17386 1
1.49603 -0.2765 -0.171245 100
1.49683 -0.2549 -0.171336 100
1.49822 -0.2335 -0.171495 100
1.49941 -0.2121 -0.171631 100
1.5012 -0.1909 -0.171836 100
1.50169 -0.1695 -0.171893 100
1.50388 -0.1483 -0.172143 100
1.50388 -0.127 -0.172143 100
1.50547 -0.1058 -0.172325 100
1.50577 -0.0846 -0.172359 100
1.50686 -0.0634 -0.172484 100
1.50656 -0.0421 -0.17245 100
1.53154 0.0089 -0.161241 100
1.53024 0.0303 -0.161105 100
1.52965 0.0518 -0.161042 100
1.52984 0.0733 -0.161063 100
1.53064 0.0949 -0.161147 100
1.53213 0.1166 -0.161304 100
1.53134 0.1382 -0.16122 100
1.53024 0.1598 -0.161105 100
1.52885 0.1814 -0.160958 100
1.53014 0.2033 -0.161095 100
1.51721 -0.2739 -0.159733 100
1.51692 -0.2519 -0.159702 100
1.5193 -0.2304 -0.159953 100
1.5204 -0.2088 -0.160068 100
1.52219 -0.1873 -0.160257 100
1.52457 -0.166 -0.160508 100
1.52477 -0.1444 -0.160529 100
1.52567 -0.1229 -0.160623 100
1.52726 -0.1014 -0.160791 100
1.52746 -0.0799 -0.160812 100
1.52746 -0.0585 -0.160812 100
1.52815 -0.037 -0.160885 100
1.53327 0.0046 -0.143856 100
1.53207 0.0261 -0.143744 100
1.53157 0.0476 -0.143698 100
1.53068 0.0691 -0.143614 100
1.53058 0.0906 -0.143604 100
1.53118 0.1122 -0.14366 100
1.53147 0.1339 -0.143688 100
1.53147 0.1555 -0.143688 100
1.53207 0.1774 -0.143744 100
1.53536 0.1996 -0.144053 100
1.51803 -0.2677 -0.142427 100
1.52062 -0.2462 -0.14267 100
1.52291 -0.2247 -0.142885 100
1.5249 -0.2031 -0.143072 100
1.5256 -0.1815 -0.143137 100
1.52699 -0.16 -0.143268 100
1.52809 -0.1384 -0.143371 100
1.52889 -0.1169 -0.143445 100
1.52928 -0.0954 -0.143483 100
1.53048 -0.0739 -0.143595 100
1.52938 -0.0523 -0.143492 100
1.52799 -0.0308 -0.143361 100
1.55099 0.0062 -0.12479 100
1.55069 0.028 -0.124765 100
1.55119 0.0498 -0.124806 100
1.55039 0.0715 -0.124741 100
1.55218 0.0935 -0.124886 100
1.55567 0.1156 -0.125166 100
1.55787 0.1378 -0.125343 100
1.55876 0.1599 -0.125415 100
1.55647 0.1818 -0.125231 100
1.55667 0.204 -0.125247 100
1.53992 -0.2625 -0.123899 100
1.54042 -0.2404 -0.123939 100
1.54162 -0.2185 -0.124036 100
1.54162 -0.1965 -0.124036 100
1.54222 -0.1746 -0.124084 100
1.54351 -0.1529 -0.124188 100
1.54451 -0.1311 -0.124268 100
1.54511 -0.1094 -0.124316 100
1.5465 -0.0877 -0.124429 100
1.5466 -0.0659 -0.124437 100
1.5474 -0.0442 -0.124501 100
1.5488 -0.0225 -0.124613 100
1.55146 0.0185 -0.117472 100
1.55106 0.0402 -0.117442 100
1.55236 0.0619 -0.11754 100
1.55435 0.0838 -0.117691 100
1.55395 0.1056 -0.117661 100
1.55535 0.1275 -0.117766 100
1.55644 0.1495 -0.117849 100
1.55714 0.1716 -0.117902 100
1.55465 0.1934 -0.117713 100
1.55475 0.2155 -0.117721 100
1.54119 -0.258 -0.116694 100
1.54368 -0.2363 -0.116883 100
1.54089 -0.2138 -0.116671 100
1.53969 -0.1918 -0.116581 100
1.54328 -0.1703 -0.116853 100
1.54448 -0.1487 -0.116943 100
1.54438 -0.1269 -0.116936 100
1.54597 -0.1053 -0.117057 100
1.54627 -0.0836 -0.117079 100
1.54737 -0.062 -0.117162 100
1.57719 0.0072 -0.109734 100
1.57789 0.0292 -0.109783 100
1.57739 0.0511 -0.109748 100
1.57749 0.0731 -0.109755 100
1.57828 0.0952 -0.109811 100
1.57789 0.1173 -0.109783 100
1.57709 0.1393 -0.109728 100
1.57898 0.1617 -0.109859 100
1.57948 0.184 -0.109894 100
1.58377 0.2069 -0.110193 100
1.56372 -0.2603 -0.108797 100
1.56322 -0.2379 -0.108763 100
1.56442 -0.2158 -0.108846 100
1.56532 -0.1938 -0.108908 100
1.56681 -0.1718 -0.109013 100
1.56811 -0.1499 -0.109103 100
1.56901 -0.1279 -0.109165 100
1.56861 -0.1059 -0.109138 100
1.56901 -0.084 -0.109165 100
1.571 -0.0622 -0.109304 100
1.5727 -0.0404 -0.109422 100
1.57346 0.0204 -0.0876945 100
1.57595 0.0424 -0.0878336 100
1.57725 0.0644 -0.087906 100
1.57815 0.0865 -0.087956 100
1.57785 0.1085 -0.0879393 100
1.57815 0.1307 -0.087956 100
1.58015 0.153 -0.0880673 100
1.58185 0.1755 -0.0881619 100
1.58913 0.1988 -0.0885682 100
1.56317 -0.2777 -0.0871213 100
1.56387 -0.2554 -0.0871603 100
1.56627 -0.2334 -0.0872938 100
1.56737 -0.2113 -0.087355 100
1.56817 -0.1892 -0.0873996 100
1.56767 -0.167 -0.0873717 100
1.56687 -0.1449 -0.0873272 100
1.56877 -0.123 -0.087433 100
1.57136 -0.1012 -0.0875776 100
1.57256 -0.0793 -0.0876444 100
1.57356 -0.0574 -0.0877001 100
1.57516 -0.0354 -0.0877891 100
1.60274 0.0092 -0.0635322 100
1.60544 0.0316 -0.0636391 100
1.60484 0.0539 -0.0636154 100
1.60394 0.0763 -0.0635797 100
1.60374 0.0986 -0.0635718 100
1.60314 0.121 -0.0635481 100
1.60334 0.1435 -0.063556 100
1.60314 0.166 -0.0635481 100
1.60374 0.1886 -0.0635718 100
1.60984 0.2121 -0.0638134 100
1.58765 -0.2776 -0.0629341 100
1.58745 -0.2549 -0.0629262 100
1.58885 -0.2325 -0.0629817 100
1.58995 -0.2101 -0.0630252 100
1.59075 -0.1877 -0.0630569 100
1.59435 -0.1433 -0.0631995 100
1.59615 -0.1211 -0.0632708 100
1.59864 -0.0989 -0.0633698 100
1.60094 -0.0767 -0.0634609 100
1.60184 -0.0544 -0.0634966 100
1.60244 -0.0321 -0.0635203 100
1.60025 0.0048 -0.0488922 100
1.60205 0.0271 -0.0489471 100
1.60445 0.0496 -0.0490204 100
1.60665 0.0722 -0.0490876 100
1.60645 0.0947 -0.0490815 100
1.60695 0.1173 -0.0490968 100
1.60615 0.1398 -0.0490723 100
1.60705 0.1626 -0.0490998 100
1.60465 0.185 -0.0490265 100
1.60285 0.2075 -0.0489716 100
1.58836 -0.2584 -0.0485288 100
1.59186 -0.2362 -0.0486356 100
1.59206 -0.2135 -0.0486417 100
1.59286 -0.191 -0.0486662 100
1.59236 -0.1684 -0.0486509 100
1.59456 -0.1461 -0.0487181 100
1.59646 -0.1238 -0.0487761 100
1.60005 -0.1016 -0.0488861 100
1.60225 -0.0793 -0.0489532 100
1.60225 -0.0568 -0.0489532 100
1.60085 -0.0344 -0.0489105 100
1.61831 0.0184 -0.0437901 100
1.62191 0.0411 -0.0438875 100
1.62511 0.0639 -0.0439741 100
1.6281 0.0868 -0.0440552 100
1.6297 0.1097 -0.0440985 100
1.63 0.1326 -0.0441066 100
1.63 0.1555 -0.0441066 100
1.6287 0.1784 -0.0440714 100
1.629 0.2015 -0.0440795 100
1.61181 -0.2584 -0.0436143 100
1.61431 -0.2358 -0.0436819 100
1.61441 -0.2128 -0.0436846 100
1.61331 -0.1898 -0.0436549 100
1.61381 -0.167 -0.0436684 100
1.61301 -0.1442 -0.0436468 100
1.61281 -0.1215 -0.0436413 100
1.61341 -0.099 -0.0436576 100
1.61461 -0.0764 -0.04369 100
1.61651 -0.0539 -0.0437414 100
1.61711 -0.0313 -0.0437577 100
1.61874 0.004 -0.029103 100
1.62354 0.0266 -0.0291893 100
1.62704 0.0493 -0.0292522 100
1.63014 0.0721 -0.0293079 100
1.63094 0.095 -0.0293223 100
1.63154 0.1178 -0.0293331 100
1.63164 0.1407 -0.0293349 100
1.63054 0.1635 -0.0293151 100
1.62734 0.2091 -0.0292576 100
1.61574 -0.2737 -0.0290491 100
1.61344 -0.2503 -0.0290077 100
1.61484 -0.2275 -0.0290329 100
1.61684 -0.2049 -0.0290689 100
1.61654 -0.182 -0.0290635 100
1.61394 -0.159 -0.0290167 100
1.61204 -0.1361 -0.0289826 100
1.61474 -0.1138 -0.0290311 100
1.62014 -0.0915 -0.0291282 100
1.61924 -0.0688 -0.029112 100
1.61704 -0.0462 -0.0290725 100
1.61754 -0.0237 -0.0290814 100
1.6419 0.0146 -0.000573131 100
1.6426 0.0376 -0.000573376 100
1.6439 0.0607 -0.000573829 100
1.6449 0.0839 -0.000574178 100
1.6455 0.107 -0.000574388 100
1.6478 0.1304 -0.000575191 100
1.6508 0.1539 -0.000576238 100
1.6495 0.1772 -0.000575784 100
1.6508 0.2007 -0.000576238 100
1.6405 -0.2728 -0.000572642 36
1.6372 -0.2487 -0.000571491 100
1.6386 -0.2255 -0.000571979 100
1.6376 -0.202 -0.00057163 100
1.6343 -0.1784 -0.000570478 100
1.6377 -0.1325 -0.000571665 100
1.6393 -0.1095 -0.000572224 100
1.6397 -0.0865 -0.000572363 100
1.6408 -0.0635 -0.000572747 100
1.6425 -0.0405 -0.000573341 100
1.64197 0.0049 0.0103169 100
1.64277 0.0278 0.0103219 100
1.64317 0.0508 0.0103245 100
1.64427 0.0738 0.0103314 100
1.64607 0.097 0.0103427 100
1.65057 0.1204 0.010371 100
1.65277 0.1438 0.0103848 100
1.65357 0.1672 0.0103898 100
1.65307 0.1905 0.0103867 100
1.65617 0.2143 0.0104061 100
1.63927 -0.2677 0.0103 100
1.63687 -0.2439 0.0102849 100
1.63817 -0.2207 0.010293 100
1.63807 -0.1974 0.0102924 100
1.63877 -0.1743 0.0102968 100
1.63797 -0.1512 0.0102918 100
1.63797 -0.1281 0.0102918 100
1.63857 -0.1051 0.0102956 100
1.63887 -0.0822 0.0102974 100
1.63987 -0.0593 0.0103037 100
1.64157 -0.0364 0.0103144 100
1.66679 0.0093 0.026475 100
1.66849 0.0326 0.026502 100
1.66989 0.0559 0.0265242 100
1.67089 0.0792 0.0265401 100
1.66869 0.1024 0.0265052 100
1.67109 0.1259 0.0265433 100
1.67809 0.15 0.0266545 100
1.67689 0.1734 0.0266354 100
1.67919 0.1974 0.0266719 100
1.66689 -0.2774 0.0264766 100
1.66069 -0.2526 0.0263781 100
1.66109 -0.2291 0.0263845 100
1.66109 -0.2055 0.0263845 100
1.66089 -0.182 0.0263813 100
1.66219 -0.1588 0.026402 100
1.66129 -0.1354 0.0263877 100
1.66199 -0.1122 0.0263988 100
1.66339 -0.089 0.026421 100
1.66649 -0.0659 0.0264702 100
1.66729 -0.0427 0.026483 100
1.6685 0.0038 0.0407773 100
1.6703 0.027 0.0408213 100
1.6727 0.0503 0.0408799 100
1.6739 0.0737 0.0409092 100
1.6737 0.097 0.0409044 100
1.6732 0.1203 0.0408921 100
1.6753 0.1439 0.0409434 100
1.6762 0.1675 0.0409654 100
1.6796 0.1914 0.0410485 100
1.65651 -0.277 0.0404841 100
1.65531 -0.2532 0.0404548 100
1.65761 -0.23 0.040511 100
1.65771 -0.2066 0.0405134 100
1.6584 -0.1833 0.0405305 100
1.6598 -0.1601 0.0405647 100
1.6609 -0.1369 0.0405916 100
1.6606 -0.1137 0.0405843 100
1.662 -0.0906 0.0406185 100
1.6641 -0.0675 0.0406698 100
1.6669 -0.0444 0.0407382 100
1.69169 0.0183 0.064101 100
1.69229 0.0419 0.0641237 100
1.69249 0.0655 0.0641313 100
1.69348 0.0892 0.0641691 100
1.69398 0.1129 0.0641881 100
1.69328 0.1366 0.0641615 100
1.69318 0.1604 0.0641578 100
1.69578 0.1845 0.0642562 100
1.6755 -0.2682 0.0634876 100
1.6781 -0.2447 0.063586 100
1.6783 -0.2209 0.0635936 100
1.67929 -0.1972 0.0636314 100
1.68089 -0.1737 0.063692 100
1.68509 -0.1504 0.0638511 100
1.68799 -0.127 0.0639609 100
1.68859 -0.1034 0.0639836 100
1.68989 -0.0799 0.0640328 100
1.69189 -0.0563 0.0641085 100
1.69149 -0.0327 0.0640934 100
1.69244 0.013 0.0727097 100
1.69104 0.0365 0.0726496 100
1.69134 0.06 0.0726625 100
1.69234 0.0836 0.0727054 100
1.69404 0.1073 0.0727784 100
1.69444 0.131 0.0727956 100
1.69444 0.1547 0.0727956 100
1.69604 0.1786 0.0728642 100
1.70433 0.2035 0.0732205 100
1.67805 -0.2623 0.0720916 100
1.68055 -0.2389 0.0721989 100
1.68175 -0.2152 0.0722504 100
1.68155 -0.1915 0.0722419 100
1.68305 -0.168 0.0723062 100
1.68425 -0.1446 0.0723578 100
1.68614 -0.1212 0.0724393 100
1.68764 -0.0977 0.0725037 100
1.68884 -0.0743 0.0725552 100
1.68864 -0.0508 0.0725466 100
1.68924 -0.0273 0.0725724 100
1.71855 0.0042 0.0918699 100
1.71934 0.0282 0.0919126 100
1.72174 0.0524 0.0920407 100
1.72484 0.0766 0.0922062 100
1.72564 0.1008 0.0922489 100
1.72604 0.1251 0.0922702 100
1.72614 0.1494 0.0922756 100
1.72584 0.1737 0.0922596 100
1.72923 0.1985 0.0924411 100
1.70666 -0.2615 0.0912346 100
1.70816 -0.2373 0.0913147 100
1.71036 -0.2133 0.0914322 100
1.71216 -0.1893 0.0915282 100
1.71465 -0.1653 0.0916617 100
1.71575 -0.1412 0.0917204 100
1.71655 -0.1172 0.0917631 100
1.71705 -0.0931 0.0917898 100
1.71715 -0.0691 0.0917952 100
1.71795 -0.045 0.0918379 100
1.71759 0.0069 0.108362 100
1.71828 0.031 0.108406 100
1.71968 0.0552 0.108494 100
1.72277 0.0795 0.10869 100
1.72347 0.1038 0.108734 100
1.72287 0.128 0.108696 100
1.72188 0.1523 0.108633 100
1.72058 0.1765 0.108551 100
1.72287 0.2012 0.108696 100
1.7091 -0.2526 0.107827 100
1.7105 -0.2284 0.107915 100
1.7125 -0.2042 0.108041 100
1.71419 -0.1801 0.108148 100
1.71349 -0.1558 0.108104 100
1.71359 -0.1315 0.10811 100
1.71519 -0.1075 0.108211 100
1.71858 -0.0835 0.108425 100
1.71958 -0.0594 0.108488 100
1.72018 -0.0353 0.108526 100
1.73964 0.0113 0.136607 100
1.74224 0.0357 0.136811 100
1.74862 0.0603 0.137312 100
1.75051 0.0849 0.137461 100
1.74822 0.1094 0.137281 100
1.74852 0.134 0.137304 100
1.74941 0.1587 0.137375 100
1.74802 0.1833 0.137265 100
1.74931 0.2083 0.137367 100
1.73725 -0.2607 0.13642 100
1.73376 -0.2354 0.136146 100
1.73496 -0.2109 0.13624 100
1.73277 -0.186 0.136067 100
1.73217 -0.1615 0.13602 100
1.73426 -0.1372 0.136185 100
1.73496 -0.1128 0.13624 100
1.73546 -0.0885 0.136279 100
1.73645 -0.0642 0.136357 100
1.73616 -0.0398 0.136333 100
1.73716 0.0198 0.153204 100
1.74562 0.0444 0.15395 100
1.74772 0.0936 0.154135 100
1.74821 0.1182 0.154179 100
1.74841 0.1429 0.154196 100
1.74821 0.1676 0.154179 100
1.74871 0.1924 0.154223 100
1.7518 0.2177 0.154495 100
1.73148 -0.2634 0.152703 100
1.73397 -0.239 0.152923 100
1.73317 -0.2141 0.152852 100
1.72899 -0.189 0.152483 100
1.7265 -0.1643 0.152264 100
1.72769 -0.14 0.152369 100
1.72939 -0.1157 0.152518 100
1.73088 -0.0914 0.15265 100
1.73297 -0.0672 0.152835 100
1.73477 -0.0429 0.152993 100
1.76358 0.004 0.182559 100
1.76537 0.0287 0.182744 100
1.76875 0.0536 0.183094 100
1.77482 0.0786 0.183722 100
1.77651 0.1036 0.183898 100
1.77392 0.1284 0.18363 100
1.77293 0.1533 0.183527 100
1.77362 0.1784 0.183599 100
1.77691 0.2039 0.183939 100
1.75751 -0.274 0.181931 96
1.75323 -0.2483 0.181488 100
1.75353 -0.2234 0.181519 100
1.75154 -0.1982 0.181313 100
1.75313 -0.1736 0.181478 100
1.75632 -0.1491 0.181807 100
1.75821 -0.1245 0.182003 100
1.75781 -0.0998 0.181962 100
1.76 -0.0752 0.182188 100
1.76189 -0.0506 0.182384 100
1.76139 -0.0259 0.182332 100
1.7626 0.0248 0.189923 100
1.76309 0.0495 0.189977 100
1.76717 0.0744 0.190416 100
1.77343 0.1245 0.191091 100
1.77542 0.1497 0.191305 100
1.77423 0.1746 0.191177 100
1.77264 0.1996 0.191005 100
1.75106 -0.2718 0.18868 100
1.75067 -0.2467 0.188638 100
1.75096 -0.2217 0.18867 100
1.75285 -0.1971 0.188873 100
1.75444 -0.1724 0.189045 100
1.75464 -0.1476 0.189066 100
1.75554 -0.1229 0.189163 100
1.75713 -0.0983 0.189334 100
1.75932 -0.0737 0.18957 100
1.76111 -0.0491 0.189762 100
1.7944 0.0016 0.213016 100
1.79817 0.0268 0.213464 100
1.79569 0.0519 0.21317 100
1.79579 0.0772 0.213181 100
1.80145 0.1027 0.213853 100
1.80284 0.1282 0.214018 100
1.80284 0.1536 0.214018 100
1.80155 0.179 0.213865 100
1.80284 0.2047 0.214018 100
1.78814 -0.2572 0.212274 100
1.78864 -0.2317 0.212333 100
1.79063 -0.2065 0.212568 100
1.78735 -0.1808 0.212179 100
1.78675 -0.1554 0.212109 100
1.78775 -0.1303 0.212227 100
1.79033 -0.1053 0.212533 100
1.79261 -0.0802 0.212804 100
1.79261 -0.055 0.212804 100
1.79519 -0.0299 0.213111 100
1.79033 0.0041 0.229664 100
1.79509 0.0294 0.230275 100
1.79945 0.0549 0.230835 100
1.80243 0.0804 0.231216 100
1.80412 0.106 0.231433 100
1.80342 0.1315 0.231344 100
1.80342 0.1571 0.231344 100
1.80798 0.1833 0.231929 100
1.82495 0.211 0.234105 100
1.78795 -0.2783 0.229359 100
1.78577 -0.2522 0.229079 100
1.78914 -0.227 0.229511 100
1.78517 -0.201 0.229002 100
1.78289 -0.1753 0.22871 100
1.78319 -0.1499 0.228748 100
1.78507 -0.1248 0.22899 100
1.78656 -0.0996 0.229181 100
1.78785 -0.0744 0.229346 100
1.78964 -0.0492 0.229575 100
1.8161 0.0144 0.254913 100
1.81679 0.04 0.25501 48
1.81412 -0.2581 0.254635 100
1.81649 -0.2324 0.254968 100
1.81362 -0.2061 0.254565 100
1.80946 -0.1799 0.253981 100
1.80877 -0.1541 0.253884 100
1.80976 -0.1286 0.254023 100
1.81134 -0.1031 0.254245 100
1.81461 -0.0777 0.254704 100
1.8155 -0.0521 0.254829 100
1.81501 -0.0265 0.25476 100
1.81662 0.0256 0.264692 44
1.81385 -0.2783 0.264288 100
1.80969 -0.2516 0.263683 100
1.809 -0.2255 0.263582 100
1.80801 -0.1995 0.263438 100
1.80959 -0.1739 0.263668 100
1.80989 -0.1482 0.263712 100
1.81078 -0.1226 0.263841 100
1.81127 -0.0969 0.263913 100
1.81147 -0.0713 0.263942 100
1.81127 -0.0457 0.263913 100
