2.45014 0.0047 -0.312567 99
2.47464 0.0397 -0.315692 99
2.50163 0.0754 -0.319134 99
2.26207 -0.2308 -0.288574 71
2.29074 -0.2011 -0.292231 99
2.30214 -0.1694 -0.293686 99
2.33002 -0.1385 -0.297242 99
2.35849 -0.1069 -0.300874 99
2.38547 -0.0744 -0.304316 99
2.40918 -0.0412 -0.30734 99
2.44852 0.0293 -0.299773 99
2.49954 0.0651 -0.306019 99
2.51323 0.1008 -0.307696 99
2.55423 0.1385 -0.312715 99
2.264 -0.2257 -0.277182 99
2.30052 -0.1967 -0.281654 99
2.31392 -0.1651 -0.283294 99
2.33973 -0.1339 -0.286454 99
2.36613 -0.102 -0.289686 99
2.39412 -0.0695 -0.293113 99
2.42261 -0.0362 -0.296601 99
2.44163 0.0137 -0.265246 99
2.50476 0.0493 -0.272104 99
2.51779 0.085 -0.273519 99
2.55904 0.1224 -0.278001 99
2.2613 -0.2563 -0.245655 46
2.29132 -0.2271 -0.248917 99
2.30325 -0.1956 -0.250213 99
2.33248 -0.1651 -0.253388 99
2.35932 -0.1337 -0.256304 99
2.38487 -0.1015 -0.25908 99
2.41181 -0.0687 -0.262006 99
2.43736 -0.0351 -0.264782 99
2.46446 0.0221 -0.257721 99
2.52155 0.058 -0.263691 99
2.54343 0.0942 -0.265979 99
2.61037 0.1334 -0.272979 1
2.26803 -0.2396 -0.237179 99
2.30682 -0.211 -0.241235 99
2.32045 -0.1795 -0.24266 99
2.3465 -0.1484 -0.245385 99
2.37316 -0.1167 -0.248173 99
2.40041 -0.0843 -0.251023 99
2.43025 -0.0512 -0.254143 99
2.45924 0.0345 -0.228137 99
2.51918 0.0707 -0.233698 99
2.53193 0.1067 -0.23488 99
2.57096 0.1446 -0.238501 99
2.26876 -0.2291 -0.210466 99
2.30351 -0.1999 -0.21369 99
2.31695 -0.1683 -0.214937 99
2.34493 -0.1373 -0.217533 99
2.37152 -0.1054 -0.219999 99
2.3996 -0.0729 -0.222604 99
2.42927 -0.0397 -0.225357 99
2.45828 0.0065 -0.207291 99
2.51079 0.0418 -0.21172 99
2.52683 0.0774 -0.213072 99
2.57426 0.115 -0.217072 99
2.26357 -0.2563 -0.190873 69
2.29765 -0.2276 -0.193746 99
2.3115 -0.1963 -0.194914 99
2.34089 -0.1658 -0.197393 99
2.3678 -0.1344 -0.199662 99
2.39231 -0.1022 -0.201729 99
2.41842 -0.0695 -0.20393 99
2.44602 -0.036 -0.206258 99
2.47332 0.0035 -0.167747 99
2.50495 0.0385 -0.169892 99
2.51911 0.074 -0.170852 99
2.56271 0.1111 -0.17381 99
2.27038 -0.2377 -0.153983 99
2.3083 -0.2091 -0.156554 99
2.32286 -0.1777 -0.157542 99
2.34801 -0.1467 -0.159248 99
2.37574 -0.1151 -0.161129 99
2.40507 -0.0828 -0.163118 99
2.43191 -0.0497 -0.164938 99
2.47326 0.0333 -0.149971 99
2.51748 0.0692 -0.152652 99
2.56609 0.1065 -0.1556 99
2.27572 -0.2355 -0.137993 99
2.31355 -0.2067 -0.140287 99
2.32713 -0.1751 -0.14111 99
2.35428 -0.144 -0.142756 99
2.38302 -0.1123 -0.1445 99
2.41227 -0.0798 -0.146273 99
2.43912 -0.0465 -0.147901 99
2.47037 0.022 -0.132061 99
2.53268 0.058 -0.135392 99
2.54467 0.0939 -0.136033 99
2.58501 0.1316 -0.138189 99
2.28414 -0.2308 -0.122105 99
2.32099 -0.2018 -0.124075 99
2.33447 -0.1701 -0.124796 99
2.36153 -0.1389 -0.126242 99
2.38819 -0.107 -0.127668 99
2.41645 -0.0744 -0.129178 99
2.44521 -0.041 -0.130716 99
2.48955 0.0048 -0.110438 99
2.52322 0.0397 -0.111931 99
2.53541 0.075 -0.112472 99
2.57806 0.1119 -0.114364 99
2.27576 -0.2526 -0.100954 45
2.30893 -0.224 -0.102425 99
2.32172 -0.1929 -0.102992 99
2.34809 -0.1625 -0.104162 99
2.37606 -0.1314 -0.105403 99
2.40653 -0.0998 -0.106755 99
2.43271 -0.0672 -0.107916 99
2.47562 0.016 -0.0795296 99
2.53619 0.0518 -0.0814754 99
2.54619 0.0875 -0.0817965 99
2.57767 0.1246 -0.0828079 99
2.27333 -0.2663 -0.0730309 87
2.30361 -0.2374 -0.0740038 99
2.3167 -0.2061 -0.0744244 99
2.34519 -0.1757 -0.0753395 99
2.37338 -0.1446 -0.0762449 99
2.40216 -0.1127 -0.0771697 99
2.42545 -0.08 -0.0779178 99
2.44934 -0.0466 -0.0786852 99
2.49115 0.0061 -0.065233 99
2.51984 0.0414 -0.0659842 99
2.53493 0.077 -0.0663795 99
2.58461 0.1147 -0.0676805 99
2.27442 -0.2508 -0.0595578 69
2.31061 -0.2221 -0.0605054 99
2.3244 -0.1907 -0.0608666 99
2.35079 -0.1599 -0.0615577 99
2.37968 -0.1285 -0.0623142 99
2.41027 -0.0964 -0.0631152 99
2.43736 -0.0634 -0.0638246 99
2.49475 0.0213 -0.0269969 99
2.52625 0.0568 -0.0273377 99
2.54015 0.0926 -0.0274882 99
2.58655 0.1304 -0.0279902 99
2.28797 -0.2237 -0.0247591 99
2.32976 -0.195 -0.0252115 99
2.34416 -0.1633 -0.0253673 99
2.37216 -0.1321 -0.0256703 99
2.39676 -0.1 -0.0259364 99
2.42296 -0.0672 -0.02622 99
2.48689 0.0152 -0.0238731 99
2.51838 0.0506 -0.0241755 99
2.53438 0.0864 -0.0243291 99
2.58188 0.1242 -0.024785 99
2.29249 -0.2187 -0.022007 99
2.33219 -0.1896 -0.0223881 99
2.34659 -0.1577 -0.0225264 99
2.37349 -0.1262 -0.0227846 99
2.40009 -0.094 -0.0230399 99
2.42509 -0.061 -0.0232799 99
2.49281 0.0178 0.0217544 99
2.5223 0.0533 0.0220118 99
2.5373 0.089 0.0221427 99
2.5868 0.1269 0.0225747 99
2.29341 -0.2195 0.0200143 99
2.33311 -0.1905 0.0203608 99
2.34651 -0.1586 0.0204777 99
2.37751 -0.1274 0.0207482 99
2.40501 -0.0953 0.0209882 99
2.42811 -0.0623 0.0211898 99
2.48678 0.003 0.0334219 99
2.51847 0.0382 0.0338479 99
2.53267 0.0738 0.0340387 99
2.57837 0.1111 0.0346529 99
2.28159 -0.236 0.0306643 85
2.31859 -0.2071 0.0311615 99
2.33119 -0.1755 0.0313308 99
2.35939 -0.1446 0.0317098 99
2.38808 -0.1129 0.0320955 99
2.41448 -0.0805 0.0324503 99
2.44228 -0.0473 0.0328239 99
2.478 0.0324 0.0631575 99
2.54127 0.0688 0.0647703 99
2.55597 0.1049 0.0651448 99
2.60026 0.1431 0.0662736 99
2.28376 -0.2292 0.0582069 99
2.32564 -0.2006 0.0592745 99
2.34214 -0.1691 0.0596949 99
2.36623 -0.1377 0.0603089 99
2.39292 -0.1057 0.0609892 99
2.42011 -0.0731 0.0616822 99
2.4479 -0.0397 0.0623906 99
2.50832 0.0298 0.0490381 99
2.53971 0.0656 0.0496519 99
2.56151 0.1019 0.050078 99
2.6297 0.1413 0.0514111 99
2.29076 -0.2227 0.0447848 99
2.33345 -0.1941 0.0456194 99
2.34995 -0.1625 0.045942 99
2.37495 -0.131 0.0464306 99
2.39954 -0.0988 0.0469115 99
2.42464 -0.066 0.0474021 99
2.47758 0.0151 0.109473 99
2.53902 0.0511 0.112188 99
2.55301 0.0871 0.112806 99
2.59447 0.1249 0.114638 99
2.29666 -0.2261 0.101479 99
2.33642 -0.197 0.103236 99
2.34991 -0.1651 0.103832 99
2.37798 -0.1337 0.105072 99
2.40555 -0.1015 0.106291 99
2.43562 -0.0686 0.107619 99
2.4644 -0.0349 0.108891 99
2.50501 0.0294 0.154968 99
2.55132 0.0657 0.157833 99
2.59594 0.1033 0.160593 99
2.29721 -0.2488 0.142113 99
2.33124 -0.2194 0.144219 99
2.34502 -0.1875 0.145071 99
2.37336 -0.1563 0.146824 99
2.40021 -0.1243 0.148485 99
2.42566 -0.0915 0.15006 99
2.45161 -0.058 0.151665 99
2.48324 0.0274 0.180615 99
2.54248 0.0636 0.184924 99
2.55435 0.0997 0.185787 99
2.59455 0.1377 0.188711 1
2.29833 -0.2313 0.167166 99
2.33114 -0.2016 0.169552 99
2.34371 -0.1697 0.170466 99
2.37173 -0.1384 0.172505 99
2.40136 -0.1064 0.174659 99
2.43148 -0.0736 0.17685 99
2.4612 -0.0401 0.179012 99
2.50652 0.0013 0.193747 99
2.53813 0.0369 0.19619 99
2.55139 0.0728 0.197215 99
2.59197 0.1104 0.200351 1
2.28837 -0.2522 0.176884 87
2.32636 -0.2235 0.179821 99
2.34022 -0.1918 0.180892 99
2.36853 -0.1607 0.183081 99
2.39835 -0.129 0.185385 99
2.42686 -0.0965 0.187589 99
2.45288 -0.0631 0.1896 99
2.49696 0.0022 0.224165 99
2.52753 0.0376 0.226911 99
2.54367 0.0735 0.228359 99
2.59018 0.1112 0.232535 99
2.29338 -0.2393 0.205889 83
2.32824 -0.2101 0.209018 99
2.34089 -0.1782 0.210154 99
2.36798 -0.1469 0.212586 99
2.39467 -0.115 0.214982 99
2.41788 -0.0822 0.217066 99
2.44367 -0.0488 0.219382 99
2.49648 0.0267 0.239064 99
2.54157 0.0629 0.243383 99
2.58726 0.1004 0.247758 99
2.30028 -0.2376 0.220276 99
2.33512 -0.2081 0.223612 99
2.34766 -0.176 0.224813 99
2.37673 -0.1446 0.227597 99
2.40639 -0.1125 0.230438 99
2.43456 -0.0796 0.233135 99
2.46532 -0.0459 0.236081 99
2.50099 0.0272 0.273462 99
2.54901 0.0635 0.278712 99
2.59752 0.1012 0.284016 99
2.29433 -0.2449 0.250864 99
2.3322 -0.2158 0.255006 99
2.34681 -0.184 0.256603 99
2.37196 -0.1525 0.259353 99
2.3997 -0.1205 0.262386 99
2.42892 -0.0878 0.265581 99
2.45974 -0.0544 0.268951 99
2.49475 0.0259 0.293065 99
2.54371 0.0622 0.298817 99
2.59426 0.1 0.304756 99
2.2984 -0.2436 0.269999 99
2.33812 -0.2146 0.274666 99
2.35084 -0.1824 0.27616 99
2.38182 -0.1511 0.2798 99
2.40754 -0.1187 0.282822 99
2.43376 -0.0857 0.285902 99
2.46753 -0.0521 0.289868 99
2.49653 0.0171 0.327345 99
2.52786 0.0529 0.331453 99
2.54373 0.0891 0.333533 99
2.59271 0.1274 0.339955 99
2.3011 -0.2181 0.30172 99
2.33947 -0.1885 0.306752 99
2.35375 -0.1564 0.308624 99
2.37943 -0.1245 0.311991 99
2.40472 -0.0919 0.315306 99
2.43149 -0.0586 0.318816 99
2.48654 0.0061 0.342382 99
2.53379 0.0421 0.348889 99
2.58144 0.0794 0.35545 99
2.28841 -0.2638 0.315101 63
2.3214 -0.2344 0.319643 99
2.33229 -0.2022 0.321144 99
2.36063 -0.171 0.325045 99
2.39045 -0.1392 0.329151 99
2.41888 -0.1066 0.333065 99
2.44582 -0.0731 0.336776 99
2.47039 -0.0389 0.340159 99
2.48402 0.0088 0.380552 99
2.53018 0.0807 0.387624 99
2.5802 0.1189 0.395286 99
2.29028 -0.2357 0.350871 60
2.32191 -0.2058 0.355717 99
2.33338 -0.1735 0.357474 99
2.35829 -0.1418 0.36129 99
2.38665 -0.1096 0.365636 99
2.41562 -0.0766 0.370073 99
2.4431 -0.0428 0.374283 99
2.30669 -0.2202 0.385594 99
2.33895 -0.1899 0.390986 99
2.35118 -0.1575 0.39303 99
2.37771 -0.1255 0.397465 99
2.39201 -0.0923 0.399856 99
2.43156 -0.0594 0.406467 1
2.28764 -0.2314 0.400903 41
2.32103 -0.2016 0.406754 99
2.33531 -0.1695 0.409257 99
2.35905 -0.1376 0.413417 99
2.37254 -0.1047 0.415782 99
2.40623 -0.0721 0.421686 1
