0.426218 0.0041 -0.105163 100
0.431946 0.0104 -0.106576 100
0.437577 0.0169 -0.107965 100
0.445053 0.0236 -0.10981 100
0.455345 0.0307 -0.112349 100
0.461655 0.0379 -0.113906 100
0.465927 0.045 -0.11496 100
0.473015 0.0526 -0.116709 100
0.482821 0.0607 -0.119128 100
0.492529 0.0692 -0.121524 100
0.50117 0.0777 -0.123656 100
0.510588 0.0868 -0.125979 100
0.521753 0.0964 -0.128734 100
0.534666 0.1068 -0.13192 100
0.546511 0.1173 -0.134843 100
0.55719 0.128 -0.137478 100
0.561074 0.1375 -0.138436 100
0.576025 0.1499 -0.142125 100
0.593696 0.1637 -0.146485 100
0.350489 -0.0661 -0.0864777 84
0.35612 -0.0618 -0.0878671 83
0.363693 -0.0578 -0.0897355 0
0.369227 -0.0532 -0.091101 100
0.374761 -0.0485 -0.0924664 100
0.378256 -0.0434 -0.0933288 100
0.382625 -0.0383 -0.0944068 100
0.388936 -0.0333 -0.0959638 100
0.39515 -0.0281 -0.097497 100
0.401363 -0.0227 -0.0990301 100
0.406412 -0.0171 -0.100276 100
0.41049 -0.0114 -0.101282 100
0.427066 0.0051 -0.101663 100
0.43767 0.0114 -0.104187 100
0.44234 0.0178 -0.105299 100
0.44983 0.0244 -0.107082 100
0.459169 0.0315 -0.109305 100
0.466368 0.0386 -0.111019 100
0.472594 0.0459 -0.112501 100
0.481836 0.0606 -0.114701 100
0.492537 0.069 -0.117248 100
0.501195 0.0774 -0.119309 100
0.510729 0.0863 -0.121579 100
0.521916 0.0958 -0.124242 100
0.533979 0.1058 -0.127113 100
0.54682 0.1164 -0.13017 100
0.558494 0.1272 -0.132949 100
0.569 0.1381 -0.13545 100
0.574643 0.1481 -0.136793 100
0.596142 0.1626 -0.141911 100
0.349922 -0.0678 -0.0832987 85
0.355564 -0.0637 -0.0846418 83
0.363055 -0.0598 -0.086425 0
0.368697 -0.0553 -0.0877681 100
0.37327 -0.0506 -0.0888565 100
0.377745 -0.0458 -0.0899218 100
0.381247 -0.0408 -0.0907555 100
0.386597 -0.0358 -0.0920291 100
0.394769 -0.031 -0.0939744 100
0.401968 -0.0258 -0.0956881 100
0.407124 -0.0204 -0.0969154 100
0.410237 -0.0147 -0.0976565 100
0.415295 -0.009 -0.0988607 100
0.43288 0.0033 -0.0987453 100
0.437658 0.0096 -0.0998351 100
0.442337 0.016 -0.100903 100
0.447895 0.0227 -0.10217 100
0.456377 0.0296 -0.104105 100
0.463689 0.0368 -0.105773 100
0.469929 0.0441 -0.107197 100
0.478021 0.0518 -0.109042 100
0.486893 0.0598 -0.111066 100
0.49674 0.0682 -0.113312 100
0.507269 0.0771 -0.115714 100
0.516726 0.0861 -0.117872 100
0.527061 0.0956 -0.120229 100
0.538175 0.1056 -0.122764 100
0.55007 0.1162 -0.125478 100
0.561769 0.127 -0.128147 100
0.571324 0.1378 -0.130326 100
0.576004 0.1477 -0.131394 100
0.5956 0.1619 -0.135864 100
0.353909 -0.0662 -0.080731 84
0.362489 -0.0624 -0.0826881 0
0.368143 -0.058 -0.083978 100
0.371751 -0.0531 -0.0848009 100
0.376333 -0.0483 -0.0858462 100
0.379843 -0.0432 -0.0866468 100
0.385302 -0.0382 -0.0878922 100
0.393492 -0.0334 -0.0897604 100
0.400707 -0.0282 -0.0914062 100
0.405971 -0.0227 -0.0926071 100
0.410164 -0.0171 -0.0935634 100
0.415136 -0.0113 -0.0946977 100
0.430497 0.0028 -0.0956753 100
0.434304 0.009 -0.0965214 100
0.438989 0.0154 -0.0975628 100
0.444651 0.022 -0.0988211 100
0.45207 0.0289 -0.10047 100
0.46232 0.0362 -0.102748 100
0.47052 0.0436 -0.10457 100
0.477646 0.0512 -0.106154 100
0.486627 0.0592 -0.10815 100
0.494436 0.0674 -0.109886 100
0.503124 0.0759 -0.111816 100
0.514643 0.0852 -0.114376 100
0.523039 0.0943 -0.116242 100
0.534167 0.1042 -0.118715 100
0.547053 0.1148 -0.121579 100
0.558767 0.1257 -0.124183 100
0.570286 0.1369 -0.126743 100
0.58161 0.1484 -0.129259 100
0.588052 0.159 -0.130691 100
0.608357 0.1739 -0.135204 100
0.360309 -0.0661 -0.0800765 85
0.365971 -0.0618 -0.0813349 85
0.371437 -0.0518 -0.0825498 100
0.375928 -0.047 -0.0835477 100
0.380418 -0.042 -0.0845457 100
0.385885 -0.037 -0.0857606 100
0.393109 -0.032 -0.0873661 100
0.400332 -0.0269 -0.0889715 100
0.405604 -0.0214 -0.090143 100
0.41068 -0.0157 -0.0912712 100
0.416732 -0.01 -0.0926163 100
0.432485 0.0046 -0.0912177 100
0.442172 0.0111 -0.0932608 100
0.446869 0.0176 -0.0942514 100
0.454011 0.0308 -0.095758 100
0.462328 0.0381 -0.0975122 100
0.469569 0.0454 -0.0990393 100
0.477593 0.0531 -0.100732 100
0.487475 0.0612 -0.102816 100
0.496379 0.0696 -0.104694 100
0.504011 0.078 -0.106304 100
0.514481 0.0871 -0.108512 100
0.525831 0.0968 -0.110906 100
0.536888 0.1068 -0.113238 100
0.547847 0.1171 -0.115549 100
0.560469 0.1282 -0.118212 100
0.572994 0.1397 -0.120853 100
0.584246 0.1513 -0.123226 100
0.590704 0.1619 -0.124589 100
0.613796 0.1777 -0.129459 100
0.352544 -0.0699 -0.0743569 84
0.357338 -0.0656 -0.0753681 85
0.364873 -0.0616 -0.0769572 83
0.371526 -0.0573 -0.0783606 0
0.375147 -0.0524 -0.0791242 0
0.379745 -0.0475 -0.0800941 100
0.384246 -0.0425 -0.0810434 100
0.390606 -0.0376 -0.0823849 100
0.396966 -0.0325 -0.0837263 100
0.403229 -0.0272 -0.0850471 100
0.408415 -0.0217 -0.0861409 100
0.413601 -0.016 -0.0872347 100
0.419667 -0.0103 -0.0885142 100
0.432451 0.0025 -0.0864123 100
0.437256 0.0088 -0.0873724 100
0.441963 0.0152 -0.0883129 100
0.447651 0.0218 -0.0894494 100
0.454123 0.0286 -0.0907427 100
0.462556 0.0357 -0.0924278 100
0.469812 0.043 -0.0938778 100
0.476971 0.0505 -0.0953082 100
0.486973 0.0586 -0.0973069 100
0.495799 0.0668 -0.0990704 100
0.505507 0.0755 -0.10101 100
0.515117 0.0844 -0.102931 100
0.525511 0.0938 -0.105008 100
0.53571 0.1035 -0.107045 100
0.546693 0.1137 -0.10924 100
0.558558 0.1245 -0.111611 100
0.563461 0.134 -0.112591 100
0.580622 0.1468 -0.11602 100
0.600332 0.1609 -0.119958 100
0.604647 0.1713 -0.12082 1
0.351452 -0.0691 -0.0702271 85
0.357238 -0.0649 -0.0713832 85
0.364789 -0.061 -0.072892 84
0.370476 -0.0565 -0.0740284 0
0.375085 -0.0518 -0.0749494 100
0.378713 -0.0468 -0.0756744 100
0.383224 -0.0418 -0.0765757 100
0.387637 -0.0367 -0.0774575 100
0.395874 -0.0318 -0.0791035 100
0.403131 -0.0267 -0.0805535 100
0.407445 -0.0211 -0.0814156 100
0.411564 -0.0155 -0.0822386 100
0.415683 -0.0097 -0.0830616 100
0.429087 0.0032 -0.0827845 100
0.440772 0.0096 -0.0850388 100
0.445485 0.016 -0.0859481 100
0.453045 0.0227 -0.0874068 100
0.46257 0.0298 -0.0892443 100
0.469934 0.037 -0.0906651 100
0.4772 0.0444 -0.092067 100
0.486331 0.0522 -0.0938287 100
0.49723 0.0606 -0.0959315 100
0.509013 0.0694 -0.0982048 100
0.517752 0.0781 -0.0998908 100
0.520207 0.0936 -0.100364 100
0.5314 0.1035 -0.102524 100
0.550154 0.1152 -0.106142 100
0.565767 0.1269 -0.109154 100
0.569694 0.1363 -0.109912 100
0.581084 0.1478 -0.11211 100
0.586583 0.1581 -0.11317 100
0.60514 0.1724 -0.116751 100
0.355052 -0.0682 -0.0685009 85
0.360846 -0.064 -0.0696185 0
0.368406 -0.0599 -0.0710772 0
0.374101 -0.0554 -0.072176 100
0.378716 -0.0506 -0.0730663 100
0.383233 -0.0457 -0.0739377 0
0.387749 -0.0406 -0.0748091 100
0.394132 -0.0356 -0.0760405 100
0.399532 -0.0304 -0.0770824 100
0.405718 -0.0251 -0.0782759 100
0.410922 -0.0195 -0.0792799 100
0.417108 -0.0139 -0.0804733 100
0.426043 -0.0081 -0.0821972 100
0.433727 0.0035 -0.0797604 100
0.43953 0.0097 -0.0808274 100
0.444251 0.0162 -0.0816956 100
0.448873 0.0227 -0.0825456 100
0.455463 0.0295 -0.0837574 100
0.46579 0.0368 -0.0856565 100
0.473068 0.0442 -0.0869948 100
0.480247 0.0517 -0.0883151 100
0.490181 0.0598 -0.0901419 100
0.499032 0.0681 -0.0917696 100
0.507785 0.0766 -0.0933793 100
0.517424 0.0856 -0.0951517 100
0.528734 0.0952 -0.0972317 100
0.539946 0.1051 -0.0992935 100
0.551945 0.1156 -0.1015 100
0.562764 0.1262 -0.10349 100
0.566796 0.1356 -0.104231 100
0.583909 0.1485 -0.107378 100
0.603677 0.1626 -0.111013 100
0.606136 0.1725 -0.111466 1
0.352391 -0.0698 -0.064803 86
0.358095 -0.0657 -0.065852 85
0.365767 -0.0617 -0.0672628 84
0.371471 -0.0573 -0.0683118 100
0.37511 -0.0524 -0.0689809 0
0.379733 -0.0476 -0.069831 100
0.383273 -0.0425 -0.0704821 100
0.387699 -0.0374 -0.071296 100
0.393108 -0.0323 -0.0722907 100
0.400386 -0.0272 -0.0736291 100
0.406582 -0.0219 -0.0747685 100
0.411795 -0.0163 -0.0757271 100
0.416909 -0.0106 -0.0766676 100
0.432291 0.0026 -0.0764579 100
0.444009 0.009 -0.0785305 0
0.447751 0.0154 -0.0791923 100
0.453462 0.0221 -0.0802024 100
0.460946 0.029 -0.0815261 100
0.470301 0.0363 -0.0831806 100
0.478572 0.0438 -0.0846436 100
0.488715 0.0517 -0.0864375 100
0.49679 0.0597 -0.0878656 100
0.503683 0.0678 -0.0890848 100
0.513431 0.0765 -0.090809 100
0.523968 0.0857 -0.0926726 100
0.532436 0.0949 -0.0941704 100
0.542776 0.1047 -0.0959991 100
0.555676 0.1154 -0.0982806 100
0.569462 0.1267 -0.100719 100
0.581081 0.1379 -0.102774 100
0.586793 0.1481 -0.103784 100
0.604715 0.1617 -0.106954 100
0.35824 -0.0672 -0.0633608 0
0.365034 -0.0632 -0.0645625 85
0.369761 -0.0586 -0.0653985 0
0.375374 -0.054 -0.0663912 0
0.380002 -0.0492 -0.0672098 100
0.383547 -0.0442 -0.0678368 100
0.390046 -0.0393 -0.0689863 100
0.398318 -0.0344 -0.0704493 100
0.404719 -0.0292 -0.0715813 100
0.408953 -0.0237 -0.0723302 100
0.413187 -0.018 -0.0730791 100
0.419292 -0.0124 -0.0741589 100
0.427367 -0.0065 -0.0755871 100
0.429702 0.0037 -0.0738364 100
0.442416 0.01 -0.076021 100
0.447147 0.0165 -0.0768339 100
0.452764 0.0231 -0.0777992 100
0.462226 0.0302 -0.0794249 100
0.470603 0.0374 -0.0808644 100
0.475925 0.0447 -0.0817789 100
0.48312 0.0523 -0.0830151 100
0.494158 0.0605 -0.0849118 100
0.504013 0.069 -0.0866053 100
0.511799 0.0775 -0.0879432 100
0.522345 0.0867 -0.0897552 100
0.533679 0.0963 -0.0917028 100
0.545801 0.1065 -0.0937858 100
0.556839 0.1169 -0.0956825 100
0.561964 0.1263 -0.0965631 100
0.578324 0.1386 -0.0993743 100
0.596458 0.1519 -0.10249 100
0.604836 0.1632 -0.10393 100
0.615775 0.1755 -0.10581 1
0.358644 -0.067 -0.0616263 84
0.366331 -0.0631 -0.0629472 84
0.372047 -0.0586 -0.0639294 0
0.37668 -0.0539 -0.0647254 0
0.381312 -0.0491 -0.0655213 100
0.383874 -0.0439 -0.0659616 100
0.388408 -0.0388 -0.0667406 100
0.394814 -0.0338 -0.0678414 100
0.403092 -0.0288 -0.0692639 100
0.409301 -0.0234 -0.0703309 100
0.414525 -0.0178 -0.0712284 100
0.41965 -0.0121 -0.072109 100
0.426746 -0.0062 -0.0733283 100
0.432427 0.0041 -0.0696506 100
0.444175 0.0105 -0.071543 100
0.448914 0.017 -0.0723062 100
0.455529 0.0237 -0.0733717 100
0.464019 0.0307 -0.0747392 100
0.471424 0.0379 -0.0759319 100
0.479717 0.0454 -0.0772677 100
0.489787 0.0534 -0.0788897 100
0.497883 0.0614 -0.0801936 100
0.506768 0.0698 -0.0816248 100
0.517431 0.0787 -0.0833422 100
0.527008 0.0878 -0.0848847 100
0.536485 0.0972 -0.0864113 100
0.546654 0.107 -0.0880492 100
0.558699 0.1176 -0.0899892 100
0.571534 0.1288 -0.0920565 100
0.584072 0.1403 -0.094076 100
0.5897 0.1505 -0.0949825 100
0.610531 0.165 -0.0983378 100
0.35611 -0.0678 -0.0573584 0
0.361836 -0.0636 -0.0582807 0
0.36855 -0.0594 -0.059362 85
0.375165 -0.055 -0.0604275 0
0.378818 -0.0501 -0.0610159 0
0.383458 -0.0452 -0.0617632 100
0.388888 -0.0403 -0.0626379 100
0.395305 -0.0353 -0.0636715 100
0.403697 -0.0303 -0.0650231 100
0.410015 -0.025 -0.0660409 100
0.414261 -0.0193 -0.0667247 100
0.419395 -0.0136 -0.0675516 100
0.426404 -0.0078 -0.0686806 100
0.437225 0.0039 -0.0647976 100
0.442072 0.0101 -0.065516 100
0.44682 0.0166 -0.0662197 100
0.452458 0.0232 -0.0670553 100
0.458987 0.03 -0.0680229 100
0.468384 0.0373 -0.0694156 100
0.477683 0.0448 -0.0707936 100
0.486882 0.0527 -0.072157 100
0.494895 0.0606 -0.0733445 100
0.502907 0.0688 -0.074532 100
0.511612 0.0774 -0.075822 100
0.523186 0.0867 -0.0775373 100
0.53466 0.0964 -0.0792378 100
0.543959 0.106 -0.0806159 100
0.555928 0.1165 -0.0823898 100
0.567798 0.1274 -0.084149 100
0.578482 0.1384 -0.0857323 100
0.589066 0.1497 -0.0873009 100
0.594507 0.1601 -0.0881072 100
0.610334 0.1736 -0.0904528 100
0.357199 -0.0657 -0.0529376 0
0.362936 -0.0615 -0.0537879 0
0.371542 -0.0575 -0.0550633 0
0.37718 -0.053 -0.055899 0
0.38084 -0.048 -0.0564414 100
0.385391 -0.0431 -0.0571157 100
0.389941 -0.038 -0.0577901 100
0.395283 -0.0329 -0.0585818 100
0.403691 -0.0278 -0.0598279 100
0.409923 -0.0225 -0.0607515 0
0.415165 -0.0169 -0.0615284 100
0.420309 -0.0111 -0.0622908 0
0.434717 0.0032 -0.0611729 100
0.445511 0.0096 -0.0626917 100
0.450264 0.016 -0.0633606 100
0.456898 0.0227 -0.0642942 100
0.468484 0.0299 -0.0659246 100
0.476901 0.0372 -0.067109 100
0.483239 0.0446 -0.0680008 100
0.492349 0.0524 -0.0692828 100
0.500469 0.0605 -0.0704254 100
0.509381 0.0688 -0.0716796 100
0.521165 0.0779 -0.0733378 100
0.530771 0.087 -0.0746894 100
0.538792 0.104 -0.0758181 100
0.550972 0.1144 -0.0775321 100
0.561864 0.125 -0.0790649 100
0.573549 0.1361 -0.0807092 100
0.586026 0.1478 -0.0824649 100
0.591572 0.1581 -0.0832453 100
0.611277 0.1726 -0.0860182 100
0.360944 -0.0689 -0.0507916 0
0.367777 -0.0648 -0.0517531 0
0.37352 -0.0604 -0.0525613 0
0.377283 -0.0556 -0.0530908 0
0.381937 -0.0508 -0.0537457 100
0.387482 -0.046 -0.0545261 100
0.394018 -0.0411 -0.0554457 0
0.401445 -0.0362 -0.0564908 100
0.407782 -0.031 -0.0573827 100
0.412139 -0.0255 -0.0579958 100
0.416398 -0.0198 -0.058595 100
0.422636 -0.0142 -0.0594729 100
0.429667 -0.0083 -0.0604622 100
0.43919 0.0019 -0.0579764 100
0.443056 0.0081 -0.0584868 100
0.447914 0.0145 -0.0591281 100
0.452574 0.0211 -0.0597432 0
0.460208 0.0279 -0.0607509 100
0.469626 0.0351 -0.0619942 100
0.476962 0.0424 -0.0629626 100
0.484299 0.05 -0.0639311 100
0.49332 0.0579 -0.065122 100
0.503333 0.0663 -0.0664439 100
0.512157 0.0748 -0.0676086 100
0.524748 0.0842 -0.0692707 100
0.534364 0.0935 -0.0705401 100
0.543683 0.103 -0.0717703 100
0.555778 0.1135 -0.073367 100
0.570649 0.1249 -0.0753301 100
0.582348 0.1361 -0.0768744 100
0.592956 0.1474 -0.0782747 100
0.598508 0.1577 -0.0790076 100
0.616353 0.1717 -0.0813633 100
0.355317 -0.069 -0.0469046 0
0.360175 -0.0647 -0.0475459 0
0.367908 -0.0608 -0.0485667 85
0.374551 -0.0565 -0.0494435 0
0.378219 -0.0516 -0.0499278 0
0.382878 -0.0467 -0.0505429 100
0.38843 -0.0419 -0.0512758 0
0.393883 -0.0369 -0.0519956 100
0.401219 -0.0319 -0.052964 100
0.407564 -0.0266 -0.0538016 100
0.412918 -0.0211 -0.0545083 100
0.41609 -0.0154 -0.0549271 100
0.422237 -0.0097 -0.0557385 100
0.434688 0.0041 -0.0537581 100
0.446499 0.0105 -0.0552187 100
0.452255 0.0171 -0.0559305 100
0.459896 0.0238 -0.0568756 100
0.468431 0.0309 -0.0579311 100
0.475875 0.0381 -0.0588517 100
0.484211 0.0457 -0.0598826 100
0.494334 0.0537 -0.0611345 100
0.502373 0.0617 -0.0621287 100
0.510412 0.07 -0.0631228 100
0.520138 0.0789 -0.0643257 100
0.529764 0.088 -0.0655162 100
0.54217 0.0979 -0.0670504 100
0.554377 0.1082 -0.06856 100
0.5645 0.1184 -0.0698119 100
0.569561 0.1279 -0.0704379 100
0.58802 0.1408 -0.0727208 100
0.606182 0.1542 -0.0749668 100
0.612633 0.1651 -0.0757646 100
0.357874 -0.0685 -0.0442584 85
0.36363 -0.0643 -0.0449703 85
0.370378 -0.0601 -0.0458049 0
0.377028 -0.0557 -0.0466272 0
0.381692 -0.0509 -0.0472041 0
0.387349 -0.0461 -0.0479036 0
0.392907 -0.0412 -0.048591 100
0.40035 -0.0363 -0.0495115 100
0.406702 -0.0311 -0.050297 100
0.411068 -0.0256 -0.050837 100
0.416328 -0.02 -0.0514875 100
0.420596 -0.0143 -0.0520153 100
0.427642 -0.0085 -0.0528867 100
0.440442 0.003 -0.0475362 100
0.445314 0.0093 -0.048062 100
0.449092 0.0157 -0.0484698 100
0.453864 0.0222 -0.0489849 100
0.462415 0.0292 -0.0499077 100
0.470865 0.0364 -0.0508198 100
0.478223 0.0437 -0.0516138 100
0.485481 0.0512 -0.0523972 100
0.494627 0.0592 -0.0533844 100
0.503576 0.0675 -0.0543501 100
0.512424 0.076 -0.0553051 100
0.524057 0.0853 -0.0565606 100
0.534595 0.0947 -0.057698 100
0.544041 0.1043 -0.0587175 100
0.54931 0.1133 -0.0592862 100
0.563229 0.1244 -0.0607884 100
0.582716 0.1373 -0.0628916 100
0.589477 0.1477 -0.0636213 100
0.609461 0.1618 -0.0657781 100
0.618607 0.1736 -0.0667653 100
0.357325 -0.0689 -0.0385655 0
0.363191 -0.0648 -0.0391986 0
0.370946 -0.0608 -0.0400356 0
0.376613 -0.0563 -0.0406472 0
0.380391 -0.0514 -0.041055 0
0.384964 -0.0466 -0.0415486 0
0.389538 -0.0416 -0.0420422 0
0.395006 -0.0366 -0.0426324 0
0.403457 -0.0316 -0.0435445 100
0.408826 -0.0263 -0.0441239 0
0.414095 -0.0208 -0.0446927 100
0.418271 -0.0151 -0.0451433 100
0.424435 -0.0094 -0.0458086 100
0.43676 0.0023 -0.0442875 100
0.4486 0.0086 -0.045488 100
0.453375 0.0151 -0.0459722 100
0.46014 0.0218 -0.0466582 100
0.468697 0.0288 -0.0475258 100
0.475263 0.0359 -0.0481916 100
0.48362 0.0433 -0.0490391 100
0.493868 0.0512 -0.0500781 100
0.502125 0.0663 -0.0509155 100
0.511975 0.075 -0.0519142 100
0.52262 0.084 -0.0529937 100
0.532171 0.0932 -0.0539621 100
0.542618 0.1029 -0.0550214 100
0.554755 0.1133 -0.0562522 100
0.565799 0.1238 -0.057372 100
0.577538 0.1349 -0.0585624 100
0.589179 0.1463 -0.0597427 100
0.59475 0.1566 -0.0603077 100
0.613653 0.1708 -0.0622244 100
0.362839 -0.0682 -0.0367919 0
0.3706 -0.0643 -0.0375788 0
0.37637 -0.0599 -0.0381639 0
0.380151 -0.055 -0.0385473 0
0.384827 -0.0502 -0.0390214 0
0.389403 -0.0453 -0.0394855 100
0.394975 -0.0403 -0.0400504 100
0.402436 -0.0354 -0.040807 100
0.409799 -0.0303 -0.0415536 100
0.415171 -0.0248 -0.0420983 100
0.418454 -0.0191 -0.0424312 0
0.424623 -0.0135 -0.0430567 100
0.432681 -0.0077 -0.0438739 100
0.44023 0.0057 -0.0395218 100
0.450986 0.0122 -0.0404875 0
0.456763 0.0187 -0.0410061 100
0.463436 0.0255 -0.0416052 100
0.472002 0.0326 -0.0423742 100
0.479472 0.0399 -0.0430448 100
0.485746 0.0472 -0.0436081 100
0.495109 0.0622 -0.0444486 100
0.506065 0.0708 -0.0454322 100
0.51483 0.0793 -0.046219 100
0.525487 0.0885 -0.0471758 0
0.536941 0.0982 -0.0482041 100
0.548295 0.1082 -0.0492234 100
0.558354 0.1184 -0.0501265 100
0.56931 0.129 -0.0511101 100
0.581063 0.1403 -0.0521652 100
0.594509 0.1523 -0.0533723 100
0.598991 0.1625 -0.0537747 100
0.614927 0.176 -0.0552053 100
0.364634 -0.0662 -0.0327351 0
0.372402 -0.0622 -0.0334326 100
0.377083 -0.0576 -0.0338528 0
0.381864 -0.0528 -0.034282 0
0.387442 -0.0481 -0.0347827 0
0.392023 -0.0431 -0.0351941 100
0.397601 -0.0381 -0.0356948 100
0.404075 -0.033 -0.036276 0
0.409453 -0.0277 -0.0367588 0
0.414732 -0.0222 -0.0372327 100
0.420011 -0.0166 -0.0377066 0
0.427182 -0.0109 -0.0383504 100
0.441427 0.0051 -0.0373004 100
0.451292 0.0115 -0.038134 100
0.455975 0.0181 -0.0385297 100
0.462651 0.0248 -0.0390939 0
0.472217 0.032 -0.0399022 100
0.478694 0.0392 -0.0404495 100
0.487064 0.0468 -0.0411568 100
0.497228 0.0548 -0.0420156 100
0.506296 0.063 -0.0427818 100
0.514267 0.0713 -0.0434554 100
0.526025 0.0805 -0.044449 100
0.535691 0.0897 -0.0452657 100
0.546154 0.0993 -0.0461498 100
0.559406 0.1098 -0.0472696 100
0.573357 0.121 -0.0484484 100
0.582424 0.14 -0.0492147 100
0.593884 0.1516 -0.050183 100
0.598467 0.1618 -0.0505703 100
0.615307 0.1756 -0.0519932 100
0.359021 -0.0697 -0.0303371 0
0.3649 -0.0656 -0.0308339 85
0.373668 -0.0617 -0.0315748 0
0.378352 -0.0571 -0.0319706 0
0.383135 -0.0523 -0.0323747 0
0.386722 -0.0473 -0.0326779 100
0.391305 -0.0423 -0.0330652 0
0.398879 -0.0374 -0.0337051 100
0.406252 -0.0324 -0.0343282 100
0.412629 -0.0271 -0.0348671 100
0.416914 -0.0215 -0.0352291 100
0.421199 -0.0158 -0.0355912 100
0.42638 -0.01 -0.036029 100
0.442488 0.0029 -0.0366124 100
0.447371 0.0093 -0.0370164 100
0.452155 0.0157 -0.0374123 0
0.458932 0.0224 -0.037973 100
0.466506 0.0293 -0.0385997 100
0.47398 0.0365 -0.0392181 100
0.481355 0.0439 -0.0398283 100
0.489627 0.0515 -0.0405128 100
0.498796 0.0596 -0.0412714 100
0.507765 0.0679 -0.0420135 100
0.515638 0.0763 -0.042665 100
0.525305 0.0853 -0.0434648 100
0.528992 0.0936 -0.0437699 100
0.54434 0.1042 -0.0450398 100
0.563275 0.116 -0.0466066 100
0.582111 0.1284 -0.0481651 100
0.586994 0.1382 -0.0485691 100
0.598555 0.1498 -0.0495257 100
0.602242 0.1597 -0.0498308 100
0.617191 0.173 -0.0510677 100
0.36286 -0.0658 -0.0300238 0
0.36864 -0.0615 -0.0305021 0
0.376414 -0.0574 -0.0311453 0
0.381098 -0.0527 -0.0315328 0
0.384785 -0.0477 -0.0318379 0
0.390366 -0.0428 -0.0322997 100
0.396844 -0.0379 -0.0328357 0
0.403322 -0.0328 -0.0333717 100
0.408703 -0.0275 -0.033817 0
0.412989 -0.022 -0.0341716 100
0.418271 -0.0164 -0.0346086 100
0.42445 -0.0106 -0.0351199 0
0.441899 0.0029 -0.0312106 0
0.447785 0.0093 -0.0316263 0
0.452573 0.0157 -0.0319645 0
0.457361 0.0223 -0.0323027 100
0.463944 0.0291 -0.0327676 0
0.473421 0.0364 -0.0334369 100
0.480802 0.0438 -0.0339583 100
0.489082 0.0514 -0.0345431 100
0.499256 0.0596 -0.0352617 100
0.508234 0.0679 -0.0358957 100
0.517112 0.0765 -0.0365228 100
0.527785 0.0857 -0.0372766 100
0.539356 0.0953 -0.0380939 100
0.550628 0.1053 -0.03889 100
0.562798 0.1158 -0.0397495 100
0.574768 0.1267 -0.040595 100
0.586539 0.138 -0.0414263 100
0.597212 0.1493 -0.0421801 100
0.603696 0.16 -0.0426381 100
0.625442 0.1751 -0.044174 100
0.359405 -0.07 -0.0253842 0
0.363295 -0.0654 -0.0256589 0
0.371076 -0.0615 -0.0262085 0
0.377759 -0.0572 -0.0266805 0
0.38145 -0.0523 -0.0269412 0
0.385141 -0.0473 -0.0272019 0
0.390727 -0.0424 -0.0275964 100
0.397211 -0.0375 -0.0280543 100
0.404692 -0.0325 -0.0285827 0
0.411076 -0.0272 -0.0290336 100
0.415365 -0.0216 -0.0293366 0
0.419655 -0.016 -0.0296395 100
0.424842 -0.0102 -0.0300059 100
0.437287 0.0002 -0.0249841 100
0.451264 0.0065 -0.0257827 100
0.456056 0.0129 -0.0260565 100
0.461847 0.0196 -0.0263873 100
0.470533 0.0266 -0.0268836 100
0.47802 0.0337 -0.0273114 100
0.485508 0.0411 -0.0277392 100
0.495791 0.049 -0.0283267 100
0.504977 0.057 -0.0288515 100
0.513063 0.0652 -0.0293135 100
0.522947 0.074 -0.0298782 100
0.53373 0.0831 -0.0304943 100
0.543314 0.0924 -0.0310419 100
0.555694 0.1026 -0.0317492 100
0.567974 0.1131 -0.0324508 100
0.579954 0.124 -0.0331353 100
0.592833 0.1354 -0.0338711 100
0.598624 0.1456 -0.034202 100
0.618791 0.1597 -0.0353542 100
0.639557 0.1747 -0.0365406 100
0.362309 -0.0669 -0.0207003 0
0.369098 -0.0628 -0.0210882 0
0.375887 -0.0585 -0.021476 0
0.381578 -0.054 -0.0218012 0
0.385272 -0.049 -0.0220122 0
0.389864 -0.044 -0.0222746 0
0.395455 -0.0391 -0.0225941 100
0.400946 -0.0339 -0.0229078 0
0.409332 -0.0289 -0.0233869 100
0.415622 -0.0235 -0.0237463 100
0.419915 -0.0178 -0.0239916 100
0.42311 -0.012 -0.0241741 0
0.428302 -0.0062 -0.0244707 100
0.443536 0.002 -0.020296 100
0.448431 0.0083 -0.02052 100
0.453326 0.0147 -0.020744 100
0.461018 0.0214 -0.0210959 100
0.471606 0.0285 -0.0215805 100
0.4782 0.0356 -0.0218822 0
0.482595 0.0428 -0.0220833 100
0.489887 0.0503 -0.022417 0
0.500077 0.0584 -0.0228833 100
0.510066 0.0669 -0.0233404 100
0.519956 0.0756 -0.0237929 100
0.531744 0.0849 -0.0243323 100
0.542333 0.0943 -0.0248169 100
0.553721 0.1043 -0.025338 100
0.565908 0.1148 -0.0258957 100
0.577895 0.1257 -0.0264442 100
0.590682 0.1371 -0.0270293 100
0.60227 0.1487 -0.0275596 100
0.607864 0.1592 -0.0278156 100
0.629641 0.1743 -0.0288121 100
0.365717 -0.066 -0.0167351 0
0.374508 -0.0622 -0.0171373 0
0.381201 -0.0578 -0.0174436 0
0.385996 -0.0531 -0.017663 0
0.390591 -0.0481 -0.0178733 0
0.394287 -0.043 -0.0180424 0
0.399782 -0.038 -0.0182938 0
0.407274 -0.0329 -0.0186367 0
0.413667 -0.0276 -0.0189292 100
0.418962 -0.0221 -0.0191715 100
0.423257 -0.0164 -0.019368 0
0.429451 -0.0107 -0.0196515 100
0.440597 0.002 -0.0188517 100
0.447491 0.0083 -0.0191466 100
0.452386 0.0147 -0.0193561 100
0.456083 0.0212 -0.0195142 100
0.462777 0.028 -0.0198007 100
0.472268 0.0352 -0.0202068 100
0.48066 0.0426 -0.0205658 100
0.488953 0.0503 -0.0209206 100
0.499143 0.0584 -0.0213567 100
0.507236 0.0665 -0.0217029 100
0.515129 0.0749 -0.0220406 0
0.52492 0.0838 -0.0224596 100
0.534511 0.093 -0.0228699 100
0.543902 0.1025 -0.0232718 100
0.556191 0.1129 -0.0237976 100
0.569179 0.1239 -0.0243533 100
0.580968 0.135 -0.0248577 100
0.594556 0.1469 -0.0254391 100
0.600251 0.1573 -0.0256827 100
0.619134 0.1715 -0.0264906 100
0.36027 -0.0682 -0.0154148 0
0.366165 -0.064 -0.015667 0
0.373858 -0.06 -0.0159961 0
0.380652 -0.0556 -0.0162868 0
0.384348 -0.0507 -0.016445 0
0.387945 -0.0456 -0.0165989 100
0.391542 -0.0405 -0.0167528 0
0.398036 -0.0356 -0.0170306 0
0.406528 -0.0306 -0.017394 0
0.412822 -0.0253 -0.0176633 0
0.417118 -0.0197 -0.0178471 100
0.422414 -0.014 -0.0180737 100
0.428508 -0.0082 -0.0183344 100
0.444837 0.0058 -0.0120369 0
0.454634 0.0123 -0.012302 100
0.462431 0.019 -0.012513 100
0.472127 0.026 -0.0127754 100
0.479724 0.0331 -0.012981 100
0.487122 0.0405 -0.0131811 100
0.497518 0.0484 -0.0134624 100
0.504715 0.0562 -0.0136572 100
0.511813 0.0643 -0.0138492 100
0.520709 0.0728 -0.01409 100
0.531505 0.0819 -0.0143821 100
0.544101 0.0916 -0.0147229 100
0.556596 0.1017 -0.0150611 100
0.567892 0.112 -0.0153667 100
0.579888 0.1228 -0.0156913 100
0.592783 0.1342 -0.0160402 100
0.605378 0.146 -0.0163811 100
0.609177 0.156 -0.0164838 100
0.62717 0.17 -0.0169707 100
0.371764 -0.0674 -0.0100596 0
0.377662 -0.063 -0.0102192 0
0.38146 -0.0581 -0.010322 0
0.386159 -0.0534 -0.0104491 0
0.390857 -0.0484 -0.0105763 100
0.396455 -0.0435 -0.0107278 100
0.404052 -0.0386 -0.0109333 0
0.41045 -0.0335 -0.0111064 0
0.414948 -0.028 -0.0112282 100
0.419247 -0.0224 -0.0113445 0
0.425544 -0.0168 -0.0115149 100
0.433741 -0.0111 -0.0117367 0
0.442989 0.0039 0.0030927 100
0.452889 0.0102 0.00316181 100
0.457689 0.0167 0.00319532 100
0.464389 0.0234 0.0032421 100
0.474988 0.0305 0.0033161 100
0.482488 0.0377 0.00336846 100
0.489888 0.0451 0.00342012 100
0.500188 0.0531 0.00349203 100
0.508288 0.061 0.00354857 100
0.516387 0.0693 0.00360512 100
0.527187 0.0782 0.00368052 100
0.537887 0.0874 0.00375522 100
0.548487 0.0969 0.00382922 100
0.553986 0.1058 0.00386762 100
0.571086 0.1173 0.003987 100
0.589886 0.1297 0.00411825 100
0.607485 0.1424 0.00424112 100
0.605485 0.1508 0.00422715 100
0.625585 0.1651 0.00436748 100
0.366891 -0.0672 0.00256142 0
0.373691 -0.0631 0.0026089 0
0.380491 -0.0588 0.00265637 0
0.385191 -0.0541 0.00268918 0
0.38989 -0.0493 0.00272199 0
0.39449 -0.0443 0.00275411 0
0.40009 -0.0393 0.0027932 0
0.40659 -0.0343 0.00283858 100
0.41399 -0.0291 0.00289024 100
0.41929 -0.0237 0.00292724 100
0.42359 -0.0181 0.00295726 100
0.42979 -0.0124 0.00300055 100
0.436989 -0.0065 0.00305081 0
0.443 0.0016 0.000309272 100
0.4529 0.008 0.000316184 100
0.4578 0.0145 0.000319605 0
0.4645 0.0212 0.000324282 100
0.4742 0.0283 0.000331054 100
0.4827 0.0356 0.000336988 100
0.4901 0.043 0.000342154 0
0.4994 0.0509 0.000348647 100
0.5086 0.059 0.00035507 100
0.5176 0.0674 0.000361353 100
0.5275 0.0762 0.000368264 100
0.5313 0.0843 0.000370917 100
0.5449 0.0943 0.000380412 100
0.5642 0.1058 0.000393886 100
0.5822 0.1176 0.000406452 100
0.5864 0.127 0.000409384 100
0.5982 0.1384 0.000417622 100
0.604 0.1486 0.000421671 100
0.6222 0.1624 0.000434377 100
0.3706 -0.0693 0.000258728 0
0.3774 -0.0651 0.000263475 0
0.3813 -0.0603 0.000266198 0
0.385 -0.0554 0.000268781 0
0.3897 -0.0505 0.000272062 100
0.3964 -0.0458 0.000276739 100
0.4039 -0.0409 0.000281975 100
0.4114 -0.0359 0.000287211 0
0.4159 -0.0304 0.000290353 100
0.4203 -0.0248 0.000293425 100
0.4256 -0.0192 0.000297125 100
0.4318 -0.0134 0.000301453 100
0.4389 -0.0075 0.00030641 100
0.446989 0.002 0.00312062 100
0.451889 0.0084 0.00315483 100
0.456789 0.0149 0.00318904 100
0.462489 0.0215 0.00322883 100
0.472088 0.0286 0.00329585 100
0.480688 0.0359 0.00335589 100
0.487088 0.0432 0.00340057 100
0.497388 0.0512 0.00347248 100
0.505488 0.0592 0.00352903 100
0.514587 0.0676 0.00359256 100
0.525487 0.0765 0.00366865 100
0.535187 0.0856 0.00373637 100
0.543787 0.0948 0.00379641 100
0.557186 0.1052 0.00388996 100
0.571286 0.1161 0.00398839 100
0.582286 0.1269 0.00406519 100
0.593186 0.138 0.00414128 100
0.605685 0.1499 0.00422855 100
0.611285 0.1604 0.00426764 100
0.632085 0.1753 0.00441285 100
0.365391 -0.0696 0.00255095 0
0.372291 -0.0655 0.00259912 0
0.378091 -0.0611 0.00263961 0
0.383891 -0.0566 0.00268011 0
0.388591 -0.0517 0.00271292 100
0.39319 -0.0467 0.00274503 0
0.39979 -0.0418 0.00279111 100
0.40729 -0.0369 0.00284347 100
0.41179 -0.0315 0.00287488 100
0.41719 -0.026 0.00291258 100
0.42249 -0.0204 0.00294958 100
0.42769 -0.0147 0.00298589 0
0.435889 -0.0088 0.00304313 100
0.445944 0.0005 0.0070833 100
0.450843 0.0068 0.00716112 100
0.455743 0.0132 0.00723894 100
0.461542 0.0198 0.00733105 100
0.470141 0.0268 0.00746764 100
0.47874 0.034 0.00760422 100
0.485239 0.0412 0.00770745 100
0.493538 0.0489 0.00783927 100
0.502737 0.0569 0.00798538 100
0.512835 0.0653 0.00814579 100
0.522734 0.074 0.00830302 100
0.532533 0.083 0.00845866 100
0.542132 0.0923 0.00861113 100
0.55363 0.1022 0.00879377 100
0.564829 0.1124 0.00897164 100
0.576927 0.1232 0.00916382 100
0.581027 0.1326 0.00922893 100
0.595625 0.1447 0.00946081 100
0.614822 0.1585 0.00976574 100
0.628921 0.1715 0.00998967 100
0.371653 -0.0689 0.00590328 0
0.377452 -0.0645 0.00599539 0
0.381352 -0.0597 0.00605733 0
0.385051 -0.0548 0.00611609 0
0.389751 -0.0499 0.00619074 0
0.39535 -0.045 0.00627967 100
0.403949 -0.0403 0.00641626 0
0.410448 -0.0352 0.00651949 100
0.419847 -0.0301 0.00666878 100
0.423547 -0.0185 0.00672754 100
0.428746 -0.0127 0.00681013 0
0.437845 -0.0069 0.00695465 100
0.450858 0.0061 0.0113337 100
0.463654 0.0128 0.0116553 100
0.47345 0.0197 0.0119016 100
0.480148 0.0267 0.01207 100
0.486646 0.0339 0.0122333 100
0.497143 0.0416 0.0124972 100
0.50544 0.0494 0.0127058 100
0.513638 0.0575 0.0129118 100
0.523735 0.066 0.0131657 100
0.533631 0.0749 0.0134144 100
0.543428 0.084 0.0136607 100
0.554025 0.0936 0.0139271 100
0.566421 0.1038 0.0142387 100
0.578617 0.1144 0.0145453 100
0.591613 0.1256 0.014872 100
0.604409 0.1372 0.0151937 100
0.609308 0.1473 0.0153168 100
0.628501 0.1612 0.0157993 100
0.377681 -0.0686 0.00949415 0
0.382579 -0.064 0.00961729 0
0.387378 -0.0592 0.00973791 100
0.392076 -0.0544 0.00985602 100
0.396775 -0.0494 0.00997414 100
0.404372 -0.0446 0.0101651 0
0.41097 -0.0395 0.010331 100
0.415469 -0.0341 0.0104441 100
0.419867 -0.0286 0.0105546 100
0.427265 -0.0231 0.0107406 100
0.434563 -0.0174 0.0109241 100
0.44176 -0.0115 0.011105 100
0.448778 0.0035 0.0141034 100
0.456675 0.01 0.0143516 100
0.464471 0.0166 0.0145966 100
0.474166 0.0236 0.0149013 100
0.482762 0.0308 0.0151714 100
0.490258 0.0382 0.015407 100
0.499653 0.0459 0.0157022 100
0.507949 0.0539 0.0159629 100
0.516045 0.062 0.0162174 100
0.52704 0.0708 0.0165629 100
0.538834 0.0801 0.0169335 100
0.551428 0.0899 0.0173293 100
0.562922 0.0998 0.0176905 100
0.574217 0.1101 0.0180455 100
0.585411 0.1208 0.0183973 100
0.596306 0.1317 0.0187397 100
0.609999 0.1437 0.01917 100
0.614697 0.1539 0.0193176 100
0.637685 0.1692 0.0200401 100
0.380112 -0.0664 0.0119455 0
0.38491 -0.0617 0.0120963 100
0.389708 -0.0569 0.0122471 0
0.394405 -0.052 0.0123947 0
0.400003 -0.047 0.0125706 100
0.407599 -0.0422 0.0128093 0
0.414196 -0.037 0.0130166 100
0.418593 -0.0315 0.0131548 100
0.423991 -0.0259 0.0133244 100
0.430288 -0.0203 0.0135223 100
0.438583 -0.0146 0.013783 100
0.44568 -0.0086 0.0140061 100
0.446564 0.0058 0.0197317 100
0.456355 0.0123 0.0201643 100
0.464147 0.019 0.0205086 100
0.473838 0.026 0.0209368 100
0.480431 0.0331 0.0212281 100
0.487824 0.0405 0.0215548 100
0.497215 0.0483 0.0219697 100
0.506406 0.0563 0.0223758 100
0.515497 0.0646 0.0227775 100
0.526386 0.0735 0.0232587 100
0.536177 0.0825 0.0236913 100
0.544868 0.0917 0.0240753 100
0.555258 0.1014 0.0245344 100
0.567546 0.1119 0.0250773 100
0.580534 0.1229 0.0256512 100
0.593421 0.1343 0.0262206 100
0.606109 0.1461 0.0267812 100
0.610704 0.1563 0.0269843 100
0.632583 0.1713 0.027951 100
0.377332 -0.0695 0.0166726 0
0.382127 -0.0649 0.0168845 0
0.386023 -0.06 0.0170567 100
0.390719 -0.0552 0.0172641 100
0.394415 -0.0501 0.0174275 100
0.399111 -0.045 0.0176349 100
0.405604 -0.04 0.0179218 0
0.412098 -0.0349 0.0182088 100
0.418592 -0.0295 0.0184957 100
0.422887 -0.0239 0.0186855 100
0.429181 -0.0182 0.0189636 100
0.437373 -0.0125 0.0193256 100
0.444566 -0.0064 0.0196434 100
0.45228 0.0044 0.025524 100
0.456174 0.0108 0.0257437 100
0.462963 0.0175 0.0261268 100
0.472648 0.0245 0.0266734 100
0.480236 0.0316 0.0271016 100
0.488623 0.039 0.0275749 100
0.498008 0.0467 0.0281045 100
0.506294 0.0547 0.0285722 100
0.514382 0.0628 0.0290286 100
0.525264 0.0716 0.0296427 100
0.53415 0.0804 0.0301442 100
0.543835 0.0897 0.0306907 100
0.557213 0.0999 0.0314457 100
0.570492 0.1105 0.0321951 100
0.581575 0.1211 0.0328205 100
0.592557 0.1321 0.0334403 100
0.605237 0.1438 0.0341559 100
0.60993 0.1539 0.0344207 100
0.628001 0.1678 0.0354406 100
0.3772 -0.0687 0.0212869 0
0.381094 -0.0639 0.0215066 100
0.385886 -0.0592 0.0217771 0
0.38968 -0.0542 0.0219912 100
0.395271 -0.0494 0.0223067 0
0.402859 -0.0446 0.0227349 100
0.409449 -0.0396 0.0231068 100
0.41494 -0.0343 0.0234167 0
0.419333 -0.0287 0.0236646 0
0.423726 -0.0231 0.0239125 0
0.429916 -0.0174 0.0242618 100
0.439101 -0.0117 0.0247802 100
0.447857 0.0047 0.0320242 100
0.461721 0.0113 0.0330156 100
0.470499 0.0181 0.0336432 100
0.477082 0.0251 0.034114 100
0.483665 0.0322 0.0345847 100
0.491146 0.0396 0.0351196 100
0.500522 0.0475 0.0357901 100
0.508701 0.0554 0.0363749 100
0.517778 0.0638 0.037024 100
0.52865 0.0726 0.0378014 100
0.538525 0.0817 0.0385075 100
0.548101 0.091 0.0391922 100
0.561566 0.1013 0.0401551 100
0.574733 0.1121 0.0410965 100
0.579022 0.1213 0.0414032 100
0.593784 0.1331 0.0424588 100
0.612237 0.1463 0.0437783 100
0.61882 0.1571 0.044249 100
0.639767 0.1719 0.0457468 100
0.379631 -0.07 0.0271457 0
0.382523 -0.065 0.0273525 0
0.385416 -0.06 0.0275593 0
0.390104 -0.0551 0.0278946 100
0.395789 -0.0503 0.0283011 100
0.40337 -0.0455 0.0288432 100
0.409953 -0.0405 0.0293139 100
0.415439 -0.0351 0.0297062 100
0.420925 -0.0297 0.0300985 100
0.426212 -0.0241 0.0304765 100
0.433493 -0.0184 0.0309971 100
0.440675 -0.0125 0.0315107 100
0.445862 -0.0064 0.0318815 100
0.450668 0.0014 0.034677 100
0.455553 0.0078 0.0350529 100
0.462433 0.0144 0.0355823 100
0.472104 0.0214 0.0363265 100
0.480779 0.0285 0.0369939 100
0.486263 0.0357 0.0374159 100
0.495635 0.0433 0.038137 100
0.504907 0.0513 0.0388505 100
0.51408 0.0595 0.0395563 100
0.523054 0.068 0.0402468 100
0.531928 0.0767 0.0409296 100
0.542596 0.0861 0.0417505 100
0.555159 0.096 0.0427172 100
0.567423 0.1064 0.0436608 100
0.57859 0.1169 0.0445201 100
0.58866 0.1275 0.0452949 100
0.598431 0.1385 0.0460468 100
0.612988 0.1509 0.0471669 100
0.617575 0.1612 0.0475198 100
0.638313 0.1762 0.0491155 100
0.381074 -0.067 0.029322 0
0.384862 -0.0622 0.0296135 0
0.387654 -0.057 0.0298284 0
0.39244 -0.0521 0.0301966 0
0.398023 -0.0472 0.0306262 100
0.406598 -0.0425 0.031286 100
0.413079 -0.0373 0.0317847 100
0.417566 -0.0318 0.0321299 100
0.423947 -0.0263 0.0326209 100
0.431225 -0.0207 0.033181 100
0.438404 -0.0149 0.0337334 100
0.442592 -0.0088 0.0340556 100
0.454354 0.0029 0.0387122 100
0.461229 0.0094 0.039298 100
0.469997 0.0161 0.0400451 100
0.477669 0.0231 0.0406988 100
0.485342 0.0303 0.0413525 100
0.495804 0.0379 0.0422439 100
0.504074 0.0457 0.0429485 100
0.512344 0.0537 0.0436531 100
0.522407 0.0621 0.0445106 100
0.531375 0.0708 0.0452746 100
0.53825 0.0794 0.0458604 100
0.547915 0.0887 0.0466839 100
0.561366 0.0989 0.04783 100
0.575614 0.1098 0.049044 100
0.586674 0.1204 0.0499863 100
0.596638 0.1312 0.0508353 100
0.602517 0.1414 0.0513361 100
0.620751 0.1549 0.0528897 100
0.638786 0.1689 0.0544263 100
0.64028 0.1789 0.0545537 35
0.382614 -0.0684 0.0325998 100
0.3864 -0.0635 0.0329224 100
0.390286 -0.0585 0.0332535 100
0.396962 -0.0539 0.0338223 100
0.404534 -0.0491 0.0344675 100
0.41121 -0.0441 0.0350363 0
0.414697 -0.0386 0.0353334 100
0.420178 -0.0332 0.0358003 100
0.426555 -0.0277 0.0363436 100
0.433828 -0.0221 0.0369634 100
0.439109 -0.0162 0.0374133 100
0.44429 -0.0101 0.0378548 100
0.452867 0.0002 0.044005 100
0.459834 0.0066 0.044682 100
0.468593 0.0133 0.0455331 100
0.476356 0.0202 0.0462875 100
0.485911 0.0275 0.047216 100
0.494471 0.035 0.0480477 100
0.501836 0.0426 0.0487634 100
0.508107 0.0503 0.0493727 100
0.516268 0.0584 0.0501657 100
0.527316 0.0672 0.0512393 100
0.536175 0.076 0.0521 100
0.545829 0.0852 0.0530382 100
0.55837 0.0952 0.0542568 100
0.570712 0.1056 0.055456 100
0.581859 0.1161 0.0565392 100
0.592808 0.127 0.0576031 100
0.606543 0.1388 0.0589377 100
0.619084 0.1509 0.0601563 100
0.623663 0.1613 0.0606012 100
0.641479 0.1756 0.0623324 100
0.383295 -0.0678 0.0372447 0
0.387077 -0.0629 0.0376122 100
0.391854 -0.0581 0.0380764 0
0.399618 -0.0535 0.0388308 100
0.406187 -0.0486 0.0394691 100
0.411761 -0.0434 0.0400107 100
0.417334 -0.038 0.0405523 100
0.420818 -0.0324 0.0408908 100
0.426193 -0.0268 0.0414131 100
0.433458 -0.0212 0.0421191 100
0.440625 -0.0153 0.0428154 100
0.446796 -0.0093 0.0434151 100
0.453324 0.0031 0.0493268 100
0.470125 0.0098 0.0511549 0
0.477879 0.0167 0.0519987 100
0.485534 0.0238 0.0528316 100
0.495078 0.0312 0.0538701 100
0.502931 0.0459 0.0547247 100
0.510189 0.0537 0.0555143 100
0.521223 0.0623 0.056715 100
0.532159 0.0712 0.0579049 100
0.540907 0.0801 0.0588569 100
0.55055 0.0894 0.0599061 100
0.561983 0.0994 0.0611501 100
0.573316 0.1097 0.0623833 100
0.584351 0.1203 0.063584 100
0.59628 0.1315 0.0648821 100
0.608906 0.1432 0.0662559 100
0.623221 0.1559 0.0678136 100
0.6268 0.1661 0.068203 100
0.643601 0.1802 0.0700311 100
0.383834 -0.0678 0.0417655 100
0.387711 -0.0629 0.0421874 0
0.393378 -0.0582 0.042804 100
0.401132 -0.0536 0.0436478 0
0.412664 -0.0492 0.0449026 100
0.416243 -0.0438 0.045292 100
0.418828 -0.0381 0.0455732 100
0.42529 -0.0327 0.0462763 100
0.43364 -0.0272 0.047185 100
0.441892 -0.0215 0.0480828 100
0.446067 -0.0155 0.0485372 100
0.450242 -0.0093 0.0489915 100
0.453888 0.0034 0.0532393 100
0.46968 0.0101 0.0550916 100
0.477427 0.017 0.0560003 100
0.484081 0.024 0.0567808 100
0.493616 0.0315 0.0578992 100
0.502058 0.0391 0.0588894 100
0.510401 0.047 0.059868 100
0.521525 0.0554 0.0611728 100
0.530563 0.0639 0.0622329 100
0.539501 0.0727 0.0632814 100
0.549235 0.0819 0.0644231 100
0.560756 0.0917 0.0657744 100
0.573071 0.102 0.067219 100
0.576547 0.111 0.0676267 100
0.592438 0.1227 0.0694907 100
0.612998 0.136 0.0719022 100
0.627498 0.1485 0.0736031 100
0.625313 0.1573 0.0733468 100
0.641303 0.171 0.0752224 100
0.386649 -0.0667 0.0453524 100
0.392509 -0.0621 0.0460398 100
0.399163 -0.0574 0.0468203 100
0.404825 -0.0524 0.0474843 100
0.409493 -0.0472 0.0480319 0
0.415055 -0.0419 0.0486843 100
0.420517 -0.0365 0.049325 100
0.42598 -0.0309 0.0499657 100
0.433329 -0.0253 0.0508278 100
0.44058 -0.0195 0.0516782 100
0.444751 -0.0135 0.0521675 100
0.44783 -0.0072 0.0525287 100
0.458901 0.0017 0.061475 100
0.468713 0.0083 0.0627895 100
0.475552 0.0152 0.0637056 100
0.483184 0.0222 0.064728 100
0.492699 0.0296 0.0660026 100
0.500132 0.0372 0.0669985 100
0.508458 0.045 0.0681138 100
0.518667 0.0533 0.0694814 100
0.529669 0.0619 0.0709552 100
0.538589 0.0707 0.0721501 100
0.549392 0.08 0.0735974 100
0.558015 0.0893 0.0747525 100
0.567431 0.099 0.0760139 100
0.578631 0.1094 0.0775143 100
0.591714 0.1205 0.0792669 100
0.605491 0.1322 0.0811125 100
0.617088 0.1439 0.0826659 100
0.621746 0.1542 0.08329 100
0.64256 0.169 0.0860783 100
0.384366 -0.0694 0.0514903 100
0.389223 -0.0646 0.0521409 100
0.395963 -0.06 0.0530438 100
0.402703 -0.0552 0.0539466 100
0.409343 -0.0503 0.0548362 100
0.413903 -0.0449 0.055447 100
0.418462 -0.0395 0.0560578 100
0.423913 -0.034 0.056788 100
0.431248 -0.0284 0.0577706 100
0.438483 -0.0227 0.0587398 100
0.442745 -0.0167 0.0593108 100
0.447899 -0.0106 0.0600012 100
0.464571 0.0061 0.0642993 100
0.472298 0.0128 0.0653687 100
0.477052 0.0196 0.0660268 100
0.48468 0.0268 0.0670824 100
0.49409 0.0342 0.0683849 100
0.5035 0.042 0.0696873 100
0.512712 0.05 0.0709623 100
0.521826 0.0583 0.0722236 100
0.530741 0.0669 0.0734575 100
0.539656 0.0757 0.0746914 100
0.549264 0.0849 0.0760213 100
0.561745 0.0949 0.0777487 100
0.573037 0.1051 0.0793116 100
0.577396 0.1143 0.0799149 100
0.593245 0.1261 0.0821085 100
0.611669 0.139 0.0846585 100
0.628013 0.152 0.0869206 100
0.625933 0.1608 0.0866327 100
0.643664 0.1751 0.0890868 100
0.386813 -0.0659 0.0535371 100
0.391567 -0.061 0.0541952 100
0.398303 -0.0564 0.0551274 100
0.40494 -0.0515 0.056046 100
0.410487 -0.0464 0.0568137 100
0.415044 -0.041 0.0574444 100
0.41851 -0.0354 0.0579242 100
0.424949 -0.03 0.0588154 100
0.43218 -0.0244 0.0598162 100
0.438421 -0.0186 0.0606799 100
0.443572 -0.0126 0.0613928 100
0.457926 0.0018 0.0683558 100
0.473652 0.0085 0.0707033 100
0.480476 0.0154 0.0717219 100
0.491059 0.0227 0.0733017 100
0.499565 0.0302 0.0745713 100
0.507972 0.0379 0.0758263 100
0.51628 0.0459 0.0770664 100
0.524588 0.0616 0.0783065 100
0.534478 0.0705 0.0797829 100
0.545259 0.0797 0.0813922 100
0.556732 0.0895 0.0831047 100
0.567215 0.0994 0.0846697 100
0.577403 0.1096 0.0861904 100
0.58937 0.1205 0.0879768 100
0.601238 0.1318 0.0897484 100
0.61281 0.1434 0.0914758 100
0.626162 0.1559 0.0934688 100
0.631602 0.1668 0.0942809 100
0.652075 0.1821 0.0973369 52
0.39077 -0.0684 0.0583313 100
0.398584 -0.064 0.0594976 100
0.40521 -0.0592 0.0604868 100
0.408969 -0.0538 0.0610478 100
0.412628 -0.0484 0.0615941 100
0.418167 -0.0431 0.0624208 100
0.425585 -0.0378 0.0635281 100
0.433002 -0.0323 0.0646354 100
0.437354 -0.0264 0.065285 100
0.442596 -0.0204 0.0660675 100
0.448827 -0.0144 0.0669976 100
0.45486 -0.0081 0.0678982 100
0.45616 0.0015 0.0732283 100
0.471859 0.0082 0.0757485 100
0.477684 0.0151 0.0766836 100
0.487261 0.0223 0.0782211 100
0.495753 0.0297 0.0795842 100
0.504145 0.0374 0.0809315 100
0.511748 0.0525 0.082152 100
0.521819 0.061 0.0837687 100
0.530705 0.0697 0.0851952 100
0.539493 0.0786 0.0866059 100
0.550057 0.0882 0.0883019 100
0.562399 0.0983 0.0902831 100
0.574544 0.1088 0.0922327 100
0.585602 0.1195 0.094008 100
0.596463 0.1306 0.0957515 100
0.609003 0.1424 0.0977645 100
0.621345 0.1546 0.0997458 100
0.627763 0.1656 0.100776 100
0.649188 0.1811 0.104216 100
0.390204 -0.0678 0.0626403 100
0.397017 -0.0632 0.0637339 100
0.402744 -0.0583 0.0646533 100
0.407384 -0.0531 0.0653982 100
0.412025 -0.0478 0.0661432 100
0.417554 -0.0424 0.0670308 100
0.422984 -0.0369 0.0679026 100
0.431377 -0.0315 0.0692498 100
0.437696 -0.0257 0.0702643 100
0.441942 -0.0197 0.0709458 100
0.447076 -0.0136 0.07177 100
0.453099 -0.0074 0.0727369 100
0.465843 0.0032 0.081973 100
0.473623 0.01 0.0833421 100
0.479335 0.017 0.0843472 100
0.488889 0.0243 0.0860283 100
0.498343 0.0318 0.087692 100
0.50573 0.0395 0.0889918 100
0.515874 0.0477 0.0907768 100
0.52592 0.0562 0.0925445 100
0.534882 0.0649 0.0941216 100
0.544731 0.0739 0.0958547 100
0.555367 0.0834 0.0977263 100
0.566792 0.0934 0.0997367 100
0.577034 0.1036 0.101539 100
0.587178 0.114 0.103324 100
0.599982 0.1254 0.105577 100
0.613573 0.1374 0.107969 100
0.626081 0.1495 0.11017 100
0.630611 0.1601 0.110967 100
0.649225 0.1747 0.114242 100
0.390402 -0.0669 0.0686979 100
0.398084 -0.0624 0.0700496 100
0.404781 -0.0576 0.0712281 100
0.408425 -0.0522 0.0718693 100
0.412069 -0.0467 0.0725106 100
0.418569 -0.0414 0.0736544 100
0.425956 -0.036 0.0749542 100
0.433244 -0.0305 0.0762366 100
0.438562 -0.0246 0.0771725 100
0.442797 -0.0185 0.0779177 100
0.446933 -0.0123 0.0786455 100
0.45768 0.0047 0.0821847 100
0.474314 0.0116 0.0851716 100
0.480908 0.0186 0.0863557 100
0.490455 0.0259 0.0880701 100
0.499904 0.0336 0.0897668 100
0.508172 0.0414 0.0912515 100
0.517424 0.0495 0.0929128 100
0.526479 0.0579 0.0945389 100
0.534353 0.0665 0.0959528 100
0.542227 0.0753 0.0973667 100
0.553743 0.0849 0.0994346 100
0.566145 0.095 0.101662 100
0.577365 0.1054 0.103676 100
0.588389 0.116 0.105656 100
0.601283 0.1274 0.107971 100
0.613881 0.1392 0.110233 100
0.619492 0.1498 0.111241 100
0.639374 0.1642 0.114811 100
0.389963 -0.0679 0.0700249 100
0.396754 -0.0633 0.0712444 100
0.402463 -0.0584 0.0722695 100
0.407089 -0.0531 0.0731001 100
0.411715 -0.0478 0.0739308 100
0.416242 -0.0424 0.0747438 100
0.421656 -0.0369 0.0757159 100
0.428053 -0.0313 0.0768647 100
0.435337 -0.0257 0.0781726 100
0.440554 -0.0197 0.0791094 100
0.445672 -0.0136 0.0800284 100
0.45266 -0.0074 0.0812833 100
0.464088 0.001 0.0913869 100
0.470858 0.0077 0.09272 100
0.477628 0.0146 0.0940532 100
0.486164 0.0218 0.0957341 100
0.495583 0.0293 0.0975889 100
0.504021 0.037 0.0992504 100
0.513244 0.045 0.101067 100
0.523252 0.0534 0.103037 100
0.531297 0.0619 0.104622 100
0.541109 0.0709 0.106554 100
0.552686 0.0804 0.108834 100
0.564166 0.0903 0.111094 100
0.573487 0.1002 0.112929 100
0.584574 0.1107 0.115113 100
0.598408 0.1222 0.117837 100
0.611065 0.1338 0.120329 100
0.622545 0.1456 0.12259 100
0.626175 0.1559 0.123305 100
0.641089 0.1693 0.126241 100
0.395995 -0.0661 0.0779783 100
0.400803 -0.0611 0.0789251 100
0.404433 -0.0558 0.0796399 100
0.409143 -0.0505 0.0805673 100
0.415619 -0.0453 0.0818425 100
0.422977 -0.04 0.0832915 100
0.429355 -0.0345 0.0845474 100
0.434751 -0.0287 0.08561 100
0.43897 -0.0227 0.0864408 100
0.44417 -0.0166 0.0874648 100
0.451235 -0.0104 0.0888559 100
0.462704 0.0005 0.0932135 100
0.469468 0.0072 0.0945762 100
0.474272 0.014 0.0955438 100
0.48084 0.0211 0.096867 100
0.490349 0.0285 0.0987826 100
0.499662 0.0361 0.100659 100
0.507896 0.044 0.102318 100
0.517994 0.0523 0.104352 100
0.527012 0.0608 0.106169 100
0.534855 0.0694 0.107749 100
0.54554 0.0787 0.109901 100
0.556029 0.0883 0.112014 100
0.568283 0.0986 0.114483 100
0.579361 0.109 0.116714 100
0.59034 0.1198 0.118926 100
0.602104 0.1311 0.121296 100
0.614554 0.143 0.123804 100
0.620141 0.1536 0.12493 100
0.640826 0.1684 0.129097 100
0.390162 -0.0691 0.0785995 100
0.396926 -0.0645 0.0799622 100
0.401631 -0.0594 0.0809101 100
0.406337 -0.0542 0.0818581 100
0.409964 -0.0488 0.0825887 100
0.415454 -0.0435 0.0836947 100
0.422806 -0.0382 0.0851758 100
0.429178 -0.0326 0.0864595 100
0.434471 -0.0268 0.0875259 100
0.437707 -0.0207 0.0881776 100
0.441922 -0.0146 0.0890268 100
0.446921 -0.0084 0.090034 100
0.459001 0.0005 0.101086 100
0.473552 0.0073 0.10429 100
0.482244 0.0143 0.106205 100
0.49074 0.0216 0.108076 100
0.49826 0.0291 0.109732 100
0.506561 0.0368 0.11156 100
0.514764 0.0448 0.113367 100
0.523847 0.0531 0.115367 100
0.53371 0.0619 0.117539 100
0.544453 0.071 0.119905 100
0.555 0.0805 0.122228 100
0.567403 0.0905 0.124959 100
0.570919 0.0995 0.125734 100
0.586837 0.1109 0.129239 100
0.605295 0.1234 0.133304 100
0.622678 0.1362 0.137133 100
0.620823 0.1451 0.136724 100
0.639574 0.1591 0.140853 100
0.394741 -0.0685 0.0869338 100
0.399526 -0.0635 0.0879877 100
0.404214 -0.0583 0.0890201 100
0.407925 -0.0529 0.0898373 100
0.415347 -0.0478 0.0914719 100
0.423746 -0.0427 0.0933216 100
0.430093 -0.0371 0.0947196 100
0.434488 -0.0313 0.0956874 100
0.438785 -0.0253 0.0966338 100
0.443961 -0.0192 0.0977737 100
0.450016 -0.013 0.0991071 100
0.459001 -0.0067 0.101086 100
0.459585 0.0008 0.103066 100
0.468269 0.0075 0.105014 100
0.475002 0.0144 0.106524 100
0.484467 0.0217 0.108646 100
0.492956 0.0291 0.11055 100
0.499299 0.0367 0.111972 100
0.506519 0.0445 0.113592 100
0.51657 0.0528 0.115846 100
0.526425 0.0614 0.118056 100
0.536182 0.0704 0.120244 100
0.547794 0.0798 0.122848 100
0.557161 0.0894 0.124949 100
0.567504 0.0993 0.127268 100
0.570822 0.1084 0.128012 100
0.585654 0.1198 0.131338 100
0.604876 0.1328 0.135649 100
0.624001 0.1464 0.139938 100
0.621952 0.1553 0.139479 100
0.642443 0.1702 0.144074 100
0.386598 -0.0678 0.0866983 100
0.393331 -0.0632 0.0882082 100
0.399966 -0.0584 0.0896962 100
0.404552 -0.0532 0.0907246 100
0.409138 -0.0479 0.0917531 100
0.414602 -0.0425 0.0929785 100
0.42192 -0.0372 0.0946197 100
0.429239 -0.0317 0.0962609 100
0.433532 -0.0258 0.0972237 100
0.438704 -0.0198 0.0983835 100
0.443778 -0.0136 0.0995214 100
0.450705 -0.0074 0.101075 100
0.465333 0.0057 0.109314 100
0.481687 0.0128 0.113156 100
0.491228 0.0201 0.115397 100
0.496777 0.0275 0.116701 100
0.504078 0.0351 0.118416 100
0.514202 0.0433 0.120794 100
0.524229 0.0517 0.12315 100
0.533185 0.0603 0.125254 100
0.54292 0.0693 0.127541 100
0.552558 0.0786 0.129805 100
0.563948 0.0885 0.132481 100
0.576117 0.0989 0.135339 100
0.588091 0.1097 0.138152 100
0.599967 0.1208 0.140942 100
0.612526 0.1325 0.143892 100
0.625863 0.1448 0.147025 100
0.630438 0.1554 0.1481 100
0.650882 0.1703 0.152903 100
0.394657 -0.0673 0.0927112 100
0.399427 -0.0622 0.0938318 100
0.403126 -0.0569 0.0947008 100
0.406728 -0.0515 0.095547 100
0.412277 -0.0462 0.0968505 100
0.420649 -0.041 0.0988173 100
0.43272 -0.0359 0.101653 100
0.437101 -0.03 0.102682 100
0.441384 -0.0239 0.103688 100
0.447518 -0.0178 0.105129 100
0.4555 -0.0116 0.107004 100
0.465667 0.0034 0.112227 100
0.472375 0.0103 0.113843 100
0.481903 0.0174 0.116139 100
0.492305 0.0249 0.118646 100
0.499693 0.0325 0.120427 100
0.506012 0.0402 0.12195 100
0.514081 0.0483 0.123895 100
0.523997 0.0568 0.126284 100
0.533816 0.0657 0.128651 100
0.544413 0.0749 0.131205 100
0.555884 0.0846 0.133969 100
0.567162 0.0947 0.136687 100
0.577272 0.1049 0.139124 100
0.589132 0.1159 0.141982 100
0.601771 0.1273 0.145028 100
0.606631 0.1375 0.146199 100
0.626464 0.1515 0.150979 100
0.644157 0.1655 0.155243 100
0.394991 -0.0684 0.0951936 100
0.398782 -0.0631 0.0961073 100
0.402477 -0.0578 0.0969976 100
0.408018 -0.0526 0.0983331 100
0.415504 -0.0475 0.100137 100
0.42192 -0.0421 0.101684 100
0.427267 -0.0365 0.102972 100
0.432517 -0.0307 0.104237 100
0.437766 -0.0247 0.105503 100
0.441947 -0.0186 0.10651 100
0.447002 -0.0124 0.107728 100
0.462364 0.0005 0.117254 100
0.474868 0.0074 0.120425 100
0.484465 0.0145 0.122858 100
0.493867 0.0219 0.125243 100
0.501331 0.0295 0.127135 100
0.510539 0.0374 0.129471 100
0.518681 0.0455 0.131536 100
0.52663 0.0538 0.133551 100
0.536517 0.0627 0.136059 100
0.549021 0.0721 0.13923 100
0.561428 0.082 0.142376 100
0.570831 0.0918 0.14476 100
0.581008 0.102 0.147341 100
0.592931 0.1129 0.150365 100
0.60466 0.1242 0.153339 100
0.617067 0.136 0.156486 100
0.622786 0.1466 0.157936 100
0.643336 0.1613 0.163147 100
0.397614 -0.0695 0.100833 100
0.401297 -0.0642 0.101767 100
0.405077 -0.0589 0.102726 100
0.409633 -0.0535 0.103881 100
0.418066 -0.0485 0.10602 100
0.424464 -0.0431 0.107642 100
0.428826 -0.0373 0.108749 100
0.433188 -0.0314 0.109855 100
0.438422 -0.0254 0.111182 100
0.444529 -0.0194 0.112731 100
0.452477 -0.0132 0.114746 100
0.460425 -0.0068 0.116762 100
0.46751 0.0005 0.121342 100
0.474188 0.0074 0.123075 100
0.482803 0.0145 0.125311 100
0.492192 0.0218 0.127748 100
0.500613 0.0295 0.129933 100
0.510776 0.0374 0.132571 100
0.519875 0.0457 0.134933 100
0.527812 0.054 0.136993 100
0.538556 0.063 0.139781 100
0.548235 0.0722 0.142294 100
0.557817 0.0816 0.144781 100
0.568077 0.0915 0.147444 100
0.580176 0.102 0.150584 100
0.592082 0.1129 0.153674 100
0.604665 0.1244 0.15694 100
0.618119 0.1364 0.160432 100
0.623733 0.1471 0.161889 100
0.643382 0.1615 0.166989 100
0.397044 -0.0692 0.103052 100
0.401787 -0.0641 0.104283 100
0.406433 -0.0589 0.105489 100
0.412918 -0.0537 0.107172 100
0.418436 -0.0483 0.108604 100
0.424824 -0.0429 0.110263 100
0.430148 -0.0372 0.111644 100
0.434503 -0.0312 0.112775 100
0.438762 -0.0252 0.11388 100
0.445828 -0.0191 0.115714 100
0.455701 -0.013 0.118277 100
0.461452 0.0052 0.124682 100
0.476705 0.0123 0.128804 100
0.487132 0.0196 0.131621 100
0.494565 0.0271 0.133629 100
0.50084 0.0347 0.135325 100
0.510011 0.0428 0.137803 100
0.518989 0.0511 0.140228 100
0.52874 0.0598 0.142863 100
0.539455 0.069 0.145758 100
0.550847 0.0785 0.148836 100
0.562142 0.0885 0.151888 100
0.572375 0.0986 0.154653 100
0.583284 0.1092 0.1576 100
0.596027 0.1205 0.161044 100
0.609445 0.1324 0.164669 100
0.621706 0.1445 0.167982 100
0.626243 0.1551 0.169208 100
0.645647 0.1699 0.174451 100
0.391945 -0.0699 0.105902 100
0.396675 -0.0649 0.10718 100
0.400344 -0.0595 0.108171 100
0.404012 -0.0541 0.109162 100
0.41048 -0.0489 0.11091 100
0.418783 -0.0438 0.113153 100
0.426023 -0.0383 0.115109 100
0.430367 -0.0324 0.116283 100
0.433649 -0.0264 0.11717 100
0.438766 -0.0203 0.118552 100
0.446779 -0.0142 0.120717 100
0.454598 -0.0078 0.12283 100
0.465298 0.0063 0.129563 100
0.480519 0.0135 0.133802 100
0.48996 0.0208 0.136431 100
0.497281 0.0284 0.138469 100
0.506529 0.0362 0.141044 100
0.516548 0.0445 0.143834 100
0.525411 0.0529 0.146302 100
0.536201 0.0618 0.149306 100
0.547761 0.0712 0.152525 100
0.558165 0.0808 0.155423 100
0.56751 0.0905 0.158025 100
0.576661 0.1005 0.160573 100
0.589474 0.1116 0.164141 100
0.602094 0.123 0.167655 100
0.605177 0.1419 0.168513 100
0.623769 0.1558 0.17369 100
0.644 0.1707 0.179323 100
0.396226 -0.0687 0.11033 100
0.399983 -0.0634 0.111376 100
0.40557 -0.0583 0.112932 100
0.412988 -0.0533 0.114998 100
0.418479 -0.0479 0.116527 100
0.423874 -0.0423 0.118029 100
0.428209 -0.0365 0.119236 100
0.433508 -0.0306 0.120711 100
0.438613 -0.0246 0.122133 100
0.444682 -0.0185 0.123823 100
0.453545 -0.0123 0.126291 100
0.4656 0.0039 0.135798 100
0.483745 0.0111 0.14109 100
0.489312 0.0183 0.142714 100
0.495744 0.0258 0.14459 100
0.504865 0.0336 0.14725 100
0.513985 0.0418 0.14991 100
0.522913 0.0501 0.152514 100
0.534625 0.0591 0.15593 100
0.545185 0.0683 0.15901 100
0.555649 0.0778 0.162062 100
0.564961 0.0875 0.164778 100
0.576097 0.0978 0.168026 100
0.588289 0.1175 0.171582 100
0.598945 0.1287 0.17469 100
0.609313 0.1402 0.177714 100
0.614881 0.1509 0.179338 100
0.636001 0.1659 0.185498 100
0.653281 0.1805 0.190538 100
0.398016 -0.0673 0.116087 100
0.401664 -0.0619 0.117151 100
0.407232 -0.0567 0.118775 100
0.414624 -0.0516 0.120931 100
0.422016 -0.0463 0.123086 100
0.427296 -0.0407 0.124626 100
0.431712 -0.0348 0.125914 100
0.435936 -0.0287 0.127146 100
0.441984 -0.0227 0.12891 100
0.450912 -0.0166 0.131514 100
0.457824 -0.0102 0.13353 100
0.464835 0.0018 0.138397 100
0.473365 0.0087 0.140936 100
0.48084 0.0159 0.143162 100
0.488316 0.0232 0.145388 100
0.4956 0.0308 0.147556 100
0.505664 0.0389 0.150553 100
0.514577 0.0471 0.153206 100
0.522532 0.0555 0.155575 100
0.53317 0.0645 0.158742 100
0.545534 0.0741 0.162423 100
0.555885 0.0837 0.165505 100
0.567003 0.0939 0.168815 100
0.578887 0.1045 0.172354 100
0.590676 0.1155 0.175864 100
0.600356 0.1265 0.178746 100
0.606106 0.1369 0.180458 100
0.6247 0.1507 0.185994 100
0.642143 0.1648 0.191187 100
0.393528 -0.0667 0.117166 100
0.398224 -0.0615 0.118565 100
0.404646 -0.0565 0.120476 100
0.411067 -0.0513 0.122388 100
0.41653 -0.0459 0.124015 100
0.421897 -0.0402 0.125613 100
0.427169 -0.0345 0.127182 100
0.431386 -0.0285 0.128438 100
0.436465 -0.0224 0.12995 100
0.442504 -0.0163 0.131748 100
0.452279 -0.0101 0.134658 100
0.460953 0.0055 0.137416 100
0.478011 0.0127 0.142501 100
0.486445 0.0201 0.145015 100
0.494782 0.0276 0.147501 100
0.501969 0.0354 0.149644 100
0.510019 0.0435 0.152043 100
0.517973 0.0518 0.154415 100
0.528707 0.0606 0.157614 100
0.540206 0.07 0.161043 100
0.550556 0.0795 0.164128 100
0.56081 0.0893 0.167185 100
0.572789 0.0998 0.170756 100
0.584577 0.1107 0.17427 100
0.596268 0.1219 0.177755 100
0.608631 0.1337 0.181441 100
0.620801 0.1458 0.185069 100
0.626264 0.1568 0.186697 100
0.647251 0.1721 0.192954 100
0.395691 -0.065 0.117961 100
0.399429 -0.0596 0.119075 100
0.404891 -0.0544 0.120703 100
0.413229 -0.0494 0.123189 100
0.418595 -0.0439 0.124789 100
0.423962 -0.0382 0.126389 100
0.429137 -0.0323 0.127931 100
0.434312 -0.0264 0.129474 100
0.441403 -0.0203 0.131588 100
0.449262 -0.0141 0.133931 100
0.455107 -0.0076 0.135673 100
0.460809 0.0055 0.137899 100
0.475946 0.0127 0.142428 100
0.485334 0.02 0.145238 100
0.493669 0.0275 0.147732 100
0.50277 0.0354 0.150456 100
0.510818 0.0435 0.152864 100
0.518769 0.0518 0.155244 100
0.528541 0.0605 0.158168 100
0.540038 0.0698 0.161608 100
0.551342 0.0795 0.164991 100
0.561593 0.0893 0.168059 100
0.571748 0.0994 0.171098 100
0.583532 0.1103 0.174624 100
0.594262 0.1212 0.177835 100
0.605662 0.1328 0.181247 100
0.618787 0.1451 0.185174 100
0.62329 0.1557 0.186522 100
0.641588 0.1702 0.191997 100
0.396526 -0.0651 0.118662 100
0.401124 -0.0599 0.120038 100
0.408597 -0.0549 0.122274 100
0.415016 -0.0497 0.124195 100
0.42038 -0.0441 0.1258 100
0.424692 -0.0383 0.12709 100
0.429961 -0.0325 0.128667 100
0.435134 -0.0265 0.130215 100
0.439254 -0.0203 0.131448 100
0.445289 -0.0141 0.133254 100
0.454007 -0.0078 0.135863 100
0.462797 0.0048 0.13823 100
0.477074 0.0119 0.142494 100
0.486369 0.0192 0.14527 100
0.494705 0.0267 0.14776 100
0.504861 0.0346 0.150794 100
0.513868 0.0428 0.153484 100
0.521821 0.0511 0.155859 100
0.532552 0.0599 0.159064 100
0.543092 0.0691 0.162213 100
0.552578 0.0785 0.165046 100
0.561873 0.0882 0.167822 100
0.572029 0.0983 0.170855 100
0.583815 0.109 0.174376 100
0.597325 0.1206 0.178411 100
0.609781 0.1323 0.182131 100
0.621088 0.1442 0.185508 100
0.626549 0.155 0.18714 100
0.645809 0.1697 0.192892 100
0.397354 -0.0663 0.118683 100
0.402049 -0.0611 0.120085 100
0.408469 -0.056 0.122003 100
0.414889 -0.0508 0.12392 100
0.42035 -0.0452 0.125552 100
0.42562 -0.0396 0.127126 100
0.429932 -0.0337 0.128413 100
0.434244 -0.0277 0.129701 100
0.441239 -0.0217 0.131791 100
0.450054 -0.0156 0.134423 100
0.456953 -0.0091 0.136484 100
