1.29334 -0.1848 -0.306685 100
1.30637 -0.1677 -0.309777 100
1.29375 -0.2109 -0.282794 22
1.30811 -0.1941 -0.285933 100
1.31446 -0.1759 -0.287321 100
1.32843 -0.1585 -0.290374 100
1.34309 -0.1408 -0.293577 100
1.3595 -0.123 -0.297165 100
1.37562 -0.1046 -0.300688 100
1.39154 -0.0859 -0.304169 100
1.40727 -0.0667 -0.307607 100
1.28442 -0.2033 -0.283808 100
1.30639 -0.1877 -0.288663 100
1.31459 -0.1698 -0.290475 100
1.32943 -0.1525 -0.293754 100
1.34496 -0.1349 -0.297185 100
1.36126 -0.117 -0.300788 100
1.38031 -0.0988 -0.304995 100
1.39905 -0.0801 -0.309138 100
1.4576 0.0029 -0.289141 100
1.49664 0.0242 -0.296885 100
1.51675 0.0461 -0.300874 100
1.53656 0.0685 -0.304805 100
1.55608 0.0915 -0.308677 100
1.2931 -0.2038 -0.256511 100
1.31812 -0.1886 -0.261472 100
1.32743 -0.1708 -0.263321 100
1.34323 -0.1535 -0.266453 100
1.35892 -0.1357 -0.269567 100
1.3753 -0.1177 -0.272816 100
1.39041 -0.0991 -0.275813 100
1.40836 -0.0803 -0.279373 100
1.42493 -0.061 -0.282662 100
1.43935 -0.0411 -0.285522 100
1.45652 -0.0209 -0.288927 100
1.45878 0.0153 -0.287789 100
1.49969 0.037 -0.29586 100
1.51961 0.0591 -0.299789 100
1.54021 0.0819 -0.303853 100
1.56141 0.1052 -0.308034 100
1.57063 0.1283 -0.309853 100
1.28896 -0.2072 -0.254285 100
1.30819 -0.1913 -0.258079 100
1.31545 -0.1733 -0.259511 100
1.33232 -0.1563 -0.26284 100
1.34802 -0.1388 -0.265937 100
1.36538 -0.121 -0.269363 100
1.38167 -0.1027 -0.272576 100
1.39854 -0.084 -0.275905 100
1.41424 -0.0648 -0.279002 100
1.42974 -0.0452 -0.28206 100
1.44691 -0.0252 -0.285447 100
1.47207 0.0217 -0.270972 100
1.51003 0.0437 -0.27796 100
1.52793 0.0659 -0.281255 100
1.5475 0.0887 -0.284857 100
1.56874 0.1123 -0.288768 100
1.57779 0.1354 -0.290433 100
1.61005 0.1612 -0.296371 100
1.29671 -0.1961 -0.238693 100
1.32268 -0.1809 -0.243473 100
1.33281 -0.1631 -0.245337 100
1.34963 -0.1457 -0.248433 100
1.36615 -0.128 -0.251474 100
1.38247 -0.1098 -0.25448 100
1.3986 -0.0911 -0.257449 100
1.41444 -0.072 -0.260363 100
1.43106 -0.0525 -0.263423 100
1.44728 -0.0326 -0.26641 100
1.47606 0.0154 -0.266382 100
1.51306 0.0372 -0.27306 100
1.53117 0.0811 -0.276328 100
1.55055 0.1041 -0.279827 100
1.5725 0.1279 -0.283787 100
1.58332 0.1514 -0.285741 100
1.61924 0.178 -0.292223 100
1.29262 -0.2152 -0.233278 49
1.31299 -0.1995 -0.236954 100
1.32047 -0.1816 -0.238304 100
1.33651 -0.1646 -0.241199 100
1.35422 -0.1474 -0.244395 100
1.36987 -0.1295 -0.247219 100
1.38424 -0.1111 -0.249812 100
1.40038 -0.0925 -0.252725 100
1.41721 -0.0735 -0.255762 100
1.43482 -0.0541 -0.258941 100
1.45214 -0.0342 -0.262067 100
1.48396 0.0186 -0.244072 100
1.52205 0.0407 -0.250337 100
1.54198 0.0849 -0.253615 100
1.5633 0.1083 -0.25712 100
1.58333 0.1323 -0.260415 100
1.59507 0.156 -0.262346 100
1.63197 0.183 -0.268416 100
1.29737 -0.2194 -0.213383 100
1.31493 -0.2033 -0.216271 100
1.32243 -0.1854 -0.217505 100
1.33862 -0.1683 -0.220166 100
1.35549 -0.151 -0.222942 100
1.37118 -0.1331 -0.225522 100
1.38568 -0.1148 -0.227908 100
1.40098 -0.0961 -0.230423 100
1.41982 -0.0772 -0.233523 100
1.43759 -0.0578 -0.236444 100
1.45298 -0.0378 -0.238976 100
1.47769 0.0154 -0.239068 100
1.51589 0.0371 -0.245249 100
1.53692 0.0591 -0.248651 100
1.55765 0.0818 -0.252005 100
1.57838 0.1273 -0.255359 100
1.58637 0.1504 -0.256652 100
1.61461 0.1759 -0.26122 100
1.29546 -0.2099 -0.209586 21
1.31777 -0.1946 -0.213195 100
1.32616 -0.1769 -0.214553 100
1.34215 -0.16 -0.21714 100
1.35794 -0.1426 -0.219696 100
1.37354 -0.1248 -0.222219 100
1.38993 -0.1067 -0.22487 100
1.40602 -0.0881 -0.227473 100
1.4228 -0.0692 -0.230188 100
1.43948 -0.0498 -0.232888 100
1.45873 -0.03 -0.236002 100
1.4732 0.0182 -0.208619 100
1.51538 0.0399 -0.214591 100
1.5335 0.0619 -0.217157 100
1.55419 0.0846 -0.220088 100
1.57558 0.1079 -0.223116 100
1.58489 0.1309 -0.224434 100
1.6134 0.156 -0.228472 100
1.32399 -0.2059 -0.187489 100
1.32963 -0.1878 -0.188288 100
1.34389 -0.1706 -0.190307 100
1.35993 -0.1533 -0.192578 100
1.37766 -0.1358 -0.195088 100
1.3937 -0.098 -0.19736 100
1.40875 -0.0793 -0.199491 100
1.42548 -0.0602 -0.20186 100
1.443 -0.0407 -0.204342 100
1.45934 -0.0207 -0.206656 100
1.47554 0.007 -0.192163 100
1.51689 0.0284 -0.197548 100
1.53722 0.0502 -0.200196 100
1.55814 0.0726 -0.20292 100
1.57976 0.0957 -0.205736 100
1.5864 0.1406 -0.206601 100
1.61595 0.166 -0.210449 100
1.30914 -0.2049 -0.170493 100
1.33146 -0.1894 -0.173399 100
1.34078 -0.1718 -0.174613 100
1.35684 -0.1546 -0.176705 100
1.37162 -0.137 -0.178629 100
1.38719 -0.119 -0.180656 100
1.40355 -0.1007 -0.182787 100
1.42259 -0.0822 -0.185267 100
1.44044 -0.0631 -0.187591 100
1.4561 -0.0434 -0.189632 100
1.47137 -0.0234 -0.191621 100
1.47839 0.0216 -0.175764 100
1.52168 0.0436 -0.180911 100
1.54075 0.0657 -0.183178 100
1.55952 0.0885 -0.185409 100
1.57997 0.1119 -0.187841 100
1.58911 0.1349 -0.188927 100
1.62267 0.1607 -0.192918 100
1.30978 -0.2058 -0.155718 100
1.33609 -0.1908 -0.158846 100
1.34652 -0.173 -0.160086 100
1.36161 -0.1556 -0.16188 100
1.37551 -0.1377 -0.163533 100
1.3921 -0.1196 -0.165505 100
1.40947 -0.1012 -0.167571 100
1.42655 -0.0824 -0.169601 100
1.44522 -0.0428 -0.171821 100
1.45952 -0.0228 -0.173521 100
1.48814 0.0123 -0.179294 100
1.52755 0.034 -0.184043 100
1.5488 0.0562 -0.186603 100
1.56766 0.0789 -0.188875 100
1.5902 0.1023 -0.191591 100
1.59665 0.1477 -0.192368 100
1.62703 0.1736 -0.196028 100
1.30774 -0.211 -0.15756 39
1.32819 -0.1953 -0.160024 100
1.33673 -0.1774 -0.161052 100
1.35182 -0.1602 -0.162871 100
1.36969 -0.1429 -0.165024 100
1.38637 -0.1251 -0.167033 100
1.40087 -0.1066 -0.16878 100
1.41507 -0.0878 -0.17049 100
1.43403 -0.0689 -0.172775 100
1.45071 -0.0493 -0.174784 100
1.46908 -0.0294 -0.176997 100
1.49185 0.016 -0.15522 100
1.52924 0.0377 -0.159111 100
1.54755 0.0597 -0.161015 100
1.56734 0.0824 -0.163075 100
1.59191 0.1059 -0.165631 100
1.60026 0.1514 -0.1665 100
1.63458 0.1776 -0.17007 100
1.30685 -0.2129 -0.135972 41
1.32833 -0.1975 -0.138207 100
1.33678 -0.1797 -0.139086 100
1.353 -0.1627 -0.140773 100
1.36802 -0.1452 -0.142336 100
1.38274 -0.1274 -0.143868 100
1.40024 -0.1093 -0.145689 100
1.41645 -0.0908 -0.147376 100
1.43446 -0.0719 -0.149249 100
1.45226 -0.0525 -0.151101 100
1.46967 -0.0326 -0.152912 100
1.49973 0.0029 -0.147843 100
1.52043 0.0241 -0.149883 100
1.54183 0.046 -0.151993 100
1.56292 0.0684 -0.154072 100
1.58333 0.1136 -0.156083 100
1.59149 0.1365 -0.156888 100
1.62214 0.1619 -0.15991 100
1.31931 -0.2023 -0.130056 100
1.34259 -0.1868 -0.132352 100
1.35195 -0.1689 -0.133274 100
1.36608 -0.1514 -0.134667 100
1.38091 -0.1336 -0.136129 100
1.39852 -0.1156 -0.137866 100
1.41484 -0.0971 -0.139474 100
1.43196 -0.0783 -0.141162 100
1.44878 -0.059 -0.14282 100
1.46341 -0.0391 -0.144262 100
1.50019 0.0137 -0.130986 100
1.51982 0.035 -0.1327 100
1.53914 0.0568 -0.134387 100
1.56206 0.0795 -0.136388 100
1.58567 0.1028 -0.138449 100
1.59404 0.1256 -0.13918 100
1.62382 0.1507 -0.14178 100
1.33801 -0.1867 -0.116825 100
1.34339 -0.1684 -0.117295 100
1.35943 -0.1513 -0.118695 100
1.37626 -0.1338 -0.120165 100
1.3929 -0.1159 -0.121618 100
1.40924 -0.0975 -0.123045 100
1.42538 -0.0788 -0.124454 100
1.44331 -0.0596 -0.126019 100
1.46194 -0.0401 -0.127646 100
1.496 0.0123 -0.121154 100
1.51564 0.0336 -0.122744 100
1.53298 0.0553 -0.124149 100
1.55102 0.0776 -0.12561 100
1.57265 0.1006 -0.127361 100
1.59597 0.1244 -0.12925 100
1.60594 0.1477 -0.130057 100
1.63943 0.1738 -0.13277 100
1.3136 -0.2132 -0.106382 36
1.33413 -0.1975 -0.108045 100
1.3427 -0.1797 -0.108739 100
1.35785 -0.1626 -0.109966 100
1.3749 -0.1452 -0.111346 100
1.39164 -0.1275 -0.112702 100
1.40719 -0.1092 -0.113962 100
1.42244 -0.0905 -0.115197 100
1.43949 -0.0715 -0.116577 100
1.45733 -0.052 -0.118022 100
1.47587 -0.0322 -0.119523 100
1.49278 0.0185 -0.0965339 100
1.52931 0.0403 -0.0988958 100
1.54847 0.0624 -0.100135 100
1.56842 0.0851 -0.101425 100
1.58898 0.1084 -0.102755 100
1.59926 0.1315 -0.103419 100
1.63209 0.1572 -0.105543 100
1.33012 -0.2076 -0.0860151 100
1.35128 -0.1725 -0.0873832 100
1.35946 -0.1543 -0.0879124 100
1.37433 -0.1366 -0.0888739 100
1.3881 -0.1185 -0.0897644 100
1.40646 -0.1003 -0.0909518 100
1.42472 -0.0817 -0.0921328 100
1.44259 -0.0626 -0.0932879 100
1.46035 -0.043 -0.0944366 100
1.47672 -0.0229 -0.0954949 100
1.50336 0.0124 -0.0874728 100
1.52203 0.0338 -0.0885591 100
1.54139 0.0558 -0.0896859 100
1.56236 0.0784 -0.0909058 100
1.58402 0.1017 -0.0921662 100
1.60538 0.1256 -0.0934093 100
1.61437 0.1491 -0.0939321 100
1.64592 0.1752 -0.0957676 100
1.32067 -0.2193 -0.076843 41
1.34043 -0.2034 -0.0779931 100
1.34902 -0.1855 -0.0784926 100
1.3624 -0.1679 -0.079271 100
1.37747 -0.1503 -0.0801481 100
1.39534 -0.1325 -0.0811878 100
1.41101 -0.1141 -0.0820998 100
1.42858 -0.0754 -0.0831221 100
1.44546 -0.0561 -0.0841038 100
1.46402 -0.0363 -0.0851842 100
1.50114 0.0163 -0.0726303 100
1.5397 0.0382 -0.0744957 100
1.56197 0.0607 -0.0755734 100
1.58395 0.0838 -0.0766366 100
1.60452 0.1074 -0.0776322 100
1.61381 0.1308 -0.0780816 100
1.64567 0.1566 -0.0796232 100
1.32525 -0.2145 -0.06412 39
1.33993 -0.1977 -0.0648304 100
1.34553 -0.1793 -0.065101 100
1.36181 -0.1621 -0.0658887 100
1.37879 -0.1446 -0.0667103 100
1.39567 -0.1266 -0.067527 100
1.41225 -0.1082 -0.0683293 100
1.42753 -0.0893 -0.0690686 100
1.44361 -0.07 -0.0698467 100
1.46039 -0.0504 -0.0706586 100
1.47897 -0.0303 -0.0715575 100
1.50242 0.0131 -0.0666481 100
1.54108 0.035 -0.0683632 100
1.56047 0.0572 -0.0692229 100
1.58045 0.08 -0.0701092 100
1.60412 0.1036 -0.0711596 100
1.61341 0.1269 -0.0715717 100
1.64638 0.1526 -0.0730342 100
1.3238 -0.212 -0.0587242 28
1.34448 -0.1961 -0.0596416 100
1.35297 -0.1782 -0.0600183 100
1.36825 -0.1608 -0.0606964 100
1.38324 -0.143 -0.0613611 100
1.40002 -0.1251 -0.0621056 100
1.41761 -0.1067 -0.0628856 100
1.43489 -0.0879 -0.0636523 100
1.45297 -0.0687 -0.0644544 100
1.46876 -0.0489 -0.0651546 100
1.48424 -0.0287 -0.0658415 100
1.49726 0.0165 -0.0439144 100
1.53684 0.0384 -0.0450754 100
1.55813 0.0608 -0.0456998 100
1.57812 0.0837 -0.0462862 100
1.59971 0.1074 -0.0469195 100
1.61101 0.1308 -0.0472507 100
1.65079 0.1573 -0.0484176 100
1.32803 -0.2093 -0.038951 12
1.34472 -0.1926 -0.0394406 100
1.35222 -0.1744 -0.0396605 100
1.36641 -0.1568 -0.0400768 100
1.38141 -0.139 -0.0405165 100
1.3982 -0.1209 -0.0410091 100
1.41469 -0.1024 -0.0414928 100
1.43198 -0.0835 -0.042 100
1.44898 -0.0642 -0.0424984 100
1.46567 -0.0444 -0.042988 100
1.48316 -0.0241 -0.0435011 100
1.50156 0.0155 -0.0319776 100
1.54215 0.0375 -0.032842 100
1.56355 0.0599 -0.0332976 100
1.58444 0.0829 -0.0337426 100
1.60614 0.1066 -0.0342046 100
1.61643 0.1301 -0.0344239 100
1.65023 0.1561 -0.0351436 100
1.3311 -0.2111 -0.0283474 13
1.34679 -0.1943 -0.0286817 100
1.35429 -0.1761 -0.0288413 100
1.36859 -0.1585 -0.0291458 100
1.38359 -0.1406 -0.0294652 100
1.40028 -0.1226 -0.0298207 100
1.41788 -0.1041 -0.0301955 100
1.43517 -0.0852 -0.0305638 100
1.45117 -0.0658 -0.0309045 100
1.46797 -0.046 -0.0312622 100
1.48446 -0.0257 -0.0316135 100
1.50797 0.0103 -0.00973817 100
1.54767 0.0321 -0.00999454 100
1.56807 0.0543 -0.0101263 100
1.58987 0.0994 -0.0102671 100
1.61027 0.1232 -0.0103988 100
1.61937 0.1465 -0.0104576 100
1.65097 0.1726 -0.0106616 100
1.33127 -0.2112 -0.0085971 43
1.34897 -0.1948 -0.0087114 100
1.35647 -0.1767 -0.00875983 100
1.37077 -0.1592 -0.00885218 100
1.38677 -0.1415 -0.0089555 100
1.40557 -0.1237 -0.00907691 100
1.42307 -0.1054 -0.00918991 100
1.43937 -0.0865 -0.00929517 100
1.45647 -0.0672 -0.0094056 100
1.47217 -0.0474 -0.00950699 100
1.48777 -0.0272 -0.00960773 100
1.50988 0.0187 0.00764226 100
1.54948 0.0408 0.00784269 100
1.56968 0.0633 0.00794493 100
1.59268 0.0865 0.00806134 100
1.61418 0.1103 0.00817017 100
1.62348 0.1337 0.00821724 100
1.65328 0.1594 0.00836807 100
1.33068 -0.2153 0.00673525 36
1.34838 -0.1989 0.00682484 100
1.35598 -0.1808 0.0068633 100
1.37228 -0.1635 0.0069458 100
1.38638 -0.1456 0.00701717 100
1.40318 -0.1276 0.0071022 100
1.41978 -0.1092 0.00718622 100
1.43718 -0.0903 0.00727429 100
1.45628 -0.0712 0.00737097 100
1.47208 -0.0514 0.00745094 100
1.48868 -0.0312 0.00753496 100
1.50588 0.0024 0.0191873 100
1.52668 0.0237 0.0194523 100
1.54717 0.0456 0.0197135 100
1.56937 0.0682 0.0199963 100
1.59227 0.0914 0.0202881 100
1.61377 0.1153 0.020562 100
1.62397 0.1388 0.0206919 100
1.65567 0.1648 0.0210958 100
1.33769 -0.1952 0.0170443 100
1.35919 -0.179 0.0173182 100
1.36849 -0.1608 0.0174367 100
1.38349 -0.1431 0.0176278 100
1.39929 -0.125 0.0178291 100
1.41589 -0.1066 0.0180406 100
1.43418 -0.0879 0.0182738 100
1.45228 -0.0687 0.0185044 100
1.46808 -0.0489 0.0187057 100
1.48358 -0.0287 0.0189032 100
1.50969 0.0166 0.0250339 100
1.55229 0.0387 0.0257402 100
1.57258 0.0611 0.0260768 100
1.59358 0.0842 0.026425 100
1.61618 0.108 0.0267997 100
1.62548 0.1314 0.0269539 100
1.65637 0.1571 0.0274662 100
1.33202 -0.2121 0.0220877 41
1.35071 -0.1959 0.0223977 100
1.35821 -0.1777 0.0225221 100
1.37451 -0.1604 0.0227923 100
1.38951 -0.1425 0.023041 100
1.40531 -0.1244 0.023303 100
1.4229 -0.106 0.0235948 100
1.4402 -0.0871 0.0238816 100
1.4572 -0.0678 0.0241635 100
1.474 -0.048 0.024442 100
1.4915 -0.0278 0.0247322 100
1.50524 0.0013 0.04783 100
1.52503 0.0226 0.0484589 100
1.54562 0.0444 0.0491131 100
1.56581 0.0669 0.0497547 100
1.5867 0.0899 0.0504184 100
1.60819 0.1137 0.0511013 100
1.61738 0.137 0.0513935 100
1.65117 0.163 0.0524669 100
1.33742 -0.2069 0.0424976 100
1.35901 -0.1909 0.0431836 100
1.36841 -0.1728 0.0434821 100
1.3836 -0.1551 0.0439649 100
1.39959 -0.1372 0.044473 100
1.41629 -0.119 0.0450034 100
1.43478 -0.1004 0.045591 100
1.45197 -0.0813 0.0461372 100
1.46796 -0.0617 0.0466454 100
1.48365 -0.0416 0.047144 100
1.50214 -0.0212 0.0477316 100
1.52164 0.0061 0.0643078 100
1.54242 0.0276 0.065186 100
1.5638 0.0497 0.0660896 100
1.58489 0.0724 0.0669806 100
1.60577 0.0957 0.0678631 100
1.61616 0.1189 0.0683022 100
1.65223 0.1446 0.0698265 100
1.33671 -0.2015 0.056492 39
1.35719 -0.1854 0.0573576 100
1.36558 -0.1673 0.0577123 100
1.38067 -0.1497 0.0583499 100
1.39655 -0.1318 0.0590213 100
1.41214 -0.1135 0.05968 100
1.42763 -0.0949 0.0603345 100
1.44571 -0.0759 0.0610987 100
1.46359 -0.0565 0.0618545 100
1.48118 -0.0366 0.0625977 100
1.50986 0.0061 0.0804496 100
1.53063 0.0274 0.0815563 100
1.551 0.0494 0.0826417 100
1.57117 0.0719 0.0837165 100
1.59194 0.095 0.0848232 100
1.61331 0.1188 0.0859619 100
1.6225 0.1422 0.0864514 100
1.65515 0.1683 0.0881913 100
1.33351 -0.211 0.0710532 100
1.35608 -0.1953 0.0722557 100
1.36556 -0.1773 0.0727611 100
1.38084 -0.1598 0.0735752 100
1.39682 -0.142 0.0744265 100
1.41459 -0.124 0.0753736 100
1.43207 -0.1055 0.0763047 100
1.44934 -0.0865 0.0772252 100
1.46442 -0.067 0.0780287 100
1.4812 -0.0472 0.0789225 100
1.51838 0.0069 0.104844 100
1.53904 0.0286 0.10627 100
1.55949 0.0509 0.107682 100
1.57954 0.0737 0.109067 100
1.60129 0.0973 0.110569 100
1.62463 0.1216 0.112181 100
1.63371 0.1454 0.112808 100
1.66623 0.1719 0.115053 100
1.33362 -0.215 0.0920867 100
1.35827 -0.1994 0.0937882 100
1.36784 -0.1813 0.0944495 100
1.3841 -0.1637 0.0955723 100
1.40106 -0.1259 0.0967434 100
1.41563 -0.1072 0.0977491 100
1.43289 -0.0883 0.0989408 100
1.45194 -0.0691 0.100257 100
1.46771 -0.0492 0.101345 100
1.48317 -0.0289 0.102413 100
1.51918 0.0199 0.119829 100
1.56255 0.0425 0.12325 100
1.58179 0.0653 0.124767 100
1.60262 0.0887 0.126411 100
1.61309 0.1121 0.127236 100
1.64918 0.1379 0.130083 100
1.34522 -0.1992 0.106107 100
1.36765 -0.1829 0.107877 100
1.37593 -0.1644 0.108529 100
1.39198 -0.1465 0.109795 100
1.40882 -0.1283 0.111124 100
1.42637 -0.1097 0.112508 100
1.44471 -0.0907 0.113955 100
1.46076 -0.0711 0.115221 100
1.47651 -0.0511 0.116463 100
1.49406 -0.0307 0.117847 100
1.52288 0.0096 0.136717 100
1.55783 0.0534 0.139855 100
1.57785 0.0762 0.141653 100
1.59847 0.0997 0.143503 100
1.62277 0.124 0.145685 100
1.63084 0.1476 0.146409 100
1.65933 0.1736 0.148967 100
1.33941 -0.2157 0.120246 100
1.35903 -0.1994 0.122008 100
1.3666 -0.181 0.122687 100
1.38383 -0.1637 0.124234 100
1.39987 -0.1457 0.125674 100
1.4166 -0.1275 0.127176 100
1.43314 -0.1088 0.12866 100
1.45037 -0.0897 0.130207 100
1.4674 -0.0701 0.131736 100
1.48423 -0.0501 0.133247 100
1.50166 -0.0297 0.134812 100
1.52504 0.0037 0.155984 100
1.54375 0.0254 0.157897 100
1.56314 0.0476 0.159881 100
1.58513 0.0706 0.16213 100
1.60692 0.0941 0.164358 100
1.61736 0.1175 0.165426 100
1.65019 0.1431 0.168784 100
1.34289 -0.2026 0.137353 100
1.36428 -0.1863 0.139541 100
1.37264 -0.1679 0.140396 100
1.38866 -0.1502 0.142034 100
1.40258 -0.1318 0.143458 100
1.4181 -0.1132 0.145046 100
1.4374 -0.0945 0.14702 100
1.45551 -0.0753 0.148872 100
1.47132 -0.0554 0.150489 100
1.48883 -0.0352 0.15228 100
1.53036 0.0142 0.161927 100
1.54995 0.0362 0.164 100
1.57013 0.0587 0.166136 100
1.59201 0.0818 0.168451 100
1.61558 0.1058 0.170945 100
1.62582 0.1294 0.172029 100
1.65854 0.1554 0.17549 100
1.35593 -0.1921 0.143471 100
1.37333 -0.1749 0.145313 100
1.38049 -0.1562 0.14607 100
1.3964 -0.1382 0.147754 100
1.41212 -0.1198 0.149416 100
1.42942 -0.1011 0.151247 100
1.44762 -0.0821 0.153173 100
1.46254 -0.0623 0.154751 100
1.47914 -0.0423 0.156508 100
1.52247 0.0035 0.179388 100
1.54015 0.0251 0.181471 100
1.55951 0.0473 0.183752 100
1.58255 0.0701 0.186467 100
1.60222 0.0935 0.188784 100
1.62357 0.1176 0.1913 100
1.63261 0.1413 0.192365 100
1.66319 0.1674 0.195969 100
1.34182 -0.2009 0.158102 100
1.36317 -0.1847 0.160618 100
1.37052 -0.1661 0.161484 100
1.3875 -0.1485 0.163485 100
1.40329 -0.1304 0.165346 100
1.41879 -0.1118 0.167171 100
1.43607 -0.0929 0.169207 100
1.45305 -0.0736 0.171208 100
1.47083 -0.0539 0.173303 100
1.48731 -0.0336 0.175245 100
1.51802 0.0219 0.204975 100
1.55628 0.0444 0.21014 100
1.57729 0.0672 0.212977 100
1.59701 0.0906 0.21564 100
1.61732 0.1146 0.218383 100
1.62941 0.1386 0.220016 100
1.66677 0.1654 0.22506 100
1.34371 -0.196 0.181437 100
1.3669 -0.1798 0.184569 100
1.37621 -0.1613 0.185826 100
1.39207 -0.1433 0.187967 100
1.40772 -0.1249 0.190082 100
1.42418 -0.1062 0.192303 100
1.44132 -0.0871 0.194618 100
1.45628 -0.0675 0.196639 100
1.47283 -0.0475 0.198873 100
1.49127 -0.027 0.201362 100
1.5265 0.003 0.218069 100
1.54709 0.0246 0.221011 100
1.56838 0.0469 0.224051 100
1.59035 0.0698 0.227191 100
1.61194 0.0934 0.230274 100
1.62431 0.1169 0.232041 100
1.66104 0.1429 0.237288 100
1.33782 -0.2058 0.191114 100
1.36207 -0.1901 0.194579 100
1.37148 -0.1719 0.195923 100
1.38741 -0.1542 0.1982 100
1.40424 -0.1363 0.200604 100
1.42078 -0.1178 0.202965 100
1.43701 -0.099 0.205285 100
1.45305 -0.0797 0.207576 100
1.46889 -0.06 0.209838 100
1.4874 -0.0399 0.212483 100
1.51349 0.0171 0.230245 100
1.55362 0.0394 0.236351 100
1.57468 0.0621 0.239554 100
1.59436 0.0854 0.242547 100
1.6167 0.1094 0.245946 100
1.62688 0.1331 0.247495 100
1.66139 0.1595 0.252744 100
1.34631 -0.2104 0.204812 100
1.36766 -0.1941 0.208061 100
1.37716 -0.1757 0.209505 100
1.39317 -0.1579 0.211941 100
1.41077 -0.1198 0.214618 100
1.4251 -0.1009 0.216799 100
1.44112 -0.0817 0.219235 100
1.4599 -0.0622 0.222093 100
1.47839 -0.0421 0.224905 100
1.49658 -0.0216 0.227673 100
1.5152 0.0029 0.239442 100
1.53475 0.0247 0.242532 100
1.555 0.0471 0.245732 100
1.57594 0.07 0.249041 100
1.5955 0.0935 0.252132 100
1.61674 0.1178 0.255488 100
1.6277 0.1418 0.25722 100
1.66395 0.1687 0.262949 100
1.34027 -0.196 0.211798 100
1.36338 -0.1798 0.215451 100
1.37267 -0.1612 0.216918 100
1.38946 -0.1433 0.219571 100
1.40506 -0.1249 0.222038 100
1.42047 -0.106 0.224473 100
1.43756 -0.0868 0.227173 100
1.45445 -0.0672 0.229842 100
1.47105 -0.0471 0.232464 100
1.49031 -0.0266 0.235508 100
1.51158 0.0024 0.255393 100
1.55279 0.0245 0.262356 100
1.57518 0.0694 0.266138 100
1.59766 0.0931 0.269937 100
1.61886 0.1174 0.273518 100
1.62891 0.1413 0.275218 100
1.65918 0.1676 0.280332 100
1.34178 -0.2108 0.226705 100
1.36308 -0.1945 0.230303 100
1.37245 -0.176 0.231886 100
1.38842 -0.1582 0.234585 100
1.40518 -0.1399 0.237417 100
1.42175 -0.1213 0.240216 100
1.43901 -0.1023 0.243131 100
1.45606 -0.0828 0.246013 100
1.47381 -0.0629 0.249012 100
1.49126 -0.0425 0.251961 100
1.51039 -0.0217 0.255193 100
1.52718 0.0041 0.276435 100
1.54765 0.026 0.28014 100
1.56881 0.0486 0.283969 100
1.58957 0.0718 0.287727 100
1.61102 0.0956 0.29161 100
1.62234 0.1193 0.293659 100
1.66071 0.1458 0.300605 100
1.34219 -0.2095 0.242949 43
1.35961 -0.1925 0.246102 100
1.36699 -0.1739 0.247438 100
1.38293 -0.156 0.250323 100
1.39956 -0.1379 0.253333 100
1.41609 -0.1193 0.256326 100
1.43321 -0.1004 0.259425 100
1.45023 -0.081 0.262506 100
1.46785 -0.0611 0.265695 100
1.48822 -0.0409 0.269382 100
1.5254 0.0187 0.296232 100
1.54464 0.0409 0.299968 100
1.56545 0.0638 0.30401 100
1.58597 0.0873 0.307994 100
1.60816 0.1114 0.312303 100
1.61827 0.1353 0.314266 100
1.65429 0.1621 0.321263 100
1.34006 -0.2092 0.260239 100
1.36127 -0.1928 0.264357 100
1.37059 -0.1742 0.266168 100
1.3865 -0.1563 0.269257 100
1.40505 -0.1381 0.27286 100
1.42252 -0.1194 0.276253 100
1.43676 -0.1001 0.279017 100
1.45266 -0.0804 0.282106 100
1.47102 -0.0395 0.285671 100
1.51879 0.0198 0.313973 100
1.56041 0.0426 0.322577 100
1.58127 0.0657 0.326889 100
1.60271 0.0896 0.331322 100
1.61299 0.1132 0.333448 100
1.64639 0.1392 0.340351 100
1.34036 -0.2052 0.277087 100
1.36151 -0.1886 0.28146 100
1.37072 -0.17 0.283363 100
1.38756 -0.1521 0.286845 100
1.40215 -0.1334 0.289861 100
1.41851 -0.1146 0.293242 100
1.43555 -0.0954 0.296765 100
1.45239 -0.0757 0.300247 100
1.46992 -0.0556 0.303871 100
1.48911 -0.0351 0.307839 100
1.52666 0.0074 0.335098 100
1.5459 0.0294 0.339322 100
1.5669 0.0521 0.343931 100
1.59034 0.0756 0.349077 100
1.61261 0.0996 0.353965 100
1.62179 0.1234 0.35598 100
1.655 0.1496 0.36327 100
1.33619 -0.21 0.293292 34
1.35436 -0.1932 0.297279 100
1.36364 -0.1748 0.299316 100
1.37653 -0.1566 0.302146 100
1.39216 -0.1384 0.305576 100
1.40945 -0.1199 0.309371 100
1.42752 -0.101 0.313337 100
1.44441 -0.0816 0.317046 100
1.4619 -0.0617 0.320884 100
1.47821 -0.0414 0.324464 100
1.51146 0.0062 0.338959 100
1.52971 0.0281 0.343051 100
1.57127 0.0736 0.352373 100
1.59254 0.0973 0.357143 100
1.6144 0.1217 0.362045 100
1.62621 0.1459 0.364693 100
1.66192 0.173 0.372702 100
1.33397 -0.2158 0.299155 36
1.35319 -0.1992 0.303466 100
1.36246 -0.1808 0.305545 100
1.37739 -0.1629 0.308893 100
1.39505 -0.1449 0.312853 100
1.41339 -0.1265 0.316967 100
1.42764 -0.1074 0.320162 100
1.44257 -0.0879 0.32351 100
1.45926 -0.0681 0.327252 100
1.4775 -0.0479 0.331344 100
1.49858 -0.0272 0.336071 100
1.5166 0.0046 0.352367 100
1.53589 0.0267 0.356848 100
1.55868 0.0495 0.362143 100
1.58323 0.073 0.367846 100
1.60534 0.0971 0.372984 100
1.61459 0.1209 0.375134 100
1.64771 0.1472 0.382828 100
1.33377 -0.2011 0.309888 100
1.35472 -0.1845 0.314754 100
1.36387 -0.1658 0.316881 100
1.37955 -0.1477 0.320525 100
1.39699 -0.1294 0.324576 100
1.41413 -0.1105 0.328559 100
1.42913 -0.0911 0.332044 100
1.44482 -0.0713 0.335688 100
1.46605 -0.0513 0.340621 100
1.48806 -0.0307 0.345736 100
1.51119 0.0098 0.362247 100
1.5566 0.0323 0.373133 100
1.57839 0.0554 0.378354 100
1.59881 0.079 0.383249 100
1.60824 0.1025 0.385511 100
1.6378 0.1515 0.392597 100
1.33206 -0.218 0.319308 33
1.35025 -0.2013 0.323668 100
1.35861 -0.1827 0.325672 100
1.37349 -0.1648 0.329239 100
1.39109 -0.1468 0.333458 100
1.40937 -0.1284 0.33784 100
1.42454 -0.1092 0.341477 100
1.43855 -0.0896 0.344834 100
1.45809 -0.0699 0.349519 100
1.47929 -0.0498 0.354601 100
1.49923 -0.029 0.359379 100
1.50501 0.0206 0.386702 100
1.53455 0.043 0.394292 100
1.56284 0.0663 0.401559 100
1.33755 -0.1968 0.343674 100
1.35741 -0.1799 0.348776 100
1.36448 -0.161 0.350592 100
1.39722 -0.1244 0.359004 100
1.41523 -0.1055 0.363633 100
1.43102 -0.0861 0.367689 100
1.44748 -0.0663 0.37192 100
1.46569 -0.046 0.376598 100
1.48555 -0.0253 0.3817 100
1.50483 0.0176 0.391417 100
1.33401 -0.2078 0.346987 100
1.35782 -0.1916 0.353179 100
1.36701 -0.1729 0.355571 100
1.38172 -0.1546 0.359397 100
1.39711 -0.136 0.3634 100
1.41231 -0.1171 0.367352 100
1.42924 -0.0978 0.371757 100
1.44589 -0.0781 0.376087 100
1.46515 -0.058 0.381096 100
1.48508 -0.0374 0.386282 100
1.33392 -0.2028 0.365921 100
1.35562 -0.1861 0.371873 100
1.36382 -0.1671 0.374121 100
1.37934 -0.1488 0.378381 100
1.39564 -0.1301 0.382852 100
1.41068 -0.1109 0.386978 100
1.4265 -0.0914 0.391317 100
1.43721 -0.0712 0.394253 100
1.46498 -0.0513 0.401872 100
1.32461 -0.2102 0.36884 14
1.34358 -0.1933 0.374125 100
1.35177 -0.1746 0.376405 100
1.36642 -0.1564 0.380482 100
1.38279 -0.1381 0.385042 100
1.39984 -0.1194 0.38979 100
1.41767 -0.1002 0.394753 100
1.43424 -0.0806 0.399367 100
1.44387 -0.0602 0.402049 100
1.47055 -0.0399 0.40948 100
1.32388 -0.2184 0.374372 50
1.3438 -0.2017 0.380005 100
1.35112 -0.1829 0.382073 100
1.36969 -0.1652 0.387325 100
1.38711 -0.147 0.39225 100
1.40241 -0.1281 0.396576 100
1.41934 -0.109 0.401366 100
1.43599 -0.0893 0.406073 100
1.44571 -0.0689 0.408822 100
1.47246 -0.0488 0.416386 100
1.32411 -0.2122 0.37319 100
1.34875 -0.1963 0.380134 100
1.35896 -0.1777 0.38301 100
1.37455 -0.1596 0.387404 100
1.39091 -0.1411 0.392016 100
1.40708 -0.1223 0.396573 100
1.42393 -0.103 0.401321 100
1.43288 -0.0828 0.403843 100
1.45694 -0.0631 0.410625 100
1.33086 -0.2114 0.372085 100
1.35176 -0.1947 0.377928 100
1.36091 -0.1759 0.380486 100
1.37748 -0.1578 0.385117 100
1.39481 -0.1393 0.389964 100
1.41147 -0.0997 0.394622 100
1.42708 -0.08 0.398984 100
1.43959 -0.0598 0.402484 100
1.47205 -0.0398 0.411558 100
1.31856 -0.2098 0.371873 100
1.34609 -0.1943 0.379637 100
1.35523 -0.1756 0.382215 100
1.37179 -0.1577 0.386884 100
1.38526 -0.139 0.390684 100
1.39951 -0.12 0.394702 100
1.41722 -0.1009 0.399696 100
1.43579 -0.0814 0.404935 100
1.44638 -0.061 0.407921 100
1.47689 -0.0409 0.416525 100
