1.97303 0.0195 -0.314262 100
1.97846 0.0475 -0.315127 100
1.97866 0.0755 -0.315159 100
1.97935 0.1035 -0.315269 100
1.99258 0.1324 -0.317377 100
2.01312 0.1623 -0.320649 32
1.99197 0.007 -0.290241 100
1.99266 0.0352 -0.290342 100
1.99395 0.0634 -0.29053 100
1.99583 0.0916 -0.290804 100
1.9983 0.12 -0.291164 100
2.01126 0.1493 -0.293053 100
1.9702 -0.323 -0.287069 100
1.97346 -0.295 -0.287545 100
1.97732 -0.2671 -0.288107 100
1.97989 -0.2391 -0.288482 100
1.98197 -0.211 -0.288785 100
1.98375 -0.1829 -0.289045 100
1.98504 -0.1548 -0.289232 100
1.98603 -0.1267 -0.289376 100
1.98662 -0.0986 -0.289463 100
1.98781 -0.0705 -0.289636 100
1.99058 -0.0425 -0.29004 100
2.01353 0.0273 -0.271882 100
2.01491 0.0557 -0.272069 100
2.016 0.0842 -0.272216 100
2.0166 0.1127 -0.272297 78
2.01878 0.1414 -0.272591 78
1.97726 -0.334 -0.266984 100
1.97686 -0.3053 -0.266931 100
1.97983 -0.2773 -0.267332 100
1.98152 -0.2491 -0.26756 100
1.9838 -0.2211 -0.267867 100
1.98568 -0.193 -0.268122 100
1.98816 -0.165 -0.268456 100
1.99123 -0.137 -0.268871 100
1.99202 -0.1089 -0.268978 100
1.99232 -0.0808 -0.269018 100
1.99321 -0.0527 -0.269139 100
2.02147 0.0139 -0.251071 100
2.02603 0.0424 -0.251638 76
2.02623 0.0709 -0.251662 78
2.02703 0.0995 -0.251761 84
2.0304 0.1284 -0.25218 81
2.00728 -0.3273 -0.249308 15
2.00569 -0.2981 -0.249111 84
2.00668 -0.2695 -0.249234 91
2.00827 -0.241 -0.249431 100
2.01145 -0.2127 -0.249826 100
2.01224 -0.1842 -0.249924 100
2.01254 -0.1557 -0.249961 100
2.01452 -0.1274 -0.250208 100
2.01809 -0.0991 -0.250652 100
2.02028 -0.0707 -0.250923 100
2.02206 -0.0423 -0.251145 86
2.0366 0.0168 -0.241768 79
2.04216 0.0456 -0.242429 80
2.04037 0.0742 -0.242216 80
2.04107 0.103 -0.242299 77
2.04345 0.1319 -0.242582 77
2.04732 0.1611 -0.243042 81
2.01167 -0.3072 -0.238809 80
2.01187 -0.2784 -0.238833 87
2.01455 -0.25 -0.239151 86
2.01684 -0.2215 -0.239422 95
2.01773 -0.193 -0.239529 83
2.01823 -0.1645 -0.239588 100
2.02031 -0.1361 -0.239835 86
2.022 -0.1077 -0.240035 100
2.02429 -0.0793 -0.240307 80
2.02419 -0.0509 -0.240295 81
2.05094 0.0162 -0.212306 84
2.05353 0.045 -0.212574 75
2.05472 0.0739 -0.212697 80
2.05442 0.1028 -0.212666 76
2.05383 0.1317 -0.212604 74
2.05482 0.1607 -0.212707 79
2.03264 -0.3039 -0.210411 87
2.03373 -0.2749 -0.210525 89
2.03542 -0.2461 -0.2107 86
2.0396 -0.2176 -0.211132 90
2.04139 -0.1889 -0.211317 88
2.0389 -0.1598 -0.21106 85
2.04189 -0.1313 -0.211369 83
2.04547 -0.1027 -0.21174 79
2.04378 -0.0739 -0.211565 74
2.04159 -0.0451 -0.211338 85
2.06002 0.0159 -0.201987 78
2.06261 0.0449 -0.202241 78
2.06579 0.074 -0.202553 78
2.0645 0.103 -0.202426 69
2.0639 0.132 -0.202367 77
2.06579 0.1612 -0.202553 1
2.03474 -0.3236 -0.199508 84
2.03713 -0.2947 -0.199742 93
2.04002 -0.266 -0.200025 88
2.03962 -0.2369 -0.199986 87
2.03773 -0.2077 -0.199801 84
2.03743 -0.1788 -0.199772 78
2.03872 -0.1501 -0.199899 88
2.04061 -0.1215 -0.200084 80
2.04211 -0.0929 -0.20023 80
2.0432 -0.0642 -0.200338 81
2.04589 -0.0355 -0.200601 78
2.07146 0.0181 -0.175766 77
2.07504 0.0473 -0.17607 80
2.07813 0.0765 -0.176332 79
2.07983 0.1058 -0.176476 71
2.0861 0.1355 -0.177008 81
2.05541 -0.3232 -0.174404 56
2.05581 -0.2938 -0.174438 87
2.05771 -0.2647 -0.174599 88
2.0592 -0.2356 -0.174726 85
2.0603 -0.2065 -0.174819 89
2.06099 -0.1774 -0.174878 80
2.06428 -0.1486 -0.175157 81
2.06807 -0.1197 -0.175478 83
2.06857 -0.0907 -0.17552 79
2.06966 -0.0617 -0.175613 73
2.07026 -0.0327 -0.175664 76
2.08721 0.0205 -0.1672 75
2.0907 0.0498 -0.167479 78
2.0918 0.0791 -0.167567 72
2.0925 0.1084 -0.167623 76
2.0928 0.1378 -0.167647 79
2.09758 0.1676 -0.16803 76
2.05711 -0.3176 -0.164788 55
2.05841 -0.2884 -0.164892 87
2.0602 -0.2593 -0.165036 82
2.06259 -0.2303 -0.165228 89
2.06359 -0.2013 -0.165307 81
2.06329 -0.1721 -0.165284 79
2.06548 -0.1433 -0.165459 78
2.06817 -0.1144 -0.165675 77
2.06957 -0.0855 -0.165787 75
2.07057 -0.0565 -0.165866 78
2.0992 0.0253 -0.139061 79
2.10269 0.0548 -0.139292 73
2.10429 0.1139 -0.139398 77
2.10848 0.1438 -0.139675 80
2.12315 0.1747 -0.140647 85
2.08553 -0.3489 -0.138155 12
2.08323 -0.3186 -0.138003 86
2.08553 -0.2891 -0.138155 80
2.08742 -0.2596 -0.138281 89
2.09082 -0.2304 -0.138505 85
2.09381 -0.2011 -0.138704 80
2.09341 -0.1715 -0.138677 82
2.09461 -0.1421 -0.138757 78
2.09541 -0.1127 -0.138809 76
2.0977 -0.0834 -0.138961 79
2.0987 -0.054 -0.139028 75
2.12285 0.0141 -0.132814 76
2.12235 0.0438 -0.132783 78
2.12455 0.0736 -0.132921 80
2.12435 0.1034 -0.132908 77
2.12365 0.163 -0.132864 75
2.08532 -0.3082 -0.130467 40
2.08941 -0.279 -0.130723 82
2.09211 -0.2496 -0.130891 87
2.09341 -0.2201 -0.130972 83
2.09431 -0.1906 -0.131029 80
2.0957 -0.1612 -0.131116 83
2.0978 -0.1319 -0.131247 85
2.10039 -0.1026 -0.131409 85
2.10159 -0.0732 -0.131484 82
2.10439 -0.0438 -0.131659 80
2.13265 0.0063 -0.1002 79
2.13335 0.0362 -0.100233 75
2.13265 0.066 -0.1002 80
2.13345 0.0959 -0.100238 74
2.13494 0.126 -0.100308 75
2.13994 0.1563 -0.100543 78
2.11207 -0.3102 -0.0992333 62
2.11617 -0.2806 -0.0994257 82
2.12086 -0.2511 -0.0996463 86
2.12216 -0.2212 -0.0997073 80
2.12406 -0.1914 -0.0997964 81
2.12655 -0.1617 -0.0999138 85
2.12755 -0.1319 -0.0999607 79
2.12825 -0.102 -0.0999936 78
2.12945 -0.0723 -0.10005 74
2.13025 -0.0425 -0.100087 73
2.15515 0.0049 -0.0891974 72
2.15585 0.0351 -0.0892263 73
2.15715 0.0653 -0.0892801 72
2.15805 0.0956 -0.0893173 71
2.15845 0.1259 -0.0893338 74
2.16055 0.1563 -0.0894207 70
2.12918 -0.3071 -0.0881222 63
2.12528 -0.2763 -0.0879609 78
2.12698 -0.2463 -0.0880312 80
2.12818 -0.2163 -0.0880808 83
2.12808 -0.1862 -0.0880767 85
2.12948 -0.1563 -0.0881346 80
2.13237 -0.1266 -0.0882545 75
2.13397 -0.0967 -0.0883207 78
2.13517 -0.0669 -0.0883703 81
2.13687 -0.037 -0.0884406 78
2.15714 0.0222 -0.0572402 76
2.16164 0.0525 -0.0573596 71
2.16164 0.0828 -0.0573596 69
2.16124 0.1131 -0.057349 70
2.16344 0.1436 -0.0574073 72
2.14295 -0.3103 -0.0568636 88
2.14405 -0.2799 -0.0568927 80
2.14774 -0.2499 -0.0569909 83
2.14804 -0.2195 -0.0569988 78
2.14694 -0.1891 -0.0569697 79
2.14734 -0.1588 -0.0569803 76
2.15034 -0.1288 -0.0570598 77
2.15194 -0.0987 -0.0571023 71
2.15614 -0.0687 -0.0572137 76
2.15894 -0.0385 -0.057288 72
2.18132 0.0202 -0.0502629 72
2.18682 0.0508 -0.0503896 71
2.18992 0.0815 -0.050461 71
2.18852 0.112 -0.0504288 72
2.18782 0.1427 -0.0504127 77
2.14583 -0.3124 -0.0494451 78
2.14503 -0.2817 -0.0494267 80
2.14773 -0.2516 -0.0494889 86
2.14903 -0.2214 -0.0495188 83
2.15293 -0.1914 -0.0496087 71
2.15743 -0.1615 -0.0497124 75
2.15843 -0.1313 -0.0497354 73
2.15803 -0.101 -0.0497262 74
2.15823 -0.0709 -0.0497308 78
2.16003 -0.0407 -0.0497722 74
2.18594 0.005 -0.0167871 74
2.18764 0.0355 -0.0168002 72
2.18994 0.0661 -0.0168178 69
2.19284 0.0969 -0.0168401 73
2.19224 0.1276 -0.0168355 74
2.19624 0.1586 -0.0168662 79
2.17194 -0.3304 -0.0166796 9
2.17044 -0.2993 -0.0166681 78
2.17234 -0.2687 -0.0166827 77
2.17494 -0.2382 -0.0167026 85
2.17704 -0.2077 -0.0167188 80
2.17974 -0.1773 -0.0167395 80
2.17904 -0.1467 -0.0167341 69
2.17884 -0.1161 -0.0167326 72
2.18024 -0.0857 -0.0167433 70
2.18324 -0.0553 -0.0167664 72
2.21999 0.0031 -0.00503702 68
2.22069 0.0341 -0.0050386 72
2.22299 0.0652 -0.00504382 74
2.22289 0.0963 -0.0050436 68
2.22529 0.1275 -0.00504904 72
2.19309 -0.3379 -0.00497598 12
2.18669 -0.3057 -0.00496146 77
2.18679 -0.2747 -0.00496169 78
2.19139 -0.2442 -0.00497212 80
2.19359 -0.2135 -0.00497712 72
2.19439 -0.1827 -0.00497893 75
2.19669 -0.1521 -0.00498415 80
2.19669 -0.1213 -0.00498415 70
2.19709 -0.0905 -0.00498506 70
2.19819 -0.0599 -0.00498755 71
2.21967 0.024 0.0321569 66
2.22107 0.0551 0.0321771 69
2.22307 0.0862 0.0322061 68
2.22467 0.1174 0.0322293 69
2.22477 0.1486 0.0322307 67
2.22947 0.1803 0.0322988 1
2.20017 -0.309 0.0318744 34
2.20227 -0.278 0.0319048 81
2.20597 -0.2472 0.0319584 81
2.20617 -0.2161 0.0319613 81
2.20707 -0.185 0.0319743 81
2.20937 -0.1542 0.0320077 77
2.21337 -0.1234 0.0320656 76
2.21687 -0.0926 0.0321163 74
2.21687 -0.0616 0.0321163 66
2.25082 0.002 0.0282862 65
2.25262 0.0334 0.0283088 71
2.25292 0.0648 0.0283125 68
2.25572 0.0964 0.0283477 72
2.25622 0.128 0.028354 65
2.26122 0.1599 0.0284168 76
2.21452 -0.2932 0.02783 82
2.21742 -0.2622 0.0278665 74
2.22082 -0.2312 0.0279092 79
2.22082 -0.2 0.0279092 75
2.22042 -0.1687 0.0279041 75
2.22252 -0.1378 0.0279305 72
2.22622 -0.1068 0.027977 72
2.22852 -0.0758 0.0280059 69
2.22942 -0.0447 0.0280172 70
2.25303 0.0173 0.0625394 75
2.25663 0.0489 0.0626392 71
2.25873 0.0805 0.0626975 68
2.25653 0.1436 0.0626365 75
2.25733 0.1753 0.0626587 78
2.22994 -0.3294 0.0618984 47
2.23134 -0.2978 0.0619372 76
2.23234 -0.2663 0.061965 80
2.23584 -0.2351 0.0620621 79
2.23884 -0.2038 0.0621453 73
2.24154 -0.1725 0.0622203 80
2.24174 -0.1411 0.0622258 70
2.23944 -0.1096 0.062162 69
2.24274 -0.0783 0.0622536 70
2.24564 -0.0471 0.062334 70
2.28479 0.0052 0.100555 68
2.28649 0.0371 0.10063 75
2.28878 0.0691 0.100731 66
2.29058 0.1012 0.10081 70
2.28789 0.1331 0.100691 71
2.28878 0.1652 0.100731 68
2.26521 -0.2986 0.0996933 75
2.26521 -0.2664 0.0996933 78
2.26571 -0.2345 0.0997153 74
2.26681 -0.2027 0.0997637 79
2.26641 -0.1708 0.0997461 69
2.26651 -0.139 0.0997505 69
2.2773 -0.1078 0.100225 67
2.28749 -0.0763 0.100674 70
2.28339 -0.0442 0.100494 61
2.28578 0.014 0.121393 65
2.28628 0.046 0.121419 66
2.28648 0.078 0.12143 63
2.29906 0.1106 0.122098 67
2.29836 0.1428 0.122061 72
2.28718 0.1742 0.121467 1
2.26661 -0.3033 0.120375 54
2.2706 -0.2716 0.120587 80
2.2742 -0.2398 0.120778 78
2.27729 -0.208 0.120942 71
2.27799 -0.1759 0.120979 76
2.27729 -0.1439 0.120942 69
2.27809 -0.112 0.120984 69
2.28238 -0.0802 0.121212 74
2.28428 -0.0483 0.121313 74
2.32366 0.0102 0.142121 70
2.33324 0.0429 0.142707 69
2.33444 0.0756 0.14278 63
2.32815 0.1081 0.142396 65
2.32446 0.1405 0.14217 68
2.29821 -0.3301 0.140564 44
2.29661 -0.2971 0.140467 72
2.29751 -0.2646 0.140522 72
2.302 -0.2325 0.140796 76
2.30499 -0.2002 0.140979 76
2.30459 -0.1677 0.140955 68
2.30569 -0.1354 0.141022 69
2.30938 -0.1031 0.141248 74
2.31258 -0.0709 0.141443 72
2.31338 -0.0385 0.141492 67
2.31379 0.0263 0.16829 60
2.31618 0.0588 0.168464 61
2.32007 0.0915 0.168747 64
2.32955 0.1245 0.169436 63
2.29733 -0.3162 0.167093 74
2.29953 -0.2838 0.167253 77
2.30232 -0.2514 0.167456 75
2.30352 -0.2189 0.167543 70
2.30342 -0.1864 0.167536 73
2.30581 -0.1541 0.16771 76
2.3087 -0.1218 0.16792 66
2.3092 -0.0894 0.167956 69
2.31219 -0.0571 0.168174 65
2.36495 0.0282 0.204827 67
2.36933 0.0614 0.205206 61
2.36226 0.0944 0.204594 56
2.35678 0.1273 0.204119 54
2.35688 -0.3031 0.204128 66
2.33904 -0.2675 0.202583 73
2.33556 -0.234 0.202281 76
2.34761 -0.202 0.203325 69
2.35708 -0.1696 0.204145 71
2.3503 -0.136 0.203558 62
2.34602 -0.1028 0.203187 65
2.34622 -0.0699 0.203204 65
2.34492 -0.037 0.203092 63
2.349 0.0251 0.226596 64
2.35138 0.0581 0.226827 57
2.35129 0.0912 0.226817 53
2.35278 0.1243 0.226961 50
2.32779 -0.3017 0.224551 69
2.33078 -0.2689 0.224839 71
2.33426 -0.2362 0.225175 67
2.33536 -0.2032 0.225281 67
2.33596 -0.1703 0.225339 69
2.34511 -0.1379 0.226222 71
2.36462 -0.1058 0.228104 67
2.36791 -0.0727 0.228421 67
2.35278 -0.0392 0.226961 66
