2.42838 0.141 -0.440436 15
2.42917 0.1757 -0.440579 18
2.43543 -0.2458 -0.398381 19
2.44276 0.0233 -0.391267 99
2.44217 0.0578 -0.391172 99
2.44316 0.0924 -0.39133 99
2.44355 0.127 -0.391394 99
2.44355 0.1617 -0.391394 99
2.44602 0.1966 -0.391789 99
2.44691 0.0078 -0.351298 99
2.44849 0.0423 -0.351525 99
2.44869 0.0769 -0.351553 99
2.4484 0.1115 -0.351511 99
2.44859 0.1462 -0.351539 99
2.44731 0.1808 -0.351354 99
2.4475 0.2155 -0.351383 99
2.43909 -0.2626 -0.350175 26
2.44048 -0.2279 -0.350374 99
2.44236 -0.1934 -0.350644 99
2.44483 -0.1589 -0.350999 99
2.44582 -0.1243 -0.351141 99
2.44632 -0.0898 -0.351212 99
2.44731 -0.0553 -0.351354 99
2.45202 0.0233 -0.320639 99
2.45242 0.0579 -0.32069 99
2.45143 0.0925 -0.320561 99
2.45183 0.1272 -0.320613 99
2.45183 0.162 -0.320613 99
2.45034 0.1966 -0.320418 99
2.44736 -0.2517 -0.320029 99
2.44568 -0.2167 -0.319809 99
2.44647 -0.182 -0.319912 99
2.44875 -0.1475 -0.320211 99
2.45054 -0.1129 -0.320444 99
2.45093 -0.0783 -0.320496 99
2.45074 -0.0437 -0.32047 99
2.45526 0.0337 -0.302337 99
2.45655 0.0683 -0.302496 99
2.45535 0.1029 -0.30235 99
2.45565 0.1376 -0.302386 99
2.45446 0.1722 -0.30224 99
2.45585 0.2071 -0.302411 99
2.44652 -0.2628 -0.301262 99
2.44702 -0.228 -0.301323 99
2.4489 -0.1935 -0.301555 99
2.45138 -0.159 -0.301861 99
2.45337 -0.1245 -0.302105 99
2.45486 -0.0899 -0.302289 99
2.45486 -0.0553 -0.302289 99
2.45644 0.0285 -0.309014 99
2.45684 0.0631 -0.309064 99
2.45773 0.0978 -0.309176 99
2.45614 0.1324 -0.308976 99
2.45703 0.1672 -0.309089 99
2.46338 0.2026 -0.309888 99
2.44533 -0.2667 -0.307616 99
2.44682 -0.232 -0.307803 99
2.4488 -0.1975 -0.308053 99
2.45029 -0.1629 -0.30824 99
2.45237 -0.1283 -0.308502 99
2.45386 -0.0938 -0.308689 99
2.45396 -0.0592 -0.308702 99
2.46162 0.0143 -0.256989 99
2.46212 0.0488 -0.257041 99
2.46222 0.0833 -0.257052 99
2.46182 0.1179 -0.25701 99
2.46291 0.1526 -0.257124 99
2.46152 0.1872 -0.256979 99
2.46371 0.2222 -0.257208 99
2.45297 -0.279 -0.256086 64
2.45257 -0.2441 -0.256045 99
2.45476 -0.2096 -0.256273 99
2.45645 -0.1751 -0.25645 99
2.45764 -0.1406 -0.256574 99
2.46033 -0.1062 -0.256855 99
2.46162 -0.0717 -0.256989 99
2.46132 -0.0371 -0.256958 99
2.46436 0.006 -0.218204 99
2.46506 0.0406 -0.218266 99
2.46526 0.0752 -0.218283 99
2.46496 0.1099 -0.218257 99
2.46516 0.1445 -0.218275 99
2.46386 0.1792 -0.21816 99
2.46516 0.2141 -0.218275 99
2.45689 -0.2586 -0.217543 61
2.45928 -0.224 -0.217754 99
2.46117 -0.1894 -0.217922 99
2.46157 -0.1547 -0.217957 99
2.46346 -0.1202 -0.218125 99
2.46386 -0.0856 -0.21816 99
2.46486 -0.051 -0.218248 99
2.46678 0.0052 -0.201506 99
2.46748 0.0398 -0.201563 99
2.46768 0.0745 -0.201579 99
2.46738 0.1092 -0.201555 99
2.46658 0.1439 -0.20149 99
2.46539 0.1786 -0.201392 99
2.46559 0.2135 -0.201409 99
2.45731 -0.2676 -0.200733 90
2.45881 -0.2329 -0.200855 99
2.4609 -0.1982 -0.201026 99
2.4624 -0.1636 -0.201148 99
2.46339 -0.1289 -0.201229 99
2.46499 -0.0943 -0.20136 99
2.46609 -0.0597 -0.201449 99
2.46707 0.0164 -0.196762 99
2.46766 0.051 -0.19681 99
2.46766 0.0856 -0.19681 99
2.46826 0.1203 -0.196857 99
2.46836 0.155 -0.196865 99
2.46886 0.1898 -0.196905 99
2.45959 -0.2499 -0.196166 99
2.46079 -0.2152 -0.196261 99
2.46358 -0.1807 -0.196484 99
2.46487 -0.1461 -0.196587 99
2.46467 -0.1115 -0.196571 99
2.46597 -0.0769 -0.196675 99
2.46677 -0.0424 -0.196738 99
2.47158 0.0052 -0.163729 99
2.47128 0.0398 -0.163709 99
2.47148 0.0744 -0.163722 99
2.47218 0.1091 -0.163769 99
2.47238 0.1438 -0.163782 99
2.47218 0.1785 -0.163769 99
2.47138 0.2132 -0.163716 1
2.45692 -0.2693 -0.162757 1
2.46141 -0.2349 -0.163055 99
2.4645 -0.2005 -0.16326 99
2.466 -0.1659 -0.163359 99
2.46709 -0.1313 -0.163432 99
2.46869 -0.0968 -0.163537 99
2.46979 -0.0622 -0.16361 99
2.47093 0.0246 -0.156757 99
2.47033 0.0592 -0.156719 99
2.47023 0.0938 -0.156713 99
2.47073 0.1285 -0.156744 99
2.47263 0.1634 -0.156864 99
2.47113 0.1981 -0.156769 99
2.46654 -0.239 -0.156478 99
2.46465 -0.2041 -0.156358 99
2.46524 -0.1694 -0.156396 99
2.46834 -0.1349 -0.156592 99
2.46904 -0.1003 -0.156637 99
2.47113 -0.0657 -0.156769 99
2.47447 0.0013 -0.111932 99
2.47517 0.0359 -0.111964 99
2.47547 0.0706 -0.111977 99
2.47527 0.1053 -0.111968 99
2.47447 0.14 -0.111932 99
2.47527 0.1748 -0.111968 99
2.47956 0.2101 -0.112163 99
2.46868 -0.2523 -0.11167 99
2.46898 -0.2174 -0.111684 99
2.47077 -0.1828 -0.111765 99
2.47007 -0.148 -0.111733 99
2.47187 -0.1134 -0.111815 99
2.47217 -0.0787 -0.111828 99
2.47307 -0.0441 -0.111869 99
2.47611 0.0078 -0.0968537 99
2.47671 0.0424 -0.0968771 99
2.47691 0.0771 -0.0968849 99
2.47761 0.1118 -0.0969123 99
2.4788 0.1466 -0.0969592 99
2.4785 0.1814 -0.0969475 99
2.4797 0.2164 -0.0969944 99
2.46751 -0.2593 -0.0965175 49
2.46891 -0.2246 -0.0965723 99
2.47281 -0.1901 -0.0967247 99
2.47221 -0.1553 -0.0967012 99
2.47321 -0.1207 -0.0967403 99
2.47461 -0.0861 -0.096795 99
2.47661 -0.0515 -0.0968732 99
2.47936 0.0113 -0.0562646 99
2.47996 0.0459 -0.0562782 99
2.48106 0.0806 -0.0563032 99
2.48266 0.1154 -0.0563395 99
2.48286 0.1502 -0.056344 99
2.48146 0.185 -0.0563122 99
2.48166 0.2199 -0.0563168 99
2.47476 -0.2594 -0.0561602 35
2.47226 -0.2243 -0.0561035 99
2.47306 -0.1896 -0.0561217 99
2.47456 -0.1549 -0.0561557 99
2.47446 -0.1202 -0.0561534 99
2.47586 -0.0856 -0.0561852 99
2.47686 -0.051 -0.0562079 99
2.48092 0.0143 -0.0203515 99
2.48342 0.049 -0.020372 99
2.48452 0.0837 -0.0203811 99
2.48512 0.1184 -0.020386 99
2.48622 0.1533 -0.020395 99
2.48682 0.1882 -0.0203999 99
2.49192 0.2236 -0.0204418 99
2.47562 -0.2753 -0.0203081 25
2.47432 -0.2403 -0.0202974 99
2.47642 -0.2056 -0.0203146 99
2.47702 -0.1709 -0.0203195 99
2.47822 -0.1363 -0.0203294 99
2.48082 -0.1018 -0.0203507 99
2.48202 -0.0671 -0.0203606 99
2.48199 0.0052 -0.00563147 99
2.48269 0.0395 -0.00563306 99
2.48189 0.0738 -0.00563125 99
2.48459 0.1082 -0.00563737 99
2.48689 0.1428 -0.00564259 99
2.48569 0.1772 -0.00563987 99
2.48599 0.2118 -0.00564055 99
2.47589 -0.2646 -0.00561763 99
2.47629 -0.2301 -0.00561854 99
2.47829 -0.1958 -0.00562308 99
2.47779 -0.1613 -0.00562194 99
2.47769 -0.127 -0.00562172 99
2.47929 -0.0928 -0.00562535 99
2.48129 -0.0585 -0.00562989 99
2.48274 0.0303 0.0168998 99
2.48604 0.0651 0.0169222 99
2.48594 0.0998 0.0169215 99
2.48834 0.1347 0.0169379 99
2.49014 0.1697 0.0169501 99
2.49754 0.2052 0.0170005 99
2.47774 -0.2559 0.0168657 99
2.47714 -0.221 0.0168616 99
2.47894 -0.1863 0.0168739 99
2.48134 -0.1517 0.0168902 99
2.48214 -0.117 0.0168957 99
2.48254 -0.0823 0.0168984 99
2.48544 -0.0477 0.0169181 99
2.48374 0.0009 0.0359825 99
2.48644 0.0357 0.0360217 99
2.48874 0.0706 0.036055 99
2.48854 0.1054 0.0360521 99
2.48874 0.1404 0.036055 99
2.48954 0.1754 0.0360666 99
2.49684 0.2111 0.0361723 1
2.47344 -0.2758 0.0358333 99
2.47604 -0.2411 0.035871 99
2.47814 -0.2063 0.0359014 99
2.47984 -0.1716 0.035926 99
2.48094 -0.1368 0.035942 99
2.48164 -0.102 0.0359521 99
2.48084 -0.0672 0.0359405 99
2.48873 0.0052 0.0369237 99
2.48943 0.04 0.0369341 99
2.48963 0.0748 0.0369371 99
2.49033 0.1097 0.0369474 99
2.49353 0.1447 0.0369949 99
2.49323 0.1797 0.0369905 99
2.49553 0.2149 0.0370246 1
2.47863 -0.265 0.0367739 99
2.47903 -0.2301 0.0367798 99
2.48103 -0.1954 0.0368095 99
2.48353 -0.1607 0.0368466 99
2.48453 -0.1259 0.0368614 99
2.48503 -0.0912 0.0368688 99
2.48613 -0.0564 0.0368851 99
2.48673 0.0096 0.079452 99
2.48733 0.0443 0.0794712 99
2.48943 0.0791 0.0795382 99
2.49113 0.114 0.0795925 99
2.49333 0.149 0.0796628 99
2.49493 0.1841 0.0797139 99
2.50112 0.2197 0.0799119 1
2.47804 -0.2792 0.0791742 70
2.47674 -0.2441 0.0791327 99
2.47894 -0.2094 0.0792029 99
2.47864 -0.1746 0.0791934 99
2.48183 -0.14 0.0792955 99
2.48453 -0.1054 0.0793818 99
2.48573 -0.0707 0.0794201 99
2.48643 -0.036 0.0794424 99
2.49151 0.0144 0.111396 99
2.49201 0.0492 0.111418 99
2.49211 0.084 0.111423 99
2.49671 0.119 0.111628 99
2.49581 0.1539 0.111588 99
2.4984 0.1891 0.111704 99
2.48781 -0.2886 0.111231 73
2.48072 -0.2527 0.110914 99
2.48002 -0.2177 0.110882 99
2.48182 -0.183 0.110963 99
2.48412 -0.1484 0.111065 99
2.48592 -0.1137 0.111146 99
2.48722 -0.079 0.111204 99
2.48712 -0.0443 0.111199 99
2.48699 0.0304 0.137738 99
2.49128 0.0654 0.137976 99
2.49518 0.1005 0.138191 99
2.49747 0.1357 0.138319 99
2.49737 0.1708 0.138313 99
2.49867 0.2061 0.138385 99
2.48659 -0.2513 0.137716 99
2.48479 -0.216 0.137616 99
2.48559 -0.181 0.137661 99
2.48489 -0.146 0.137622 99
2.48469 -0.111 0.137611 99
2.48499 -0.0762 0.137627 99
2.48689 -0.0414 0.137733 99
2.49028 0.0322 0.165841 99
2.49657 0.0673 0.16626 99
2.49837 0.1024 0.166379 99
2.49966 0.1376 0.166466 99
2.49857 0.1727 0.166393 99
2.50086 0.2081 0.166545 99
2.48809 -0.2589 0.165695 99
2.48849 -0.2238 0.165721 99
2.49038 -0.1888 0.165848 99
2.48679 -0.1535 0.165608 99
2.4847 -0.1185 0.165469 99
2.4851 -0.0836 0.165496 99
2.48699 -0.0488 0.165622 99
2.48614 0.0113 0.197847 99
2.49471 0.0463 0.198529 99
2.4978 0.0814 0.198775 99
2.4984 0.1165 0.198822 99
2.4975 0.1516 0.198751 99
2.50109 0.1871 0.199037 99
2.48454 -0.2882 0.19772 61
2.48435 -0.2529 0.197704 99
2.48564 -0.2179 0.197807 99
2.48843 -0.183 0.198029 99
2.49172 -0.1482 0.198291 99
2.49152 -0.1132 0.198275 99
2.48893 -0.0781 0.198069 99
2.48774 -0.0432 0.197974 99
2.49632 0.0026 0.231137 99
2.49503 0.0377 0.231018 99
2.49622 0.0728 0.231128 99
2.49901 0.1081 0.231386 99
2.49921 0.1433 0.231405 99
2.49901 0.1786 0.231386 99
2.5022 0.2142 0.231681 1
2.48617 -0.2758 0.230197 90
2.48676 -0.2405 0.230252 99
2.48895 -0.2055 0.230455 99
2.49154 -0.1705 0.230695 99
2.49264 -0.1354 0.230796 99
2.49234 -0.1003 0.230769 99
2.49353 -0.0652 0.230879 99
2.49619 0.0223 0.252233 99
2.49659 0.0574 0.252273 99
2.49659 0.0925 0.252273 99
2.49708 0.1276 0.252324 99
2.49599 0.1627 0.252213 99
2.49947 0.1982 0.252565 99
2.48574 -0.2512 0.251178 99
2.48604 -0.2161 0.251208 99
2.48783 -0.1811 0.251389 99
2.48903 -0.1461 0.251509 99
2.49082 -0.1111 0.25169 99
2.4931 -0.0762 0.251922 99
2.49499 -0.0412 0.252113 99
2.49506 0.0271 0.263122 99
2.49536 0.0622 0.263154 99
2.49825 0.0974 0.263458 99
2.50063 0.1327 0.26371 99
2.50053 0.168 0.263699 99
2.49795 0.2031 0.263427 99
2.49059 -0.2413 0.26265 99
2.4887 -0.2059 0.262451 99
2.49039 -0.1708 0.26263 99
2.49148 -0.1358 0.262745 99
2.49218 -0.1007 0.262818 99
2.49427 -0.0657 0.263039 99
2.4924 0.0324 0.294995 99
2.49369 0.0676 0.295148 99
2.49449 0.1027 0.295242 99
2.49479 0.138 0.295277 99
2.49459 0.1732 0.295254 99
2.49697 0.2087 0.295536 99
2.48386 -0.2628 0.293985 99
2.48436 -0.2275 0.294043 99
2.48625 -0.1924 0.294267 99
2.48774 -0.1574 0.294443 99
2.48863 -0.1223 0.294549 99
2.48913 -0.0872 0.294607 99
2.49211 -0.0522 0.29496 99
2.49321 0.0167 0.337096 99
2.4948 0.0518 0.33731 99
2.49579 0.087 0.337444 99
2.49629 0.1222 0.337511 99
2.49738 0.1575 0.337659 99
2.49886 0.193 0.33786 99
2.50877 0.2293 0.339199 99
2.48469 -0.243 0.335944 99
2.48479 -0.2078 0.335957 99
2.48648 -0.1727 0.336185 99
2.48856 -0.1377 0.336466 99
2.49024 -0.1026 0.336694 99
2.49143 -0.0676 0.336855 99
2.4903 0.0224 0.357971 99
2.49268 0.0574 0.358312 99
2.49466 0.0925 0.358597 99
2.49515 0.1277 0.358668 99
2.49604 0.1629 0.358796 99
2.50149 0.1985 0.359579 99
2.4813 -0.2579 0.356676 99
2.48258 -0.2229 0.356861 99
2.48446 -0.1879 0.357131 99
2.48575 -0.153 0.357316 99
2.48565 -0.118 0.357302 99
2.48704 -0.083 0.357501 99
2.48892 -0.0481 0.357772 99
