1.27172 -0.2737 -0.281934 100
1.29349 -0.2592 -0.286761 100
1.30267 -0.2418 -0.288795 100
1.28483 -0.2773 -0.265608 100
1.29521 -0.2604 -0.267754 100
1.3102 -0.2442 -0.270852 100
1.32694 -0.228 -0.274314 100
1.34633 -0.2117 -0.278322 100
1.36455 -0.1949 -0.282088 100
1.38071 -0.1773 -0.285428 100
1.39755 -0.1594 -0.28891 100
1.26816 -0.2897 -0.257318 100
1.28923 -0.2753 -0.261594 100
1.29864 -0.258 -0.263503 100
1.31461 -0.2418 -0.266744 100
1.33225 -0.2255 -0.270323 100
1.34979 -0.2087 -0.273883 100
1.36704 -0.1915 -0.277383 100
1.38321 -0.1737 -0.280664 100
1.39909 -0.1554 -0.283885 100
1.41859 -0.1372 -0.287842 100
1.28593 -0.2868 -0.24996 100
1.29447 -0.2695 -0.25162 100
1.31253 -0.2539 -0.255131 100
1.32844 -0.2375 -0.258222 100
1.34316 -0.2205 -0.261084 100
1.35867 -0.2033 -0.264099 100
1.37693 -0.1861 -0.267648 100
1.39499 -0.1684 -0.271159 100
1.41276 -0.1503 -0.274612 100
1.43033 -0.1316 -0.278028 100
1.44957 -0.1127 -0.281768 100
1.47077 -0.0724 -0.285889 100
1.49021 -0.0521 -0.289667 100
1.53834 0.003 -0.287615 100
1.28916 -0.2796 -0.241027 100
1.29673 -0.262 -0.242442 100
1.31187 -0.2457 -0.245273 100
1.32868 -0.2293 -0.248415 100
1.34726 -0.2128 -0.251889 100
1.36367 -0.1956 -0.254958 100
1.37891 -0.1778 -0.257806 100
1.39483 -0.1597 -0.260784 100
1.41262 -0.1414 -0.26411 100
1.431 -0.1227 -0.267547 100
1.45027 -0.1036 -0.271149 100
1.46914 -0.084 -0.274677 100
1.48792 -0.0638 -0.278187 100
1.50925 -0.0432 -0.282176 100
1.5293 -0.022 -0.285925 100
1.54007 0.0096 -0.278213 100
1.57324 0.032 -0.284204 100
1.28057 -0.2796 -0.231334 100
1.30262 -0.2652 -0.235317 100
1.31285 -0.248 -0.237165 100
1.33066 -0.232 -0.240383 100
1.34542 -0.215 -0.24305 100
1.36087 -0.1978 -0.245841 100
1.38006 -0.1807 -0.249307 100
1.39905 -0.1631 -0.252738 100
1.41578 -0.1449 -0.25576 100
1.43232 -0.1261 -0.258747 100
1.4516 -0.1072 -0.262231 100
1.47158 -0.0878 -0.26584 100
1.48841 -0.0677 -0.26888 100
1.50494 -0.0471 -0.271866 100
1.52511 -0.0262 -0.275511 100
1.55205 0.0195 -0.27311 100
1.58308 0.0423 -0.278569 100
1.6139 0.0659 -0.283994 100
1.2759 -0.2874 -0.224516 100
1.29609 -0.2728 -0.228069 100
1.30554 -0.2556 -0.229732 100
1.32347 -0.2398 -0.232886 100
1.33824 -0.223 -0.235486 100
1.3539 -0.206 -0.238242 100
1.37113 -0.1889 -0.241274 100
1.39024 -0.1715 -0.244636 100
1.40816 -0.1536 -0.247791 100
1.42579 -0.1351 -0.250893 100
1.44323 -0.1163 -0.25396 100
1.46135 -0.097 -0.257149 100
1.48026 -0.0772 -0.260476 100
1.49887 -0.057 -0.263752 100
1.52024 -0.0363 -0.267513 100
1.55055 0.0195 -0.264205 100
1.5816 0.0422 -0.269496 100
1.61147 0.0657 -0.274586 100
1.27591 -0.2837 -0.217408 100
1.29799 -0.2696 -0.22117 100
1.30834 -0.2526 -0.222934 100
1.32619 -0.2367 -0.225974 100
1.34294 -0.2202 -0.22883 100
1.35655 -0.2029 -0.231148 100
1.37193 -0.1855 -0.233768 100
1.38997 -0.168 -0.236842 100
1.40781 -0.1501 -0.239883 100
1.42644 -0.1318 -0.243057 100
1.44487 -0.113 -0.246198 100
1.46291 -0.0937 -0.249272 100
1.47888 -0.0738 -0.251993 100
1.49752 -0.0536 -0.255168 100
1.5197 -0.033 -0.258948 100
1.55361 0.0228 -0.244956 100
1.58482 0.0455 -0.249877 100
1.61851 0.0693 -0.255188 100
1.27959 -0.2834 -0.201752 100
1.30271 -0.2694 -0.205396 100
1.31209 -0.2522 -0.206876 100
1.32997 -0.2363 -0.209695 100
1.34578 -0.2197 -0.212187 100
1.35941 -0.2024 -0.214336 100
1.37482 -0.1849 -0.216766 100
1.39092 -0.1673 -0.219304 100
1.40682 -0.1491 -0.221812 100
1.42648 -0.131 -0.224911 100
1.44584 -0.1123 -0.227964 100
1.46401 -0.093 -0.23083 100
1.48189 -0.0733 -0.233648 100
1.50056 -0.0531 -0.236592 100
1.52091 -0.0324 -0.2398 100
1.55373 0.0129 -0.224727 100
1.5861 0.0355 -0.229408 100
1.61806 0.059 -0.234031 100
1.29651 -0.2818 -0.187523 100
1.30423 -0.2643 -0.188639 100
1.32135 -0.2485 -0.191116 100
1.33728 -0.232 -0.19342 100
1.35411 -0.2153 -0.195854 100
1.37163 -0.1984 -0.198388 100
1.38796 -0.1808 -0.20075 100
1.40409 -0.1629 -0.203083 100
1.42289 -0.1448 -0.205803 100
1.4415 -0.1262 -0.208494 100
1.45694 -0.1069 -0.210727 100
1.47505 -0.0874 -0.213347 100
1.49494 -0.0674 -0.216224 100
1.51652 -0.047 -0.219344 100
1.53879 -0.026 -0.222565 100
1.5542 0.0129 -0.206822 100
1.58562 0.0354 -0.211004 100
1.61863 0.0588 -0.215396 100
1.29905 -0.2798 -0.172869 100
1.30956 -0.263 -0.174267 100
1.32472 -0.2467 -0.176285 100
1.33969 -0.2301 -0.178277 100
1.35743 -0.2136 -0.180638 100
1.37498 -0.1967 -0.182973 100
1.39034 -0.179 -0.185018 100
1.4065 -0.1611 -0.187168 100
1.42534 -0.143 -0.189674 100
1.44397 -0.1244 -0.192154 100
1.46132 -0.1053 -0.194462 100
1.47847 -0.0857 -0.196744 100
1.49938 -0.0658 -0.199528 100
1.5199 -0.0453 -0.202258 100
1.54022 -0.0243 -0.204962 100
1.55721 0.0129 -0.191201 100
1.57676 0.035 -0.193602 100
1.58807 0.0574 -0.194991 100
1.61984 0.0812 -0.198891 100
1.28743 -0.2847 -0.158077 100
1.31165 -0.2709 -0.16105 100
1.32207 -0.2539 -0.16233 100
1.33914 -0.2379 -0.164426 100
1.35403 -0.2212 -0.166254 100
1.36773 -0.2039 -0.167936 100
1.3842 -0.1867 -0.169959 100
1.40336 -0.1694 -0.172311 100
1.42331 -0.1517 -0.174761 100
1.44108 -0.1333 -0.176942 100
1.45567 -0.1142 -0.178734 100
1.47294 -0.0949 -0.180854 100
1.49289 -0.0753 -0.183304 100
1.51264 -0.0552 -0.185729 100
1.56276 0.0096 -0.17916 100
1.58432 0.0319 -0.181631 100
1.59565 0.0545 -0.18293 100
1.62843 0.0784 -0.186688 100
1.2978 -0.2894 -0.148783 100
1.30654 -0.2723 -0.149786 100
1.32284 -0.2564 -0.151654 100
1.33903 -0.2402 -0.15351 100
1.35592 -0.2237 -0.155446 100
1.37162 -0.2066 -0.157246 100
1.38811 -0.1893 -0.159137 100
1.40539 -0.1717 -0.161118 100
1.42447 -0.1538 -0.163305 100
1.44325 -0.1355 -0.165458 100
1.46033 -0.096 -0.167417 100
1.47732 -0.0763 -0.169365 100
1.49809 -0.0564 -0.171745 100
1.51766 -0.0359 -0.173989 100
1.55191 0.0193 -0.157638 100
1.58624 0.0419 -0.161124 100
1.62434 0.0657 -0.164995 100
1.30668 -0.2805 -0.132727 100
1.3208 -0.2452 -0.134162 100
1.33772 -0.229 -0.13588 100
1.35354 -0.2123 -0.137487 100
1.37015 -0.1954 -0.139175 100
1.38557 -0.1779 -0.140741 100
1.40268 -0.1602 -0.142479 100
1.42059 -0.1421 -0.144298 100
1.4383 -0.1236 -0.146097 100
1.45581 -0.1047 -0.147876 100
1.47491 -0.0854 -0.149816 100
1.4959 -0.0656 -0.151948 100
1.51451 -0.0453 -0.153838 100
1.5349 -0.0244 -0.15591 100
1.57008 0.0028 -0.147587 100
1.59278 0.025 -0.149721 100
1.60124 0.0475 -0.150516 100
1.62832 0.0711 -0.153062 100
1.2925 -0.2892 -0.121495 7
1.30803 -0.2736 -0.122955 100
1.3156 -0.2561 -0.123666 100
1.33173 -0.24 -0.125182 100
1.34875 -0.2236 -0.126782 100
1.36648 -0.207 -0.128448 100
1.384 -0.1899 -0.130095 100
1.40033 -0.1723 -0.13163 100
1.41745 -0.1543 -0.13324 100
1.43527 -0.136 -0.134915 100
1.4529 -0.1172 -0.136572 100
1.47121 -0.0981 -0.138294 100
1.48834 -0.0783 -0.139903 100
1.50825 -0.0583 -0.141775 100
1.53175 -0.0378 -0.143984 100
1.56233 0.0129 -0.132017 100
1.59591 0.0354 -0.134854 100
1.63009 0.0588 -0.137742 100
1.29369 -0.2794 -0.109316 100
1.3179 -0.2655 -0.111362 100
1.32737 -0.2482 -0.112162 100
1.34541 -0.2322 -0.113686 100
1.36125 -0.2155 -0.115025 100
1.3759 -0.1982 -0.116263 100
1.39234 -0.1808 -0.117652 100
1.41057 -0.1633 -0.119193 100
1.42861 -0.1452 -0.120717 100
1.44635 -0.1267 -0.122216 100
1.46289 -0.1077 -0.123613 100
1.48013 -0.0882 -0.12507 100
1.50005 -0.0685 -0.126754 100
1.52078 -0.0482 -0.128505 100
1.54131 -0.0274 -0.13024 100
1.55667 0.0112 -0.116227 100
1.59017 0.0336 -0.118728 100
1.62747 0.057 -0.121513 100
1.2946 -0.2748 -0.0966595 100
1.31983 -0.261 -0.0985433 100
1.3292 -0.2437 -0.0992432 100
1.34815 -0.2278 -0.100658 100
1.36301 -0.2109 -0.101767 100
1.37767 -0.1935 -0.102862 100
1.39502 -0.1762 -0.104157 100
1.41327 -0.1586 -0.10552 100
1.43112 -0.1404 -0.106853 100
1.44986 -0.1219 -0.108252 100
1.46632 -0.1028 -0.109481 100
1.48357 -0.0832 -0.110769 100
1.50352 -0.0634 -0.112258 100
1.52216 -0.0429 -0.113651 100
1.54251 -0.022 -0.115169 100
1.57352 0.0162 -0.103134 100
1.60605 0.039 -0.105266 100
1.63928 0.0627 -0.107444 100
1.29303 -0.286 -0.0847494 30
1.31248 -0.2711 -0.0860247 100
1.32206 -0.2539 -0.0866526 100
1.34022 -0.2381 -0.0878429 100
1.35719 -0.2216 -0.0889548 100
1.37295 -0.2046 -0.0899882 100
1.38952 -0.1872 -0.0910739 100
1.40778 -0.1698 -0.0922707 100
1.42494 -0.1517 -0.0933957 100
1.4428 -0.1333 -0.0945664 100
1.46236 -0.1145 -0.0958483 100
1.48072 -0.0952 -0.0970517 100
1.49888 -0.0754 -0.098242 100
1.51774 -0.0551 -0.0994782 100
1.54129 -0.0344 -0.101022 100
1.55952 0.0095 -0.0880098 100
1.59416 0.0321 -0.0899649 100
1.6314 0.0558 -0.0920666 100
1.30712 -0.2809 -0.0737659 100
1.3168 -0.2637 -0.0743125 100
1.33308 -0.2476 -0.0752309 100
1.35025 -0.2312 -0.0762 100
1.36613 -0.2142 -0.0770959 100
1.3829 -0.197 -0.0780425 100
1.40037 -0.1795 -0.0790285 100
1.41754 -0.1615 -0.0799976 100
1.43661 -0.1433 -0.0810738 100
1.45538 -0.1246 -0.0821331 100
1.47096 -0.1052 -0.083012 100
1.48723 -0.0854 -0.0839304 100
1.5092 -0.0654 -0.08517 100
1.53286 -0.0449 -0.0865054 100
1.55433 -0.0237 -0.0877168 100
1.578 0.003 -0.056208 100
1.60178 0.0254 -0.0570552 100
1.61128 0.0479 -0.0573934 100
1.63936 0.0716 -0.0583936 100
1.31597 -0.2742 -0.0468744 100
1.32356 -0.2566 -0.0471449 100
1.33975 -0.2405 -0.0477216 100
1.35484 -0.2238 -0.0482591 100
1.37163 -0.207 -0.0488571 100
1.38822 -0.1898 -0.0494481 100
1.40561 -0.1723 -0.0500675 100
1.4238 -0.1544 -0.0507153 100
1.44069 -0.136 -0.0513169 100
1.45838 -0.1172 -0.051947 100
1.47776 -0.0981 -0.0526376 100
1.49695 -0.0785 -0.053321 100
1.51594 -0.0584 -0.0539974 100
1.53653 -0.0378 -0.0547307 100
1.57706 0.0168 -0.0514898 100
1.60994 0.0619 -0.0525634 100
1.64193 0.086 -0.0536076 100
1.29971 -0.2884 -0.0424345 47
1.3124 -0.2721 -0.0428489 100
1.32979 -0.2565 -0.0434167 100
1.34798 -0.2407 -0.0440106 100
1.36297 -0.2239 -0.0445001 100
1.37787 -0.2067 -0.0449863 100
1.39546 -0.1895 -0.0455606 100
1.41385 -0.1721 -0.046161 100
1.43394 -0.1543 -0.0468169 100
1.45193 -0.1359 -0.0474043 100
1.46762 -0.1168 -0.0479166 100
1.48401 -0.0974 -0.0484518 100
1.5052 -0.0778 -0.0491436 100
1.52609 -0.0576 -0.0498256 100
1.54578 -0.0369 -0.0504684 100
1.57912 0.0097 -0.0526608 100
1.60281 0.032 -0.0534507 100
1.6152 0.0547 -0.053864 100
1.65218 0.0789 -0.0550972 100
1.30427 -0.2717 -0.0434951 100
1.32956 -0.2577 -0.0443384 100
1.33986 -0.2405 -0.0446817 100
1.35685 -0.2242 -0.0452483 100
1.37464 -0.2076 -0.0458415 100
1.39223 -0.1905 -0.0464282 100
1.40862 -0.1729 -0.0469748 100
1.42481 -0.1549 -0.0475147 100
1.4408 -0.1364 -0.048048 100
1.45849 -0.1177 -0.0486379 100
1.47388 -0.0984 -0.0491512 100
1.49107 -0.0788 -0.0497244 100
1.51406 -0.059 -0.050491 100
1.53665 -0.0385 -0.0512443 100
1.5817 0.013 -0.0251235 100
1.6054 0.0355 -0.0254999 100
1.6148 0.0581 -0.0256492 100
1.64379 0.0821 -0.0261097 100
1.30004 -0.2894 -0.0206496 49
1.32543 -0.2758 -0.021053 100
1.33503 -0.2585 -0.0212054 100
1.35133 -0.2422 -0.0214643 100
1.36633 -0.2254 -0.0217025 100
1.38403 -0.1889 -0.0219836 100
1.40232 -0.1716 -0.0222743 100
1.42052 -0.1539 -0.0225633 100
1.43842 -0.1356 -0.0228476 100
1.45712 -0.117 -0.0231446 100
1.47261 -0.0976 -0.0233908 100
1.48881 -0.078 -0.023648 100
1.50971 -0.058 -0.02398 100
1.53431 -0.0377 -0.0243707 100
1.5708 0.0228 -0.00301572 100
1.6043 0.0457 -0.00308003 100
1.6365 0.0696 -0.00314185 100
1.3092 -0.2807 -0.00251348 7
1.3258 -0.2649 -0.00254535 100
1.3323 -0.2468 -0.00255783 100
1.3505 -0.2306 -0.00259277 100
1.3664 -0.2137 -0.0026233 100
1.3811 -0.1962 -0.00265152 100
1.3986 -0.1787 -0.00268512 100
1.4169 -0.1609 -0.00272025 100
1.4349 -0.1426 -0.00275481 100
1.4537 -0.1239 -0.0027909 100
1.4703 -0.1045 -0.00282277 100
1.4876 -0.0848 -0.00285599 100
1.5086 -0.0648 -0.0028963 100
1.5478 -0.0231 -0.00297156 100
1.57398 0.011 0.00851612 100
1.60758 0.0337 0.00869791 100
1.64298 0.0574 0.00888944 100
1.30908 -0.2816 0.00708288 100
1.33148 -0.267 0.00720407 100
1.34198 -0.2496 0.00726088 100
1.35618 -0.2327 0.00733771 100
1.37208 -0.2158 0.00742374 100
1.38988 -0.1987 0.00752005 100
1.40838 -0.1813 0.00762014 100
1.42468 -0.1632 0.00770833 100
1.44168 -0.1448 0.00780031 100
1.45958 -0.126 0.00789716 100
1.47808 -0.1068 0.00799725 100
1.49848 -0.0873 0.00810763 100
1.51648 -0.0671 0.00820501 100
1.53628 -0.0464 0.00831214 100
1.55778 -0.0253 0.00842847 100
1.58022 0.0039 0.0496604 100
1.60401 0.0262 0.050408 100
1.6155 0.0489 0.0507692 100
1.65158 0.073 0.0519031 100
1.31205 -0.2882 0.0412329 6
1.32475 -0.2718 0.0416318 100
1.33134 -0.2539 0.0418391 100
1.34753 -0.2376 0.042348 100
1.36353 -0.2209 0.0428506 100
1.37932 -0.2038 0.0433468 100
1.39691 -0.1865 0.0438997 100
1.4133 -0.1687 0.0444148 100
1.43239 -0.1508 0.0450148 100
1.45128 -0.1324 0.0456084 100
1.46788 -0.1134 0.0461298 100
1.48427 -0.0939 0.046645 100
1.50446 -0.0742 0.0472795 100
1.52525 -0.0539 0.0479328 100
1.54484 -0.0331 0.0485485 100
1.58943 0.0031 0.0424536 100
1.61123 0.0253 0.0430356 100
1.62272 0.0479 0.0433427 100
1.65781 0.0718 0.0442799 100
1.30084 -0.289 0.0347452 1
1.32233 -0.2747 0.0353192 100
1.33282 -0.2578 0.0355996 100
1.34802 -0.2415 0.0360054 100
1.36311 -0.2249 0.0364086 100
1.37891 -0.208 0.0368305 100
1.3965 -0.191 0.0373004 100
1.4149 -0.1737 0.0377917 100
1.43209 -0.1558 0.0382509 100
1.44898 -0.1374 0.0387022 100
1.46668 -0.1188 0.0391748 100
1.48517 -0.0997 0.0396687 100
1.50436 -0.0801 0.0401814 100
1.52426 -0.0601 0.0407127 100
1.54595 -0.0397 0.0412921 100
1.58516 0.0197 0.048431 100
1.62064 0.0426 0.0495151 100
1.65893 0.0666 0.0506848 100
1.31119 -0.2877 0.0400604 31
1.32978 -0.2725 0.0406284 100
1.33928 -0.2551 0.0409186 100
1.35357 -0.2384 0.0413553 100
1.37056 -0.2219 0.0418744 100
1.38735 -0.2049 0.0423875 100
1.40384 -0.1875 0.0428913 100
1.42224 -0.1699 0.0434533 100
1.44033 -0.1519 0.044006 100
1.45822 -0.1334 0.0445526 100
1.47591 -0.1144 0.0450932 100
1.4953 -0.095 0.0456856 100
1.51539 -0.0753 0.0462994 100
1.53728 -0.055 0.0469682 100
1.55787 -0.0341 0.0475973 100
1.57845 0.0011 0.0700206 100
1.60422 0.0235 0.071164 100
1.61471 0.0462 0.0716293 100
1.64788 0.0702 0.0731006 100
1.30821 -0.2841 0.0580329 31
1.32779 -0.269 0.0589015 100
1.33629 -0.2513 0.0592782 100
1.35247 -0.2349 0.0599961 100
1.36935 -0.2182 0.0607451 100
1.38514 -0.2009 0.0614453 100
1.40172 -0.1833 0.062181 100
1.42 -0.1656 0.062992 100
1.43809 -0.1474 0.0637941 100
1.45587 -0.1287 0.0645829 100
1.47045 -0.1093 0.06523 100
1.48684 -0.0897 0.0659568 100
1.50892 -0.0699 0.0669362 100
1.53169 -0.0495 0.0679466 100
1.55217 -0.0285 0.0688551 100
1.59736 0.0064 0.0918237 100
1.60705 0.0289 0.0923803 100
1.6385 0.0524 0.0941881 100
1.31772 -0.2787 0.0757488 100
1.33909 -0.2638 0.0769769 100
1.34857 -0.2461 0.0775221 100
1.36365 -0.2292 0.0783887 100
1.38052 -0.2123 0.0793586 100
1.40019 -0.1953 0.0804892 100
1.41856 -0.1777 0.0815451 100
1.43483 -0.1594 0.0824806 100
1.4518 -0.1407 0.0834562 100
1.47057 -0.1218 0.0845352 100
1.49104 -0.1026 0.0857116 100
1.51021 -0.0827 0.0868135 100
1.53117 -0.0624 0.0880187 100
1.55084 -0.0415 0.0891493 100
1.59555 0.0165 0.103459 100
1.60712 0.039 0.10421 100
1.64335 0.0628 0.106559 100
1.3311 -0.2801 0.086312 100
1.34078 -0.2627 0.0869396 100
1.35605 -0.2461 0.0879296 100
1.37521 -0.2102 0.089172 100
1.39278 -0.193 0.0903108 100
1.41114 -0.1756 0.0915014 100
1.4294 -0.1576 0.0926856 100
1.44626 -0.1391 0.0937791 100
1.46303 -0.1202 0.0948662 100
1.48049 -0.1008 0.0959985 100
1.51961 -0.061 0.098535 100
1.54027 -0.0403 0.0998744 100
1.58062 0.023 0.114964 100
1.61603 0.046 0.11754 100
1.65313 0.0701 0.120238 100
1.3236 -0.2688 0.0962704 100
1.34674 -0.254 0.0979533 100
1.35702 -0.2364 0.0987005 100
1.37198 -0.2194 0.0997887 100
1.38973 -0.2025 0.10108 100
1.40718 -0.185 0.102349 100
1.42454 -0.1672 0.103612 100
1.44159 -0.1489 0.104852 100
1.45934 -0.1302 0.106143 100
1.4769 -0.111 0.10742 100
1.49625 -0.0916 0.108827 100
1.51629 -0.0716 0.110285 100
1.53614 -0.0511 0.111729 100
1.55759 -0.0301 0.113289 100
1.58908 0.0031 0.137349 100
1.61079 0.0256 0.139227 100
1.62325 0.0485 0.140303 100
1.65822 0.0727 0.143326 100
1.31689 -0.2889 0.113823 100
1.33642 -0.2736 0.115511 100
1.34499 -0.2559 0.116252 100
1.36531 -0.2205 0.118009 100
1.38205 -0.2034 0.119455 100
1.39948 -0.186 0.120962 100
1.41682 -0.1682 0.122461 100
1.43385 -0.15 0.123933 100
1.45169 -0.1314 0.125474 100
1.46922 -0.1123 0.12699 100
1.48955 -0.093 0.128747 100
1.50957 -0.0731 0.130478 100
1.53039 -0.0527 0.132277 100
1.55092 -0.0317 0.134051 100
1.58236 0.0011 0.155709 100
1.60405 0.0235 0.157844 100
1.6155 0.0463 0.15897 100
1.64953 0.0703 0.162319 100
1.31793 -0.2818 0.129689 100
1.34033 -0.2671 0.131893 100
1.35068 -0.2496 0.132911 100
1.3658 -0.2327 0.1344 100
1.38362 -0.2159 0.136152 100
1.40322 -0.199 0.138082 100
1.42163 -0.1814 0.139893 100
1.43786 -0.1631 0.14149 100
1.45388 -0.1444 0.143066 100
1.47259 -0.1255 0.144907 100
1.49299 -0.1063 0.146915 100
1.51319 -0.0865 0.148903 100
1.53618 -0.0663 0.151165 100
1.55778 -0.0454 0.15329 100
1.57849 0.013 0.172594 100
1.61398 0.0359 0.176475 100
1.65205 0.0598 0.180638 100
1.31864 -0.2815 0.144182 34
1.33504 -0.2655 0.145975 100
1.34349 -0.2478 0.146899 100
1.3595 -0.2312 0.148649 100
1.37729 -0.2144 0.150595 100
1.39389 -0.1971 0.15241 100
1.41029 -0.1794 0.154203 100
1.42749 -0.1614 0.156084 100
1.44539 -0.143 0.15804 100
1.46209 -0.1241 0.159866 100
1.47948 -0.1048 0.161768 100
1.50165 -0.0853 0.164192 100
1.52551 -0.0653 0.166801 100
1.54519 -0.0445 0.168953 100
1.56547 -0.0232 0.17117 100
1.5809 0.0136 0.186832 100
1.61536 0.0365 0.190904 100
1.6524 0.0604 0.195282 100
1.32846 -0.2664 0.156998 100
1.34861 -0.2509 0.15938 100
1.35785 -0.233 0.160472 100
1.37463 -0.2162 0.162455 100
1.39221 -0.199 0.164533 100
1.40959 -0.1815 0.166587 100
1.42776 -0.1636 0.168734 100
1.44475 -0.1451 0.170741 100
1.46242 -0.1263 0.17283 100
1.4799 -0.107 0.174896 100
1.50006 -0.0874 0.177278 100
1.52191 -0.0673 0.17986 100
1.54157 -0.0466 0.182184 100
1.56193 -0.0254 0.18459 100
1.57939 0.0231 0.198403 100
1.61362 0.0462 0.202703 100
1.64755 0.0703 0.206966 100
1.32568 -0.2693 0.166532 100
1.34493 -0.2537 0.16895 100
1.35416 -0.2358 0.170109 100
1.36904 -0.2186 0.171979 100
1.38571 -0.2014 0.174073 100
1.40307 -0.1839 0.176254 100
1.42222 -0.1661 0.17866 100
1.44117 -0.1479 0.18104 100
1.45695 -0.1289 0.183022 100
1.47243 -0.1095 0.184967 100
1.49356 -0.09 0.187621 100
1.51747 -0.0701 0.190625 100
1.53712 -0.0494 0.193093 100
1.55548 -0.0281 0.195399 100
1.58689 0.0123 0.226696 100
1.62451 0.0581 0.23207 100
1.66807 0.0831 0.238292 100
1.31743 -0.2899 0.188201 35
1.33584 -0.2744 0.190832 100
1.34435 -0.2566 0.192048 100
1.36039 -0.24 0.194339 100
1.37722 -0.2231 0.196743 100
1.39098 -0.2054 0.198709 100
1.40642 -0.1876 0.200915 100
1.42355 -0.1696 0.203361 100
1.44255 -0.1514 0.206077 100
1.46216 -0.1328 0.208877 100
1.48265 -0.1138 0.211804 100
1.50185 -0.0941 0.214548 100
1.52472 -0.0741 0.217814 100
1.5464 -0.0534 0.220912 100
1.56481 -0.0321 0.223542 100
1.59518 0.0163 0.238402 100
1.60666 0.0392 0.240116 100
1.64355 0.0633 0.24563 100
1.32558 -0.2639 0.198109 100
1.34753 -0.2485 0.20139 100
1.35673 -0.2305 0.202765 100
1.37641 -0.2139 0.205706 100
1.39293 -0.1963 0.208175 100
1.40826 -0.1782 0.210466 100
1.42527 -0.16 0.213008 100
1.44416 -0.1415 0.215831 100
1.46266 -0.1225 0.218595 100
1.48105 -0.1029 0.221345 100
1.50004 -0.083 0.224183 100
1.51883 -0.0625 0.226991 100
1.5393 -0.0416 0.230051 100
1.58839 0.0104 0.256694 100
1.61376 0.0332 0.260794 100
1.62294 0.0562 0.262278 100
1.65266 0.0805 0.26708 100
1.33449 -0.2774 0.215662 100
1.34406 -0.2597 0.217209 100
1.36104 -0.2432 0.219953 100
1.37792 -0.2263 0.222681 100
1.39549 -0.2091 0.225521 100
1.41099 -0.1912 0.228026 100
1.42817 -0.1732 0.230802 100
1.44505 -0.1547 0.23353 100
1.46183 -0.1357 0.236242 100
1.48227 -0.1167 0.239544 100
1.50537 -0.0972 0.243277 100
1.52817 -0.0557 0.246963 100
1.54851 -0.0346 0.250249 100
1.58133 0.0201 0.262071 100
1.61635 0.0435 0.267875 100
1.64911 0.0678 0.273303 100
1.32443 -0.2681 0.219496 100
1.34545 -0.2526 0.222979 100
1.35364 -0.2343 0.224336 100
1.36942 -0.2171 0.226952 100
1.38797 -0.1999 0.230026 100
1.40622 -0.1823 0.23305 100
1.42329 -0.164 0.235879 100
1.44016 -0.1453 0.238675 100
1.45673 -0.1261 0.241421 100
1.47607 -0.1067 0.244626 100
1.49511 -0.0868 0.247781 100
1.51494 -0.0664 0.251068 100
1.53437 -0.0454 0.254289 100
1.55657 -0.024 0.257967 100
1.58052 0.0182 0.28438 100
1.61654 0.0414 0.290862 100
1.65217 0.0657 0.297272 100
1.32109 -0.284 0.237701 100
1.34412 -0.2692 0.241845 100
1.35445 -0.2515 0.243704 100
1.37138 -0.2347 0.24675 100
1.38801 -0.2174 0.249743 100
1.40907 -0.1802 0.253532 100
1.42512 -0.1619 0.256419 100
1.44086 -0.1432 0.259252 100
1.4574 -0.1241 0.262227 100
1.47659 -0.1048 0.26568 100
1.49558 -0.085 0.269098 100
1.51724 -0.0647 0.272994 100
1.54066 -0.044 0.277208 100
1.56172 -0.0226 0.280998 100
1.58552 0.0115 0.30188 100
1.61852 0.0348 0.308165 100
1.65428 0.059 0.314973 100
1.33472 -0.2735 0.254129 100
1.3413 -0.2551 0.255382 100
1.3582 -0.2384 0.258599 100
1.3749 -0.2213 0.261779 100
1.3914 -0.2038 0.264921 100
1.40869 -0.1859 0.268213 100
1.42667 -0.1678 0.271636 100
1.44258 -0.1489 0.274666 100
1.45909 -0.1297 0.277808 100
1.48227 -0.1106 0.282222 100
1.50526 -0.0909 0.286599 100
1.525 -0.0704 0.290358 100
1.54544 -0.0494 0.294249 100
1.56764 -0.0278 0.298476 100
1.58313 0.02 0.328716 100
1.61593 0.0434 0.335526 100
1.65138 0.0678 0.342886 100
1.32386 -0.2711 0.274882 100
1.34286 -0.2552 0.278826 100
1.35196 -0.2371 0.280717 100
1.36861 -0.2201 0.284173 100
1.38506 -0.2026 0.287588 100
1.40219 -0.1849 0.291146 100
1.41913 -0.1667 0.294663 100
1.43587 -0.148 0.298139 100
1.45242 -0.1289 0.301575 100
1.47259 -0.1097 0.305763 100
1.49345 -0.09 0.310093 100
1.51508 -0.0697 0.314586 100
1.53545 -0.0488 0.318815 100
1.55562 -0.0273 0.323003 100
1.58174 0.0169 0.335344 100
1.61559 0.0404 0.34252 100
1.65306 0.0649 0.350464 100
1.32378 -0.2705 0.280653 100
1.34275 -0.2545 0.284677 100
1.35185 -0.2363 0.286605 100
1.3676 -0.219 0.289945 100
1.38492 -0.2015 0.293615 100
1.40311 -0.1838 0.297473 100
1.42004 -0.1654 0.301061 100
1.43677 -0.1466 0.304608 100
1.45516 -0.1276 0.308507 100
1.47726 -0.1083 0.313194 100
1.49918 -0.0884 0.31784 100
1.51776 -0.0678 0.32178 100
1.53811 -0.0467 0.326094 100
1.5611 -0.0251 0.330968 100
1.59193 0.0066 0.368404 100
1.6043 0.0297 0.371267 100
1.64269 0.0541 0.38015 100
1.33365 -0.2636 0.308634 100
1.34184 -0.2452 0.310528 100
1.35859 -0.2282 0.314406 100
1.37506 -0.2106 0.318216 100
1.39221 -0.1928 0.322184 100
1.41023 -0.1747 0.326355 100
1.42601 -0.1558 0.330008 100
1.44258 -0.1367 0.33384 100
1.46177 -0.1173 0.338282 100
1.48369 -0.0976 0.343355 100
1.50434 -0.0772 0.348135 100
1.52568 -0.0563 0.353072 100
1.54477 -0.0347 0.357491 100
1.58892 0.0031 0.381172 100
1.60137 0.026 0.384158 100
1.63978 0.05 0.393373 100
1.31596 -0.2802 0.315692 100
1.33493 -0.2645 0.320241 100
1.34407 -0.2464 0.322434 100
1.36069 -0.2295 0.326423 100
1.37713 -0.2121 0.330365 100
1.39434 -0.1945 0.334494 100
1.41126 -0.1764 0.338553 100
1.42701 -0.1577 0.342332 100
1.44549 -0.1389 0.346764 100
1.46756 -0.12 0.35206 100
1.48847 -0.1003 0.357075 100
1.50908 -0.0801 0.36202 100
1.53048 -0.0594 0.367153 100
1.55148 -0.038 0.372191 100
1.58287 0.0168 0.397003 100
1.62322 0.0407 0.407123 100
1.31575 -0.2746 0.330005 100
1.33932 -0.2595 0.335916 100
1.3494 -0.2413 0.338446 100
1.36502 -0.2239 0.342363 100
1.38141 -0.2062 0.346474 100
1.39848 -0.1882 0.350756 100
1.41633 -0.1698 0.355232 100
1.43195 -0.1508 0.359149 100
1.45028 -0.1316 0.363747 100
1.46939 -0.112 0.368539 100
1.49005 -0.092 0.373721 100
1.51061 -0.0714 0.378879 100
1.53176 -0.0503 0.384182 100
1.55746 -0.0286 0.390629 100
1.3142 -0.2857 0.330835 100
1.33505 -0.2703 0.336084 100
1.34436 -0.2522 0.338427 100
1.35997 -0.235 0.342358 100
1.37839 -0.2179 0.346996 100
1.3975 -0.2005 0.351805 100
1.41457 -0.1823 0.356102 100
1.43134 -0.1636 0.360325 100
1.44977 -0.1447 0.364964 100
1.468 -0.1253 0.369553 100
1.48992 -0.1057 0.37507 100
1.51348 -0.0856 0.381002 100
1.53287 -0.0647 0.385885 100
1.58872 0.01 0.426589 26
1.32284 -0.2749 0.355197 100
1.33115 -0.2567 0.357427 100
1.34679 -0.2397 0.361628 100
1.36331 -0.2225 0.366063 100
1.3805 -0.205 0.370679 100
1.39846 -0.1871 0.375502 100
1.41614 -0.1688 0.380248 100
1.43362 -0.15 0.384942 100
1.45187 -0.1308 0.389843 100
1.4708 -0.1112 0.394926 100
1.49244 -0.0912 0.400735 100
1.51571 -0.0707 0.406984 100
1.52614 -0.0492 0.409785 100
1.55473 -0.0277 0.417461 100
1.31012 -0.2788 0.363821 100
1.33556 -0.2641 0.370885 100
1.34654 -0.2461 0.373936 100
1.36119 -0.2284 0.378003 100
1.37834 -0.2108 0.382766 100
1.39539 -0.1928 0.387502 100
1.41033 -0.174 0.391649 100
1.4269 -0.1551 0.396251 100
1.44039 -0.1355 0.399997 100
1.47373 -0.1171 0.409256 100
1.3244 -0.2764 0.382768 100
1.33458 -0.2584 0.385711 100
1.35206 -0.2415 0.390765 100
1.36753 -0.2238 0.395235 100
1.38281 -0.2057 0.399649 100
1.39971 -0.1875 0.404536 100
1.41739 -0.1689 0.409645 100
1.42901 -0.1492 0.413004 100
1.45486 -0.1306 0.420473 100
1.31673 -0.2845 0.384789 100
1.32508 -0.2663 0.387229 100
1.34274 -0.2497 0.39239 100
1.35915 -0.2325 0.397187 100
1.37451 -0.2147 0.401675 100
1.39054 -0.1966 0.406359 100
1.40926 -0.1785 0.411829 100
1.42865 -0.16 0.417495 100
1.4393 -0.1401 0.420609 100
1.47069 -0.1216 0.429781 100
1.31546 -0.2811 0.380931 100
1.32372 -0.2629 0.383323 100
1.34129 -0.2463 0.388413 100
1.35868 -0.2292 0.393447 100
1.37491 -0.2116 0.398148 100
1.39095 -0.1935 0.402793 100
1.40968 -0.1753 0.408217 100
1.42717 -0.1565 0.41328 100
1.43869 -0.1367 0.416618 100
1.46808 -0.1181 0.425129 100
1.30616 -0.2774 0.375275 100
1.33047 -0.2626 0.382262 100
1.34047 -0.2446 0.385133 100
1.35594 -0.2273 0.389579 100
1.37123 -0.2095 0.39397 100
1.38718 -0.1916 0.398554 100
1.404 -0.1733 0.403386 100
1.42044 -0.1545 0.408108 100
1.43293 -0.135 0.411698 100
1.4633 -0.1166 0.420424 100
