0.911821 0.0103 -0.262666 100
0.911629 0.0235 -0.262611 100
0.911244 0.0368 -0.2625 100
0.911629 0.0501 -0.262611 100
0.911821 0.0635 -0.262666 100
0.911821 0.0768 -0.262666 100
0.91259 0.0903 -0.262888 100
0.912301 0.1037 -0.262805 100
0.911725 0.1171 -0.262639 100
0.912013 0.1306 -0.262722 100
0.911052 0.144 -0.262445 100
0.909995 0.1575 -0.262141 100
0.909707 0.171 -0.262057 100
0.90913 0.1847 -0.261891 100
0.908458 0.1983 -0.261698 100
0.907593 0.2119 -0.261449 100
0.906536 0.2256 -0.261144 100
0.904326 0.239 -0.260507 100
0.90471 0.2532 -0.260618 100
0.906344 -0.2176 -0.261089 100
0.908266 -0.2041 -0.261642 100
0.909995 -0.1907 -0.262141 100
0.909611 -0.1769 -0.26203 100
0.910956 -0.1634 -0.262417 100
0.912109 -0.15 -0.262749 100
0.91307 -0.1366 -0.263026 100
0.913935 -0.1231 -0.263275 100
0.913551 -0.1096 -0.263165 100
0.914031 -0.0962 -0.263303 100
0.915184 -0.0828 -0.263635 100
0.914319 -0.0694 -0.263386 100
0.913262 -0.0559 -0.263082 100
0.911917 -0.0425 -0.262694 100
0.910572 -0.0292 -0.262307 100
0.91086 -0.0159 -0.26239 100
0.912602 0.0076 -0.263927 100
0.91241 0.0209 -0.263871 100
0.912026 0.0342 -0.26376 100
0.91241 0.0476 -0.263871 100
0.912602 0.0609 -0.263927 100
0.912698 0.0743 -0.263955 100
0.911641 0.0876 -0.263649 100
0.912218 0.1011 -0.263816 100
0.911738 0.1145 -0.263677 100
0.911065 0.1279 -0.263482 100
0.90924 0.1412 -0.262954 100
0.909144 0.1548 -0.262927 100
0.907895 0.1682 -0.262565 100
0.907511 0.1818 -0.262454 100
0.905878 0.1952 -0.261982 100
0.905013 0.2088 -0.261732 100
0.904052 0.2225 -0.261454 100
0.902804 0.2361 -0.261093 100
0.904149 0.2506 -0.261482 100
0.906742 -0.2148 -0.262232 100
0.907607 -0.2011 -0.262482 100
0.908375 -0.1875 -0.262704 100
0.909816 -0.174 -0.263121 100
0.910201 -0.1604 -0.263232 100
0.911353 -0.147 -0.263566 100
0.912314 -0.1335 -0.263843 100
0.912986 -0.1201 -0.264038 100
0.913563 -0.1066 -0.264205 100
0.913947 -0.0932 -0.264316 100
0.914235 -0.0798 -0.264399 100
0.915196 -0.0665 -0.264677 100
0.914043 -0.053 -0.264344 100
0.912794 -0.0396 -0.263982 100
0.912218 -0.0262 -0.263816 100
0.911591 0.0133 -0.263462 100
0.910343 0.0264 -0.263101 100
0.909958 0.0396 -0.26299 100
0.910246 0.0529 -0.263073 100
0.910439 0.0661 -0.263129 100
0.911399 0.0795 -0.263407 100
0.911207 0.0928 -0.263351 100
0.911784 0.1062 -0.263518 100
0.912168 0.1197 -0.263629 100
0.910439 0.1329 -0.263129 100
0.908613 0.1461 -0.262601 100
0.90746 0.1594 -0.262268 100
0.908133 0.1731 -0.262463 100
0.906692 0.1864 -0.262046 100
0.905923 0.2 -0.261824 100
0.905059 0.2135 -0.261574 100
0.904002 0.2271 -0.261269 100
0.902753 0.2407 -0.260908 100
0.904002 0.2551 -0.261269 100
0.906692 -0.2149 -0.262046 100
0.908613 -0.2016 -0.262601 100
0.909286 -0.188 -0.262796 100
0.909862 -0.1744 -0.262962 100
0.91015 -0.1609 -0.263046 100
0.911303 -0.1475 -0.263379 100
0.912264 -0.1341 -0.263656 100
0.913032 -0.1208 -0.263879 100
0.913609 -0.1074 -0.264045 100
0.913993 -0.0941 -0.264156 100
0.914185 -0.0807 -0.264212 100
0.915146 -0.0675 -0.264489 100
0.91601 -0.0542 -0.264739 100
0.914666 -0.0408 -0.264351 100
0.913225 -0.0275 -0.263934 100
0.913513 -0.0142 -0.264017 100
0.912374 0.0045 -0.261102 100
0.913143 0.0178 -0.261322 100
0.912855 0.0311 -0.26124 100
0.911413 0.0443 -0.260827 100
0.911605 0.0576 -0.260882 100
0.91074 0.0709 -0.260634 100
0.91074 0.0843 -0.260634 100
0.912374 0.0978 -0.261102 100
0.912855 0.1113 -0.26124 100
0.91122 0.1246 -0.260772 100
0.910451 0.138 -0.260552 100
0.910355 0.1516 -0.260524 100
0.910163 0.1652 -0.260469 100
0.909778 0.1788 -0.260359 100
0.909105 0.1924 -0.260167 100
0.908336 0.2061 -0.259947 100
0.906413 0.2195 -0.259396 100
0.90526 0.2331 -0.259066 100
0.90574 0.2473 -0.259204 100
0.911605 0.2632 -0.260882 100
0.907183 -0.207 -0.259616 100
0.908913 -0.1936 -0.260112 100
0.910451 -0.1801 -0.260552 100
0.910932 -0.1665 -0.260689 100
0.911124 -0.1529 -0.260744 100
0.912182 -0.1395 -0.261047 100
0.912086 -0.1259 -0.26102 100
0.912759 -0.1125 -0.261212 100
0.914105 -0.0992 -0.261597 100
0.914393 -0.0858 -0.26168 100
0.914585 -0.0724 -0.261735 100
0.913528 -0.0589 -0.261432 100
0.914201 -0.0456 -0.261625 100
0.913816 -0.0323 -0.261515 100
0.914105 -0.019 -0.261597 100
0.913049 0.0106 -0.258367 100
0.912856 0.0239 -0.258312 100
0.912471 0.0372 -0.258203 100
0.912856 0.0506 -0.258312 100
0.913915 0.064 -0.258612 100
0.914973 0.0775 -0.258911 100
0.914781 0.0909 -0.258857 100
0.914396 0.1043 -0.258748 100
0.912856 0.1176 -0.258312 100
0.912183 0.131 -0.258122 100
0.91122 0.1445 -0.257849 100
0.911124 0.1581 -0.257822 100
0.910836 0.1717 -0.25774 100
0.910258 0.1853 -0.257577 100
0.909585 0.199 -0.257387 100
0.909585 0.2129 -0.257387 100
0.908526 0.2266 -0.257087 100
0.911894 0.2415 -0.25804 100
0.927097 0.26 -0.262342 100
0.907179 -0.2193 -0.256706 100
0.909104 -0.2059 -0.25725 100
0.910836 -0.1924 -0.25774 100
0.912471 -0.1789 -0.258203 100
0.912856 -0.1653 -0.258312 100
0.913145 -0.1516 -0.258394 100
0.913145 -0.138 -0.258394 100
0.914011 -0.1246 -0.258639 100
0.914588 -0.1111 -0.258802 100
0.913145 -0.0975 -0.258394 100
0.913434 -0.0841 -0.258476 100
0.91353 -0.0707 -0.258503 100
0.913434 -0.0573 -0.258476 100
0.913145 -0.0439 -0.258394 100
0.913626 -0.0306 -0.25853 100
0.912952 -0.0173 -0.258339 100
0.914794 0.0086 -0.252492 100
0.913541 0.0219 -0.252146 100
0.91412 0.0352 -0.252306 100
0.914602 0.0485 -0.252439 100
0.913831 0.0618 -0.252226 100
0.914794 0.0752 -0.252492 100
0.915662 0.0887 -0.252731 100
0.915276 0.1021 -0.252625 100
0.913831 0.1154 -0.252226 100
0.913156 0.1288 -0.252039 100
0.912288 0.1422 -0.2518 100
0.911228 0.1556 -0.251507 100
0.910939 0.1692 -0.251428 100
0.910457 0.1828 -0.251295 100
0.909782 0.1964 -0.251108 100
0.908914 0.2101 -0.250869 100
0.908818 0.2239 -0.250842 100
0.906601 0.2374 -0.25023 100
0.907083 0.2515 -0.250363 100
0.909107 -0.2136 -0.250922 100
0.910939 -0.2001 -0.251428 100
0.912674 -0.1867 -0.251906 100
0.912192 -0.1729 -0.251773 100
0.912577 -0.1592 -0.25188 100
0.913638 -0.1458 -0.252172 100
0.914602 -0.1324 -0.252439 100
0.915373 -0.119 -0.252651 100
0.915951 -0.1055 -0.252811 100
0.914409 -0.0919 -0.252385 100
0.913638 -0.0785 -0.252172 100
0.915566 -0.0653 -0.252705 100
0.916337 -0.0519 -0.252917 100
0.915951 -0.0386 -0.252811 100
0.915469 -0.0252 -0.252678 100
0.916886 0.0076 -0.240883 100
0.916692 0.0208 -0.240832 100
0.917273 0.0341 -0.240984 100
0.91766 0.0473 -0.241086 100
0.91795 0.0606 -0.241162 100
0.91795 0.0739 -0.241162 100
0.917853 0.0872 -0.241137 100
0.91853 0.1007 -0.241315 100
0.917079 0.1139 -0.240933 100
0.914468 0.127 -0.240247 0
0.913597 0.1403 -0.240019 100
0.913597 0.1537 -0.240019 0
0.913307 0.1672 -0.239942 100
0.912824 0.1808 -0.239815 100
0.912243 0.1943 -0.239663 100
0.909438 0.2212 -0.238926 100
0.908278 0.2348 -0.238621 100
0.906924 0.2484 -0.238265 100
0.907214 0.2625 -0.238342 100
0.912533 -0.2166 -0.239739 100
0.912533 -0.2028 -0.239739 100
0.912243 -0.189 -0.239663 100
0.912824 -0.1755 -0.239815 100
0.913211 -0.162 -0.239917 100
0.914371 -0.1486 -0.240222 100
0.915338 -0.1353 -0.240476 100
0.916112 -0.122 -0.240679 100
0.916692 -0.1086 -0.240832 100
0.917079 -0.0953 -0.240933 100
0.917369 -0.082 -0.24101 100
0.917369 -0.0687 -0.24101 100
0.917273 -0.0554 -0.240984 0
0.916982 -0.0422 -0.240908 100
0.917466 -0.0289 -0.241035 100
0.917756 -0.0157 -0.241111 100
0.919253 0.0099 -0.23534 100
0.919059 0.0232 -0.235291 100
0.918672 0.0364 -0.235191 100
0.918091 0.0496 -0.235043 100
0.918284 0.0629 -0.235092 100
0.917316 0.0761 -0.234844 100
0.917219 0.0894 -0.234819 100
0.9178 0.1029 -0.234968 100
0.917316 0.1162 -0.234844 100
0.916637 0.1295 -0.234671 100
0.915766 0.1429 -0.234447 100
0.912472 0.1694 -0.233604 100
0.911987 0.1829 -0.23348 100
0.912278 0.1966 -0.233554 100
0.911406 0.2102 -0.233331 100
0.910341 0.2237 -0.233058 100
0.909178 0.2373 -0.232761 100
0.910534 0.2517 -0.233108 100
0.914894 -0.2079 -0.234224 100
0.915669 -0.1943 -0.234422 100
0.916347 -0.1807 -0.234596 100
0.916831 -0.1671 -0.23472 100
0.917994 -0.1537 -0.235018 100
0.918091 -0.1402 -0.235043 100
0.918962 -0.1268 -0.235266 100
0.917703 -0.1132 -0.234943 100
0.917219 -0.0998 -0.234819 100
0.916541 -0.0864 -0.234646 100
0.916637 -0.0731 -0.234671 100
0.917509 -0.0599 -0.234894 100
0.918284 -0.0467 -0.235092 100
0.918769 -0.0334 -0.235216 100
0.918187 -0.0202 -0.235067 100
0.922538 0.005 -0.226768 100
0.922344 0.0182 -0.22672 100
0.921081 0.0314 -0.22641 100
0.920499 0.0447 -0.226267 100
0.92079 0.058 -0.226338 100
0.920887 0.0713 -0.226362 100
0.919819 0.0845 -0.226099 100
0.919625 0.0978 -0.226052 100
0.919139 0.1111 -0.225932 100
0.917585 0.1243 -0.22555 100
0.916711 0.1376 -0.225336 100
0.91574 0.151 -0.225097 0
0.915546 0.1644 -0.225049 100
0.916032 0.1781 -0.225168 100
0.915449 0.1917 -0.225025 100
0.914672 0.2052 -0.224834 100
0.914672 0.219 -0.224834 100
0.912536 0.2324 -0.224309 100
0.912147 0.2463 -0.224214 100
0.916032 -0.2128 -0.225168 100
0.915935 -0.199 -0.225145 100
0.91574 -0.1852 -0.225097 100
0.917197 -0.1719 -0.225455 100
0.918459 -0.1585 -0.225765 100
0.919528 -0.1452 -0.226028 100
0.920499 -0.1318 -0.226267 100
0.921178 -0.1184 -0.226434 100
0.921761 -0.1051 -0.226577 100
0.921178 -0.0916 -0.226434 100
0.920402 -0.0782 -0.226243 100
0.920402 -0.0649 -0.226243 100
0.921178 -0.0517 -0.226434 100
0.919819 -0.0384 -0.226099 100
0.920305 -0.0251 -0.226219 100
0.921458 0.0066 -0.222754 100
0.922236 0.0199 -0.222942 100
0.921847 0.0331 -0.222848 100
0.922333 0.0464 -0.222965 100
0.921555 0.0597 -0.222777 100
0.921652 0.073 -0.222801 100
0.921555 0.0864 -0.222777 100
0.920292 0.0996 -0.222472 100
0.919806 0.1129 -0.222354 100
0.919125 0.1263 -0.22219 100
0.91825 0.1396 -0.221979 0
0.917278 0.153 -0.221744 100
0.916015 0.1663 -0.221438 100
0.916598 0.1801 -0.221579 100
0.91689 0.1938 -0.22165 100
0.916015 0.2074 -0.221438 100
0.915043 0.221 -0.221203 100
0.912904 0.2344 -0.220686 100
0.91339 0.2485 -0.220804 100
0.918348 -0.2154 -0.222002 100
0.91825 -0.2015 -0.221979 100
0.918056 -0.1877 -0.221932 100
0.918639 -0.1742 -0.222072 100
0.919903 -0.1608 -0.222378 100
0.922041 -0.1475 -0.222895 100
0.923013 -0.1341 -0.22313 100
0.922819 -0.1206 -0.223083 100
0.92243 -0.1071 -0.222989 100
0.921847 -0.0936 -0.222848 100
0.921069 -0.0802 -0.22266 100
0.920097 -0.0668 -0.222425 100
0.920972 -0.0535 -0.222636 100
0.921555 -0.0403 -0.222777 100
0.922041 -0.027 -0.222895 100
0.921361 -0.0137 -0.22273 100
0.925636 0.002 -0.20928 100
0.925539 0.0152 -0.209258 100
0.925246 0.0285 -0.209192 100
0.924759 0.0417 -0.209082 100
0.925051 0.055 -0.209148 100
0.926124 0.0684 -0.209391 100
0.926124 0.0818 -0.209391 100
0.924954 0.095 -0.209126 100
0.923491 0.1083 -0.208795 100
0.922905 0.1216 -0.208663 100
0.922125 0.135 -0.208486 100
0.922125 0.1485 -0.208486 100
0.92193 0.162 -0.208442 100
0.92154 0.1755 -0.208354 100
0.920955 0.1891 -0.208222 100
0.920272 0.2027 -0.208067 100
0.919296 0.2163 -0.207847 100
0.917248 0.2297 -0.207384 0
0.916858 0.2436 -0.207296 100
0.920857 -0.2094 -0.2082 100
0.922613 -0.196 -0.208597 100
0.92232 -0.1822 -0.208531 100
0.922808 -0.1686 -0.208641 100
0.924076 -0.1552 -0.208927 100
0.926027 -0.142 -0.209369 100
0.926027 -0.1284 -0.209369 100
0.926709 -0.115 -0.209523 100
0.926222 -0.1015 -0.209413 100
0.924563 -0.088 -0.209038 100
0.924759 -0.0746 -0.209082 100
0.925636 -0.0614 -0.20928 100
0.926417 -0.0481 -0.209457 100
0.927002 -0.0349 -0.209589 100
0.927392 -0.0216 -0.209677 100
0.926073 0.0086 -0.207341 100
0.924804 0.0218 -0.207057 100
0.924511 0.0351 -0.206992 100
0.923926 0.0483 -0.206861 100
0.924121 0.0616 -0.206904 100
0.924121 0.0749 -0.206904 100
0.924023 0.0882 -0.206882 100
0.923731 0.1016 -0.206817 100
0.923145 0.1149 -0.206686 100
0.923438 0.1284 -0.206751 100
0.923536 0.1419 -0.206773 100
0.922462 0.1552 -0.206533 0
0.921291 0.1686 -0.206271 100
0.921779 0.1824 -0.20638 100
0.921096 0.1959 -0.206227 100
0.919242 0.2093 -0.205812 100
0.919144 0.2232 -0.20579 100
0.916997 0.2365 -0.205309 100
0.917485 0.2507 -0.205419 100
0.920022 -0.215 -0.205987 100
0.921877 -0.2016 -0.206402 100
0.922657 -0.188 -0.206577 100
0.923243 -0.1744 -0.206708 100
0.923536 -0.1609 -0.206773 100
0.924707 -0.1475 -0.207035 100
0.926658 -0.1342 -0.207472 100
0.928317 -0.1209 -0.207844 100
0.927049 -0.1073 -0.20756 100
0.925487 -0.0937 -0.20721 100
0.924707 -0.0803 -0.207035 100
0.924707 -0.067 -0.207035 100
0.925585 -0.0537 -0.207232 100
0.92617 -0.0405 -0.207363 100
0.925682 -0.0272 -0.207254 100
0.924999 -0.0139 -0.207101 100
0.927868 0.0114 -0.193842 100
0.927673 0.0247 -0.193801 100
0.928162 0.0379 -0.193903 100
0.927575 0.0512 -0.19378 100
0.92777 0.0645 -0.193821 100
0.92777 0.0778 -0.193821 100
0.927575 0.0911 -0.19378 100
0.927281 0.1045 -0.193719 100
0.926694 0.1178 -0.193596 100
0.92503 0.1446 -0.193249 100
0.924932 0.1581 -0.193228 100
0.92454 0.1716 -0.193147 100
0.924051 0.1852 -0.193044 100
0.923366 0.1988 -0.192901 100
0.922485 0.2124 -0.192717 100
0.92131 0.226 -0.192472 100
0.921016 0.2399 -0.19241 100
0.918569 0.2533 -0.191899 100
0.920723 0.268 -0.192349 100
0.923757 -0.2111 -0.192983 100
0.924638 -0.1975 -0.193167 100
0.926302 -0.1841 -0.193515 100
0.926792 -0.1705 -0.193617 100
0.927085 -0.1569 -0.193678 100
0.928162 -0.1435 -0.193903 100
0.928064 -0.13 -0.193883 100
0.927868 -0.1165 -0.193842 100
0.927379 -0.103 -0.19374 100
0.926792 -0.0896 -0.193617 100
0.92689 -0.0762 -0.193637 100
0.92689 -0.0629 -0.193637 100
0.927673 -0.0497 -0.193801 100
0.926302 -0.0364 -0.193515 100
0.924736 -0.0231 -0.193187 100
0.9291 0.0026 -0.188352 100
0.929002 0.0159 -0.188332 100
0.929688 0.0292 -0.188471 100
0.929198 0.0424 -0.188372 100
0.929492 0.0557 -0.188432 100
0.92959 0.069 -0.188452 100
0.929492 0.0824 -0.188432 100
0.929296 0.0957 -0.188392 100
0.929786 0.1092 -0.188491 100
0.930178 0.1227 -0.188571 100
0.929394 0.1361 -0.188412 100
0.929394 0.1496 -0.188412 100
0.928218 0.163 -0.188173 100
0.925866 0.1762 -0.187697 100
0.924298 0.1896 -0.187379 100
0.923514 0.2032 -0.18722 100
0.922632 0.2168 -0.187041 100
0.922436 0.2306 -0.187001 100
0.921946 0.2445 -0.186902 100
0.928904 0.2605 -0.188312 100
0.924592 -0.2076 -0.187438 100
0.925474 -0.194 -0.187617 100
0.926062 -0.1804 -0.187736 100
0.926552 -0.1668 -0.187836 100
0.926846 -0.1533 -0.187895 100
0.927826 -0.1399 -0.188094 100
0.929688 -0.1266 -0.188471 100
0.930374 -0.1133 -0.188611 100
0.929884 -0.0998 -0.188511 100
0.929198 -0.0863 -0.188372 100
0.929296 -0.073 -0.188392 100
0.930178 -0.0597 -0.188571 100
0.929982 -0.0464 -0.188531 100
0.929492 -0.0331 -0.188432 100
0.928904 -0.0199 -0.188312 100
0.931762 0.0007 -0.174711 100
0.932646 0.0139 -0.174877 100
0.932351 0.0272 -0.174822 100
0.93186 0.0404 -0.17473 100
0.93127 0.0536 -0.174619 100
0.931369 0.0669 -0.174637 100
0.931369 0.0802 -0.174637 100
0.932155 0.0937 -0.174785 100
0.932745 0.1071 -0.174895 100
0.933138 0.1206 -0.174969 100
0.930386 0.1472 -0.174453 100
0.929305 0.1606 -0.17425 100
0.928911 0.1741 -0.174177 100
0.928322 0.1877 -0.174066 100
0.926651 0.2011 -0.173753 100
0.925668 0.2147 -0.173569 100
0.924587 0.2283 -0.173366 100
0.922326 0.2416 -0.172942 100
0.922719 0.2558 -0.173016 100
0.927044 -0.2134 -0.173827 100
0.927929 -0.1998 -0.173992 100
0.930582 -0.1866 -0.17449 100
0.931074 -0.173 -0.174582 100
0.931467 -0.1594 -0.174656 100
0.931565 -0.1459 -0.174674 100
0.932548 -0.1325 -0.174859 100
0.933334 -0.1191 -0.175006 100
0.932843 -0.1056 -0.174914 100
0.93127 -0.0921 -0.174619 100
0.931467 -0.0788 -0.174656 100
0.931467 -0.0654 -0.174656 100
0.931369 -0.0521 -0.174637 100
0.931958 -0.0389 -0.174748 100
0.93245 -0.0257 -0.17484 100
0.932268 0.0109 -0.17144 100
0.931087 0.0241 -0.171222 100
0.932661 0.0375 -0.171512 100
0.93394 0.0508 -0.171747 100
0.934136 0.0642 -0.171783 100
0.933153 0.0774 -0.171602 100
0.933054 0.0908 -0.171584 100
0.933645 0.1043 -0.171693 100
0.933054 0.1177 -0.171584 100
0.931382 0.1309 -0.171277 100
0.930497 0.1443 -0.171114 100
0.929317 0.1577 -0.170897 100
0.929022 0.1712 -0.170843 100
0.92853 0.1848 -0.170752 100
0.927842 0.1984 -0.170626 100
0.926957 0.212 -0.170463 100
0.92676 0.2259 -0.170427 100
0.924498 0.2393 -0.170011 100
0.92499 0.2534 -0.170101 1
0.928727 -0.2083 -0.170788 100
0.929612 -0.1946 -0.170951 100
0.929219 -0.1808 -0.170879 100
0.930694 -0.1674 -0.17115 100
0.931973 -0.154 -0.171385 100
0.932956 -0.1406 -0.171566 100
0.933841 -0.1272 -0.171729 100
0.933546 -0.1137 -0.171675 100
0.934038 -0.1003 -0.171765 100
0.934333 -0.0869 -0.171819 100
0.93453 -0.0735 -0.171856 100
0.934431 -0.0602 -0.171837 100
0.934136 -0.0468 -0.171783 100
0.934726 -0.0336 -0.171892 100
0.93512 -0.0203 -0.171964 100
0.935461 0.0056 -0.159733 100
0.934278 0.0189 -0.159531 100
0.934968 0.0322 -0.159649 100
0.935362 0.0455 -0.159716 100
0.935658 0.0588 -0.159767 100
0.936742 0.0722 -0.159952 100
0.937629 0.0857 -0.160103 100
0.937333 0.0991 -0.160053 100
0.93684 0.1125 -0.159969 100
0.93615 0.1259 -0.159851 100
0.936249 0.1394 -0.159868 100
0.935263 0.1528 -0.159699 100
0.933982 0.1663 -0.159481 100
0.932602 0.1797 -0.159245 100
0.931025 0.1931 -0.158976 100
0.930138 0.2067 -0.158824 100
0.930138 0.2205 -0.158824 100
0.927969 0.234 -0.158454 100
0.928462 0.2481 -0.158538 100
0.930433 -0.2149 -0.158875 100
0.932306 -0.2014 -0.159195 100
0.932996 -0.1878 -0.159312 100
0.934573 -0.1744 -0.159582 100
0.933982 -0.1606 -0.159481 100
0.934179 -0.147 -0.159514 100
0.936052 -0.1338 -0.159834 100
0.935855 -0.1202 -0.1598 100
0.936446 -0.1068 -0.159901 100
0.935855 -0.0934 -0.1598 100
0.935066 -0.0799 -0.159666 100
0.935165 -0.0666 -0.159683 100
0.935953 -0.0533 -0.159817 100
0.936643 -0.04 -0.159935 100
0.936052 -0.0267 -0.159834 100
0.935138 0.0119 -0.161022 100
0.934941 0.0252 -0.160988 100
0.934448 0.0384 -0.160903 100
0.934054 0.065 -0.160836 100
0.934054 0.0783 -0.160836 100
0.933857 0.0916 -0.160802 100
0.935434 0.1052 -0.161073 100
0.935828 0.1187 -0.161141 100
0.935138 0.1321 -0.161022 100
0.933167 0.1453 -0.160683 100
0.932083 0.1587 -0.160496 100
0.932674 0.1724 -0.160598 100
0.931196 0.1858 -0.160343 100
0.928535 0.199 -0.159885 100
0.927648 0.2126 -0.159733 100
0.926564 0.2262 -0.159546 100
0.925283 0.2398 -0.159325 100
0.925677 0.2539 -0.159393 100
0.928732 -0.2123 -0.159919 100
0.929619 -0.1987 -0.160072 100
0.931295 -0.1853 -0.16036 100
0.931787 -0.1717 -0.160445 100
0.933068 -0.1584 -0.160666 100
0.934251 -0.145 -0.160869 100
0.933167 -0.1313 -0.160683 0
0.933955 -0.1179 -0.160819 100
0.934547 -0.1046 -0.16092 100
0.934842 -0.0912 -0.160971 100
0.935039 -0.0779 -0.161005 100
0.935039 -0.0645 -0.161005 100
0.935828 -0.0513 -0.161141 100
0.936419 -0.038 -0.161243 100
0.936912 -0.0247 -0.161328 100
0.939244 0.0085 -0.14255 100
0.939046 0.0217 -0.14252 100
0.938651 0.035 -0.14246 100
0.939046 0.0484 -0.14252 100
0.939244 0.0617 -0.14255 100
0.939244 0.0751 -0.14255 100
0.939145 0.0884 -0.142535 100
0.938849 0.1018 -0.14249 100
0.938255 0.1152 -0.1424 100
0.937563 0.1286 -0.142295 100
0.934597 0.1553 -0.141845 100
0.934301 0.1688 -0.1418 100
0.933905 0.1824 -0.14174 100
0.933213 0.196 -0.141635 0
0.932323 0.2096 -0.1415 100
0.931236 0.2232 -0.141335 100
0.930939 0.2371 -0.14129 100
0.930445 0.2511 -0.141215 100
0.935388 0.2666 -0.141965 100
0.933609 -0.2083 -0.141695 100
0.93351 -0.1945 -0.14168 100
0.934103 -0.1809 -0.14177 0
0.935586 -0.1675 -0.141995 100
0.936871 -0.1541 -0.14219 100
0.936871 -0.1405 -0.14219 100
0.936772 -0.127 -0.142175 100
0.937464 -0.1136 -0.14228 100
0.937959 -0.1002 -0.142355 100
0.939244 -0.0869 -0.14255 100
0.94043 -0.0736 -0.14273 100
0.94132 -0.0603 -0.142865 100
0.941024 -0.047 -0.14282 100
0.940628 -0.0336 -0.14276 100
0.940035 -0.0203 -0.14267 100
0.940798 0.0035 -0.138925 100
0.940699 0.0168 -0.13891 100
0.940303 0.03 -0.138852 100
0.939809 0.0433 -0.138779 0
0.940105 0.0566 -0.138823 100
0.939215 0.0699 -0.138691 100
0.939215 0.0832 -0.138691 100
0.939908 0.0967 -0.138793 100
0.939413 0.11 -0.13872 100
0.93783 0.1233 -0.138487 100
0.938028 0.1368 -0.138516 100
0.937039 0.1502 -0.13837 100
0.935852 0.1635 -0.138195 100
0.935456 0.1771 -0.138136 100
0.934862 0.1907 -0.138048 100
0.934071 0.2043 -0.137932 100
0.933082 0.2179 -0.137786 100
0.933774 0.232 -0.137888 0
0.933378 0.2459 -0.137829 100
0.940402 0.262 -0.138867 100
0.933477 -0.2114 -0.137844 100
0.935357 -0.198 -0.138122 100
0.93605 -0.1844 -0.138224 100
0.937533 -0.171 -0.138443 100
0.938819 -0.1576 -0.138633 100
0.938918 -0.144 -0.138647 100
0.939908 -0.1306 -0.138793 100
0.9406 -0.1172 -0.138896 100
0.940204 -0.1037 -0.138837 100
0.939512 -0.0903 -0.138735 100
0.93971 -0.0769 -0.138764 100
0.940699 -0.0637 -0.13891 100
0.94149 -0.0504 -0.139027 100
0.942084 -0.0371 -0.139115 100
0.94149 -0.0238 -0.139027 100
0.942002 0.0017 -0.123013 100
0.941903 0.0149 -0.123001 100
0.942597 0.0282 -0.123091 100
0.942101 0.0415 -0.123026 100
0.940415 0.0547 -0.122806 100
0.940614 0.068 -0.122832 100
0.941506 0.0815 -0.122949 100
0.941308 0.0948 -0.122923 100
0.941804 0.1083 -0.122988 100
0.941209 0.1217 -0.12291 100
0.940415 0.1351 -0.122806 100
0.940415 0.1486 -0.122806 100
0.940217 0.1622 -0.12278 100
0.93982 0.1758 -0.122729 0
0.938333 0.1892 -0.122534 100
0.93754 0.2028 -0.122431 100
0.93754 0.2167 -0.122431 0
0.93635 0.2303 -0.122275 100
0.935953 0.2443 -0.122224 0
0.940118 0.2595 -0.122767 100
0.938135 -0.2095 -0.122508 100
0.93992 -0.1961 -0.122742 100
0.940614 -0.1824 -0.122832 100
0.94111 -0.1688 -0.122897 100
0.941407 -0.1552 -0.122936 100
0.941506 -0.1416 -0.122949 100
0.942399 -0.1282 -0.123065 100
0.942101 -0.1147 -0.123026 100
0.941605 -0.1012 -0.122962 100
0.941903 -0.0878 -0.123001 100
0.942101 -0.0745 -0.123026 100
0.942002 -0.0611 -0.123013 100
0.942795 -0.0479 -0.123117 100
0.94339 -0.0346 -0.123195 100
0.943787 -0.0213 -0.123247 100
0.942363 0.007 -0.120218 100
0.944148 0.0203 -0.120446 100
0.943752 0.0336 -0.120395 100
0.943156 0.0469 -0.120319 100
0.942462 0.0602 -0.120231 100
0.942561 0.0736 -0.120243 100
0.944347 0.0872 -0.120471 100
0.945041 0.1007 -0.12056 100
0.944545 0.1142 -0.120496 100
0.943851 0.1276 -0.120408 100
0.942958 0.1411 -0.120294 0
0.941867 0.1545 -0.120155 100
0.941569 0.1681 -0.120117 100
0.941073 0.1818 -0.120053 100
0.939486 0.1952 -0.119851 100
0.938593 0.2089 -0.119737 100
0.937502 0.2226 -0.119598 0
0.93532 0.236 -0.11932 100
0.931253 0.2632 -0.118801 100
0.934229 -0.2192 -0.11918 100
0.936213 -0.2058 -0.119433 100
0.937105 -0.1922 -0.119547 100
0.938693 -0.1787 -0.11975 100
0.939089 -0.1651 -0.1198 100
0.94028 -0.1517 -0.119952 0
0.941371 -0.1383 -0.120091 100
0.941172 -0.1247 -0.120066 0
0.940875 -0.1112 -0.120028 100
0.942363 -0.0979 -0.120218 100
0.943553 -0.0846 -0.12037 100
0.943652 -0.0712 -0.120382 100
0.944545 -0.0579 -0.120496 100
0.944347 -0.0445 -0.120471 100
0.944843 -0.0312 -0.120534 100
0.94514 -0.0178 -0.120572 100
0.946887 0.0125 -0.10688 0
0.945695 0.0258 -0.106745 100
0.944204 0.039 -0.106577 100
0.944602 0.0524 -0.106622 100
0.944701 0.0657 -0.106633 0
0.944701 0.0791 -0.106633 100
0.945496 0.0925 -0.106723 100
0.946092 0.1061 -0.10679 100
0.94649 0.1196 -0.106835 100
0.9448 0.1329 -0.106644 100
0.943807 0.1463 -0.106532 0
0.942614 0.1598 -0.106398 100
0.941322 0.1732 -0.106252 100
0.939832 0.1866 -0.106083 100
0.939037 0.2002 -0.105994 100
0.939136 0.2141 -0.106005 100
0.937944 0.2277 -0.10587 100
0.937546 0.2416 -0.105825 100
0.942813 0.2572 -0.10642 100
0.943111 -0.2099 -0.106454 100
0.942018 -0.1958 -0.10633 100
0.942714 -0.1822 -0.106409 100
0.943111 -0.1686 -0.106454 0
0.943409 -0.155 -0.106487 100
0.944502 -0.1415 -0.106611 100
0.944403 -0.128 -0.106599 100
0.943111 -0.1143 -0.106454 0
0.942714 -0.1008 -0.106409 100
0.943012 -0.0875 -0.106442 100
0.944105 -0.0742 -0.106566 100
0.945098 -0.0609 -0.106678 100
0.945794 -0.0476 -0.106756 100
0.94639 -0.0343 -0.106824 100
0.945794 -0.0209 -0.106756 100
0.946414 0.005 -0.102981 100
0.946215 0.0183 -0.102959 100
0.946911 0.0316 -0.103035 0
0.946314 0.0449 -0.10297 100
0.946613 0.0582 -0.103002 0
0.945718 0.0715 -0.102905 100
0.945618 0.0849 -0.102894 0
0.94532 0.0983 -0.102862 0
0.944923 0.1116 -0.102818 100
0.944227 0.125 -0.102743 0
0.94532 0.1387 -0.102862 0
0.94532 0.1523 -0.102862 100
0.943133 0.1655 -0.102624 100
0.942636 0.1791 -0.10257 100
0.943034 0.193 -0.102613 0
0.942139 0.2066 -0.102515 100
0.941145 0.2203 -0.102407 100
0.939952 0.2339 -0.102277 0
0.939455 0.2479 -0.102223 100
0.944624 0.2635 -0.102786 100
0.941244 -0.2109 -0.102418 100
0.941145 -0.1971 -0.102407 100
0.943829 -0.1838 -0.102699 100
0.943332 -0.17 -0.102645 100
0.94363 -0.1564 -0.102678 100
0.944724 -0.143 -0.102797 100
0.944624 -0.1295 -0.102786 100
0.94532 -0.1161 -0.102862 100
0.945917 -0.1027 -0.102926 100
0.945221 -0.0892 -0.102851 0
0.946414 -0.0759 -0.102981 0
0.946314 -0.0626 -0.10297 100
0.946115 -0.0492 -0.102948 100
0.947706 -0.036 -0.103121 100
0.948104 -0.0226 -0.103164 100
0.947822 0.009 -0.0890948 100
0.948519 0.0223 -0.0891604 0
0.94812 0.0356 -0.0891229 100
0.947523 0.0489 -0.0890668 0
0.946826 0.0622 -0.0890013 0
0.946826 0.0755 -0.0890013 100
0.947722 0.089 -0.0890855 0
0.94832 0.1025 -0.0891416 100
0.946826 0.1158 -0.0890013 100
0.947125 0.1293 -0.0890293 100
0.947125 0.1429 -0.0890293 100
0.94603 0.1563 -0.0889264 100
0.945731 0.1699 -0.0888983 0
0.945233 0.1835 -0.0888515 100
0.943541 0.197 -0.0886924 100
0.942744 0.2106 -0.0886175 0
0.941649 0.2243 -0.0885146 0
0.939359 0.2377 -0.0882993 100
0.938861 0.2516 -0.0882526 100
0.945831 -0.2058 -0.0889077 100
0.944636 -0.1917 -0.0887954 100
0.946229 -0.1782 -0.0889451 100
0.947623 -0.1648 -0.0890761 100
0.947921 -0.1512 -0.0891042 100
0.947921 -0.1376 -0.0891042 0
0.947822 -0.124 -0.0890948 100
0.948419 -0.1106 -0.089151 100
0.947921 -0.0971 -0.0891042 0
0.94812 -0.0837 -0.0891229 100
0.947224 -0.0702 -0.0890387 100
0.947125 -0.0569 -0.0890293 100
0.946826 -0.0435 -0.0890013 0
0.947324 -0.0302 -0.0890481 100
0.947623 -0.0169 -0.0890761 100
0.950867 0.0123 -0.0760039 0
0.950668 0.0256 -0.075988 100
0.95017 0.0389 -0.0759481 100
0.949571 0.0522 -0.0759003 0
0.949671 0.0656 -0.0759083 100
0.949671 0.0789 -0.0759083 100
0.949472 0.0923 -0.0758923 100
0.949173 0.1057 -0.0758684 0
0.947578 0.119 -0.075741 100
0.947777 0.1325 -0.0757569 100
0.94688 0.1459 -0.0756852 0
0.945684 0.1593 -0.0755896 0
0.945385 0.1729 -0.0755657 100
0.944787 0.1865 -0.0755179 0
0.944089 0.2001 -0.0754621 100
0.944089 0.2139 -0.0754621 100
0.942992 0.2276 -0.0753744 100
0.943591 0.2418 -0.0754222 0
0.950768 0.2578 -0.0759959 100
0.947279 -0.2091 -0.0757171 100
0.947179 -0.1952 -0.0757091 100
0.94678 -0.1814 -0.0756772 100
0.947279 -0.1677 -0.0757171 0
0.947578 -0.1542 -0.075741 100
0.947677 -0.1406 -0.0757489 100
0.948475 -0.1272 -0.0758127 0
0.949173 -0.1138 -0.0758684 0
0.949671 -0.1004 -0.0759083 100
0.948973 -0.0869 -0.0758525 100
0.949173 -0.0735 -0.0758684 100
0.948076 -0.0601 -0.0757808 100
0.948774 -0.0468 -0.0758366 100
0.949372 -0.0336 -0.0758844 100
0.949771 -0.0203 -0.0759162 0
0.951462 0.002 -0.0695371 100
0.950365 0.0153 -0.0694569 0
0.951063 0.0286 -0.069508 0
0.951562 0.0419 -0.0695444 100
0.950864 0.0552 -0.0694934 100
0.949966 0.0685 -0.0694278 100
0.949966 0.0818 -0.0694278 0
0.950664 0.0953 -0.0694788 0
0.950265 0.1087 -0.0694496 100
0.94867 0.1219 -0.069333 100
0.947872 0.1353 -0.0692747 0
0.947872 0.1489 -0.0692747 100
0.946675 0.1623 -0.0691872 0
0.945379 0.1756 -0.0690925 0
0.945777 0.1894 -0.0691216 0
0.94498 0.203 -0.0690633 100
0.943982 0.2167 -0.0689904 100
0.943783 0.2305 -0.0689759 100
0.942486 0.2442 -0.0688811 100
0.947573 0.2597 -0.0692528 0
0.947972 -0.2126 -0.069282 100
0.947972 -0.1987 -0.069282 100
0.949667 -0.1852 -0.0694059 0
0.949168 -0.1714 -0.0693695 100
0.949468 -0.1578 -0.0693913 100
0.949567 -0.1442 -0.0693986 100
0.949567 -0.1307 -0.0693986 0
0.949268 -0.1171 -0.0693768 100
0.948869 -0.1037 -0.0693476 100
0.948171 -0.0902 -0.0692966 100
0.949368 -0.077 -0.069384 100
0.949368 -0.0636 -0.069384 100
0.949168 -0.0503 -0.0693695 100
0.949767 -0.037 -0.0694132 0
0.950166 -0.0238 -0.0694424 100
0.951477 0.0077 -0.0538622 0
0.951277 0.021 -0.0538509 100
0.950878 0.0343 -0.0538283 0
0.950279 0.0476 -0.0537943 100
0.950578 0.0609 -0.0538113 100
0.94958 0.0742 -0.0537548 100
0.94948 0.0876 -0.0537491 0
0.950079 0.1011 -0.053783 0
0.950578 0.1146 -0.0538113 0
0.949879 0.128 -0.0537717 100
0.948981 0.1415 -0.0537209 0
0.948881 0.1551 -0.0537152 0
0.948581 0.1687 -0.0536983 100
0.948182 0.1823 -0.0536757 100
0.947483 0.196 -0.0536361 100
0.947583 0.2099 -0.0536417 0
0.947483 0.2238 -0.0536361 100
0.947184 0.2377 -0.0536191 0
0.954372 0.2538 -0.0540261 100
0.950778 -0.2181 -0.0538226 100
0.949879 -0.2039 -0.0537717 100
0.948681 -0.1898 -0.0537039 100
0.94928 -0.1762 -0.0537378 100
0.948681 -0.1624 -0.0537039 100
0.948881 -0.1488 -0.0537152 0
0.949879 -0.1353 -0.0537717 0
0.94968 -0.1218 -0.0537604 100
0.950378 -0.1084 -0.0538 100
0.949779 -0.0948 -0.0537661 100
0.948981 -0.0814 -0.0537209 0
0.950079 -0.0681 -0.053783 100
0.950878 -0.0548 -0.0538283 100
0.951577 -0.0415 -0.0538678 100
0.952076 -0.0282 -0.0538961 100
0.951377 -0.0148 -0.0538565 100
0.951854 0.006 -0.04672 100
0.950656 0.0193 -0.0466611 0
0.950256 0.0325 -0.0466415 100
0.950755 0.0458 -0.046666 100
0.950056 0.0591 -0.0466317 100
0.950056 0.0724 -0.0466317 0
0.951954 0.086 -0.0467249 100
0.952653 0.0994 -0.0467592 0
0.952154 0.1129 -0.0467347 100
0.951554 0.1263 -0.0467053 0
0.951654 0.1398 -0.0467102 100
0.950556 0.1533 -0.0466562 0
0.950356 0.1669 -0.0466464 0
0.949856 0.1805 -0.0466219 0
0.949257 0.1941 -0.0465925 0
0.948358 0.2078 -0.0465484 0
0.94736 0.2215 -0.0464994 100
0.94706 0.2354 -0.0464846 0
0.949757 0.2644 -0.046617 100
0.950056 -0.2184 -0.0466317 34
0.949157 -0.2043 -0.0465876 100
0.947959 -0.1902 -0.0465288 100
0.949557 -0.1768 -0.0466072 100
0.949956 -0.1632 -0.0466268 100
0.951155 -0.1498 -0.0466856 100
0.951155 -0.1362 -0.0466856 100
0.950955 -0.1226 -0.0466758 100
0.950656 -0.1091 -0.0466611 100
0.951055 -0.0957 -0.0466807 100
0.951255 -0.0824 -0.0466905 0
0.951355 -0.069 -0.0466954 100
0.952254 -0.0557 -0.0467396 100
0.953952 -0.0425 -0.0468229 100
0.953452 -0.0291 -0.0467984 100
0.952753 -0.0158 -0.0467641 100
0.953145 0.013 -0.037949 100
0.953844 0.0263 -0.0379769 0
0.954444 0.0397 -0.0380007 0
0.953744 0.0531 -0.0379729 0
0.952945 0.0664 -0.0379411 0
0.952945 0.0798 -0.0379411 100
0.952745 0.0932 -0.0379331 0
0.952345 0.1067 -0.0379172 100
0.952745 0.1202 -0.0379331 0
0.951946 0.1337 -0.0379013 0
0.951946 0.1473 -0.0379013 0
0.950747 0.1607 -0.0378535 0
0.950347 0.1744 -0.0378376 0
0.950847 0.1882 -0.0378575 100
0.950047 0.2019 -0.0378257 0
0.948149 0.2154 -0.0377501 100
0.948848 0.2296 -0.0377779 100
0.948449 0.2436 -0.037762 100
0.953644 0.2592 -0.0379689 100
0.949248 -0.2105 -0.0377939 100
0.948149 -0.1963 -0.0377501 100
0.947849 -0.1825 -0.0377382 100
0.948349 -0.1689 -0.037758 100
0.949648 -0.1554 -0.0378098 0
0.950747 -0.142 -0.0378535 100
0.950647 -0.1284 -0.0378495 100
0.950347 -0.1149 -0.0378376 0
0.950847 -0.1015 -0.0378575 100
0.951146 -0.088 -0.0378694 100
0.951346 -0.0747 -0.0378774 100
0.952246 -0.0613 -0.0379132 100
0.953045 -0.048 -0.037945 100
0.954644 -0.0347 -0.0380087 100
0.953045 -0.0213 -0.037945 100
0.955412 0.0113 -0.0305258 100
0.955213 0.0247 -0.0305194 100
0.954713 0.038 -0.0305034 100
0.955113 0.0514 -0.0305162 0
0.954313 0.0648 -0.0304907 100
0.954313 0.0782 -0.0304907 100
0.954113 0.0916 -0.0304843 0
0.953713 0.1051 -0.0304715 100
0.953214 0.1185 -0.0304555 100
0.952414 0.1319 -0.03043 100
0.951514 0.1454 -0.0304013 0
0.950315 0.1588 -0.0303629 0
0.950015 0.1725 -0.0303534 0
0.949416 0.1861 -0.0303342 0
0.948716 0.1998 -0.0303118 0
0.948716 0.2137 -0.0303118 100
0.947616 0.2274 -0.0302767 100
0.949216 0.2418 -0.0303278 100
0.950515 0.2564 -0.0303693 100
0.958311 -0.2169 -0.0306184 41
0.953413 -0.2018 -0.0304619 100
0.953214 -0.1879 -0.0304555 100
0.951814 -0.1738 -0.0304108 100
0.953114 -0.1603 -0.0304524 100
0.953314 -0.1467 -0.0304587 100
0.953314 -0.1331 -0.0304587 0
0.953014 -0.1195 -0.0304492 0
0.953613 -0.1061 -0.0304683 0
0.955013 -0.0927 -0.030513 0
0.954213 -0.0792 -0.0304875 100
0.954213 -0.0658 -0.0304875 100
0.956112 -0.0525 -0.0305482 0
0.956712 -0.0391 -0.0305673 100
0.957212 -0.0258 -0.0305833 100
0.957598 0.0037 -0.0277517 0
0.957398 0.017 -0.0277459 100
0.957098 0.0304 -0.0277373 0
0.956598 0.0438 -0.0277228 0
0.956898 0.0572 -0.0277315 100
0.956998 0.0706 -0.0277344 100
0.956898 0.084 -0.0277315 100
0.957598 0.0976 -0.0277517 0
0.957198 0.1111 -0.0277402 100
0.956498 0.1245 -0.0277199 0
0.955699 0.138 -0.0276967 0
0.954699 0.1515 -0.0276677 100
0.955399 0.1653 -0.027688 0
0.954999 0.179 -0.0276764 0
0.9534 0.1925 -0.0276301 0
0.9535 0.2065 -0.027633 100
0.955399 0.2209 -0.027688 100
0.957098 0.2354 -0.0277373 100
0.954699 0.249 -0.0276677 100
0.954999 0.2633 -0.0276764 1
0.960097 -0.2183 -0.0278242 7
0.9523 -0.2026 -0.0275982 100
0.9521 -0.1887 -0.0275924 100
0.9537 -0.1752 -0.0276388 100
0.953999 -0.1615 -0.0276475 100
0.955199 -0.148 -0.0276822 100
0.954199 -0.1343 -0.0276532 0
0.953999 -0.1207 -0.0276475 0
0.954599 -0.1072 -0.0276648 100
0.954999 -0.0938 -0.0276764 0
0.956199 -0.0805 -0.0277112 100
0.957298 -0.0671 -0.027743 100
0.958098 -0.0537 -0.0277662 100
0.958797 -0.0404 -0.0277865 0
0.958198 -0.0269 -0.0277691 100
0.956911 0.0043 -0.0130278 100
0.956711 0.0177 -0.0130251 0
0.956411 0.031 -0.013021 100
0.955911 0.0443 -0.0130142 0
0.955211 0.0577 -0.0130046 100
0.955311 0.071 -0.013006 0
0.956211 0.0845 -0.0130183 0
0.955911 0.0979 -0.0130142 100
0.956411 0.1115 -0.013021 0
0.955811 0.1249 -0.0130128 0
0.954911 0.1384 -0.0130006 100
0.953912 0.1518 -0.0129869 0
0.953712 0.1654 -0.0129842 0
0.954212 0.1793 -0.012991 0
0.952612 0.1928 -0.0129692 0
0.951812 0.2064 -0.0129584 100
0.952712 0.2206 -0.0129706 0
0.956311 0.2355 -0.0130196 100
0.953912 0.2491 -0.0129869 100
0.956111 0.2639 -0.0130169 100
0.956011 -0.2107 -0.0130155 7
0.953912 -0.1963 -0.0129869 100
0.954611 -0.1826 -0.0129965 0
0.955112 -0.169 -0.0130033 0
0.955411 -0.1553 -0.0130074 0
0.956411 -0.1418 -0.013021 100
0.956311 -0.1282 -0.0130196 0
0.957011 -0.1148 -0.0130291 0
0.956611 -0.1012 -0.0130237 100
0.956911 -0.0878 -0.0130278 100
0.957011 -0.0744 -0.0130291 100
0.957011 -0.0609 -0.0130291 0
0.958711 -0.0477 -0.0130523 100
0.959311 -0.0343 -0.0130605 100
0.958711 -0.0209 -0.0130523 100
0.958998 0.005 0.00184115 100
0.959798 0.0184 0.00184268 100
0.959498 0.0318 0.00184211 0
0.958898 0.0451 0.00184095 100
0.959198 0.0585 0.00184153 0
0.958298 0.0719 0.0018398 0
0.958198 0.0853 0.00183961 0
0.956898 0.0987 0.00183711 100
0.957398 0.1122 0.00183807 100
0.957798 0.1258 0.00183884 0
0.955898 0.1391 0.0018352 0
0.954898 0.1526 0.00183328 0
0.955598 0.1664 0.00183462 100
0.955198 0.18 0.00183385 100
0.954498 0.1937 0.00183251 0
0.954698 0.2076 0.00183289 100
0.958498 0.2225 0.00184019 100
0.959198 0.2368 0.00184153 100
0.957698 0.2506 0.00183865 100
0.958998 0.2653 0.00184115 100
0.963498 -0.2143 0.00184979 7
0.957498 -0.199 0.00183827 100
0.957298 -0.1851 0.00183788 100
0.957798 -0.1714 0.00183884 100
0.958098 -0.1577 0.00183942 100
0.959198 -0.1442 0.00184153 100
0.959198 -0.1306 0.00184153 100
0.958898 -0.117 0.00184095 100
0.959398 -0.1035 0.00184191 0
0.959798 -0.09 0.00184268 0
0.958998 -0.0765 0.00184115 0
0.958898 -0.0631 0.00184095 100
0.958698 -0.0496 0.00184057 100
0.959298 -0.0363 0.00184172 100
0.960698 -0.0229 0.00184441 100
0.960979 0.001 0.00637355 100
0.961879 0.0144 0.00637952 0
0.961579 0.0278 0.00637753 0
0.960079 0.0412 0.00636758 100
0.960379 0.0546 0.00636957 100
0.960579 0.0681 0.00637089 0
0.960479 0.0816 0.00637023 0
0.960279 0.0951 0.0063689 100
0.958879 0.1085 0.00635962 0
0.958279 0.1219 0.00635564 100
0.957479 0.1354 0.00635033 100
0.956479 0.1489 0.0063437 100
0.955279 0.1624 0.00633574 100
0.954879 0.1761 0.00633309 100
0.954279 0.1898 0.00632911 100
0.955479 0.2039 0.00633707 100
0.959379 0.2188 0.00636294 100
0.960079 0.2331 0.00636758 100
0.957679 0.2467 0.00635166 100
0.958079 0.2611 0.00635431 100
0.961279 -0.2101 0.00637554 12
0.956279 -0.195 0.00634238 0
0.955979 -0.1811 0.00634039 100
0.956479 -0.1674 0.0063437 100
0.957679 -0.1539 0.00635166 100
0.958779 -0.1404 0.00635896 100
0.958679 -0.1268 0.00635829 0
0.958279 -0.1131 0.00635564 0
0.958779 -0.0997 0.00635896 0
0.960079 -0.0863 0.00636758 0
0.960179 -0.0728 0.00636824 100
0.960179 -0.0593 0.00636824 100
0.960879 -0.0459 0.00637288 0
0.961379 -0.0325 0.0063762 0
0.961779 -0.0191 0.00637885 100
0.961652 0.0106 0.0218229 100
0.962452 0.024 0.0218411 0
0.962052 0.0374 0.021832 100
0.961452 0.0509 0.0218184 100
0.961652 0.0643 0.0218229 0
0.960453 0.0912 0.0217957 100
0.960053 0.1047 0.0217866 100
0.959453 0.1182 0.021773 0
0.959753 0.1319 0.0217798 0
0.958753 0.1454 0.0217572 100
0.958653 0.1591 0.0217549 0
0.957354 0.1726 0.0217254 100
0.958753 0.1867 0.0217572 100
0.961952 0.2013 0.0218298 100
0.963852 0.2158 0.0218729 0
0.963752 0.2299 0.0218706 100
0.963352 0.2441 0.0218615 100
0.960753 0.2578 0.0218025 100
0.966051 -0.2152 0.0219228 100
0.959153 -0.1997 0.0217662 100
0.958953 -0.1857 0.0217617 100
0.958453 -0.1718 0.0217503 100
0.958853 -0.1581 0.0217594 0
0.959953 -0.1445 0.0217844 0
0.960853 -0.131 0.0218048 0
0.961652 -0.1175 0.0218229 100
0.961153 -0.1038 0.0218116 100
0.961552 -0.0903 0.0218207 100
0.962652 -0.0769 0.0218456 100
0.962652 -0.0634 0.0218456 100
0.962452 -0.0499 0.0218411 0
0.963052 -0.0365 0.0218547 100
0.964452 -0.0231 0.0218865 100
0.9635 0.0106 0.0277545 100
0.9633 0.0241 0.0277487 0
0.962901 0.0376 0.0277372 0
0.962201 0.051 0.0277171 0
0.961401 0.0645 0.027694 100
0.961401 0.078 0.027694 100
0.962201 0.0917 0.0277171 100
0.960901 0.1051 0.0276796 100
0.960302 0.1187 0.0276623 100
0.960502 0.1324 0.0276681 100
0.959602 0.146 0.0276422 100
0.958403 0.1596 0.0276076 0
0.957103 0.1732 0.0275702 100
0.957503 0.1871 0.0275817 100
0.960702 0.2017 0.0276739 100
0.962601 0.2163 0.0277286 100
0.962401 0.2304 0.0277228 100
0.960102 0.2441 0.0276566 100
0.960402 0.2586 0.0276652 100
0.967199 -0.2093 0.027861 100
0.960202 -0.1938 0.0276595 100
0.958902 -0.1796 0.027622 100
0.958403 -0.1656 0.0276076 0
0.959602 -0.152 0.0276422 100
0.960702 -0.1385 0.0276739 0
0.960502 -0.1247 0.0276681 0
0.961201 -0.1112 0.0276883 100
0.961701 -0.0976 0.0277027 100
0.961901 -0.084 0.0277084 100
0.962001 -0.0705 0.0277113 0
0.961901 -0.057 0.0277084 100
0.962601 -0.0435 0.0277286 100
0.963101 -0.03 0.027743 100
0.9635 -0.0165 0.0277545 100
0.965088 0.0003 0.0419679 100
0.964988 0.0138 0.0419635 100
0.963689 0.0273 0.0419071 100
0.96319 0.0408 0.0418853 100
0.963589 0.0543 0.0419027 100
0.963689 0.0679 0.0419071 100
0.963689 0.0814 0.0419071 100
0.964389 0.0951 0.0419375 0
0.964988 0.1088 0.0419635 100
0.964389 0.1224 0.0419375 100
0.96259 0.1359 0.0418593 0
0.961591 0.1495 0.0418158 0
0.960392 0.1631 0.0417637 0
0.961891 0.1772 0.0418289 100
0.966187 0.192 0.0420157 100
0.967386 0.2064 0.0420678 100
0.966287 0.2203 0.04202 100
0.966087 0.2345 0.0420113 100
0.964588 0.2485 0.0419462 100
0.965887 0.2633 0.0420026 100
0.966786 -0.2135 0.0420417 100
0.968685 -0.1998 0.0421243 100
0.966487 -0.1852 0.0420287 100
0.96309 -0.1707 0.041881 100
0.96239 -0.1567 0.0418506 100
0.963489 -0.1431 0.0418984 0
0.963489 -0.1293 0.0418984 0
0.964189 -0.1157 0.0419288 100
0.964688 -0.1021 0.0419505 0
0.964089 -0.0884 0.0419244 100
0.96319 -0.0748 0.0418853 100
0.964189 -0.0613 0.0419288 100
0.963889 -0.0477 0.0419158 100
0.963489 -0.0342 0.0418984 0
0.963889 -0.0207 0.0419158 100
0.965862 0.002 0.0469006 100
0.964763 0.0155 0.0468472 0
0.963465 0.0289 0.0467842 0
0.961967 0.0423 0.0467114 100
0.962266 0.0558 0.046726 100
0.962366 0.0693 0.0467308 100
0.962266 0.0828 0.046726 100
0.962066 0.0964 0.0467163 100
0.960668 0.1098 0.0466484 0
0.959969 0.1233 0.0466144 100
0.95917 0.1369 0.0465756 100
0.95917 0.1506 0.0465756 0
0.957971 0.1641 0.0465174 0
0.959469 0.1782 0.0465902 100
0.963764 0.1929 0.0467987 100
0.964863 0.2072 0.0468521 100
0.963864 0.2211 0.0468036 100
0.963565 0.2353 0.046789 100
0.961167 0.249 0.0466726 100
0.961467 0.2634 0.0466872 100
0.965362 -0.2098 0.0468763 100
0.96716 -0.1961 0.0469636 100
0.966861 -0.182 0.0469491 100
0.963465 -0.1675 0.0467842 100
0.960768 -0.1532 0.0466532 100
0.960768 -0.1395 0.0466532 100
0.961667 -0.1259 0.0466969 100
0.962366 -0.1124 0.0467308 100
0.963764 -0.0989 0.0467987 100
0.964064 -0.0854 0.0468133 100
0.964164 -0.0718 0.0468181 100
0.965063 -0.0584 0.0468618 100
0.964863 -0.0448 0.0468521 100
0.965362 -0.0314 0.0468763 0
0.965662 -0.0179 0.0468909 100
0.96596 0.0025 0.0628045 100
0.966859 0.0161 0.0628629 100
0.967457 0.0296 0.0629018 100
0.966958 0.0431 0.0628693 100
0.96626 0.0567 0.0628239 100
0.964464 0.0701 0.0627071 100
0.964364 0.0837 0.0627007 0
0.964064 0.0972 0.0626812 100
0.963665 0.1108 0.0626552 100
0.962967 0.1244 0.0626098 100
0.962168 0.138 0.0625579 100
0.964064 0.1521 0.0626812 100
0.967757 0.1666 0.0629212 100
0.970251 0.181 0.0630835 100
0.966759 0.2085 0.0628564 100
0.965761 0.2224 0.0627915 100
0.965461 0.2366 0.062772 100
0.963067 0.2504 0.0626163 100
0.963266 0.2649 0.0626293 100
0.965262 -0.2199 0.062759 100
0.967258 -0.2061 0.0628888 100
0.968056 -0.1922 0.0629407 100
0.966759 -0.1779 0.0628564 100
0.963266 -0.1634 0.0626293 100
0.96147 -0.1493 0.0625125 100
0.96147 -0.1355 0.0625125 100
0.962268 -0.1219 0.0625644 100
0.963865 -0.1085 0.0626682 100
0.964364 -0.0949 0.0627007 100
0.963566 -0.0812 0.0626488 100
0.964563 -0.0677 0.0627136 0
0.965461 -0.0542 0.062772 0
0.96606 -0.0407 0.062811 100
0.966559 -0.0272 0.0628434 100
0.964465 0.003 0.0699797 100
0.964365 0.0165 0.0699725 100
0.964963 0.03 0.0700159 100
0.964465 0.0435 0.0699797 100
0.963766 0.057 0.069929 100
0.964863 0.0706 0.0700087 100
0.963866 0.084 0.0699363 100
0.963567 0.0976 0.0699146 100
0.963068 0.1111 0.0698784 100
0.96247 0.1247 0.069835 100
0.960575 0.1381 0.0696975 100
0.962569 0.1522 0.0698422 100
0.967257 0.1668 0.0701823 100
0.968753 0.181 0.0702909 100
0.968055 0.1949 0.0702402 0
0.967257 0.2088 0.0701823 100
0.968155 0.2232 0.0702475 100
0.967856 0.2374 0.0702258 100
0.967357 0.2517 0.0701896 100
0.971446 0.2673 0.0704863 1
0.966559 -0.2165 0.0701317 100
0.968554 -0.2028 0.0702764 100
0.970249 -0.189 0.0703994 100
0.968853 -0.1748 0.0702981 100
0.965262 -0.1602 0.0700376 0
0.963467 -0.1461 0.0699073 100
0.963467 -0.1324 0.0699073 100
0.963168 -0.1187 0.0698856 100
0.963766 -0.1051 0.069929 100
0.963168 -0.0914 0.0698856 100
0.964365 -0.078 0.0699725 100
0.964365 -0.0644 0.0699725 100
0.964165 -0.0509 0.069958 100
0.964764 -0.0374 0.0700014 100
0.964165 -0.0239 0.069958 100
0.966669 0.0036 0.080324 100
0.966469 0.0171 0.0803074 100
0.96617 0.0307 0.0802826 100
0.965672 0.0442 0.0802412 100
0.964974 0.0578 0.0801832 100
0.965074 0.0714 0.0801915 100
0.964675 0.0986 0.0801583 0
0.96617 0.1125 0.0802826 100
0.969459 0.1267 0.0805558 100
0.970555 0.1407 0.0806469 0
0.969459 0.1544 0.0805558 100
0.970157 0.1685 0.0806138 100
0.969658 0.1825 0.0805724 100
0.968961 0.1965 0.0805144 100
0.96906 0.2107 0.0805227 100
0.969957 0.2252 0.0805972 100
0.968662 0.2392 0.0804896 100
0.968163 0.2535 0.0804482 100
0.97215 0.2692 0.0807794 100
0.968363 -0.2095 0.0804647 100
0.96926 -0.1955 0.0805393 100
0.969858 -0.1815 0.0805889 100
0.971352 -0.1677 0.0807132 100
0.971651 -0.1537 0.080738 0
0.970655 -0.1397 0.0806552 0
0.967565 -0.1254 0.0803985 100
0.965273 -0.1114 0.080208 100
0.965772 -0.0977 0.0802494 100
0.967067 -0.0841 0.0803571 100
0.967067 -0.0705 0.0803571 100
0.967964 -0.0569 0.0804316 100
0.968662 -0.0433 0.0804896 100
0.96916 -0.0297 0.080531 100
0.968562 -0.0161 0.0804813 100
0.965962 0.0091 0.0884194 100
0.966659 0.0227 0.0884832 100
0.967256 0.0363 0.0885379 100
0.966659 0.0499 0.0884832 100
0.965862 0.0634 0.0884103 100
0.965862 0.077 0.0884103 100
0.965762 0.0907 0.0884012 100
0.96636 0.1044 0.0884559 100
0.967754 0.1183 0.0885835 100
0.969945 0.1324 0.088784 0
0.970045 0.1463 0.0887931 100
0.969845 0.1602 0.0887749 100
0.970443 0.1743 0.0888296 100
0.970841 0.1885 0.0888661 100
0.970144 0.2025 0.0888022 100
0.969148 0.2165 0.0887111 100
0.967953 0.2305 0.0886017 100
0.966659 0.2446 0.0884832 100
0.970841 0.2602 0.0888661 100
0.969348 -0.2108 0.0887293 100
0.970244 -0.1968 0.0888114 100
0.970941 -0.1828 0.0888752 100
0.970443 -0.1687 0.0888296 100
0.970742 -0.1548 0.0888569 100
0.969845 -0.1407 0.0887749 100
0.967754 -0.1266 0.0885835 100
0.965464 -0.1125 0.0883738 100
0.96397 -0.0987 0.0882371 100
0.964269 -0.0851 0.0882644 100
0.965364 -0.0715 0.0883647 100
0.965265 -0.0579 0.0883556 100
0.965962 -0.0444 0.0884194 100
0.965464 -0.0308 0.0883738 100
0.965762 -0.0173 0.0884012 0
0.965092 0.0119 0.106036 100
0.964894 0.0254 0.106014 100
0.965391 0.0391 0.106068 100
0.965788 0.0527 0.106112 100
0.964894 0.0663 0.106014 100
0.965888 0.08 0.106123 0
0.968671 0.094 0.106429 100
0.971156 0.1081 0.106702 100
0.972547 0.1221 0.106855 100
0.971752 0.1359 0.106767 100
0.969764 0.1496 0.106549 100
0.969565 0.1635 0.106527 100
0.969168 0.1775 0.106484 100
0.969466 0.1917 0.106516 100
0.968671 0.2058 0.106429 100
0.967677 0.2198 0.10632 100
0.968373 0.2343 0.106396 100
0.967876 0.2487 0.106342 100
0.97205 0.2644 0.1068 100
0.968571 -0.2109 0.106418 100
0.971454 -0.1973 0.106735 100
0.97215 -0.1832 0.106811 100
0.972647 -0.1692 0.106866 100
0.972945 -0.1552 0.106899 100
0.974038 -0.1413 0.107019 100
0.974933 -0.1275 0.107117 100
0.972647 -0.1133 0.106866 100
0.969168 -0.0991 0.106484 100
0.968472 -0.0852 0.106407 100
0.967577 -0.0714 0.106309 100
0.967478 -0.0578 0.106298 100
0.96718 -0.0441 0.106265 100
0.966683 -0.0304 0.10621 100
0.966086 -0.0168 0.106145 100
0.967526 0.0031 0.112118 100
0.967426 0.0166 0.112106 100
0.967029 0.0302 0.11206 100
0.967526 0.0438 0.112118 100
0.96683 0.0574 0.112037 100
0.965936 0.0709 0.111933 100
0.96683 0.0847 0.112037 100
0.969512 0.0986 0.112348 100
0.971002 0.1126 0.112521 100
0.9714 0.1264 0.112567 100
0.970506 0.1402 0.112463 100
0.969413 0.154 0.112336 100
0.970108 0.168 0.112417 100
0.969711 0.182 0.112371 100
0.970009 0.1962 0.112405 100
0.968122 0.21 0.112187 100
0.967128 0.224 0.112072 100
0.968718 0.2387 0.112256 100
0.968221 0.2531 0.112198 100
0.973188 0.269 0.112774 100
0.968122 -0.215 0.112187 100
0.969016 -0.201 0.11229 100
0.96981 -0.187 0.112382 100
0.970307 -0.173 0.11244 100
0.970605 -0.159 0.112474 100
0.970804 -0.1451 0.112498 100
0.970704 -0.1312 0.112486 100
0.971499 -0.1175 0.112578 100
0.971996 -0.1037 0.112636 100
0.9714 -0.0899 0.112567 100
0.967625 -0.0759 0.112129 100
0.965539 -0.0621 0.111887 100
0.966334 -0.0485 0.11198 100
0.96693 -0.035 0.112049 100
0.966334 -0.0214 0.11198 100
0.966489 0.0036 0.120725 100
0.966291 0.0172 0.1207 100
0.96897 0.0309 0.121035 100
0.973435 0.0447 0.121593 100
0.975717 0.0586 0.121878 100
0.975717 0.0724 0.121878 100
0.975618 0.0862 0.121866 100
0.975321 0.1 0.121828 100
0.974824 0.1139 0.121766 100
0.97413 0.1277 0.12168 100
0.973237 0.1416 0.121568 100
0.972244 0.1554 0.121444 100
0.971947 0.1694 0.121407 100
0.971451 0.1834 0.121345 100
0.970756 0.1975 0.121258 100
0.969863 0.2115 0.121147 100
0.970657 0.2261 0.121246 100
0.974229 0.2414 0.121692 100
0.971748 0.2553 0.121382 100
0.970657 -0.2169 0.121246 100
0.972641 -0.203 0.121494 100
0.972443 -0.1888 0.121469 100
0.973038 -0.1747 0.121543 100
0.974328 -0.1608 0.121704 100
0.975519 -0.147 0.121853 100
0.976412 -0.1331 0.121965 100
0.976214 -0.1191 0.12194 100
0.975817 -0.1051 0.12189 100
0.975221 -0.0912 0.121816 100
0.97542 -0.0774 0.121841 100
0.975321 -0.0636 0.121828 100
0.976114 -0.0498 0.121928 100
0.97671 -0.0361 0.122002 100
0.97413 -0.0223 0.12168 100
0.966254 0.0024 0.130299 100
0.966155 0.016 0.130286 100
0.967741 0.0297 0.1305 0
0.969227 0.0434 0.1307 100
0.971507 0.0573 0.131008 100
0.972597 0.0711 0.131155 100
0.973489 0.085 0.131275 100
0.974182 0.0989 0.131368 100
0.973786 0.1128 0.131315 100
0.973092 0.1266 0.131221 100
0.9722 0.1405 0.131101 100
0.972101 0.1545 0.131088 100
0.970813 0.1683 0.130914 100
0.970416 0.1824 0.130861 100
0.970714 0.1966 0.130901 100
0.971705 0.2112 0.131034 100
0.97448 0.2262 0.131408 100
0.975074 0.2409 0.131489 100
0.973588 0.2551 0.131288 100
0.967344 -0.2125 0.130446 100
0.970218 -0.1989 0.130834 100
0.970912 -0.1848 0.130927 100
0.971408 -0.1707 0.130994 100
0.971804 -0.1567 0.131048 100
0.971903 -0.1427 0.131061 100
0.972795 -0.1288 0.131181 100
0.973489 -0.115 0.131275 100
0.973984 -0.1011 0.131342 100
0.975273 -0.0874 0.131515 100
0.976462 -0.0736 0.131676 100
0.976363 -0.0598 0.131662 100
0.977056 -0.046 0.131756 100
0.974678 -0.0321 0.131435 100
0.97002 -0.0183 0.130807 100
0.975545 0.0114 0.149279 100
0.975347 0.0252 0.149249 100
0.975841 0.039 0.149325 100
0.976237 0.0528 0.149385 100
0.975446 0.0666 0.149264 100
0.974358 0.0804 0.149098 100
0.974161 0.0942 0.149068 100
0.972777 0.108 0.148856 100
0.972184 0.1219 0.148765 100
0.971393 0.1357 0.148644 100
0.970404 0.1496 0.148493 100
0.970207 0.1636 0.148462 100
0.970701 0.1779 0.148538 100
0.969119 0.1918 0.148296 100
0.969317 0.206 0.148326 100
0.970207 0.2206 0.148462 100
0.973765 0.2359 0.149007 100
0.972381 0.2502 0.148795 100
0.975545 0.2657 0.149279 100
0.970009 -0.2073 0.148432 100
0.971887 -0.1934 0.14872 100
0.97248 -0.1792 0.14881 100
0.972876 -0.1652 0.148871 100
0.973172 -0.1511 0.148916 100
0.974161 -0.1372 0.149068 100
0.973963 -0.1231 0.149037 100
0.974655 -0.1093 0.149143 100
0.976039 -0.0955 0.149355 100
0.975248 -0.0815 0.149234 100
0.975347 -0.0676 0.149249 100
0.975149 -0.0538 0.149219 100
0.975841 -0.04 0.149325 100
0.975347 -0.0262 0.149249 100
0.973807 0.0057 0.154584 100
0.973609 0.0194 0.154553 100
0.973214 0.0331 0.15449 100
0.973708 0.0469 0.154569 100
0.973906 0.0607 0.1546 100
0.974004 0.0745 0.154616 100
0.972918 0.0883 0.154443 100
0.972523 0.1021 0.154381 100
0.972029 0.1159 0.154302 100
0.972325 0.1299 0.154349 100
0.971437 0.1437 0.154208 100
0.970251 0.1576 0.15402 100
0.969955 0.1716 0.153973 100
0.969461 0.1856 0.153894 100
0.970646 0.2001 0.154083 100
0.973609 0.215 0.154553 100
0.974399 0.2296 0.154678 100
0.974004 0.2441 0.154616 100
0.978251 0.2598 0.15529 100
0.972227 -0.217 0.154333 100
0.973115 -0.2029 0.154475 100
0.97193 -0.1884 0.154286 100
0.970548 -0.174 0.154067 100
0.970943 -0.1599 0.15413 100
0.972029 -0.1461 0.154302 100
0.972029 -0.1321 0.154302 100
0.970745 -0.118 0.154098 100
0.972325 -0.1043 0.154349 100
0.973609 -0.0906 0.154553 100
0.973807 -0.0768 0.154584 100
0.973807 -0.0629 0.154584 100
0.974597 -0.0492 0.15471 100
0.974202 -0.0354 0.154647 100
0.973609 -0.0217 0.154553 100
0.973092 0 0.16511 100
0.973979 0.0138 0.165261 100
0.974669 0.0276 0.165378 100
0.974176 0.0415 0.165294 100
0.973585 0.0553 0.165194 100
0.974669 0.0692 0.165378 100
0.974571 0.0831 0.165361 100
0.974373 0.097 0.165328 100
0.974866 0.111 0.165411 100
0.974176 0.1249 0.165294 100
0.974373 0.139 0.165328 100
0.973289 0.153 0.165144 100
0.972106 0.1669 0.164943 100
0.971613 0.181 0.164859 100
0.972895 0.1956 0.165077 100
0.974965 0.2104 0.165428 100
0.975754 0.2251 0.165562 100
0.974472 0.2393 0.165344 100
0.975852 0.2544 0.165579 100
0.969345 -0.2178 0.164475 100
0.970331 -0.2036 0.164642 100
0.968162 -0.1889 0.164274 100
0.96974 -0.175 0.164542 100
0.971021 -0.1611 0.164759 100
0.972204 -0.1471 0.16496 100
0.972204 -0.1331 0.16496 100
0.972895 -0.1192 0.165077 100
0.973486 -0.1053 0.165177 100
0.97388 -0.0914 0.165244 100
0.974078 -0.0775 0.165278 100
0.975064 -0.0637 0.165445 100
0.974768 -0.0498 0.165395 100
0.975359 -0.036 0.165495 100
0.974866 -0.0221 0.165411 100
0.974392 0.0067 0.169358 100
0.974195 0.0205 0.169323 100
0.9738 0.0343 0.169255 100
0.974195 0.0482 0.169323 100
0.97449 0.0621 0.169375 100
0.97449 0.0759 0.169375 100
0.975278 0.0899 0.169512 100
0.975968 0.1039 0.169632 100
0.976362 0.118 0.1697 100
0.974687 0.1318 0.169409 100
0.973702 0.1458 0.169238 100
0.973505 0.1599 0.169204 100
0.97518 0.1744 0.169495 100
0.977446 0.1891 0.169889 100
0.978628 0.2037 0.170094 100
0.977643 0.218 0.169923 100
0.978431 0.2328 0.17006 100
0.976067 0.2468 0.169649 100
0.978333 0.2622 0.170043 100
0.976756 -0.2176 0.169769 100
0.974786 -0.2028 0.169426 100
0.973603 -0.1882 0.169221 100
0.970352 -0.1733 0.168656 100
0.968677 -0.1589 0.168364 100
0.96986 -0.145 0.16857 100
0.970746 -0.1311 0.168724 100
0.971534 -0.1172 0.168861 100
0.971042 -0.1033 0.168775 100
0.971436 -0.0894 0.168844 100
0.97252 -0.0756 0.169032 100
0.97252 -0.0618 0.169032 100
0.972224 -0.0479 0.168981 100
0.97183 -0.0341 0.168912 100
0.972224 -0.0203 0.168981 100
0.972463 0.01 0.18498 100
0.972267 0.0238 0.184942 100
0.971874 0.0377 0.184868 100
0.972267 0.0515 0.184942 100
0.972365 0.0654 0.184961 100
0.973347 0.0794 0.185148 100
0.973151 0.0933 0.18511 100
0.972758 0.1072 0.185036 100
0.972168 0.1212 0.184924 100
0.971382 0.1351 0.184774 100
0.971382 0.1492 0.184774 100
0.971186 0.1633 0.184737 100
0.973642 0.178 0.185204 100
0.976 0.1928 0.185652 100
0.97708 0.2075 0.185858 100
0.976 0.2218 0.185652 100
0.976687 0.2366 0.185783 100
0.97433 0.2507 0.185335 0
0.975509 0.2658 0.185559 100
0.972954 -0.2127 0.185073 100
0.973838 -0.1985 0.185241 100
0.97266 -0.1839 0.185017 100
0.971186 -0.1694 0.184737 100
0.971481 -0.1553 0.184793 100
0.971579 -0.1411 0.184811 100
0.971481 -0.1271 0.184793 100
0.972168 -0.1131 0.184924 100
0.971579 -0.0991 0.184811 100
0.972856 -0.0853 0.185054 100
0.972954 -0.0714 0.185073 100
0.973838 -0.0575 0.185241 100
0.974526 -0.0437 0.185372 100
0.975116 -0.0298 0.185484 100
0.97541 -0.0159 0.18554 100
0.975983 0.0073 0.193604 100
0.974806 0.0212 0.19337 100
0.974413 0.0351 0.193293 100
0.974806 0.049 0.19337 100
0.975002 0.063 0.193409 100
0.974021 0.0769 0.193215 100
0.972942 0.0908 0.193001 100
0.97255 0.1047 0.192923 100
0.971961 0.1187 0.192806 100
0.970294 0.1326 0.192475 100
0.970294 0.1467 0.192475 100
0.971078 0.161 0.192631 100
0.973629 0.1757 0.193137 100
0.974904 0.1903 0.19339 100
0.9751 0.2048 0.193429 100
0.9751 0.2193 0.193429 100
0.974806 0.2339 0.19337 100
0.97255 0.248 0.192923 100
0.973727 0.2631 0.193156 100
0.974708 -0.2069 0.193351 100
0.975492 -0.1926 0.193507 100
0.974217 -0.1779 0.193254 100
0.972648 -0.1634 0.192942 100
0.97098 -0.1489 0.192612 100
0.969999 -0.1346 0.192417 100
0.969803 -0.1205 0.192378 100
0.969411 -0.1065 0.1923 100
0.968822 -0.0925 0.192183 100
0.969019 -0.0786 0.192222 100
0.969999 -0.0647 0.192417 100
0.970784 -0.0509 0.192573 100
0.971373 -0.0371 0.192689 100
0.970784 -0.0232 0.192573 100
0.971239 0.0114 0.206266 100
0.972021 0.0253 0.206432 100
0.97251 0.0392 0.206536 100
0.972902 0.0531 0.206619 100
0.972021 0.067 0.206432 100
0.971043 0.0809 0.206224 100
0.971826 0.0949 0.206391 100
0.971337 0.1089 0.206287 100
0.97075 0.1229 0.206162 100
0.969967 0.1368 0.205996 100
0.969967 0.151 0.205996 100
0.970652 0.1653 0.206141 100
0.972217 0.1798 0.206474 100
0.973489 0.1944 0.206744 100
0.974565 0.2091 0.206972 100
0.975445 0.2239 0.207159 100
0.972315 0.2378 0.206495 100
0.971728 0.2524 0.20637 100
0.972021 -0.2166 0.206432 100
0.972902 -0.2023 0.206619 100
0.972706 -0.1878 0.206578 100
0.971337 -0.1732 0.206287 100
0.969772 -0.1587 0.205954 100
0.968891 -0.1444 0.205767 100
0.968891 -0.1303 0.205767 100
0.968598 -0.1163 0.205705 100
0.969087 -0.1023 0.205809 100
0.9685 -0.0883 0.205684 100
0.968598 -0.0744 0.205705 100
0.968598 -0.0605 0.205705 100
0.968304 -0.0467 0.205643 100
0.969869 -0.0329 0.205975 100
0.971141 -0.0191 0.206245 100
0.970095 0.0094 0.212047 100
0.970779 0.0233 0.212197 100
0.970388 0.0372 0.212111 100
0.969998 0.065 0.212026 100
0.969021 0.0789 0.211812 100
0.969802 0.0929 0.211983 100
0.969411 0.1069 0.211898 100
0.968825 0.1209 0.21177 100
0.969021 0.135 0.211812 100
0.9699 0.1493 0.212004 100
0.971658 0.1638 0.212389 100
0.973124 0.1784 0.212709 100
0.972538 0.1927 0.212581 100
0.972733 0.2072 0.212624 100
0.972635 0.2218 0.212602 100
0.972342 0.2364 0.212538 100
0.970975 0.2507 0.212239 100
0.972147 0.2659 0.212496 1
0.971756 -0.207 0.21241 100
0.973515 -0.1929 0.212795 100
0.971268 -0.1781 0.212303 100
0.969705 -0.1635 0.211962 100
0.968923 -0.1491 0.211791 100
0.9699 -0.1351 0.212004 100
0.970682 -0.1211 0.212175 100
0.971268 -0.1071 0.212303 100
0.970779 -0.093 0.212197 100
0.969998 -0.0789 0.212026 100
0.969998 -0.065 0.212026 100
0.969802 -0.051 0.211983 100
0.968435 -0.0371 0.211684 100
0.968825 -0.0232 0.21177 100
0.968035 0.0135 0.225269 100
0.967743 0.0274 0.225201 100
0.968229 0.0413 0.225314 100
0.968619 0.0552 0.225405 100
0.967743 0.069 0.225201 100
0.967645 0.083 0.225178 100
0.96745 0.0969 0.225133 100
0.966963 0.1109 0.225019 100
0.966379 0.1248 0.224883 100
0.96745 0.139 0.225133 100
0.970275 0.1536 0.22579 100
0.970957 0.168 0.225949 100
0.971541 0.1824 0.226085 100
0.97271 0.1971 0.226357 100
0.973781 0.2118 0.226606 100
0.97271 0.2262 0.226357 100
0.972418 0.2408 0.226289 100
0.975632 0.2564 0.227037 100
0.96969 -0.2073 0.225654 100
0.969593 -0.1929 0.225631 100
0.970177 -0.1786 0.225767 100
0.970567 -0.1644 0.225858 100
0.968911 -0.1499 0.225473 100
0.967937 -0.1356 0.225246 100
0.967743 -0.1215 0.225201 100
0.967353 -0.1074 0.22511 100
0.966769 -0.0934 0.224974 100
0.965989 -0.0793 0.224793 100
0.965989 -0.0654 0.224793 100
0.966866 -0.0516 0.224997 100
0.96745 -0.0378 0.225133 100
0.96784 -0.0239 0.225223 100
0.968512 0.0031 0.228054 100
0.968415 0.017 0.228031 100
0.968026 0.0309 0.22794 100
0.968512 0.0448 0.228054 100
0.968804 0.0588 0.228123 100
0.967831 0.0727 0.227894 100
0.967734 0.0866 0.227871 100
0.968415 0.1007 0.228031 100
0.969875 0.1149 0.228375 100
0.972114 0.1293 0.228902 100
0.973087 0.1437 0.229132 100
0.973963 0.1581 0.229338 100
0.974547 0.1725 0.229475 100
0.975034 0.187 0.22959 100
0.975229 0.2016 0.229636 100
0.975229 0.2162 0.229636 100
0.975034 0.2308 0.22959 100
0.973769 0.2453 0.229292 100
0.974061 0.2602 0.229361 100
0.96861 -0.21 0.228077 100
0.967539 -0.1953 0.227825 100
0.969096 -0.1812 0.228192 100
0.970556 -0.1672 0.228536 100
0.970751 -0.1529 0.228582 100
0.969875 -0.1386 0.228375 100
0.967831 -0.1242 0.227894 100
0.966468 -0.1099 0.227573 100
0.966955 -0.096 0.227688 100
0.968123 -0.0821 0.227963 100
0.96822 -0.0681 0.227986 100
0.968026 -0.0542 0.22794 100
0.968707 -0.0403 0.2281 100
0.969096 -0.0264 0.228192 100
0.96793 0.0003 0.239001 100
0.967833 0.0143 0.238977 100
0.967541 0.0282 0.238905 100
0.967056 0.0421 0.238785 100
0.966473 0.07 0.238641 100
0.967444 0.084 0.238881 100
0.967153 0.098 0.238809 100
0.966668 0.112 0.238689 100
0.965988 0.1261 0.238521 100
0.967153 0.1404 0.238809 100
0.970842 0.1552 0.23972 100
0.972493 0.1698 0.240127 100
0.972978 0.1843 0.240247 100
0.972298 0.1987 0.240079 100
0.971425 0.213 0.239864 100
0.97026 0.2274 0.239576 100
0.969968 0.2421 0.239504 100
0.968512 0.2565 0.239144 100
0.967735 -0.2115 0.238953 100
0.966668 -0.1968 0.238689 100
0.966376 -0.1823 0.238617 100
0.966862 -0.1681 0.238737 100
0.968124 -0.154 0.239049 100
0.968124 -0.1398 0.239049 100
0.966085 -0.1254 0.238545 100
0.965794 -0.1112 0.238473 100
0.965308 -0.0971 0.238353 100
0.964532 -0.0831 0.238162 100
0.9656 -0.0692 0.238425 100
0.966473 -0.0553 0.238641 100
0.967056 -0.0414 0.238785 100
0.967541 -0.0275 0.238905 100
0.964039 0.0031 0.258133 100
0.963942 0.0171 0.258107 100
0.963556 0.031 0.258004 100
0.963073 0.045 0.257874 100
0.963363 0.059 0.257952 100
0.962397 0.0729 0.257693 100
0.965198 0.0871 0.258444 100
0.96684 0.1014 0.258883 100
0.964425 0.1153 0.258237 100
0.964619 0.1295 0.258288 100
0.967613 0.1441 0.25909 100
0.968386 0.1586 0.259297 100
0.968096 0.1729 0.259219 100
0.968482 0.1875 0.259323 100
0.967806 0.2018 0.259142 100
0.96684 0.2163 0.258883 100
0.965681 0.2307 0.258573 100
0.964425 0.2451 0.258237 100
0.964715 0.26 0.258314 100
0.965585 -0.2176 0.258547 100
0.967517 -0.2034 0.259064 100
0.968193 -0.189 0.259245 100
0.968772 -0.1747 0.259401 100
0.968193 -0.1602 0.259245 100
0.96742 -0.1457 0.259038 100
0.967323 -0.1314 0.259013 100
0.966164 -0.1171 0.258702 100
0.963749 -0.1027 0.258056 100
0.96317 -0.0885 0.2579 100
0.964232 -0.0746 0.258185 100
0.965198 -0.0606 0.258444 100
0.964908 -0.0466 0.258366 100
0.965488 -0.0327 0.258521 100
0.964812 -0.0187 0.25834 100
0.963451 0.0066 0.26032 100
0.963258 0.0206 0.260268 100
0.962872 0.0345 0.260163 100
0.962292 0.0484 0.260007 100
0.964416 0.0625 0.260581 100
0.967409 0.0768 0.261389 100
0.968181 0.0909 0.261598 100
0.96876 0.1051 0.261754 100
0.968181 0.1193 0.261598 100
0.968471 0.1335 0.261676 100
0.968471 0.1478 0.261676 100
0.970209 0.1624 0.262146 100
0.970691 0.177 0.262276 100
0.971077 0.1915 0.26238 100
0.970305 0.206 0.262172 100
0.96934 0.2204 0.261911 100
0.970015 0.2353 0.262094 100
0.976097 0.2518 0.263737 100
0.96654 -0.2198 0.261155 100
0.967505 -0.2054 0.261415 100
0.967312 -0.1908 0.261363 100
0.967892 -0.1764 0.26152 100
0.967312 -0.1619 0.261363 100
0.967505 -0.1476 0.261415 100
0.967505 -0.1334 0.261415 100
0.965382 -0.1189 0.260842 100
0.962968 -0.1045 0.260189 100
0.961424 -0.0903 0.259772 100
0.961617 -0.0763 0.259824 100
0.963451 -0.0624 0.26032 100
0.964223 -0.0485 0.260529 100
0.962872 -0.0345 0.260163 100
0.962292 -0.0205 0.260007 100
0.965384 0.0094 0.264642 100
0.967023 0.0235 0.265092 100
0.969531 0.0376 0.265779 100
0.969916 0.0516 0.265885 100
0.971074 0.0658 0.266202 100
0.970977 0.0799 0.266176 100
0.970784 0.0941 0.266123 100
0.971363 0.1083 0.266282 100
0.971749 0.1226 0.266387 100
0.97281 0.1371 0.266678 100
0.97281 0.1514 0.266678 100
0.972617 0.1658 0.266625 100
0.97117 0.1801 0.266229 100
0.971556 0.1947 0.266334 100
0.972617 0.2095 0.266625 100
0.973388 0.2245 0.266837 100
0.972231 0.239 0.26652 100
0.974449 0.2545 0.267128 100
0.965673 -0.219 0.264722 100
0.966637 -0.2046 0.264986 100
0.965576 -0.1899 0.264695 100
0.966059 -0.1755 0.264827 100
0.968373 -0.1615 0.265462 100
0.968566 -0.1472 0.265515 100
0.96847 -0.1329 0.265488 100
0.969241 -0.1187 0.2657 100
0.968856 -0.1045 0.265594 100
0.96818 -0.0903 0.265409 100
0.968373 -0.0762 0.265462 100
0.968373 -0.0621 0.265462 100
0.967216 -0.048 0.265145 100
0.966734 -0.0339 0.265013 100
0.968084 -0.02 0.265383 100
0.963425 0.008 0.275348 100
0.965156 0.0221 0.275843 100
0.966694 0.0361 0.276282 100
0.966982 0.0502 0.276365 100
0.966309 0.0642 0.276172 100
0.967271 0.0784 0.276447 100
0.969002 0.0926 0.276942 100
0.969482 0.1069 0.277079 100
0.969867 0.1212 0.277189 100
0.971021 0.1356 0.277519 100
0.971982 0.1501 0.277794 100
0.97179 0.1645 0.277739 100
0.971405 0.179 0.277629 100
0.970732 0.1934 0.277436 100
0.969963 0.2079 0.277217 100
0.969867 0.2225 0.277189 100
0.968713 0.237 0.276859 100
0.973809 0.2533 0.278316 100
0.965636 -0.215 0.27598 100
0.966502 -0.2005 0.276227 100
0.967175 -0.1861 0.27642 100
0.968617 -0.1719 0.276832 100
0.969002 -0.1576 0.276942 100
0.967175 -0.1429 0.27642 100
0.967079 -0.1286 0.276392 100
0.967752 -0.1145 0.276585 100
0.968232 -0.1004 0.276722 100
0.968521 -0.0862 0.276804 100
0.967655 -0.072 0.276557 100
0.965636 -0.0578 0.27598 100
0.963425 -0.0437 0.275348 100
0.962079 -0.0297 0.274963 100
0.961406 -0.0157 0.274771 100
0.963126 0.0053 0.279996 100
0.963894 0.0193 0.280219 100
0.96447 0.0333 0.280387 100
0.96591 0.0474 0.280806 100
0.966102 0.0615 0.280862 100
0.966198 0.0756 0.280889 100
0.966006 0.0898 0.280834 100
0.965622 0.1039 0.280722 100
0.965142 0.1181 0.280582 100
0.966294 0.1325 0.280917 100
0.967255 0.1469 0.281197 100
0.968119 0.1615 0.281448 100
0.967735 0.1759 0.281336 100
0.967159 0.1903 0.281169 100
0.96639 0.2047 0.280945 100
0.967255 0.2196 0.281197 100
0.968023 0.2346 0.28142 100
0.966583 0.2491 0.281001 100
0.968791 0.2646 0.281643 100
0.964566 -0.2087 0.280415 100
0.96447 -0.1941 0.280387 100
0.965142 -0.1797 0.280582 100
0.965526 -0.1654 0.280694 100
0.964758 -0.1509 0.280471 100
0.964854 -0.1365 0.280499 100
0.965622 -0.1224 0.280722 100
0.965238 -0.1081 0.28061 100
0.964662 -0.0939 0.280443 100
0.963894 -0.0797 0.280219 100
0.962069 -0.0655 0.279689 100
0.959957 -0.0513 0.279075 100
0.960533 -0.0374 0.279242 100
0.961877 -0.0234 0.279633 100
0.961972 0.011 0.280025 100
0.9637 0.0251 0.280528 100
0.96418 0.0392 0.280668 100
0.964564 0.0532 0.28078 100
0.96562 0.0674 0.281087 100
0.966581 0.0816 0.281366 100
0.967253 0.0959 0.281562 100
0.967829 0.1102 0.28173 100
0.969077 0.1247 0.282093 100
0.970229 0.1392 0.282429 100
0.970133 0.1536 0.282401 100
0.968885 0.1679 0.282037 100
0.968501 0.1823 0.281925 100
0.968693 0.197 0.281981 100
0.967925 0.2115 0.281758 100
0.968693 0.2264 0.281981 100
0.967445 0.241 0.281618 100
0.970613 0.2568 0.28254 100
0.9613 -0.2198 0.279829 100
0.9613 -0.2051 0.279829 100
0.963028 -0.1909 0.280332 100
0.964564 -0.1767 0.28078 100
0.964948 -0.1623 0.280891 100
0.96418 -0.1478 0.280668 100
0.96418 -0.1335 0.280668 100
0.964852 -0.1193 0.280863 100
0.964468 -0.105 0.280752 100
0.964852 -0.0909 0.280863 100
0.964084 -0.0767 0.28064 100
0.962164 -0.0624 0.280081 100
0.960916 -0.0483 0.279717 100
0.962452 -0.0344 0.280165 100
0.962836 -0.0203 0.280276 100
0.961482 0.0105 0.281703 100
0.963209 0.0244 0.28221 100
0.965704 0.0385 0.282941 100
0.965992 0.0525 0.283025 100
0.965224 0.0664 0.2828 100
0.965224 0.0804 0.2828 100
0.965992 0.0946 0.283025 100
0.965608 0.1086 0.282912 100
0.965896 0.1228 0.282997 100
0.967048 0.1371 0.283334 100
0.967048 0.1514 0.283334 100
0.967815 0.1658 0.283559 100
0.967335 0.1802 0.283419 100
0.96676 0.1945 0.28325 100
0.967815 0.2093 0.283559 100
0.969639 0.2243 0.284093 100
0.969351 0.239 0.284009 100
0.973573 0.2549 0.285246 100
0.961386 -0.2169 0.281675 100
0.964169 -0.203 0.282491 100
0.963977 -0.1885 0.282434 100
0.964456 -0.1742 0.282575 100
0.965704 -0.1601 0.282941 100
0.963977 -0.1456 0.282434 100
0.963017 -0.1312 0.282153 100
0.963689 -0.1172 0.28235 100
0.964169 -0.1031 0.282491 100
0.964552 -0.0891 0.282603 100
0.965608 -0.0752 0.282912 100
0.964552 -0.0611 0.282603 100
0.962441 -0.047 0.281985 100
0.962057 -0.0331 0.281872 100
0.962345 -0.0192 0.281956 100
