1.92483 0.0061 -0.286293 100
1.92453 0.0333 -0.286249 100
1.92393 0.0604 -0.286161 100
1.92384 0.0876 -0.286146 100
1.92344 0.1148 -0.286087 100
1.92067 0.1419 -0.285675 100
1.91948 0.1691 -0.285499 100
1.91899 0.1964 -0.285425 100
1.918 0.2236 -0.285278 100
1.91869 0.2512 -0.285381 100
1.92581 0.2798 -0.286441 100
1.91721 -0.2133 -0.285161 14
1.91701 -0.1859 -0.285131 100
1.9184 -0.1588 -0.285337 100
1.91939 -0.1316 -0.285484 100
1.92107 -0.1045 -0.285734 100
1.92136 -0.0773 -0.285778 100
1.92225 -0.0502 -0.285911 100
1.92364 0.0254 -0.279257 100
1.92413 0.0527 -0.279329 100
1.92522 0.0799 -0.279487 100
1.92393 0.1071 -0.2793 100
1.92324 0.1344 -0.279199 100
1.92116 0.1615 -0.278898 100
1.91968 0.1887 -0.278682 100
1.91889 0.2161 -0.278567 100
1.91671 0.2433 -0.278251 100
1.91701 0.2709 -0.278294 100
1.91661 -0.2004 -0.278237 100
1.92017 -0.1734 -0.278754 100
1.92136 -0.1462 -0.278926 100
1.92423 -0.1191 -0.279343 100
1.92561 -0.0919 -0.279544 100
1.92472 -0.0646 -0.279415 100
1.92344 -0.0374 -0.279228 100
1.92436 0.0237 -0.274906 100
1.92674 0.051 -0.275245 100
1.92585 0.0782 -0.275118 100
1.92456 0.1053 -0.274934 100
1.9209 0.1596 -0.274411 100
1.91951 0.1868 -0.274213 100
1.91872 0.2141 -0.274099 100
1.91654 0.2413 -0.273788 100
1.91496 0.2686 -0.273562 100
1.91595 0.2963 -0.273703 100
1.91595 -0.2124 -0.273703 100
1.91872 -0.1854 -0.274099 100
1.92209 -0.1584 -0.27458 100
1.92308 -0.1311 -0.274722 100
1.92367 -0.1039 -0.274807 100
1.92397 -0.0767 -0.274849 100
1.92387 -0.0495 -0.274835 100
1.92878 0.0173 -0.241952 100
1.92839 0.0444 -0.241902 100
1.92759 0.0715 -0.241803 100
1.92739 0.0987 -0.241778 100
1.9268 0.1258 -0.241703 100
1.9269 0.153 -0.241716 100
1.9265 0.1803 -0.241666 100
1.92581 0.2076 -0.241579 100
1.92571 0.235 -0.241566 100
1.92233 0.262 -0.241143 100
1.92045 0.2893 -0.240907 100
1.927 -0.1865 -0.241728 100
1.92839 -0.1593 -0.241902 100
1.92938 -0.1321 -0.242027 100
1.93007 -0.1049 -0.242114 100
1.93027 -0.0777 -0.242139 100
1.92918 -0.0505 -0.242002 100
1.93098 0.017 -0.223763 100
1.93058 0.0438 -0.223717 100
1.93078 0.0706 -0.22374 100
1.93068 0.0975 -0.223729 100
1.93108 0.1244 -0.223775 100
1.93118 0.1514 -0.223786 100
1.93187 0.1785 -0.223867 100
1.93028 0.2054 -0.223683 100
1.9282 0.2323 -0.223441 100
1.92492 0.2591 -0.223061 100
1.92313 0.2861 -0.222854 100
1.92879 -0.1802 -0.22351 100
1.93108 -0.1534 -0.223775 100
1.93396 -0.1267 -0.224109 100
1.93257 -0.0996 -0.223948 100
1.93167 -0.0727 -0.223844 100
1.93058 -0.0458 -0.223717 100
1.93274 0.0136 -0.208939 100
1.93334 0.0408 -0.209003 100
1.93254 0.0681 -0.208917 100
1.93244 0.0954 -0.208907 100
1.93284 0.1227 -0.20895 100
1.93095 0.15 -0.208745 100
1.93065 0.1773 -0.208713 100
1.92896 0.2046 -0.20853 100
1.92797 0.2321 -0.208423 100
1.92648 0.2595 -0.208262 100
1.92757 0.2873 -0.20838 100
1.93284 -0.1864 -0.20895 100
1.93324 -0.159 -0.208993 100
1.93423 -0.1317 -0.2091 100
1.93393 -0.1043 -0.209068 100
1.93324 -0.0769 -0.208993 100
1.93214 -0.0496 -0.208874 100
1.93955 0.0112 -0.181292 100
1.93815 0.0385 -0.181162 100
1.93646 0.0657 -0.181004 100
1.93536 0.0929 -0.180901 100
1.93487 0.1201 -0.180855 100
1.93497 0.1474 -0.180864 100
1.93477 0.1748 -0.180845 100
1.93307 0.2021 -0.180687 100
1.93108 0.2293 -0.180501 100
1.92969 0.2567 -0.180371 100
1.93278 0.2848 -0.180659 100
1.93447 -0.208 -0.180817 7
1.93516 -0.1807 -0.180883 100
1.93656 -0.1534 -0.181013 100
1.93745 -0.1261 -0.181097 100
1.93805 -0.0988 -0.181152 100
1.93726 -0.0715 -0.181078 100
1.93805 -0.0442 -0.181152 100
1.93687 0.0139 -0.166389 100
1.93647 0.0411 -0.166354 100
1.93667 0.0683 -0.166371 100
1.93756 0.0956 -0.166448 100
1.93697 0.1229 -0.166397 100
1.93707 0.1502 -0.166406 100
1.93577 0.1775 -0.166294 100
1.93408 0.2047 -0.166149 100
1.93208 0.232 -0.165978 100
1.93059 0.2593 -0.165849 100
1.93178 0.2872 -0.165952 100
1.93537 -0.1819 -0.16626 100
1.93577 -0.1545 -0.166294 100
1.93667 -0.1273 -0.166371 100
1.93826 -0.1001 -0.166508 100
1.93946 -0.0728 -0.166611 100
1.94035 -0.0456 -0.166688 100
1.94134 0.0238 -0.146993 100
1.94174 0.0509 -0.147023 100
1.94084 0.0781 -0.146955 100
1.94064 0.1053 -0.14694 100
1.93995 0.1325 -0.146887 100
1.93895 0.1596 -0.146811 100
1.93845 0.1869 -0.146774 100
1.93765 0.2142 -0.146713 100
1.93546 0.2414 -0.146547 100
1.93396 0.2687 -0.146434 100
1.93755 -0.1865 -0.146706 100
1.93795 -0.1592 -0.146736 100
1.93895 -0.132 -0.146811 100
1.93965 -0.1049 -0.146864 100
1.93985 -0.0777 -0.146879 100
1.94074 -0.0506 -0.146947 100
1.94043 0.0102 -0.133306 100
1.94103 0.0373 -0.133347 100
1.94132 0.0645 -0.133367 100
1.94023 0.0917 -0.133292 100
1.94083 0.1189 -0.133333 100
1.94093 0.1462 -0.13334 100
1.93973 0.1734 -0.133258 100
1.93813 0.2006 -0.133148 100
1.93614 0.2278 -0.133011 100
1.93374 0.255 -0.132847 100
1.93195 0.2823 -0.132723 1
1.94551 -0.2159 -0.133655 8
1.93943 -0.1878 -0.133237 100
1.93883 -0.1604 -0.133196 100
1.93883 -0.1331 -0.133196 100
1.94053 -0.106 -0.133313 100
1.93983 -0.0787 -0.133265 100
1.94073 -0.0516 -0.133326 100
1.94265 0.0234 -0.112353 100
1.94305 0.0507 -0.112376 100
1.94415 0.0779 -0.11244 100
1.94495 0.1053 -0.112486 100
1.94325 0.1325 -0.112388 100
1.94225 0.1598 -0.11233 100
1.94176 0.1871 -0.112301 100
1.93996 0.2144 -0.112197 100
1.93976 0.2419 -0.112185 100
1.94215 0.2699 -0.112324 100
1.93666 -0.2075 -0.112006 100
1.93936 -0.1804 -0.112162 100
1.94275 -0.1533 -0.112359 100
1.94365 -0.126 -0.112411 100
1.94225 -0.0986 -0.11233 100
1.94245 -0.0714 -0.112341 100
1.94325 -0.0442 -0.112388 100
1.94475 0.0173 -0.0913721 100
1.94436 0.0444 -0.0913534 100
1.94455 0.0715 -0.0913627 100
1.94336 0.0986 -0.0913064 100
1.94276 0.1257 -0.0912783 100
1.94086 0.1528 -0.0911891 100
1.93956 0.1799 -0.0911281 100
1.93886 0.2071 -0.0910952 100
1.93976 0.2346 -0.0911375 100
1.93926 0.262 -0.091114 100
1.94535 0.2905 -0.0914003 100
1.94196 -0.1866 -0.0912407 100
1.94236 -0.1594 -0.0912595 100
1.94436 -0.1323 -0.0913534 100
1.94505 -0.1052 -0.0913862 100
1.94525 -0.078 -0.0913956 100
1.94515 -0.0509 -0.0913909 100
1.94686 0.0204 -0.0635636 100
1.94836 0.0478 -0.0636126 100
1.94756 0.0751 -0.0635865 100
1.94726 0.1025 -0.0635767 100
1.94666 0.1298 -0.0635571 100
1.94466 0.1571 -0.0634918 100
1.94326 0.1845 -0.0634461 100
1.94147 0.2119 -0.0633874 100
1.93927 0.2392 -0.0633156 100
1.93967 0.2669 -0.0633287 100
1.94177 -0.1989 -0.0633972 100
1.94246 -0.1714 -0.06342 100
1.94366 -0.1441 -0.0634592 100
1.94446 -0.1167 -0.0634853 100
1.94586 -0.0895 -0.063531 100
1.94596 -0.0621 -0.0635342 100
1.94666 -0.0348 -0.0635571 100
1.94718 0.0007 -0.0564305 100
1.94798 0.0281 -0.0564536 100
1.94838 0.0555 -0.0564652 100
1.94838 0.083 -0.0564652 100
1.94708 0.1103 -0.0564276 100
1.94628 0.1378 -0.0564044 100
1.94518 0.1652 -0.0563725 100
1.94368 0.1927 -0.0563291 100
1.94278 0.2202 -0.056303 100
1.94248 0.2479 -0.0562943 100
1.94968 0.2768 -0.0565029 100
1.94129 -0.2154 -0.0562596 23
1.94109 -0.1878 -0.0562538 100
1.94358 -0.1605 -0.0563262 100
1.94368 -0.133 -0.0563291 100
1.94528 -0.1056 -0.0563754 100
1.94658 -0.0783 -0.0564131 100
1.94848 -0.0509 -0.0564681 100
1.94759 0.0245 -0.0288951 100
1.94809 0.0517 -0.0289026 100
1.94719 0.0789 -0.0288892 100
1.94789 0.1062 -0.0288996 100
1.94719 0.1334 -0.0288892 100
1.94719 0.1608 -0.0288892 100
1.94769 0.1882 -0.0288966 100
1.94689 0.2156 -0.0288848 100
1.94769 0.2433 -0.0288966 100
1.94709 0.2708 -0.0288877 100
1.94899 0.2989 -0.0289159 1
1.94589 -0.1963 -0.0288699 100
1.94649 -0.1689 -0.0288788 100
1.94769 -0.1416 -0.0288966 100
1.94839 -0.1144 -0.028907 100
1.94689 -0.087 -0.0288848 100
1.94689 -0.0598 -0.0288848 100
1.94749 -0.0326 -0.0288937 100
1.94975 0.0252 -0.0146329 100
1.94925 0.0525 -0.0146292 100
1.94835 0.0797 -0.0146224 100
1.94805 0.107 -0.0146202 100
1.94835 0.1344 -0.0146224 100
1.94725 0.1617 -0.0146142 100
1.94675 0.1891 -0.0146104 100
1.94695 0.2167 -0.0146119 100
1.94665 0.2443 -0.0146097 100
1.95005 0.2724 -0.0146352 100
1.94585 -0.1987 -0.0146037 100
1.94445 -0.1711 -0.0145932 100
1.94565 -0.1438 -0.0146022 100
1.94745 -0.1166 -0.0146157 100
1.94895 -0.0893 -0.0146269 100
1.94995 -0.0621 -0.0146344 100
1.94965 -0.0348 -0.0146322 100
1.95178 0.0266 0.00817566 100
1.95228 0.0538 0.00817775 100
1.95128 0.0811 0.00817356 100
1.95198 0.1084 0.00817649 100
1.94918 0.163 0.00816477 100
1.94788 0.2178 0.00815932 100
1.95458 0.2462 0.00818739 100
1.95578 0.3021 0.00819241 100
1.94658 -0.1916 0.00815387 100
1.94708 -0.1642 0.00815597 100
1.94918 -0.137 0.00816477 100
1.94888 -0.1096 0.00816351 100
1.94928 -0.0824 0.00816519 100
1.95018 -0.0552 0.00816895 100
1.95178 -0.0279 0.00817566 100
1.9517 0.0215 0.0282747 100
1.9532 0.0488 0.0282964 100
1.9533 0.0762 0.0282979 100
1.9521 0.1035 0.0282805 100
1.9504 0.1308 0.0282559 100
1.9494 0.1581 0.0282414 100
1.951 0.1857 0.0282645 100
1.95419 0.2136 0.0283109 100
1.953 0.2412 0.0282935 100
1.95629 0.2694 0.0283413 100
1.946 -0.2055 0.0281921 100
1.9477 -0.1782 0.0282167 100
1.95 -0.151 0.0282501 100
1.9499 -0.1235 0.0282486 100
1.9504 -0.0962 0.0282559 100
1.9506 -0.0689 0.0282588 100
1.9504 -0.0416 0.0282559 100
1.95209 0.0252 0.0524812 100
1.95259 0.0525 0.0524946 100
1.95269 0.0798 0.0524973 100
1.95239 0.107 0.0524892 100
1.95169 0.1343 0.0524704 100
1.95359 0.1619 0.0525215 100
1.95709 0.1897 0.0526156 100
1.96029 0.2176 0.0527016 100
1.95799 0.2451 0.0526397 100
1.95839 0.2729 0.0526505 100
1.9512 -0.2084 0.052457 100
1.948 -0.1806 0.052371 100
1.9493 -0.1533 0.0524059 100
1.9502 -0.126 0.0524301 100
1.95179 -0.0988 0.0524731 100
1.95299 -0.0716 0.0525054 100
1.95379 -0.0443 0.0525269 100
1.95294 0.014 0.0613735 100
1.95164 0.0412 0.0613326 100
1.95184 0.0685 0.0613389 100
1.95274 0.0959 0.0613672 100
1.95314 0.1232 0.0613798 100
1.95324 0.1506 0.0613829 100
1.95294 0.1781 0.0613735 100
1.95523 0.2059 0.0614457 100
1.95713 0.2337 0.0615054 100
1.95464 0.2612 0.0614269 100
1.95583 0.2892 0.0614646 100
1.95144 -0.1834 0.0613264 100
1.95084 -0.1559 0.0613075 100
1.95184 -0.1286 0.0613389 100
1.95244 -0.1013 0.0613578 100
1.95264 -0.074 0.0613641 100
1.95244 -0.0467 0.0613578 100
1.95496 0.0212 0.0870648 100
1.95446 0.0485 0.0870426 100
1.95456 0.0759 0.087047 100
1.95436 0.1033 0.0870381 100
1.95366 0.1307 0.087007 100
1.95566 0.1583 0.087096 100
1.95826 0.1861 0.0872117 100
1.96046 0.214 0.0873095 100
1.95926 0.2416 0.0872561 100
1.95566 0.269 0.087096 100
1.95466 0.2968 0.0870515 100
1.95686 -0.1901 0.0871494 100
1.95536 -0.1624 0.0870826 100
1.95546 -0.1349 0.0870871 100
1.95217 -0.1073 0.0869403 100
1.95346 -0.0799 0.0869981 100
1.95536 -0.0526 0.0870826 100
1.95411 0.0157 0.104463 100
1.95371 0.043 0.104441 100
1.95291 0.0703 0.104399 100
1.95281 0.0976 0.104393 100
1.95421 0.1251 0.104468 100
1.9592 0.153 0.104735 100
1.9619 0.1808 0.104879 100
1.9602 0.2083 0.104788 100
1.9591 0.2359 0.10473 100
1.95661 0.2634 0.104596 100
1.95571 0.2911 0.104548 100
1.95671 -0.1831 0.104601 100
1.95211 -0.1551 0.104356 100
1.95101 -0.1277 0.104297 100
1.95061 -0.1003 0.104276 100
1.95181 -0.073 0.10434 100
1.95471 -0.0458 0.104495 100
1.95442 0.0089 0.133924 100
1.95611 0.0363 0.13404 100
1.9604 0.0638 0.134334 100
1.96529 0.0915 0.134669 100
1.96679 0.1191 0.134772 100
1.96489 0.1466 0.134642 100
1.9627 0.1741 0.134492 100
1.9611 0.2016 0.134382 100
1.9601 0.2293 0.134314 100
1.95871 0.2569 0.134218 100
1.95881 0.2849 0.134225 100
1.95821 -0.1903 0.134184 100
1.95571 -0.1625 0.134013 100
1.95482 -0.1349 0.133952 100
1.95352 -0.1074 0.133863 100
1.95581 -0.0801 0.13402 100
1.95871 -0.0528 0.134218 100
1.95453 0.0062 0.146276 100
1.95423 0.0335 0.146254 100
1.95463 0.061 0.146284 100
1.95653 0.0885 0.146425 100
1.95912 0.1161 0.146619 100
1.96022 0.1438 0.146701 100
1.96002 0.1714 0.146687 100
1.95942 0.199 0.146642 100
1.95852 0.2267 0.146575 100
1.95713 0.2544 0.14647 100
1.96032 0.2828 0.146709 100
1.95992 -0.2046 0.146679 100
1.95862 -0.1768 0.146582 100
1.95982 -0.1493 0.146672 100
1.95673 -0.1215 0.14644 100
1.95334 -0.0938 0.146187 100
1.95543 -0.0665 0.146343 100
1.95713 -0.0391 0.14647 100
1.95946 0.0062 0.172119 100
1.96214 0.0337 0.172356 100
1.96444 0.0614 0.172557 100
1.96444 0.089 0.172557 100
1.96404 0.1166 0.172522 100
1.96314 0.1442 0.172443 100
1.96035 0.1995 0.172198 100
1.96135 0.2274 0.172286 100
1.95796 0.2549 0.171988 100
1.95816 0.283 0.172006 100
1.95368 -0.2245 0.171612 100
1.95557 -0.1969 0.171778 100
1.95816 -0.1694 0.172006 100
1.95836 -0.1418 0.172023 100
1.95816 -0.1142 0.172006 100
1.95856 -0.0866 0.172041 100
1.96055 -0.0592 0.172216 100
1.96015 -0.0316 0.172181 100
1.96006 0.0155 0.186316 100
1.96066 0.043 0.186373 100
1.96086 0.0706 0.186392 100
1.96176 0.0982 0.186477 100
1.96216 0.1259 0.186515 100
1.96116 0.1535 0.18642 100
1.95987 0.1811 0.186297 100
1.95907 0.2089 0.186222 100
1.95897 0.2367 0.186212 100
1.95847 0.2646 0.186165 100
1.96345 0.2934 0.186638 100
1.95927 -0.187 0.18624 100
1.95877 -0.1592 0.186193 100
1.95977 -0.1316 0.186288 100
1.95847 -0.1039 0.186165 100
1.95668 -0.0763 0.185994 100
1.95758 -0.0488 0.18608 100
1.96528 0.0114 0.205519 100
1.96389 0.039 0.205374 100
1.96319 0.0665 0.205301 100
1.9631 0.0942 0.20529 100
1.96349 0.1218 0.205332 100
1.96359 0.1496 0.205342 100
1.95971 0.2048 0.204937 100
1.96061 0.2327 0.20503 100
1.96011 0.2607 0.204978 100
1.96419 0.2893 0.205405 100
1.95892 -0.2026 0.204854 100
1.95862 -0.1748 0.204822 100
1.95981 -0.1472 0.204947 100
1.95971 -0.1195 0.204937 100
1.96121 -0.092 0.205093 100
1.9622 -0.0644 0.205197 100
1.963 -0.0369 0.20528 100
1.96068 0.0072 0.228939 100
1.96038 0.0348 0.228904 100
1.96167 0.0624 0.229055 100
1.96157 0.0901 0.229044 100
1.96217 0.1178 0.229113 100
1.96137 0.1454 0.22902 100
1.96008 0.1731 0.22887 100
1.95949 0.2008 0.2288 100
1.95849 0.2286 0.228684 100
1.95611 0.2562 0.228406 100
1.95432 0.284 0.228197 1
1.95373 -0.2085 0.228127 100
1.95442 -0.1809 0.228209 100
1.95671 -0.1534 0.228475 100
1.9577 -0.1258 0.228591 100
1.9583 -0.0982 0.228661 100
1.95939 -0.0706 0.228788 100
1.96018 -0.0431 0.228881 100
1.95976 0.0145 0.259748 100
1.96046 0.0421 0.25984 100
1.96065 0.0697 0.259866 100
1.96046 0.0973 0.25984 100
1.95897 0.1249 0.259642 100
1.95897 0.1526 0.259642 100
1.95966 0.1804 0.259734 100
1.96194 0.2085 0.260037 100
1.95976 0.2362 0.259748 100
1.96125 0.2644 0.259945 100
1.95431 -0.1944 0.259025 100
1.9559 -0.1668 0.259235 100
1.95798 -0.1393 0.259511 100
1.95966 -0.1118 0.259734 100
1.96006 -0.0841 0.259787 100
1.96006 -0.0565 0.259787 100
1.96065 -0.029 0.259866 100
1.95753 0.0159 0.268844 100
1.95911 0.0434 0.269061 100
1.95931 0.071 0.269089 100
1.95911 0.0986 0.269061 100
1.95762 0.1261 0.268857 100
1.95762 0.1537 0.268857 100
1.95733 0.1814 0.268817 100
1.95861 0.2093 0.268993 100
1.95842 0.2372 0.268966 100
1.95792 0.2651 0.268898 100
1.96287 0.2939 0.269578 100
1.95594 -0.1855 0.268626 100
1.95535 -0.1577 0.268544 100
1.95634 -0.1301 0.26868 100
1.95693 -0.1026 0.268762 100
1.95822 -0.0751 0.268939 100
1.95802 -0.0475 0.268912 100
1.95914 0.0104 0.300141 100
1.95974 0.0381 0.300232 100
1.96201 0.0659 0.30058 100
1.9629 0.0938 0.300716 100
1.9624 0.1216 0.300641 100
1.96053 0.1493 0.300353 100
1.95825 0.1771 0.300005 100
1.95954 0.2051 0.300201 100
1.95944 0.2332 0.300186 100
1.96586 0.2622 0.301171 100
1.95578 -0.1935 0.299626 100
1.95529 -0.1656 0.29955 100
1.95637 -0.1379 0.299717 100
1.95707 -0.1101 0.299823 100
1.95944 -0.0825 0.300186 100
1.96033 -0.0547 0.300323 100
1.95777 0.0135 0.315336 100
1.95935 0.0412 0.31559 100
1.95954 0.0689 0.315622 100
1.96033 0.0966 0.315749 100
1.95984 0.1244 0.31567 100
1.95895 0.1521 0.315527 100
1.95866 0.1799 0.315479 100
1.96083 0.2081 0.315829 100
1.96073 0.2361 0.315813 100
1.96606 0.265 0.316672 100
1.95086 -0.199 0.314223 100
1.95145 -0.1713 0.314318 100
1.95165 -0.1436 0.31435 100
1.95441 -0.1161 0.314795 100
1.95579 -0.0884 0.315018 100
1.9549 -0.0608 0.314875 100
1.9555 -0.0331 0.31497 100
1.95696 0.0042 0.338378 100
1.95864 0.032 0.338667 100
1.95805 0.0597 0.338565 100
1.95706 0.0875 0.338395 100
1.95765 0.1154 0.338497 100
1.95676 0.1432 0.338344 100
1.95657 0.1711 0.338309 100
1.95696 0.1992 0.338378 100
1.95893 0.2275 0.338718 100
1.95854 0.2556 0.33865 100
1.96169 0.2844 0.339195 100
1.95657 -0.2033 0.338309 100
1.95332 -0.175 0.337747 100
1.95351 -0.1472 0.337781 100
1.95341 -0.1193 0.337764 100
1.95391 -0.0915 0.337849 100
1.95499 -0.0638 0.338037 100
1.95568 -0.0361 0.338156 100
1.9542 0.0159 0.347744 100
1.95676 0.0438 0.3482 100
1.95696 0.0716 0.348235 100
1.95676 0.0995 0.3482 100
1.95617 0.1274 0.348095 100
1.95519 0.1552 0.34792 100
1.95686 0.1834 0.348217 100
1.96099 0.2119 0.348953 100
1.95883 0.2399 0.348568 100
1.96218 0.2687 0.349163 100
1.94987 -0.2038 0.346974 100
1.95056 -0.1758 0.347096 100
1.95184 -0.148 0.347324 100
1.95174 -0.1201 0.347306 100
1.95223 -0.0923 0.347394 100
1.95233 -0.0645 0.347412 100
1.95302 -0.0368 0.347534 100
1.95658 0.0104 0.368638 100
1.95913 0.0383 0.369119 100
1.95844 0.0662 0.36899 100
1.95834 0.0941 0.368971 100
1.9608 0.1222 0.369434 100
1.96375 0.1504 0.369989 100
1.96542 0.1787 0.370304 100
1.96473 0.2069 0.370175 100
1.96365 0.235 0.369971 100
1.96512 0.2636 0.370249 100
1.95972 -0.1979 0.36923 100
1.95441 -0.1693 0.36823 100
1.95363 -0.1413 0.368082 100
1.95441 -0.1134 0.36823 100
1.95382 -0.0855 0.368119 100
1.95284 -0.0577 0.367934 100
1.95441 -0.0299 0.36823 100
1.95183 0.0007 0.387889 100
1.95065 0.0284 0.387655 100
1.95203 0.0563 0.387928 100
1.95399 0.0841 0.388318 100
1.95369 0.112 0.388259 100
1.95389 0.1399 0.388298 100
1.9586 0.1683 0.389234 100
1.96007 0.1965 0.389526 100
1.95811 0.2245 0.389137 100
1.95781 0.2527 0.389078 100
1.95997 0.2814 0.389507 100
1.94879 -0.201 0.387285 100
1.9484 -0.173 0.387207 100
1.94957 -0.1452 0.387441 100
1.95036 -0.1174 0.387597 100
1.95085 -0.0896 0.387694 100
1.95183 -0.0618 0.387889 100
1.95252 -0.034 0.388026 100
1.95253 0.0174 0.408972 100
1.95312 0.0453 0.409095 100
1.95331 0.0731 0.409136 100
1.95498 0.1011 0.409484 100
1.9583 0.1293 0.410181 100
1.95928 0.1574 0.410386 100
1.95987 0.1856 0.410509 100
1.96007 0.2138 0.41055 100
1.95791 0.2418 0.410099 100
1.95928 0.2704 0.410386 100
1.95351 -0.191 0.409177 100
1.95204 -0.1628 0.408869 100
1.95302 -0.1349 0.409074 100
1.95175 -0.1069 0.408808 100
1.95302 -0.079 0.409074 100
1.95292 -0.0512 0.409054 100
1.95021 0.0174 0.41987 100
1.95276 0.0453 0.420417 100
1.95686 0.0733 0.421301 100
1.95755 0.1013 0.421449 100
1.95794 0.1294 0.421533 100
1.95794 0.1575 0.421533 100
1.95755 0.1856 0.421449 100
1.95774 0.2138 0.421491 100
1.95657 0.2419 0.421238 100
1.95794 0.2705 0.421533 100
1.95197 -0.1935 0.420249 100
1.95246 -0.1654 0.420354 100
1.95452 -0.1376 0.420796 100
1.95227 -0.1094 0.420312 100
1.95061 -0.0815 0.419954 100
1.95061 -0.0536 0.419954 100
