0.505895 0.0052 -0.147647 100
0.507719 0.0125 -0.148179 100
0.507431 0.0199 -0.148095 100
0.505223 0.0272 -0.14745 100
0.503879 0.0345 -0.147058 100
0.504263 0.0419 -0.14717 100
0.503687 0.0492 -0.147002 100
0.503015 0.0565 -0.146806 100
0.505031 0.0642 -0.147394 100
0.506951 0.0719 -0.147955 100
0.506951 0.0794 -0.147955 100
0.506759 0.0869 -0.147899 100
0.506471 0.0945 -0.147815 100
0.508007 0.1024 -0.148263 100
0.508487 0.1101 -0.148403 100
0.509735 0.1182 -0.148767 100
0.511846 0.1265 -0.149384 100
0.511942 0.1344 -0.149412 100
0.511079 0.1421 -0.149159 100
0.510023 0.1498 -0.148851 100
0.510695 0.158 -0.149047 47
0.501479 -0.172 -0.146358 37
0.500135 -0.1635 -0.145966 100
0.500423 -0.1556 -0.14605 100
0.499655 -0.1475 -0.145825 100
0.500615 -0.14 -0.146106 100
0.500615 -0.1322 -0.146106 100
0.500519 -0.1245 -0.146078 100
0.502055 -0.1172 -0.146526 100
0.502631 -0.1097 -0.146694 100
0.503111 -0.1022 -0.146834 100
0.502535 -0.0945 -0.146666 100
0.502823 -0.087 -0.14675 100
0.503975 -0.0797 -0.147086 100
0.504935 -0.0724 -0.147366 100
0.504839 -0.0574 -0.147338 100
0.504551 -0.05 -0.147254 100
0.504263 -0.0426 -0.14717 100
0.505703 -0.0353 -0.14759 100
0.505223 -0.0279 -0.14745 100
0.505511 -0.0206 -0.147534 100
0.504743 -0.0132 -0.14731 100
0.505063 0.004 -0.146926 100
0.505927 0.0114 -0.147177 100
0.505735 0.0188 -0.147121 100
0.506407 0.0262 -0.147317 100
0.506888 0.0336 -0.147456 100
0.507368 0.0411 -0.147596 100
0.506792 0.0484 -0.147428 100
0.506984 0.0559 -0.147484 100
0.508136 0.0635 -0.147819 100
0.509096 0.0712 -0.148099 100
0.510056 0.0789 -0.148378 100
0.509864 0.0865 -0.148322 100
0.509576 0.094 -0.148238 100
0.509192 0.1016 -0.148127 100
0.509672 0.1094 -0.148266 100
0.511977 0.1177 -0.148937 100
0.513129 0.1258 -0.149272 100
0.512265 0.1335 -0.149021 100
0.511401 0.1412 -0.148769 100
0.510344 0.1489 -0.148462 100
0.502279 -0.1665 -0.146116 45
0.500838 -0.158 -0.145697 100
0.50103 -0.1502 -0.145752 100
0.501126 -0.1423 -0.14578 100
0.502087 -0.1348 -0.14606 100
0.502951 -0.1272 -0.146311 100
0.502663 -0.1194 -0.146227 100
0.502375 -0.1117 -0.146143 100
0.501991 -0.104 -0.146032 100
0.502375 -0.0965 -0.146143 100
0.504583 -0.0893 -0.146786 100
0.505735 -0.082 -0.147121 100
0.504871 -0.0743 -0.14687 100
0.504871 -0.0669 -0.14687 100
0.504775 -0.0594 -0.146842 100
0.504487 -0.0519 -0.146758 100
0.504199 -0.0445 -0.146674 100
0.502855 -0.037 -0.146283 100
0.503335 -0.0297 -0.146423 100
0.505543 -0.0225 -0.147065 100
0.505831 -0.0151 -0.147149 100
0.505927 -0.0077 -0.147177 100
0.504077 0.0047 -0.146734 100
0.503021 0.012 -0.146427 100
0.503693 0.0193 -0.146622 100
0.503405 0.0266 -0.146539 100
0.503021 0.0339 -0.146427 100
0.504461 0.0414 -0.146846 100
0.50475 0.0488 -0.14693 100
0.505038 0.0562 -0.147014 100
0.50619 0.0638 -0.147349 100
0.50715 0.0714 -0.147629 100
0.506094 0.0788 -0.147321 100
0.506958 0.0864 -0.147573 100
0.50763 0.0941 -0.147768 100
0.508206 0.1019 -0.147936 100
0.508686 0.1096 -0.148076 100
0.509934 0.1177 -0.148439 100
0.511183 0.1257 -0.148803 100
0.511279 0.1336 -0.14883 100
0.510318 0.1413 -0.148551 100
0.511183 0.1495 -0.148803 100
0.504173 -0.167 -0.146762 43
0.501773 -0.1582 -0.146063 100
0.502925 -0.1506 -0.146399 100
0.500237 -0.142 -0.145616 100
0.499277 -0.134 -0.145337 100
0.501005 -0.1267 -0.14584 100
0.501773 -0.1192 -0.146063 100
0.501389 -0.1115 -0.145952 100
0.501005 -0.1038 -0.14584 100
0.501389 -0.0963 -0.145952 100
0.502637 -0.0891 -0.146315 100
0.501869 -0.0814 -0.146091 100
0.501965 -0.074 -0.146119 100
0.501965 -0.0666 -0.146119 100
0.501869 -0.0592 -0.146091 100
0.501581 -0.0518 -0.146008 100
0.502253 -0.0445 -0.146203 100
0.502829 -0.0372 -0.146371 100
0.503213 -0.0299 -0.146483 100
0.503597 -0.0226 -0.146595 100
0.503885 -0.0153 -0.146678 100
0.503021 -0.0079 -0.146427 100
0.503898 0.0038 -0.14735 100
0.502842 0.0111 -0.147041 100
0.50361 0.0184 -0.147266 100
0.504282 0.0258 -0.147462 100
0.503898 0.0331 -0.14735 100
0.502362 0.0404 -0.146901 100
0.502746 0.0478 -0.147013 100
0.504954 0.0554 -0.147659 100
0.506105 0.063 -0.147996 100
0.506105 0.0705 -0.147996 100
0.507065 0.0781 -0.148276 100
0.507833 0.0858 -0.148501 100
0.507545 0.0933 -0.148417 100
0.508121 0.1011 -0.148585 100
0.506777 0.1085 -0.148192 100
0.508985 0.1167 -0.148838 100
0.511096 0.125 -0.149455 100
0.511288 0.1329 -0.149511 100
0.510328 0.1406 -0.14923 100
0.507545 0.1477 -0.148417 100
0.50457 0.1548 -0.147546 49
0.503034 -0.1702 -0.147097 49
0.501594 -0.1617 -0.146676 100
0.502746 -0.1541 -0.147013 100
0.502938 -0.1462 -0.147069 100
0.502074 -0.1381 -0.146817 100
0.501978 -0.1303 -0.146789 100
0.501786 -0.1225 -0.146733 100
0.503418 -0.1152 -0.14721 100
0.503994 -0.1077 -0.147378 100
0.504378 -0.1002 -0.14749 100
0.503802 -0.0925 -0.147322 100
0.50313 -0.0848 -0.147125 100
0.503226 -0.0773 -0.147154 100
0.503322 -0.0699 -0.147182 100
0.504186 -0.0625 -0.147434 100
0.503994 -0.0551 -0.147378 100
0.503706 -0.0477 -0.147294 100
0.504378 -0.0403 -0.14749 100
0.503898 -0.0329 -0.14735 100
0.503322 -0.0256 -0.147182 100
0.50361 -0.0182 -0.147266 100
0.503802 -0.0109 -0.147322 100
0.503975 0.0001 -0.147086 100
0.505799 0.0075 -0.147618 100
0.506663 0.0149 -0.147871 100
0.506375 0.0222 -0.147787 100
0.505127 0.0296 -0.147422 100
0.503687 0.0368 -0.147002 100
0.503111 0.0442 -0.146834 100
0.504455 0.0517 -0.147226 100
0.506567 0.0594 -0.147843 100
0.507623 0.067 -0.148151 100
0.507623 0.0745 -0.148151 100
0.507527 0.0821 -0.148123 100
0.508199 0.0898 -0.148319 100
0.508871 0.0976 -0.148515 100
0.507527 0.105 -0.148123 100
0.506951 0.1126 -0.147955 100
0.509159 0.1208 -0.148599 100
0.512134 0.1294 -0.149468 100
0.51319 0.1376 -0.149776 100
0.51127 0.1451 -0.149215 100
0.511079 0.1531 -0.149159 100
0.503687 -0.1683 -0.147002 16
0.503111 -0.16 -0.146834 100
0.504263 -0.1524 -0.14717 100
0.502631 -0.144 -0.146694 100
0.501671 -0.1359 -0.146414 100
0.500711 -0.1279 -0.146134 100
0.502343 -0.1206 -0.14661 100
0.503015 -0.113 -0.146806 100
0.503495 -0.1055 -0.146946 100
0.503879 -0.0979 -0.147058 100
0.503303 -0.0903 -0.14689 100
0.503495 -0.0828 -0.146946 100
0.504551 -0.0754 -0.147254 100
0.503591 -0.0678 -0.146974 100
0.502535 -0.0602 -0.146666 100
0.502343 -0.0528 -0.14661 100
0.502055 -0.0454 -0.146526 100
0.502631 -0.0381 -0.146694 100
0.502151 -0.0307 -0.146554 100
0.502535 -0.0234 -0.146666 100
0.504743 -0.0161 -0.14731 100
0.505799 -0.0088 -0.147618 100
0.507317 0.0071 -0.146334 100
0.508086 0.0145 -0.146555 100
0.508758 0.0219 -0.146749 100
0.50847 0.0293 -0.146666 100
0.50895 0.0367 -0.146805 100
0.509431 0.0442 -0.146943 100
0.51068 0.0518 -0.147304 100
0.510872 0.0593 -0.147359 100
0.510968 0.0669 -0.147387 100
0.511929 0.0746 -0.147664 100
0.511833 0.0821 -0.147636 100
0.51068 0.0896 -0.147304 100
0.513178 0.0977 -0.148024 100
0.51558 0.1059 -0.148717 100
0.5151 0.1136 -0.148578 100
0.515388 0.1215 -0.148662 100
0.514619 0.1292 -0.14844 100
0.514715 0.1372 -0.148468 100
0.51289 0.1446 -0.147941 100
0.510872 0.1521 -0.147359 100
0.504915 -0.1689 -0.145641 9
0.508086 -0.1619 -0.146555 100
0.511064 -0.1548 -0.147414 100
0.511256 -0.1468 -0.14747 100
0.510392 -0.1386 -0.14722 100
0.507509 -0.13 -0.146389 100
0.507413 -0.1221 -0.146361 100
0.507125 -0.1143 -0.146278 100
0.506644 -0.1066 -0.14614 100
0.507125 -0.099 -0.146278 100
0.507413 -0.0915 -0.146361 100
0.507701 -0.0839 -0.146444 100
0.507797 -0.0764 -0.146472 100
0.508758 -0.069 -0.146749 100
0.508662 -0.0615 -0.146722 100
0.507605 -0.0539 -0.146417 100
0.506356 -0.0464 -0.146056 100
0.506933 -0.039 -0.146223 100
0.506452 -0.0316 -0.146084 100
0.50674 -0.0242 -0.146167 100
0.506068 -0.0168 -0.145973 100
0.50626 -0.0095 -0.146029 100
0.507976 0.0038 -0.14403 100
0.510573 0.0187 -0.144766 100
0.509323 0.026 -0.144412 100
0.509804 0.0335 -0.144548 100
0.511247 0.0411 -0.144957 100
0.511632 0.0486 -0.145067 100
0.510958 0.056 -0.144876 100
0.511054 0.0636 -0.144903 100
0.511151 0.0711 -0.14493 100
0.512016 0.0788 -0.145176 100
0.510862 0.0863 -0.144848 100
0.51067 0.0939 -0.144794 100
0.511247 0.1017 -0.144957 100
0.512594 0.1097 -0.145339 100
0.513941 0.1178 -0.145721 100
0.514133 0.1257 -0.145776 100
0.515191 0.1339 -0.146076 100
0.513363 0.1414 -0.145558 100
0.514133 0.1497 -0.145776 100
0.505859 -0.1712 -0.14343 43
0.505378 -0.163 -0.143293 100
0.506629 -0.1553 -0.143648 100
0.507687 -0.1477 -0.143948 100
0.506821 -0.1395 -0.143703 100
0.504993 -0.1312 -0.143184 100
0.504801 -0.1233 -0.14313 100
0.505474 -0.1158 -0.143321 100
0.506533 -0.1006 -0.143621 100
0.506821 -0.0931 -0.143703 100
0.508072 -0.0857 -0.144057 100
0.507302 -0.078 -0.143839 100
0.507302 -0.0705 -0.143839 100
0.508168 -0.0631 -0.144085 100
0.509034 -0.0557 -0.14433 100
0.508745 -0.0482 -0.144248 100
0.510285 -0.0409 -0.144685 100
0.510766 -0.0335 -0.144821 100
0.510285 -0.026 -0.144685 100
0.510573 -0.0186 -0.144766 100
0.509804 -0.0111 -0.144548 100
0.514529 0.0035 -0.142885 100
0.514432 0.011 -0.142858 100
0.515203 0.0185 -0.143072 100
0.515878 0.026 -0.143259 100
0.516456 0.0335 -0.14342 100
0.516841 0.0411 -0.143527 100
0.517227 0.0487 -0.143634 100
0.517516 0.0563 -0.143714 100
0.516649 0.0637 -0.143474 100
0.517708 0.0715 -0.143768 100
0.520503 0.0796 -0.144544 100
0.522237 0.0876 -0.145026 100
0.521948 0.0953 -0.144945 100
0.520599 0.1029 -0.144571 100
0.521081 0.1108 -0.144704 100
0.520406 0.1185 -0.144517 100
0.519732 0.1263 -0.14433 100
0.519828 0.1343 -0.144357 100
0.518961 0.1421 -0.144116 100
0.520695 0.1507 -0.144597 100
0.509326 -0.1723 -0.14144 18
0.509807 -0.1644 -0.141574 100
0.511927 -0.157 -0.142162 100
0.513084 -0.1493 -0.142484 100
0.514047 -0.1415 -0.142751 100
0.515974 -0.1341 -0.143286 100
0.516745 -0.1264 -0.1435 100
0.516552 -0.1184 -0.143447 100
0.514336 -0.1101 -0.142831 100
0.513854 -0.1023 -0.142698 100
0.51424 -0.0947 -0.142805 100
0.514529 -0.087 -0.142885 100
0.514625 -0.0794 -0.142912 100
0.514722 -0.0718 -0.142938 100
0.514529 -0.0567 -0.142885 100
0.51424 -0.0491 -0.142805 100
0.514914 -0.0417 -0.142992 100
0.515396 -0.0342 -0.143126 100
0.515781 -0.0267 -0.143233 100
0.516167 -0.0193 -0.14334 100
0.515396 -0.0118 -0.143126 100
0.517011 0.0055 -0.137566 100
0.517784 0.013 -0.137772 100
0.517591 0.0205 -0.13772 100
0.517784 0.0355 -0.137772 100
0.517301 0.0429 -0.137643 100
0.517591 0.0505 -0.13772 100
0.516915 0.058 -0.13754 100
0.517978 0.0657 -0.137823 100
0.518944 0.0734 -0.13808 100
0.517881 0.0809 -0.137797 100
0.518654 0.0887 -0.138003 100
0.521263 0.0969 -0.138697 100
0.521746 0.1048 -0.138826 100
0.521263 0.1125 -0.138697 100
0.520587 0.1202 -0.138517 100
0.51991 0.128 -0.138337 100
0.520007 0.1359 -0.138363 100
0.518074 0.1434 -0.137849 100
0.517978 0.1514 -0.137823 100
0.508894 -0.1721 -0.135406 12
0.511116 -0.1647 -0.135998 100
0.513339 -0.1573 -0.136589 100
0.514499 -0.1496 -0.136898 100
0.515465 -0.1419 -0.137155 100
0.515465 -0.134 -0.137155 100
0.515368 -0.1261 -0.137129 100
0.516045 -0.1184 -0.137309 100
0.517591 -0.1109 -0.13772 100
0.516238 -0.1029 -0.13736 100
0.514692 -0.0949 -0.136949 100
0.515948 -0.0875 -0.137283 100
0.516141 -0.0798 -0.137335 100
0.516141 -0.0723 -0.137335 100
0.517108 -0.0648 -0.137592 100
0.516915 -0.0572 -0.13754 100
0.516721 -0.0497 -0.137489 100
0.517301 -0.0422 -0.137643 100
0.517881 -0.0347 -0.137797 100
0.518268 -0.0272 -0.1379 100
0.518557 -0.0198 -0.137977 100
0.519814 -0.0123 -0.138312 100
0.521004 0.0033 -0.134159 100
0.520907 0.0108 -0.134134 100
0.521682 0.0183 -0.134333 100
0.521392 0.0259 -0.134259 100
0.521973 0.0334 -0.134408 100
0.521392 0.041 -0.134259 100
0.521779 0.0486 -0.134358 100
0.523038 0.0563 -0.134683 100
0.525072 0.0642 -0.135206 100
0.526137 0.072 -0.135481 100
0.52604 0.0797 -0.135456 100
0.525846 0.0875 -0.135406 100
0.527493 0.0955 -0.13583 100
0.527105 0.1033 -0.13573 100
0.525653 0.1109 -0.135356 100
0.525943 0.1189 -0.135431 100
0.525265 0.1267 -0.135256 100
0.525362 0.1347 -0.135281 100
0.524394 0.1426 -0.135032 100
0.524297 0.1506 -0.135007 100
0.512773 -0.1729 -0.132039 11
0.514129 -0.1652 -0.132388 100
0.516259 -0.1578 -0.132937 100
0.517421 -0.1501 -0.133236 100
0.518486 -0.1423 -0.133511 100
0.519455 -0.1346 -0.13376 100
0.519261 -0.1267 -0.13371 100
0.520036 -0.1189 -0.13391 100
0.522069 -0.1037 -0.134433 100
0.520617 -0.0956 -0.134059 100
0.519939 -0.0878 -0.133885 100
0.520133 -0.0802 -0.133934 100
0.520133 -0.0725 -0.133934 100
0.519164 -0.0648 -0.133685 100
0.520036 -0.0573 -0.13391 100
0.520714 -0.0498 -0.134084 100
0.521295 -0.0423 -0.134234 100
0.519939 -0.0346 -0.133885 100
0.519358 -0.0271 -0.133735 100
0.520617 -0.0196 -0.134059 100
0.521876 -0.0121 -0.134383 100
0.520935 0.0049 -0.130367 100
0.520838 0.0124 -0.130342 100
0.521517 0.02 -0.130512 100
0.522196 0.0276 -0.130682 100
0.521808 0.0351 -0.130585 100
0.522196 0.0427 -0.130682 100
0.523457 0.0504 -0.130998 100
0.524719 0.0582 -0.131314 100
0.526756 0.0662 -0.131823 100
0.527726 0.074 -0.132066 100
0.527629 0.0818 -0.132042 100
0.527435 0.0896 -0.131993 100
0.528017 0.0975 -0.132139 100
0.528599 0.1055 -0.132285 100
0.528017 0.1134 -0.132139 100
0.526465 0.121 -0.13175 100
0.524816 0.1367 -0.131338 100
0.524816 0.1447 -0.131338 100
0.528405 0.1539 -0.132236 100
0.519674 -0.1665 -0.130051 32
0.519092 -0.1582 -0.129905 100
0.520256 -0.1504 -0.130197 100
0.520353 -0.1423 -0.130221 100
0.521323 -0.1346 -0.130464 100
0.523069 -0.127 -0.130901 100
0.523845 -0.1192 -0.131095 100
0.524428 -0.1114 -0.131241 100
0.52501 -0.1037 -0.131386 100
0.524428 -0.0957 -0.131241 100
0.521808 -0.0875 -0.130585 100
0.521032 -0.0796 -0.130391 100
0.522099 -0.0721 -0.130658 100
0.523069 -0.0645 -0.130901 100
0.523845 -0.057 -0.131095 100
0.523651 -0.0493 -0.131046 100
0.523263 -0.0417 -0.130949 100
0.524719 -0.0342 -0.131314 100
0.525107 -0.0266 -0.131411 100
0.524525 -0.0189 -0.131265 100
0.524719 -0.0114 -0.131314 100
0.531768 0.0068 -0.132388 100
0.532545 0.0145 -0.132581 100
0.534291 0.0222 -0.133016 100
0.533903 0.0299 -0.132919 100
0.533418 0.0376 -0.132798 100
0.532836 0.0452 -0.132653 100
0.533127 0.053 -0.132726 100
0.533418 0.0608 -0.132798 100
0.534388 0.0687 -0.13304 100
0.533418 0.0764 -0.132798 100
0.533321 0.0842 -0.132774 100
0.534 0.0922 -0.132943 100
0.534679 0.1002 -0.133112 100
0.533224 0.1079 -0.13275 100
0.532642 0.1158 -0.132605 100
0.532933 0.1239 -0.132677 100
0.533127 0.132 -0.132726 100
0.534971 0.1406 -0.133185 100
0.532156 0.148 -0.132484 100
0.528178 0.1551 -0.131494 49
0.527305 -0.1654 -0.131276 26
0.523908 -0.1561 -0.130431 100
0.524102 -0.148 -0.130479 100
0.525073 -0.1402 -0.130721 100
0.526916 -0.1327 -0.13118 100
0.526819 -0.1246 -0.131156 100
0.526528 -0.1166 -0.131083 100
0.527111 -0.1088 -0.131228 100
0.527596 -0.101 -0.131349 100
0.527984 -0.0933 -0.131445 100
0.529148 -0.0857 -0.131735 100
0.530313 -0.0781 -0.132025 100
0.530313 -0.0703 -0.132025 100
0.530216 -0.0625 -0.132001 100
0.531089 -0.0549 -0.132218 100
0.530798 -0.0472 -0.132146 100
0.53138 -0.0395 -0.132291 100
0.530895 -0.0318 -0.13217 100
0.532254 -0.0242 -0.132508 100
0.532448 -0.0166 -0.132557 100
0.532642 -0.0089 -0.132605 100
0.536354 0.0001 -0.126196 100
0.536257 0.0078 -0.126173 100
0.536159 0.0155 -0.12615 100
0.535867 0.0231 -0.126081 100
0.535478 0.0308 -0.12599 100
0.536062 0.0385 -0.126127 100
0.535478 0.0462 -0.12599 100
0.53577 0.054 -0.126058 100
0.536841 0.0618 -0.12631 100
0.536938 0.0696 -0.126333 100
0.535965 0.0773 -0.126104 100
0.536743 0.0853 -0.126287 100
0.535186 0.1008 -0.125921 100
0.534797 0.1087 -0.125829 100
0.536062 0.1169 -0.126127 100
0.536354 0.125 -0.126196 100
0.536451 0.1332 -0.126219 100
0.536549 0.1413 -0.126242 100
0.535478 0.1493 -0.12599 100
0.539956 0.1588 -0.127043 100
0.5237 -0.1693 -0.123218 14
0.525938 -0.1618 -0.123745 100
0.527107 -0.154 -0.12402 100
0.528275 -0.1461 -0.124295 100
0.527301 -0.1378 -0.124066 100
0.528177 -0.13 -0.124272 100
0.528956 -0.1222 -0.124455 100
0.529637 -0.1144 -0.124615 100
0.530221 -0.1067 -0.124753 100
0.531584 -0.0991 -0.125074 100
0.53285 -0.0914 -0.125371 100
0.534018 -0.0838 -0.125646 100
0.534212 -0.076 -0.125692 100
0.534212 -0.0682 -0.125692 100
0.534115 -0.0605 -0.125669 100
0.534894 -0.0528 -0.125852 100
0.535575 -0.0452 -0.126013 100
0.536062 -0.0375 -0.126127 100
0.534602 -0.0297 -0.125784 100
0.534018 -0.022 -0.125646 100
0.534212 -0.0144 -0.125692 100
0.539108 0.0054 -0.123175 100
0.538913 0.0131 -0.123131 100
0.539692 0.0209 -0.123309 100
0.5394 0.0286 -0.123242 100
0.538913 0.0363 -0.123131 100
0.539302 0.0441 -0.12322 100
0.538718 0.0518 -0.123086 100
0.538913 0.0597 -0.123131 100
0.53901 0.0675 -0.123153 100
0.539985 0.0755 -0.123376 100
0.540862 0.0835 -0.123576 100
0.541545 0.0915 -0.123732 100
0.541252 0.0995 -0.123665 100
0.540765 0.1074 -0.123554 100
0.54213 0.1157 -0.123866 100
0.544274 0.1244 -0.124356 100
0.546322 0.1331 -0.124823 100
0.548271 0.1419 -0.125269 100
0.544372 0.1492 -0.124378 100
0.539497 0.1561 -0.123264 45
0.538523 -0.17 -0.123041 33
0.534233 -0.1603 -0.122061 100
0.534526 -0.1521 -0.122128 100
0.534623 -0.1439 -0.12215 100
0.533746 -0.1356 -0.12195 100
0.533648 -0.1274 -0.121928 100
0.534331 -0.1196 -0.122084 100
0.534916 -0.1117 -0.122217 100
0.5355 -0.1039 -0.122351 100
0.53589 -0.096 -0.12244 100
0.535208 -0.088 -0.122284 100
0.536378 -0.0803 -0.122551 100
0.536378 -0.0725 -0.122551 100
0.537353 -0.0648 -0.122774 100
0.53823 -0.0571 -0.122975 100
0.537938 -0.0493 -0.122908 100
0.537548 -0.0416 -0.122819 100
0.539108 -0.0339 -0.123175 100
0.539497 -0.0262 -0.123264 100
0.538815 -0.0184 -0.123108 100
0.53901 -0.0107 -0.123153 100
0.541345 0.0016 -0.117735 100
0.541247 0.0094 -0.117714 100
0.541052 0.0171 -0.117672 100
0.540759 0.0249 -0.117608 100
0.541345 0.0327 -0.117735 100
0.541834 0.0405 -0.117842 100
0.541247 0.0482 -0.117714 100
0.540661 0.0638 -0.117587 100
0.540759 0.0717 -0.117608 100
0.539684 0.0794 -0.117374 100
0.540466 0.0875 -0.117544 100
0.540172 0.0954 -0.11748 100
0.539782 0.1033 -0.117395 100
0.54027 0.1114 -0.117502 100
0.54154 0.1197 -0.117778 100
0.54369 0.1284 -0.118245 100
0.546622 0.1373 -0.118883 100
0.547501 0.1459 -0.119074 100
0.546426 0.154 -0.118841 100
0.54711 0.1626 -0.118989 50
0.538218 -0.1753 -0.117055 12
0.53773 -0.1668 -0.116949 100
0.538023 -0.1585 -0.117013 100
0.536361 -0.1497 -0.116652 100
0.534603 -0.141 -0.116269 100
0.533625 -0.1327 -0.116057 100
0.535384 -0.125 -0.116439 100
0.536068 -0.1171 -0.116588 100
0.537632 -0.1094 -0.116928 100
0.53812 -0.1015 -0.117034 100
0.537534 -0.0935 -0.116907 100
0.537827 -0.0856 -0.11697 100
0.537925 -0.0778 -0.116992 100
0.539 -0.0701 -0.117225 100
0.539879 -0.0624 -0.117417 100
0.540661 -0.0546 -0.117587 100
0.540368 -0.0468 -0.117523 100
0.540954 -0.0391 -0.11765 100
0.54242 -0.0314 -0.117969 100
0.542811 -0.0236 -0.118054 100
0.543104 -0.0158 -0.118118 100
0.543202 -0.0081 -0.118139 100
0.546128 0.0061 -0.11449 100
0.546911 0.0139 -0.114654 100
0.547694 0.0217 -0.114818 100
0.548281 0.0295 -0.114941 100
0.54789 0.0373 -0.114859 100
0.548281 0.0451 -0.114941 100
0.549554 0.0531 -0.115208 100
0.550728 0.0611 -0.115454 100
0.550826 0.069 -0.115475 100
0.551805 0.0771 -0.11568 100
0.551609 0.085 -0.115639 100
0.551413 0.093 -0.115598 100
0.552001 0.1012 -0.115721 100
0.554447 0.1097 -0.116234 100
0.55572 0.1182 -0.116501 100
0.556013 0.1265 -0.116562 100
0.556111 0.1348 -0.116583 100
0.55709 0.1434 -0.116788 100
0.555132 0.1513 -0.116378 100
0.556796 0.1603 -0.116727 45
0.544464 -0.1676 -0.114141 9
0.546715 -0.1598 -0.114613 100
0.548771 -0.1521 -0.115044 100
0.549847 -0.144 -0.11527 100
0.548966 -0.1355 -0.115085 100
0.548771 -0.1273 -0.115044 100
0.548575 -0.1191 -0.115003 100
0.546324 -0.1105 -0.114531 100
0.543877 -0.102 -0.114018 100
0.544269 -0.0941 -0.1141 100
0.545443 -0.0864 -0.114346 100
0.546618 -0.0787 -0.114593 100
0.546618 -0.0708 -0.114593 100
0.546618 -0.0629 -0.114593 100
0.547401 -0.0552 -0.114757 100
0.548086 -0.0474 -0.1149 100
0.548673 -0.0396 -0.115024 100
0.549162 -0.0319 -0.115126 100
0.549554 -0.0241 -0.115208 100
0.548869 -0.0162 -0.115065 100
0.547988 -0.0085 -0.11488 100
0.547087 0.0063 -0.109815 100
0.548852 0.0142 -0.11017 100
0.548656 0.022 -0.11013 100
0.548264 0.0298 -0.110052 100
0.548754 0.0377 -0.11015 100
0.549244 0.0455 -0.110248 100
0.549538 0.0534 -0.110307 100
0.551597 0.0616 -0.110721 100
0.552676 0.0697 -0.110937 100
0.554637 0.078 -0.111331 100
0.555421 0.0861 -0.111488 100
0.555127 0.0942 -0.111429 100
0.556696 0.1026 -0.111744 100
0.558166 0.1111 -0.112039 100
0.55748 0.1193 -0.111902 100
0.557774 0.1276 -0.111961 100
0.557872 0.136 -0.11198 100
0.555911 0.1439 -0.111587 100
0.556794 0.1526 -0.111764 100
0.54444 -0.171 -0.109284 12
0.545715 -0.163 -0.10954 100
0.547872 -0.1552 -0.109973 100
0.549048 -0.1471 -0.110209 100
0.549048 -0.1388 -0.110209 100
0.547087 -0.1301 -0.109815 100
0.546009 -0.1217 -0.109599 100
0.546597 -0.1137 -0.109717 100
0.546205 -0.1055 -0.109638 100
0.546597 -0.0976 -0.109717 100
0.546891 -0.0896 -0.109776 100
0.547185 -0.0817 -0.109835 100
0.546303 -0.0736 -0.109658 100
0.546205 -0.0657 -0.109638 100
0.547087 -0.0579 -0.109815 100
0.546891 -0.05 -0.109776 100
0.546499 -0.0422 -0.109697 100
0.54797 -0.0345 -0.109993 100
0.54944 -0.0267 -0.110288 100
0.548754 -0.0189 -0.11015 100
0.54895 -0.011 -0.110189 100
0.557105 0.0025 -0.105467 100
0.557989 0.0104 -0.105635 100
0.558775 0.0184 -0.105784 100
0.560445 0.0264 -0.1061 100
0.561035 0.0345 -0.106211 100
0.561428 0.0425 -0.106286 100
0.562803 0.0507 -0.106546 100
0.563983 0.0589 -0.10677 100
0.565063 0.0671 -0.106974 100
0.565063 0.0753 -0.106974 100
0.565948 0.0836 -0.107142 100
0.565653 0.0918 -0.107086 100
0.566341 0.1002 -0.107216 100
0.566832 0.1086 -0.107309 100
0.567127 0.1171 -0.107365 100
0.567421 0.1256 -0.107421 100
0.566635 0.1339 -0.107272 100
0.565653 0.1422 -0.107086 100
0.564572 0.1504 -0.106881 100
0.564376 0.159 -0.106844 49
0.554845 -0.1711 -0.10504 39
0.554255 -0.1623 -0.104928 100
0.555533 -0.1542 -0.10517 100
0.555631 -0.1457 -0.105188 100
0.555729 -0.1373 -0.105207 100
0.556613 -0.1292 -0.105374 100
0.557301 -0.1211 -0.105505 100
0.557989 -0.1129 -0.105635 100
0.555631 -0.1042 -0.105188 100
0.555041 -0.096 -0.105077 100
0.556319 -0.0881 -0.105319 100
0.556515 -0.08 -0.105356 100
0.557498 -0.0721 -0.105542 100
0.557498 -0.064 -0.105542 100
0.556319 -0.0559 -0.105319 100
0.558087 -0.0481 -0.105653 100
0.558677 -0.0401 -0.105765 100
0.558185 -0.0321 -0.105672 100
0.556613 -0.0241 -0.105374 100
0.556908 -0.0162 -0.10543 100
0.557989 -0.0082 -0.105635 100
0.559795 0.0008 -0.101934 100
0.558713 0.0087 -0.101737 100
0.558614 0.0166 -0.101719 100
0.559303 0.0246 -0.101844 100
0.55891 0.0325 -0.101773 100
0.558418 0.0405 -0.101683 100
0.559697 0.0486 -0.101916 100
0.560976 0.0567 -0.102149 100
0.563042 0.065 -0.102525 100
0.564025 0.0732 -0.102704 100
0.564025 0.0814 -0.102704 100
0.563829 0.0895 -0.102668 100
0.564419 0.0978 -0.102776 100
0.564025 0.106 -0.102704 100
0.564419 0.1144 -0.102776 100
0.565698 0.123 -0.103009 100
0.565895 0.1315 -0.103045 100
0.564911 0.1397 -0.102865 100
0.563927 0.148 -0.102686 100
0.564714 0.1568 -0.10283 52
0.542086 -0.1746 -0.0987093 12
0.551039 -0.169 -0.100339 52
0.556155 -0.1619 -0.101271 100
0.556352 -0.1535 -0.101307 100
0.556548 -0.1451 -0.101343 100
0.556548 -0.1367 -0.101343 100
0.557434 -0.1286 -0.101504 100
0.558221 -0.1205 -0.101647 100
0.556844 -0.112 -0.101396 100
0.555466 -0.1035 -0.101146 100
0.554876 -0.0953 -0.101038 100
0.556155 -0.0874 -0.101271 100
0.557237 -0.0795 -0.101468 100
0.556352 -0.0713 -0.101307 100
0.556352 -0.0633 -0.101307 100
0.558123 -0.0555 -0.101629 100
0.558811 -0.0476 -0.101755 100
0.558418 -0.0396 -0.101683 100
0.55891 -0.0317 -0.101773 100
0.560287 -0.0238 -0.102023 100
0.559598 -0.0158 -0.101898 100
0.572556 0.0029 -0.0986919 100
0.572458 0.0111 -0.0986749 100
0.572261 0.0192 -0.0986409 100
0.571965 0.0273 -0.0985899 100
0.572458 0.0354 -0.0986749 100
0.571965 0.0435 -0.0985899 100
0.571275 0.0516 -0.098471 100
0.572458 0.0599 -0.0986749 100
0.572556 0.0682 -0.0986919 100
0.572556 0.0764 -0.0986919 100
0.573443 0.0848 -0.0988447 100
0.574133 0.0932 -0.0989636 100
0.574724 0.1017 -0.0990656 100
0.574232 0.11 -0.0989806 100
0.574626 0.1185 -0.0990486 100
0.574823 0.1271 -0.0990825 100
0.574922 0.1357 -0.0990995 100
0.574922 0.1443 -0.0990995 100
0.575809 0.1532 -0.0992524 100
0.581229 0.1635 -0.100187 100
0.56418 -0.1693 -0.097248 18
0.564574 -0.1607 -0.0973159 100
0.566742 -0.1527 -0.0976897 100
0.567826 -0.1444 -0.0978765 100
0.567826 -0.1359 -0.0978765 100
0.565757 -0.127 -0.0975198 100
0.564574 -0.1183 -0.0973159 100
0.566151 -0.1103 -0.0975877 100
0.568615 -0.1025 -0.0980124 100
0.569009 -0.0942 -0.0980803 100
0.56822 -0.0859 -0.0979445 100
0.569403 -0.0778 -0.0981483 100
0.569403 -0.0696 -0.0981483 100
0.57029 -0.0615 -0.0983012 100
0.571078 -0.0535 -0.0984371 100
0.570783 -0.0453 -0.0983861 100
0.570388 -0.0371 -0.0983182 100
0.570881 -0.029 -0.0984031 100
0.572162 -0.021 -0.0986239 100
0.572458 -0.0129 -0.0986749 100
0.57351 0.0005 -0.0929911 100
0.572424 0.0086 -0.092815 100
0.573313 0.0167 -0.0929591 100
0.573016 0.0248 -0.092911 100
0.572622 0.0329 -0.092847 100
0.573016 0.0411 -0.092911 100
0.573411 0.0493 -0.0929751 100
0.573707 0.0575 -0.0930231 100
0.573806 0.0657 -0.0930391 100
0.572819 0.0738 -0.092879 100
0.57272 0.082 -0.092863 100
0.57351 0.0904 -0.0929911 100
0.573214 0.0987 -0.092943 100
0.574694 0.1073 -0.0931831 100
0.576076 0.116 -0.0934072 100
0.575385 0.1244 -0.0932952 100
0.574596 0.1327 -0.0931671 100
0.573609 0.141 -0.0930071 100
0.575484 0.1501 -0.0933112 100
0.573313 0.1583 -0.0929591 100
0.568278 0.1655 -0.0921428 44
0.566995 -0.1662 -0.0919347 30
0.56739 -0.1577 -0.0919987 100
0.568476 -0.1494 -0.0921748 100
0.569562 -0.1411 -0.0923509 100
0.569562 -0.1326 -0.0923509 100
0.568377 -0.1239 -0.0921588 100
0.569068 -0.1157 -0.0922708 100
0.56966 -0.1074 -0.0923669 100
0.570055 -0.0992 -0.0924309 100
0.57045 -0.091 -0.0924949 100
0.570647 -0.0827 -0.0925269 100
0.570746 -0.0745 -0.0925429 100
0.571733 -0.0665 -0.092703 100
0.572622 -0.0584 -0.092847 100
0.573313 -0.0503 -0.0929591 100
0.573016 -0.0421 -0.092911 100
0.572523 -0.0339 -0.092831 100
0.573905 -0.0259 -0.0930551 100
0.575188 -0.0178 -0.0932632 100
0.575385 -0.0097 -0.0932952 100
0.582846 0.003 -0.0849241 100
0.584726 0.0112 -0.085198 100
0.584528 0.0194 -0.0851692 100
0.583241 0.0276 -0.0849818 100
0.582252 0.044 -0.0848376 100
0.583538 0.0523 -0.085025 100
0.585715 0.0609 -0.0853422 100
0.584825 0.0691 -0.0852125 100
0.583835 0.0773 -0.0850683 100
0.583637 0.0856 -0.0850394 100
0.58433 0.0942 -0.0851404 100
0.584033 0.1025 -0.0850971 100
0.584429 0.1111 -0.0851548 100
0.585814 0.1199 -0.0853566 100
0.587991 0.129 -0.0856738 100
0.588981 0.1379 -0.085818 100
0.588981 0.1467 -0.085818 100
0.586903 0.1549 -0.0855152 100
0.586606 0.1637 -0.085472 100
0.577502 -0.1776 -0.0841455 9
0.577997 -0.1689 -0.0842176 50
0.580174 -0.1608 -0.0845348 100
0.577601 -0.1514 -0.0841599 100
0.57671 -0.1425 -0.0840301 100
0.5777 -0.1342 -0.0841743 100
0.577502 -0.1256 -0.0841455 100
0.578195 -0.1173 -0.0842464 100
0.578788 -0.109 -0.0843329 100
0.579283 -0.1007 -0.084405 100
0.580668 -0.0925 -0.0846069 100
0.580866 -0.0842 -0.0846357 100
0.579976 -0.0758 -0.0845059 100
0.581955 -0.0677 -0.0847943 100
0.581856 -0.0594 -0.0847799 100
0.580668 -0.0511 -0.0846069 100
0.581262 -0.0429 -0.0846934 100
0.581856 -0.0347 -0.0847799 100
0.581262 -0.0265 -0.0846934 100
0.582549 -0.0183 -0.0848808 100
0.583736 -0.0102 -0.0850539 100
0.583353 0.0008 -0.0813621 100
0.583254 0.009 -0.0813483 100
0.581075 0.0172 -0.0810444 100
0.579887 0.0254 -0.0808786 100
0.581373 0.0336 -0.0810858 100
0.583849 0.0421 -0.0814312 100
0.585136 0.0505 -0.0816108 100
0.585433 0.0588 -0.0816522 100
0.585532 0.0672 -0.081666 100
0.585532 0.0755 -0.081666 100
0.585433 0.0839 -0.0816522 100
0.585136 0.0923 -0.0816108 100
0.585829 0.1009 -0.0817074 100
0.585334 0.1093 -0.0816384 100
0.586622 0.1182 -0.081818 100
0.590782 0.1277 -0.0823981 100
0.591871 0.1367 -0.0825501 100
0.58989 0.145 -0.0822738 100
0.58781 0.1533 -0.0819837 100
0.586622 0.1618 -0.081818 50
0.576817 -0.1744 -0.0804504 9
0.576321 -0.1655 -0.0803813 100
0.576718 -0.1568 -0.0804366 100
0.576916 -0.1482 -0.0804642 100
0.576916 -0.1395 -0.0804642 100
0.577807 -0.1312 -0.0805885 100
0.578599 -0.1228 -0.0806991 100
0.578302 -0.1143 -0.0806576 100
0.579887 -0.1061 -0.0808786 100
0.581274 -0.0979 -0.081072 100
0.581571 -0.0896 -0.0811135 100
0.581769 -0.0812 -0.0811411 100
0.581868 -0.0729 -0.0811549 100
0.581868 -0.0646 -0.0811549 100
0.58167 -0.0562 -0.0811273 100
0.581373 -0.048 -0.0810858 100
0.582066 -0.0398 -0.0811825 100
0.582561 -0.0315 -0.0812516 100
0.581868 -0.0233 -0.0811549 100
0.581174 -0.0151 -0.0810582 100
0.589396 0.0008 -0.0814709 100
0.588306 0.0091 -0.0813203 100
0.589099 0.0174 -0.0814298 100
0.590783 0.0258 -0.0816626 100
0.590386 0.0341 -0.0816078 100
0.589891 0.0425 -0.0815394 100
0.590188 0.0509 -0.0815805 100
0.590485 0.0593 -0.0816215 100
0.591575 0.0678 -0.0817721 100
0.590585 0.0761 -0.0816352 100
0.591377 0.0847 -0.0817448 100
0.594052 0.0937 -0.0821145 100
0.595637 0.1025 -0.0823335 100
0.596132 0.1113 -0.082402 100
0.596429 0.1201 -0.0824431 100
0.594745 0.1284 -0.0822103 100
0.593853 0.137 -0.0820871 100
0.593853 0.1459 -0.0820871 100
0.592764 0.1545 -0.0819365 100
0.595339 0.1641 -0.0822925 100
0.572556 -0.1752 -0.0791432 8
0.58157 -0.1691 -0.0803892 100
0.58583 -0.1614 -0.080978 100
0.587018 -0.1529 -0.0811423 100
0.586226 -0.1439 -0.0810327 100
0.584245 -0.1347 -0.0807589 100
0.583155 -0.1258 -0.0806083 100
0.583849 -0.1174 -0.0807041 100
0.585434 -0.1092 -0.0809232 100
0.585929 -0.1007 -0.0809917 100
0.586226 -0.0923 -0.0810327 100
0.586523 -0.0839 -0.0810738 100
0.586622 -0.0755 -0.0810875 100
0.587613 -0.0672 -0.0812244 100
0.587514 -0.0589 -0.0812108 100
0.588306 -0.0506 -0.0813203 100
0.58791 -0.0422 -0.0812655 100
0.588405 -0.0339 -0.081334 100
0.588802 -0.0256 -0.0813888 100
0.590089 -0.0174 -0.0815668 100
0.590287 -0.009 -0.0815941 100
0.591417 0.0049 -0.0737697 100
0.59231 0.0132 -0.0738811 100
0.592012 0.0216 -0.073844 100
0.591715 0.0299 -0.0738068 100
0.592211 0.0383 -0.0738687 100
0.591615 0.0466 -0.0737945 100
0.592905 0.0551 -0.0739554 100
0.593997 0.0637 -0.0740915 100
0.594096 0.0722 -0.0741039 100
0.594989 0.0808 -0.0742153 100
0.596775 0.0896 -0.0744381 100
0.597371 0.0983 -0.0745124 100
0.597966 0.1071 -0.0745866 100
0.597371 0.1157 -0.0745124 100
0.596676 0.1243 -0.0744257 100
0.596875 0.1331 -0.0744505 100
0.596875 0.1419 -0.0744505 100
0.595783 0.1506 -0.0743143 100
0.596478 0.1597 -0.074401 100
0.586158 -0.1711 -0.0731137 18
0.58844 -0.1629 -0.0733984 100
0.590722 -0.1546 -0.0736831 100
0.590822 -0.1458 -0.0736954 100
0.591814 -0.1372 -0.0738192 100
0.593699 -0.1289 -0.0740544 100
0.592509 -0.1199 -0.0739059 100
0.590226 -0.1108 -0.0736212 100
0.588738 -0.102 -0.0734355 100
0.589135 -0.0935 -0.073485 100
0.589333 -0.0851 -0.0735098 100
0.590524 -0.0768 -0.0736583 100
0.591516 -0.0685 -0.0737821 100
0.592409 -0.0601 -0.0738935 100
0.593203 -0.0518 -0.0739925 100
0.592806 -0.0434 -0.073943 100
0.592409 -0.035 -0.0738935 100
0.591814 -0.0266 -0.0738192 100
0.592112 -0.0182 -0.0738564 100
0.59231 -0.0099 -0.0738811 100
0.605205 0.0056 -0.0678846 100
0.606993 0.0142 -0.0680852 100
0.605801 0.0227 -0.0679515 100
0.605403 0.0312 -0.0679069 100
0.604906 0.0396 -0.0678511 100
0.605304 0.0482 -0.0678957 100
0.605602 0.0568 -0.0679292 100
0.604708 0.0653 -0.0678288 100
0.604708 0.0739 -0.0678288 100
0.604608 0.0825 -0.0678177 100
0.60441 0.0911 -0.0677954 100
0.605105 0.0999 -0.0678734 100
0.604608 0.1086 -0.0678177 100
0.606 0.1176 -0.0679738 100
0.606198 0.1265 -0.067996 100
0.606298 0.1355 -0.0680072 100
0.606298 0.1444 -0.0680072 100
0.607192 0.1536 -0.0681075 100
0.606894 0.1627 -0.0680741 100
0.608385 0.1722 -0.0682413 46
0.595565 -0.1702 -0.0668033 14
0.595963 -0.1613 -0.0668479 100
0.597155 -0.1527 -0.0669817 100
0.597255 -0.1438 -0.0669928 100
0.597255 -0.135 -0.0669928 100
0.597155 -0.1262 -0.0669817 100
0.597851 -0.1176 -0.0670597 100
0.599441 -0.1092 -0.0672381 100
0.599938 -0.1006 -0.0672938 100
0.60123 -0.0922 -0.0674387 100
0.601528 -0.0836 -0.0674721 100
0.601627 -0.075 -0.0674833 100
0.602621 -0.0666 -0.0675948 100
0.603416 -0.0581 -0.0676839 100
0.603217 -0.0495 -0.0676616 100
0.601826 -0.0409 -0.0675056 100
0.602323 -0.0325 -0.0675613 100
0.603714 -0.0241 -0.0677174 100
0.602025 -0.0155 -0.0675279 100
0.606647 0.0031 -0.0638683 100
0.606548 0.0116 -0.0638578 100
0.606349 0.0201 -0.0638368 100
0.606946 0.0287 -0.0638997 100
0.607542 0.0373 -0.0639625 100
0.606946 0.0459 -0.0638997 100
0.606249 0.0544 -0.0638264 100
0.606448 0.063 -0.0638473 100
0.606448 0.0716 -0.0638473 100
0.606349 0.0803 -0.0638368 100
0.60615 0.089 -0.0638159 100
0.606846 0.0978 -0.0638892 100
0.607443 0.1067 -0.063952 100
0.606846 0.1154 -0.0638892 100
0.605155 0.1239 -0.0637112 100
0.606349 0.133 -0.0638368 100
0.607343 0.1422 -0.0639415 100
0.608139 0.1515 -0.0640253 100
0.605951 0.16 -0.063795 100
0.604658 0.1688 -0.0636588 45
0.596702 -0.1712 -0.0628212 29
0.596205 -0.162 -0.0627689 100
0.598393 -0.1536 -0.0629992 100
0.596603 -0.1443 -0.0628108 100
0.596603 -0.1354 -0.0628108 100
0.597498 -0.1268 -0.062905 100
0.599188 -0.1184 -0.063083 100
0.598791 -0.1096 -0.0630411 100
0.599288 -0.101 -0.0630935 100
0.600581 -0.0926 -0.0632296 100
0.601874 -0.0841 -0.0633657 100
0.602968 -0.0756 -0.0634809 100
0.602968 -0.067 -0.0634809 100
0.601874 -0.0584 -0.0633657 100
0.599686 -0.0496 -0.0631353 100
0.600282 -0.0412 -0.0631982 100
0.602769 -0.0329 -0.0634599 100
0.60615 -0.0245 -0.0638159 100
0.606448 -0.016 -0.0638473 100
0.612488 0.0035 -0.0555252 100
0.613385 0.0121 -0.0556065 100
0.614181 0.0208 -0.0556787 100
0.614779 0.0294 -0.0557329 100
0.615277 0.0381 -0.055778 100
0.615675 0.0468 -0.0558141 100
0.61697 0.0555 -0.0559315 100
0.618165 0.0644 -0.0560399 100
0.616074 0.0817 -0.0558503 100
0.614878 0.0903 -0.0557419 100
0.616572 0.0994 -0.0558954 100
0.61707 0.1083 -0.0559405 100
0.617468 0.1173 -0.0559767 100
0.617767 0.1264 -0.0560037 100
0.619759 0.1359 -0.0561843 100
0.619759 0.145 -0.0561843 100
0.619659 0.1541 -0.0561753 100
0.617468 0.1628 -0.0559767 100
0.614181 0.1711 -0.0556787 100
0.612289 -0.1778 -0.0555072 17
0.609899 -0.1679 -0.0552905 100
0.611194 -0.1591 -0.0554079 100
0.610496 -0.1498 -0.0553447 100
0.610496 -0.1408 -0.0553447 100
0.611492 -0.132 -0.055435 100
0.611293 -0.123 -0.0554169 100
0.610994 -0.1141 -0.0553898 100
0.610496 -0.1052 -0.0553447 100
0.611891 -0.0966 -0.0554711 100
0.613185 -0.0881 -0.0555884 100
0.613385 -0.0793 -0.0556065 100
0.613484 -0.0706 -0.0556155 100
0.614381 -0.062 -0.0556968 100
0.614181 -0.0533 -0.0556787 100
0.613883 -0.0447 -0.0556516 100
0.614381 -0.0361 -0.0556968 100
0.614878 -0.0275 -0.0557419 100
0.615177 -0.0188 -0.055769 100
0.615376 -0.0102 -0.0557871 100
0.61384 0.0044 -0.0515456 100
0.612743 0.0129 -0.0514535 100
0.612445 0.0215 -0.0514284 100
0.613142 0.0301 -0.051487 100
0.61364 0.0387 -0.0515288 100
0.616032 0.0475 -0.0517296 100
0.616331 0.0561 -0.0517548 100
0.616431 0.0648 -0.0517631 100
0.617427 0.0737 -0.0518468 100
0.617327 0.0824 -0.0518384 100
0.618125 0.0913 -0.0519054 100
0.617826 0.1001 -0.0518803 100
0.618324 0.109 -0.0519221 100
0.617726 0.1178 -0.0518719 100
0.618922 0.127 -0.0519723 100
0.622011 0.1367 -0.0522317 100
0.623007 0.1461 -0.0523154 100
0.620915 0.1547 -0.0521397 100
0.618722 0.1634 -0.0519556 100
0.617327 0.1722 -0.0518384 44
0.613242 -0.172 -0.0514954 13
0.609754 -0.1619 -0.0512025 100
0.610053 -0.1529 -0.0512276 100
0.610153 -0.144 -0.0512359 100
0.611149 -0.1352 -0.0513196 100
0.611946 -0.1265 -0.0513866 100
0.611647 -0.1176 -0.0513615 100
0.610352 -0.1085 -0.0512527 100
0.609754 -0.0996 -0.0512025 100
0.610153 -0.091 -0.0512359 100
0.612345 -0.0826 -0.05142 100
0.612445 -0.0739 -0.0514284 100
0.613341 -0.0654 -0.0515037 100
0.612245 -0.0566 -0.0514117 100
0.611946 -0.048 -0.0513866 100
0.612544 -0.0395 -0.0514368 100
0.613042 -0.0309 -0.0514786 100
0.613441 -0.0224 -0.0515121 100
0.61364 -0.0138 -0.0515288 100
0.626605 0.0068 -0.0418387 100
0.626405 0.0156 -0.0418254 100
0.626106 0.0243 -0.0418054 100
0.627702 0.0332 -0.041912 100
0.628201 0.0421 -0.0419453 100
0.628501 0.0509 -0.0419653 100
0.6288 0.0598 -0.0419853 100
0.6289 0.0687 -0.041992 100
0.630795 0.0779 -0.0421185 100
0.633589 0.0873 -0.0423051 100
0.63329 0.0963 -0.0422851 100
0.631893 0.1051 -0.0421918 100
0.631394 0.1142 -0.0421585 100
0.631693 0.1234 -0.0421785 100
0.630895 0.1324 -0.0421252 100
0.629897 0.1415 -0.0420586 100
0.630795 0.151 -0.0421185 100
0.629598 0.16 -0.0420386 100
0.632192 0.1701 -0.0422118 100
0.627403 0.2071 -0.041892 10
0.636682 0.2201 -0.0425116 41
0.633589 0.229 -0.0423051 45
0.63778 0.2407 -0.0425849 46
0.617525 -0.2643 -0.0412325 26
0.619321 -0.2549 -0.0413524 39
0.621915 -0.2458 -0.0415256 41
0.622414 -0.236 -0.0415589 45
0.617226 -0.2242 -0.0412125 45
0.610241 -0.1745 -0.0407461 12
0.619321 -0.1677 -0.0413524 42
0.624509 -0.1598 -0.0416988 100
0.625707 -0.1508 -0.0417788 100
0.626804 -0.1418 -0.0418521 100
0.6287 -0.133 -0.0419786 100
0.627603 -0.1236 -0.0419054 100
0.625308 -0.1141 -0.0417521 100
0.623911 -0.1048 -0.0416589 100
0.62431 -0.0959 -0.0416855 100
0.624609 -0.087 -0.0417055 100
0.624709 -0.0782 -0.0417122 100
0.624809 -0.0693 -0.0417188 100
0.625707 -0.0605 -0.0417788 100
0.626505 -0.0518 -0.0418321 100
0.626106 -0.0429 -0.0418054 100
0.626705 -0.0341 -0.0418454 100
0.627104 -0.0254 -0.041872 100
0.627403 -0.0166 -0.041892 100
0.629782 0.0012 -0.0391812 100
0.629683 0.0101 -0.0391749 100
0.627487 0.0188 -0.0390383 100
0.627187 0.0277 -0.0390197 100
0.627686 0.0365 -0.0390508 100
0.628185 0.0454 -0.0390818 100
0.627487 0.0542 -0.0390383 100
0.629583 0.0634 -0.0391687 100
0.632677 0.0726 -0.0393612 100
0.633575 0.0818 -0.0394171 100
0.633276 0.0908 -0.0393985 100
0.631978 0.0997 -0.0393178 100
0.631479 0.1087 -0.0392867 100
0.63088 0.1178 -0.0392495 100
0.630182 0.1268 -0.039206 100
0.632277 0.1365 -0.0393364 100
0.634174 0.1463 -0.0394544 100
0.632078 0.1552 -0.039324 100
0.631779 0.1646 -0.0393053 100
0.628185 0.2019 -0.0390818 7
0.636669 0.2146 -0.0396096 43
0.633575 0.2235 -0.0394171 49
0.632677 0.2434 -0.0393612 38
0.617306 -0.2652 -0.038405 8
0.619103 -0.2558 -0.0385168 40
0.621698 -0.2467 -0.0386782 41
0.621399 -0.2365 -0.0386596 45
0.6209 -0.2264 -0.0386285 45
0.616508 -0.215 -0.0383553 37
0.618903 -0.1775 -0.0385043 9
0.619402 -0.1683 -0.0385354 100
0.6207 -0.1593 -0.0386161 100
0.622896 -0.1506 -0.0387527 100
0.623994 -0.1416 -0.038821 100
0.623894 -0.1324 -0.0388148 100
0.622796 -0.1231 -0.0387465 100
0.6205 -0.1136 -0.0386037 100
0.620101 -0.1045 -0.0385788 100
0.621498 -0.0958 -0.0386658 100
0.621798 -0.0869 -0.0386844 100
0.622896 -0.0782 -0.0387527 100
0.622995 -0.0693 -0.0387589 100
0.623894 -0.0605 -0.0388148 100
0.624692 -0.0518 -0.0388645 100
0.625291 -0.043 -0.0389017 100
0.62589 -0.0342 -0.038939 100
0.625291 -0.0253 -0.0389017 100
0.624592 -0.0165 -0.0388583 100
0.637785 0.0089 -0.0519872 100
0.638682 0.0179 -0.0520603 100
0.638283 0.0268 -0.0520278 100
0.638881 0.0358 -0.0520766 100
0.638283 0.0447 -0.0520278 100
0.638582 0.0538 -0.0520522 100
0.638781 0.0628 -0.0520684 100
0.637884 0.0717 -0.0519953 100
0.638781 0.0809 -0.0520684 100
0.639579 0.0901 -0.0521334 100
0.640276 0.0993 -0.0521903 100
0.640775 0.1086 -0.0522309 100
0.641173 0.1179 -0.0522634 100
0.641373 0.1273 -0.0522797 100
0.641572 0.1367 -0.0522959 100
0.641472 0.1461 -0.0522878 100
0.643266 0.156 -0.052434 100
0.642968 0.1654 -0.0524097 100
0.644463 0.1755 -0.0525315 43
0.646057 0.2054 -0.0526615 22
0.646954 0.2157 -0.0527346 43
0.643865 0.2247 -0.0524828 100
0.647253 0.2361 -0.052759 100
0.62114 -0.262 -0.0506305 17
0.622834 -0.2525 -0.0507686 100
0.626323 -0.2438 -0.0510529 100
0.627718 -0.2343 -0.0511667 100
0.63001 -0.2252 -0.0513535 100
0.627419 -0.2144 -0.0511423 39
0.628715 -0.1763 -0.0512479 23
0.627319 -0.1664 -0.0511342 100
0.627618 -0.1572 -0.0511585 100
0.629711 -0.1484 -0.0513291 100
0.630708 -0.1393 -0.0514104 100
0.631605 -0.1303 -0.0514835 100
0.631406 -0.1211 -0.0514673 100
0.632104 -0.112 -0.0515241 100
0.632602 -0.103 -0.0515647 100
0.633001 -0.094 -0.0515972 100
0.6332 -0.085 -0.0516135 100
0.633399 -0.076 -0.0516297 100
0.633399 -0.0671 -0.0516297 100
0.634197 -0.0582 -0.0516947 100
0.634994 -0.0493 -0.0517597 100
0.634595 -0.0404 -0.0517272 100
0.635094 -0.0315 -0.0517678 100
0.636489 -0.0226 -0.0518816 100
0.638781 -0.0137 -0.0520684 100
0.638004 0.0077 -0.0356699 100
0.638802 0.0166 -0.0357146 100
0.639501 0.0256 -0.0357537 100
0.6401 0.0346 -0.0357872 100
0.639501 0.0435 -0.0357537 100
0.637904 0.0523 -0.0356644 100
0.638103 0.0613 -0.0356755 100
0.638103 0.0703 -0.0356755 100
0.638103 0.0794 -0.0356755 100
0.637904 0.0884 -0.0356644 100
0.638603 0.0976 -0.0357034 100
0.638203 0.1067 -0.0356811 100
0.638603 0.1159 -0.0357034 100
0.638902 0.1252 -0.0357202 100
0.639002 0.1345 -0.0357258 100
0.64 0.1441 -0.0357816 100
0.639901 0.1535 -0.035776 100
0.6406 0.1631 -0.0358151 100
0.64689 0.1744 -0.0361668 100
0.642896 0.2124 -0.0359435 11
0.643595 0.2227 -0.0359825 100
0.642297 0.2323 -0.03591 100
0.625423 -0.2568 -0.0349666 21
0.627121 -0.2473 -0.0350615 100
0.630415 -0.2385 -0.0352457 100
0.631813 -0.229 -0.0353238 100
0.632113 -0.2192 -0.0353406 100
0.630415 -0.1704 -0.0352457 27
0.628818 -0.1606 -0.0351564 100
0.630016 -0.1516 -0.0352234 100
0.630116 -0.1423 -0.035229 100
0.630116 -0.1331 -0.035229 100
0.630915 -0.1241 -0.0352736 100
0.632612 -0.1153 -0.0353685 100
0.633211 -0.1063 -0.035402 100
0.634609 -0.0974 -0.0354801 100
0.635907 -0.0886 -0.0355527 100
0.636107 -0.0796 -0.0355639 100
0.636107 -0.0706 -0.0355639 100
0.637005 -0.0617 -0.0356141 100
0.637804 -0.0528 -0.0356588 100
0.637504 -0.0438 -0.035642 100
0.636107 -0.0348 -0.0355639 100
0.637504 -0.0259 -0.035642 100
0.638802 -0.0171 -0.0357146 100
0.644483 0.0087 -0.0231816 100
0.647381 0.0177 -0.0232858 100
0.647981 0.0268 -0.0233074 100
0.647581 0.0358 -0.023293 100
0.646082 0.0447 -0.0232391 100
0.645383 0.0537 -0.023214 100
0.646582 0.0629 -0.0232571 100
0.646582 0.072 -0.0232571 100
0.647481 0.0812 -0.0232894 100
0.648281 0.0905 -0.0233182 100
0.64898 0.0998 -0.0233434 100
0.647481 0.1088 -0.0232894 100
0.646882 0.118 -0.0232679 100
0.64908 0.1278 -0.023347 100
0.65018 0.1469 -0.0233865 100
0.65008 0.1564 -0.0233829 100
0.64878 0.1657 -0.0233362 100
0.650279 0.1757 -0.0233901 100
0.650879 0.2154 -0.0234117 14
0.655376 0.2271 -0.0235734 100
0.656875 0.2379 -0.0236273 100
0.631292 -0.2674 -0.0227071 7
0.63409 -0.2582 -0.0228078 50
0.637588 -0.2494 -0.0229336 100
0.638187 -0.2394 -0.0229551 100
0.638587 -0.2295 -0.0229695 100
0.635089 -0.2183 -0.0228437 100
0.639586 -0.1807 -0.0230055 12
0.637188 -0.1705 -0.0229192 100
0.638487 -0.1614 -0.0229659 100
0.639686 -0.1523 -0.0230091 100
0.640786 -0.1431 -0.0230486 100
0.641785 -0.134 -0.0230845 100
0.641585 -0.1247 -0.0230774 100
0.640286 -0.1152 -0.0230306 100
0.640886 -0.1061 -0.0230522 100
0.641285 -0.097 -0.0230666 100
0.641585 -0.088 -0.0230774 100
0.642784 -0.079 -0.0231205 100
0.642784 -0.07 -0.0231205 100
0.643684 -0.061 -0.0231528 100
0.643484 -0.052 -0.0231457 100
0.644183 -0.043 -0.0231708 100
0.644683 -0.034 -0.0231888 100
0.645083 -0.0251 -0.0232032 100
0.645383 -0.0161 -0.023214 100
0.645754 0.0016 -0.017812 100
0.646654 0.0106 -0.0178368 100
0.646454 0.0196 -0.0178313 100
0.646154 0.0286 -0.017823 100
0.645654 0.0377 -0.0178092 100
0.647054 0.0468 -0.0178478 100
0.647354 0.0559 -0.0178561 100
0.646454 0.0649 -0.0178313 100
0.646554 0.0741 -0.017834 100
0.648453 0.0835 -0.0178864 100
0.649153 0.0928 -0.0179057 100
0.647754 0.1018 -0.0178671 100
0.647354 0.111 -0.0178561 100
0.647654 0.1204 -0.0178644 100
0.649853 0.1302 -0.017925 100
0.652852 0.1403 -0.0180077 100
0.652752 0.1499 -0.018005 100
0.652552 0.1594 -0.0179995 100
0.649353 0.1683 -0.0179112 100
0.644955 0.1768 -0.0177899 45
0.655151 0.2094 -0.0180712 19
0.65785 0.2204 -0.0181456 44
0.654651 0.2296 -0.0180574 100
0.658949 0.2414 -0.0181759 100
0.640256 -0.2568 -0.0176603 39
0.639057 -0.246 -0.0176272 100
0.641456 -0.2367 -0.0176934 100
0.643755 -0.2274 -0.0177568 100
0.644955 -0.2178 -0.0177899 100
0.638757 -0.1767 -0.017619 10
0.640256 -0.1675 -0.0176603 100
0.643455 -0.1588 -0.0177486 100
0.643655 -0.1493 -0.0177541 100
0.643755 -0.1399 -0.0177568 100
0.644655 -0.1307 -0.0177816 100
0.645454 -0.1215 -0.0178037 100
0.646054 -0.1123 -0.0178202 100
0.645554 -0.103 -0.0178065 100
0.645954 -0.0938 -0.0178175 100
0.647254 -0.0848 -0.0178533 100
0.647354 -0.0756 -0.0178561 100
0.645355 -0.0663 -0.0178009 100
0.644255 -0.0571 -0.0177706 100
0.643955 -0.048 -0.0177623 100
0.643555 -0.039 -0.0177513 100
0.644055 -0.03 -0.0177651 100
0.644455 -0.021 -0.0177761 100
0.645654 -0.0121 -0.0178092 100
0.657993 0.0024 -0.00310074 100
0.657893 0.0116 -0.00310027 100
0.658693 0.0209 -0.00310404 100
0.660293 0.0302 -0.00311158 100
0.659793 0.0394 -0.00310922 100
0.660193 0.0487 -0.00311111 100
0.660493 0.058 -0.00311252 100
0.660593 0.0674 -0.00311299 100
0.661593 0.0768 -0.00311771 100
0.665393 0.0867 -0.00313561 100
0.666093 0.0963 -0.00313891 100
0.664693 0.1056 -0.00313231 100
0.663093 0.1149 -0.00312477 100
0.662393 0.1244 -0.00312148 100
0.661593 0.1338 -0.00311771 100
0.660593 0.1433 -0.00311299 100
0.660493 0.153 -0.00311252 100
0.659293 0.1624 -0.00310687 100
0.660793 0.1727 -0.00311394 100
0.664393 0.214 -0.0031309 25
0.665093 0.2245 -0.0031342 100
0.665693 0.2351 -0.00313703 100
0.648993 -0.2649 -0.00305833 16
0.647993 -0.2539 -0.00305362 100
0.649593 -0.2441 -0.00306116 100
0.649193 -0.2337 -0.00305927 100
0.651493 -0.2242 -0.00307011 100
0.653593 -0.2148 -0.00308001 49
0.623593 -0.1763 -0.00293864 12
0.653993 -0.175 -0.00308189 44
0.652493 -0.1649 -0.00307482 100
0.653793 -0.1555 -0.00308095 100
0.654893 -0.1461 -0.00308613 100
0.656893 -0.1369 -0.00309556 100
0.655793 -0.1272 -0.00309037 100
0.653593 -0.1173 -0.00308001 100
0.652193 -0.1076 -0.00307341 100
0.651593 -0.0982 -0.00307058 100
0.651993 -0.0889 -0.00307247 100
0.652193 -0.0797 -0.00307341 100
0.652193 -0.0704 -0.00307341 100
0.654093 -0.0614 -0.00308236 100
0.655893 -0.0523 -0.00309084 100
0.655593 -0.0431 -0.00308943 100
0.656093 -0.0339 -0.00309179 100
0.656493 -0.0247 -0.00309367 100
0.655793 -0.0155 -0.00309037 100
0.655998 0.0044 -0.0017174 100
0.656898 0.0136 -0.00171976 100
0.657598 0.0228 -0.00172159 100
0.657198 0.032 -0.00172054 100
0.657698 0.0413 -0.00172185 100
0.658098 0.0506 -0.0017229 100
0.658298 0.0599 -0.00172342 100
0.658398 0.0692 -0.00172369 100
0.660298 0.0788 -0.00172866 100
0.664098 0.0887 -0.00173861 100
0.664798 0.0983 -0.00174044 100
0.664298 0.1077 -0.00173913 100
0.663698 0.1172 -0.00173756 100
0.663998 0.1269 -0.00173835 100
0.664098 0.1365 -0.00173861 100
0.665098 0.1465 -0.00174123 100
0.664898 0.1562 -0.0017407 100
0.662598 0.1655 -0.00173468 100
0.659298 0.1746 -0.00172604 50
0.668598 0.2074 -0.00175039 7
0.669398 0.218 -0.00175248 100
0.668198 0.228 -0.00174934 100
0.648698 -0.2576 -0.00169829 45
0.647598 -0.2468 -0.00169541 100
0.649098 -0.237 -0.00169934 100
0.651398 -0.2275 -0.00170536 100
0.649798 -0.2168 -0.00170117 100
0.653198 -0.178 -0.00171007 27
0.652698 -0.168 -0.00170876 100
0.653998 -0.1586 -0.00171217 100
0.655198 -0.1492 -0.00171531 100
0.656298 -0.1398 -0.00171819 100
0.655198 -0.13 -0.00171531 100
0.652998 -0.1201 -0.00170955 100
0.651698 -0.1105 -0.00170614 100
0.651198 -0.101 -0.00170484 100
0.651598 -0.0917 -0.00170588 100
0.652798 -0.0826 -0.00170902 100
0.653898 -0.0735 -0.0017119 100
0.653898 -0.0642 -0.0017119 100
0.654698 -0.055 -0.001714 100
0.654398 -0.0458 -0.00171321 100
0.654998 -0.0366 -0.00171478 100
0.656398 -0.0275 -0.00171845 100
0.656698 -0.0183 -0.00171923 100
0.672967 0.0001 0.00669515 100
0.672867 0.0095 0.00669415 100
0.673667 0.0189 0.00670211 100
0.673367 0.0283 0.00669913 100
0.672867 0.0377 0.00669415 100
0.673267 0.0472 0.00669813 100
0.673567 0.0567 0.00670112 100
0.673767 0.0662 0.00670311 100
0.673767 0.0757 0.00670311 100
0.673567 0.0852 0.00670112 100
0.674367 0.0949 0.00670907 100
0.674867 0.1046 0.00671405 100
0.674367 0.1142 0.00670907 100
0.674667 0.1239 0.00671206 100
0.675867 0.1339 0.006724 100
0.674867 0.1435 0.00671405 100
0.675767 0.1536 0.006723 100
0.678366 0.1642 0.00674887 100
0.676966 0.1739 0.00673494 100
0.678366 0.1844 0.00674887 100
0.680566 0.2159 0.00677075 12
0.678366 0.2257 0.00674887 100
0.677966 0.2362 0.00674489 100
0.662367 -0.2529 0.0065897 100
0.662067 -0.2422 0.00658671 100
0.664467 -0.2326 0.00661059 100
0.666667 -0.223 0.00663247 100
0.665867 -0.2125 0.00662451 51
0.661667 -0.181 0.00658273 9
0.663167 -0.1715 0.00659765 100
0.664567 -0.1619 0.00661158 100
0.665767 -0.1524 0.00662352 100
0.665867 -0.1427 0.00662451 100
0.664867 -0.1328 0.00661457 100
0.664667 -0.1232 0.00661258 100
0.665367 -0.1137 0.00661954 100
0.666867 -0.1044 0.00663446 100
0.667267 -0.0949 0.00663844 100
0.668467 -0.0856 0.00665038 100
0.669667 -0.0763 0.00666232 100
0.669667 -0.0668 0.00666232 100
0.670467 -0.0575 0.00667028 100
0.671267 -0.0481 0.00667824 100
0.671867 -0.0387 0.0066842 100
0.672367 -0.0293 0.00668918 100
0.671667 -0.0199 0.00668221 100
0.671867 -0.0106 0.0066842 100
0.672928 0.0039 0.00986634 100
0.671828 0.0133 0.00985022 100
0.671528 0.0227 0.00984582 100
0.672128 0.0321 0.00985461 100
0.672628 0.0416 0.00986194 100
0.672028 0.051 0.00985315 100
0.671228 0.0604 0.00984142 100
0.672328 0.07 0.00985755 100
0.673228 0.0796 0.00987074 100
0.673028 0.0892 0.00986781 100
0.672728 0.0987 0.00986341 100
0.674228 0.1086 0.0098854 100
0.674628 0.1184 0.00989126 100
0.674827 0.1282 0.0098942 100
0.674927 0.138 0.00989566 100
0.673928 0.1477 0.009881 100
0.674727 0.1578 0.00989273 100
0.674428 0.1677 0.00988833 100
0.677827 0.1787 0.00993818 100
0.660129 0.204 0.00967869 12
0.676227 0.2194 0.00991472 47
0.673128 0.2288 0.00986927 100
0.686826 0.2443 0.0100701 51
0.656129 -0.2657 0.00962005 34
0.657029 -0.2554 0.00963324 100
0.659629 -0.2458 0.00967136 100
0.662029 -0.2363 0.00970655 100
0.662429 -0.226 0.00971241 100
0.636532 -0.1781 0.00933271 10
0.661129 -0.175 0.00969335 43
0.662529 -0.1655 0.00971388 100
0.664829 -0.1562 0.00974759 100
0.664029 -0.1462 0.00973587 100
0.664029 -0.1365 0.00973587 100
0.663929 -0.1268 0.0097344 100
0.664629 -0.1174 0.00974466 100
0.664229 -0.1077 0.0097388 100
0.665728 -0.0984 0.00976079 100
0.666028 -0.089 0.00976519 100
0.667228 -0.0796 0.00978278 100
0.668228 -0.0703 0.00979744 100
0.669128 -0.0609 0.00981063 100
0.669928 -0.0516 0.00982236 100
0.670628 -0.0422 0.00983262 100
0.671128 -0.0328 0.00983995 100
0.671528 -0.0234 0.00984582 100
0.670828 -0.014 0.00983556 100
0.681675 0.0017 0.0210652 52
0.681575 0.0112 0.0210621 100
0.682374 0.0207 0.0210868 100
0.684973 0.0304 0.0211671 100
0.685473 0.04 0.0211826 100
0.683874 0.0495 0.0211332 100
0.683174 0.059 0.0211115 100
0.683274 0.0687 0.0211146 100
0.683174 0.0783 0.0211115 100
0.683074 0.088 0.0211085 100
0.683674 0.0978 0.021127 100
0.683274 0.1075 0.0211146 100
0.684673 0.1175 0.0211579 100
0.688971 0.1381 0.0212907 100
0.687972 0.1479 0.0212598 100
0.687772 0.158 0.0212536 100
0.688371 0.1683 0.0212722 100
0.687972 0.1784 0.0212598 100
0.687272 0.1885 0.0212382 100
0.687472 0.1989 0.0212444 48
0.688471 0.2096 0.0212753 44
0.689271 0.2204 0.0213 100
0.695668 0.2332 0.0214976 100
0.667581 -0.2662 0.0206297 36
0.66938 -0.2562 0.0206853 100
0.672879 -0.2468 0.0207934 100
0.674378 -0.2367 0.0208397 100
0.675677 -0.2267 0.0208799 100
0.675977 -0.2163 0.0208892 100
0.675977 -0.206 0.0208892 100
0.676877 -0.1959 0.020917 100
0.677676 -0.1859 0.0209417 100
0.678276 -0.176 0.0209602 100
0.677676 -0.1658 0.0209417 100
0.676077 -0.1554 0.0208922 100
0.675178 -0.1453 0.0208644 100
0.675178 -0.1355 0.0208644 100
0.676077 -0.1259 0.0208922 52
0.676777 -0.1163 0.0209139 100
0.677377 -0.1066 0.0209324 52
0.677776 -0.097 0.0209448 100
0.678076 -0.0874 0.020954 100
0.677277 -0.0777 0.0209293 100
0.677277 -0.0682 0.0209293 100
0.679176 -0.0588 0.020988 100
0.680875 -0.0494 0.0210405 100
0.681475 -0.0399 0.021059 52
0.681974 -0.0304 0.0210745 100
0.682374 -0.0208 0.0210868 100
0.681563 0.0081 0.0243962 100
0.683362 0.0177 0.0244606 100
0.684062 0.0273 0.0244857 100
0.683562 0.0368 0.0244678 100
0.682963 0.0464 0.0244463 100
0.683262 0.056 0.0244571 100
0.683462 0.0657 0.0244642 100
0.684462 0.0754 0.0245 100
0.683262 0.085 0.0244571 100
0.684062 0.0948 0.0244857 100
0.684562 0.1047 0.0245036 100
0.685061 0.1146 0.0245214 100
0.68736 0.1249 0.0246037 100
0.688459 0.1351 0.0246431 100
0.68646 0.1447 0.0245715 100
0.685361 0.1545 0.0245322 100
0.686061 0.1648 0.0245572 100
0.685661 0.1748 0.0245429 100
0.685061 0.1849 0.0245214 100
0.685261 0.1953 0.0245286 43
0.68636 0.206 0.0245679 49
0.68716 0.2168 0.0245966 100
0.694555 0.2299 0.0248613 100
0.668472 -0.261 0.0239276 43
0.667373 -0.2499 0.0238883 100
0.669871 -0.2402 0.0239777 100
0.67127 -0.2301 0.0240278 100
0.672469 -0.2201 0.0240707 100
0.674568 -0.2104 0.0241458 100
0.675467 -0.2003 0.024178 100
0.676267 -0.1903 0.0242067 100
0.676966 -0.1803 0.0242317 100
0.677466 -0.1704 0.0242496 100
0.675867 -0.1599 0.0241923 100
0.676167 -0.15 0.0242031 100
0.677166 -0.1404 0.0242388 100
0.677066 -0.1305 0.0242353 100
0.675967 -0.1205 0.0241959 100
0.675567 -0.1107 0.0241816 100
0.676067 -0.1011 0.0241995 51
0.678366 -0.0918 0.0242818 100
0.679565 -0.0823 0.0243247 100
0.680664 -0.0728 0.024364 100
0.680664 -0.0631 0.024364 100
0.678465 -0.0534 0.0242853 100
0.679165 -0.0439 0.0243104 100
0.680664 -0.0344 0.024364 100
0.681064 -0.0249 0.0243784 52
0.681364 -0.0154 0.0243891 100
0.697944 0.0026 0.0384102 52
0.699841 0.0124 0.0385146 100
0.699641 0.0221 0.0385036 100
0.70024 0.0319 0.0385366 100
0.699741 0.0417 0.0385091 100
0.699042 0.0515 0.0384706 100
0.699242 0.0614 0.0384816 100
0.699342 0.0712 0.0384871 100
0.698243 0.081 0.0384267 100
0.698044 0.0909 0.0384157 100
0.698743 0.1009 0.0384541 100
0.699242 0.111 0.0384816 100
0.699541 0.1211 0.0384981 100
0.698743 0.131 0.0384541 100
0.696846 0.1408 0.0383497 100
0.697744 0.1511 0.0383992 100
0.699541 0.1618 0.0384981 100
0.701039 0.1725 0.0385805 100
0.703436 0.1835 0.0387124 100
0.704634 0.1944 0.0387783 100
0.704734 0.2051 0.0387838 100
0.703735 0.2155 0.0387289 100
0.706331 0.2271 0.0388718 100
0.687959 -0.2617 0.0378607 35
0.685862 -0.25 0.0377453 100
0.688358 -0.2401 0.0378827 100
0.687859 -0.2291 0.0378552 100
0.686262 -0.218 0.0377673 100
0.685363 -0.2072 0.0377178 100
0.686262 -0.1971 0.0377673 100
0.687959 -0.1872 0.0378607 100
0.687659 -0.1768 0.0378442 100
0.68706 -0.1665 0.0378112 100
0.688358 -0.1567 0.0378827 100
0.689557 -0.1468 0.0379486 100
0.690555 -0.137 0.0380035 100
0.691354 -0.1271 0.0380475 100
0.692053 -0.1173 0.038086 100
0.692652 -0.1075 0.0381189 100
0.69415 -0.0978 0.0382014 100
0.696346 -0.0882 0.0383223 100
0.696546 -0.0783 0.0383332 100
0.696546 -0.0685 0.0383332 100
0.696446 -0.0587 0.0383277 100
0.697245 -0.0489 0.0383717 100
0.697844 -0.0392 0.0384047 100
0.699342 -0.0295 0.0384871 100
0.70064 -0.0197 0.0385585 100
0.699841 -0.0099 0.0385146 100
0.702768 0.0028 0.041629 100
0.702668 0.0127 0.0416231 100
0.703367 0.0225 0.0416645 100
0.704066 0.0324 0.0417059 100
0.704465 0.0423 0.0417296 100
0.703866 0.0521 0.0416941 100
0.704066 0.062 0.0417059 100
0.703068 0.0719 0.0416468 100
0.704066 0.0819 0.0417059 100
0.703766 0.0919 0.0416882 100
0.703467 0.1019 0.0416704 100
0.703966 0.112 0.0417 100
0.704266 0.1222 0.0417177 100
0.705463 0.1326 0.0417887 100
0.704465 0.1426 0.0417296 100
0.706362 0.1533 0.0418419 100
0.708957 0.1643 0.0419957 100
0.708558 0.1747 0.041972 100
0.707061 0.1848 0.0418833 100
0.70726 0.1955 0.0418951 100
0.70736 0.2062 0.041901 100
0.705364 0.2163 0.0417828 100
0.707061 0.2277 0.0418833 100
0.689991 -0.2615 0.0408721 34
0.689791 -0.2504 0.0408603 100
0.692286 -0.2404 0.0410081 100
0.691787 -0.2295 0.0409786 100
0.688293 -0.2177 0.0407716 100
0.685498 -0.2063 0.040606 100
0.685399 -0.1959 0.0406001 100
0.687096 -0.186 0.0407007 100
0.688693 -0.1762 0.0407953 100
0.69009 -0.1663 0.0408781 100
0.69039 -0.1562 0.0408958 100
0.69049 -0.1461 0.0409017 100
0.690589 -0.136 0.0409076 100
0.692386 -0.1264 0.0410141 100
0.693085 -0.1165 0.0410554 100
0.694682 -0.1068 0.0411501 100
0.694083 -0.0968 0.0411146 100
0.694383 -0.087 0.0411323 100
0.696479 -0.0774 0.0412565 100
0.697477 -0.0676 0.0413156 100
0.697378 -0.0578 0.0413097 100
0.69618 -0.0479 0.0412388 100
0.696779 -0.0382 0.0412742 100
0.698176 -0.0285 0.041357 100
0.698575 -0.0187 0.0413807 100
0.705056 0.0062 0.0523947 100
0.705854 0.016 0.052454 100
0.706552 0.0259 0.0525059 100
0.706153 0.0358 0.0524762 100
0.705554 0.0457 0.0524318 100
0.705854 0.0556 0.052454 100
0.706053 0.0655 0.0524688 100
0.706053 0.0755 0.0524688 100
0.705953 0.0855 0.0524614 100
0.706651 0.0956 0.0525133 100
0.70725 0.1058 0.0525577 100
0.709643 0.1163 0.0527356 100
0.713832 0.1272 0.0530469 100
0.715926 0.138 0.0532025 100
0.715826 0.1483 0.0531951 100
0.715627 0.1588 0.0531803 100
0.715328 0.1692 0.053158 100
0.712336 0.1896 0.0529357 100
0.711538 0.2001 0.0528764 100
0.711538 0.2109 0.0528764 100
0.710441 0.2214 0.0527949 100
0.712934 0.2332 0.0529802 100
0.697178 -0.2576 0.0518092 100
0.696878 -0.2465 0.051787 100
0.699272 -0.2364 0.0519649 100
0.701566 -0.2263 0.0521353 100
0.701765 -0.2156 0.0521501 100
0.701865 -0.2049 0.0521576 100
0.70366 -0.1948 0.0522909 100
0.704358 -0.1845 0.0523428 100
0.701067 -0.1732 0.0520983 100
0.698574 -0.1623 0.051913 100
0.698773 -0.1521 0.0519278 100
0.697876 -0.1417 0.0518611 100
0.698773 -0.1317 0.0519278 100
0.699571 -0.1218 0.0519871 100
0.699272 -0.1117 0.0519649 100
0.69977 -0.1018 0.0520019 100
0.702064 -0.0921 0.0521724 100
0.703261 -0.0823 0.0522613 100
0.704358 -0.0725 0.0523428 100
0.704258 -0.0625 0.0523354 100
0.705056 -0.0527 0.0523947 100
0.704757 -0.0428 0.0523725 100
0.704258 -0.0329 0.0523354 100
0.705654 -0.0231 0.0524392 100
0.705953 -0.0132 0.0524614 100
0.712902 0.0011 0.0547297 100
0.7138 0.0111 0.0547986 100
0.714597 0.0212 0.0548598 100
0.716193 0.0312 0.0549823 100
0.714697 0.0412 0.0548675 100
0.716093 0.0514 0.0549746 100
0.719284 0.0617 0.0552196 100
0.719284 0.0719 0.0552196 100
0.721178 0.0823 0.055365 100
0.724967 0.093 0.0556559 100
0.725565 0.1035 0.0557018 100
0.725066 0.1138 0.0556635 100
0.726363 0.1244 0.055763 100
0.725465 0.1348 0.0556941 100
0.723571 0.1449 0.0555487 100
0.722474 0.1552 0.0554645 100
0.721178 0.1656 0.055365 100
0.722674 0.1766 0.0554798 100
0.724967 0.188 0.0556559 100
0.725166 0.1989 0.0556712 100
0.728058 0.2107 0.0558932 100
0.726961 0.2214 0.055809 100
0.730451 0.2337 0.0560769 100
0.698046 -0.2634 0.0535892 19
0.698844 -0.2525 0.0536504 100
0.701336 -0.2424 0.0538418 100
0.702732 -0.2319 0.0539489 100
0.703031 -0.2212 0.0539719 100
0.704128 -0.2107 0.0540561 100
0.705125 -0.2003 0.0541326 100
0.705923 -0.1899 0.0541939 100
0.706521 -0.1795 0.0542398 100
0.705125 -0.1686 0.0541326 100
0.701536 -0.1574 0.0538571 100
0.700738 -0.147 0.0537958 100
0.701735 -0.137 0.0538724 100
0.701635 -0.1268 0.0538647 100
0.700339 -0.1164 0.0537652 100
0.701935 -0.1066 0.0538877 100
0.702333 -0.0966 0.0539183 100
0.70363 -0.0868 0.0540178 100
0.703729 -0.0768 0.0540255 100
0.704726 -0.067 0.054102 100
0.704627 -0.057 0.0540944 100
0.705325 -0.0471 0.0541479 100
0.705923 -0.0372 0.0541939 100
0.706421 -0.0273 0.0542321 100
0.70672 -0.0174 0.0542551 100
0.718021 0.0031 0.0654714 100
0.720909 0.0133 0.0657348 100
0.721606 0.0234 0.0657983 100
0.722204 0.0335 0.0658528 100
0.723698 0.0438 0.065989 100
0.724992 0.054 0.0661071 100
0.726187 0.0644 0.066216 100
0.727183 0.0747 0.0663068 100
0.724793 0.0951 0.0660889 100
0.723399 0.1052 0.0659618 100
0.723897 0.1156 0.0660072 100
0.724096 0.1261 0.0660253 100
0.724295 0.1366 0.0660435 100
0.725192 0.1473 0.0661252 100
0.726088 0.1581 0.0662069 100
0.725689 0.1687 0.0661706 100
0.725192 0.1793 0.0661252 100
0.72559 0.1902 0.0661615 100
0.728577 0.202 0.066434 100
0.732461 0.2141 0.0667881 100
0.729374 0.2243 0.0665066 100
0.730968 0.2361 0.0666519 100
0.718718 -0.2537 0.065535 100
0.713639 -0.2407 0.0650719 100
0.715034 -0.2301 0.065199 100
0.715332 -0.2192 0.0652262 100
0.717324 -0.2089 0.0654078 100
0.71822 -0.1983 0.0654896 100
0.717125 -0.1872 0.0653897 100
0.717722 -0.1767 0.0654442 100
0.718121 -0.1661 0.0654805 100
0.719415 -0.1559 0.0655985 100
0.719515 -0.1454 0.0656076 100
0.719515 -0.1349 0.0656076 100
0.721308 -0.1248 0.0657711 100
0.722005 -0.1146 0.0658346 100
0.72061 -0.104 0.0657075 100
0.720013 -0.0937 0.065653 100
0.721208 -0.0836 0.065762 100
0.721308 -0.0734 0.0657711 100
0.722204 -0.0632 0.0658528 100
0.721108 -0.053 0.0657529 100
0.719714 -0.0428 0.0656258 100
0.720312 -0.0327 0.0656803 100
0.719615 -0.0226 0.0656167 100
0.719913 -0.0125 0.0656439 100
0.735314 0.0049 0.0629093 100
0.736111 0.0152 0.0629775 100
0.734915 0.0255 0.0628753 100
0.735413 0.0358 0.0629179 100
0.735912 0.0462 0.0629605 100
0.736111 0.0565 0.0629775 100
0.73631 0.0669 0.0629946 100
0.735314 0.0772 0.0629093 100
0.735115 0.0877 0.0628923 100
0.735812 0.0982 0.062952 100
0.738303 0.1091 0.0631651 100
0.738701 0.1197 0.0631992 100
0.738901 0.1304 0.0632162 100
0.739997 0.1413 0.06331 100
0.74189 0.1524 0.063472 100
0.74448 0.1639 0.0636936 100
0.745078 0.175 0.0637447 100
0.743584 0.1856 0.0636169 100
0.742787 0.1965 0.0635487 100
0.743882 0.208 0.0636424 100
0.742787 0.219 0.0635487 100
0.745377 0.2311 0.0637703 100
0.725151 -0.2634 0.0620399 31
0.725948 -0.2522 0.0621081 100
0.728439 -0.2417 0.0623212 100
0.727941 -0.2303 0.0622786 100
0.726247 -0.2186 0.0621336 100
0.72535 -0.2074 0.0620569 100
0.726247 -0.1967 0.0621336 100
0.726048 -0.1857 0.0621166 100
0.726646 -0.1751 0.0621677 100
0.727044 -0.1644 0.0622018 100
0.726347 -0.1536 0.0621422 100
0.727443 -0.1433 0.0622359 100
0.729336 -0.1331 0.0623979 100
0.729136 -0.1225 0.0623808 100
0.727841 -0.1118 0.06227 100
0.727343 -0.1014 0.0622274 100
0.727642 -0.091 0.062253 100
0.729834 -0.0809 0.0624405 100
0.731926 -0.0708 0.0626195 100
0.731827 -0.0605 0.062611 100
0.731627 -0.0502 0.062594 100
0.731229 -0.0399 0.0625599 100
0.731727 -0.0296 0.0626025 100
0.733022 -0.0194 0.0627133 100
0.734594 0.0074 0.0805808 100
0.734395 0.0177 0.080559 100
0.733103 0.0279 0.0804173 100
0.732606 0.0382 0.0803628 100
0.733997 0.0486 0.0805154 100
0.73519 0.059 0.0806463 100
0.735289 0.0694 0.0806572 100
0.735289 0.0799 0.0806572 100
0.736085 0.0904 0.0807444 100
0.734792 0.1007 0.0806026 100
0.735289 0.1113 0.0806572 100
0.736582 0.1221 0.0807989 100
0.738769 0.1331 0.0810388 100
0.742645 0.1446 0.0814641 100
0.745429 0.156 0.0817694 100
0.744236 0.1667 0.0816385 100
0.742745 0.1773 0.081475 100
0.743142 0.1885 0.0815186 100
0.743341 0.1996 0.0815404 100
0.743341 0.2109 0.0815404 100
0.741353 0.2216 0.0813223 100
0.742943 0.2334 0.0814968 100
0.731413 -0.2557 0.0802319 100
0.728331 -0.2432 0.0798939 100
0.729723 -0.2324 0.0800465 100
0.731015 -0.2215 0.0801883 100
0.733997 -0.2113 0.0805154 100
0.733003 -0.1999 0.0804064 100
0.729922 -0.1881 0.0800683 100
0.728629 -0.1769 0.0799266 100
0.730021 -0.1665 0.0800793 100
0.730319 -0.1558 0.080112 100
0.731413 -0.1453 0.0802319 100
0.730419 -0.1345 0.0801229 100
0.729226 -0.1238 0.079992 100
0.728928 -0.1132 0.0799593 100
0.729425 -0.1029 0.0800138 100
0.730816 -0.0926 0.0801665 100
0.731015 -0.0822 0.0801883 100
0.731114 -0.0719 0.0801992 100
0.731015 -0.0615 0.0801883 100
0.732804 -0.0514 0.0803846 100
0.7335 -0.0411 0.0804609 100
0.733997 -0.0308 0.0805154 100
0.733301 -0.0205 0.0804391 100
0.745652 0.0059 0.097505 100
0.747437 0.0165 0.0977384 100
0.746148 0.0269 0.0975699 100
0.745751 0.0375 0.097518 100
0.747139 0.0481 0.0976995 100
0.750312 0.0589 0.0981144 100
0.753386 0.0698 0.0985164 100
0.754278 0.0807 0.0986331 100
0.75408 0.0914 0.0986071 100
0.753783 0.1021 0.0985682 100
0.754179 0.113 0.0986201 100
0.755567 0.1241 0.0988016 100
0.754675 0.135 0.0986849 100
0.753783 0.1458 0.0985682 100
0.755567 0.1572 0.0988016 100
0.755171 0.1682 0.0987498 100
0.754774 0.1793 0.0986979 100
0.755072 0.1907 0.0987368 100
0.758146 0.2028 0.0991387 100
0.757154 0.214 0.0990091 100
0.760724 0.2266 0.0994759 100
0.749122 -0.266 0.0979588 30
0.743371 -0.2523 0.0972068 100
0.743966 -0.2409 0.0972846 100
0.744363 -0.2295 0.0973365 100
0.745553 -0.2184 0.0974921 100
0.745652 -0.2071 0.097505 100
0.746544 -0.1961 0.0976217 100
0.747238 -0.1851 0.0977125 100
0.746842 -0.1738 0.0976606 100
0.747238 -0.1629 0.0977125 100
0.747437 -0.1519 0.0977384 100
0.748527 -0.1412 0.097881 100
0.748428 -0.1303 0.0978681 100
0.746247 -0.1191 0.0975828 100
0.742975 -0.1079 0.0971549 100
0.741388 -0.097 0.0969475 100
0.741686 -0.0865 0.0969864 100
0.742876 -0.076 0.097142 100
0.742776 -0.0654 0.097129 100
0.743669 -0.055 0.0972457 100
0.744363 -0.0445 0.0973365 100
0.744859 -0.034 0.0974013 100
0.744264 -0.0235 0.0973235 100
0.74357 -0.013 0.0972327 100
0.750531 0.0003 0.106148 100
0.749442 0.0108 0.105994 100
0.749244 0.0214 0.105966 100
0.750828 0.0321 0.10619 100
0.755284 0.043 0.10682 100
0.757561 0.0538 0.107142 100
0.757759 0.0646 0.10717 100
0.757759 0.0754 0.10717 100
0.75766 0.0862 0.107156 100
0.756373 0.0969 0.106974 100
0.755878 0.1077 0.106904 100
0.756274 0.1186 0.10696 100
0.756571 0.1296 0.107002 100
0.757561 0.1408 0.107142 100
0.758452 0.1521 0.107269 100
0.759244 0.1634 0.107381 100
0.758848 0.1746 0.107325 100
0.758254 0.1857 0.107241 100
0.759442 0.1974 0.107409 100
0.761422 0.2094 0.107689 100
0.760333 0.2207 0.107535 100
0.761918 0.2328 0.107759 100
0.745679 -0.2577 0.105462 100
0.740728 -0.2443 0.104762 100
0.740233 -0.2326 0.104692 100
0.741521 -0.2216 0.104874 100
0.74261 -0.2106 0.105028 100
0.74261 -0.1993 0.105028 100
0.742412 -0.1881 0.105 100
0.743996 -0.1773 0.105224 100
0.745382 -0.1666 0.10542 100
0.745679 -0.1557 0.105462 100
0.745778 -0.1448 0.105476 100
0.746768 -0.134 0.105616 100
0.74558 -0.123 0.105448 100
0.743303 -0.1119 0.105126 100
0.741818 -0.101 0.104916 100
0.742214 -0.0904 0.104972 100
0.743402 -0.0799 0.10514 100
0.742412 -0.0692 0.105 100
0.743303 -0.0587 0.105126 100
0.744095 -0.0482 0.105238 100
0.744689 -0.0377 0.105322 100
0.744095 -0.0272 0.105238 100
0.744392 -0.0167 0.10528 100
0.760967 0.0051 0.103698 100
0.759778 0.0158 0.103536 100
0.759481 0.0265 0.103496 100
0.760075 0.0372 0.103577 100
0.760471 0.048 0.103631 100
0.760769 0.0588 0.103671 100
0.761859 0.0697 0.10382 100
0.76176 0.0805 0.103806 100
0.761561 0.0913 0.103779 100
0.762156 0.1023 0.10386 100
0.762651 0.1133 0.103928 100
0.762949 0.1244 0.103968 100
0.764138 0.1356 0.10413 100
0.76602 0.1471 0.104387 100
0.769785 0.1591 0.1049 100
0.771371 0.1708 0.105116 100
0.768894 0.1816 0.104779 100
0.767308 0.1927 0.104562 100
0.767407 0.2042 0.104576 100
0.765525 0.2153 0.104319 100
0.769092 0.228 0.104806 100
0.752148 -0.2618 0.102497 30
0.75195 -0.2499 0.10247 100
0.754427 -0.239 0.102807 100
0.754725 -0.2275 0.102848 100
0.754031 -0.2158 0.102753 100
0.753139 -0.2041 0.102632 100
0.753932 -0.193 0.10274 100
0.754626 -0.1819 0.102834 100
0.755121 -0.1708 0.102902 100
0.754526 -0.1595 0.102821 100
0.753734 -0.1483 0.102713 100
0.753734 -0.1373 0.102713 100
0.754626 -0.1265 0.102834 100
0.755319 -0.1158 0.102929 100
0.756805 -0.1051 0.103131 100
0.757202 -0.0943 0.103185 100
0.756508 -0.0834 0.103091 100
0.757499 -0.0728 0.103226 100
0.75849 -0.0621 0.103361 100
0.759283 -0.0514 0.103469 100
0.758886 -0.0407 0.103415 100
0.758391 -0.0299 0.103347 100
0.759778 -0.0193 0.103536 100
0.758959 0.0011 0.117493 100
0.758861 0.0118 0.117478 100
0.759651 0.0225 0.1176 100
0.761232 0.0334 0.117845 100
0.760639 0.0441 0.117753 100
0.759948 0.0548 0.117646 100
0.760145 0.0657 0.117677 100
0.760145 0.0765 0.117677 100
0.760046 0.0873 0.117661 100
0.761628 0.0984 0.117906 100
0.762221 0.1095 0.117998 100
0.763505 0.1207 0.118197 100
0.762814 0.1428 0.11809 100
0.761726 0.1537 0.117921 100
0.762418 0.1651 0.118029 100
0.765877 0.1772 0.118564 100
0.766272 0.1887 0.118625 100
0.764493 0.1997 0.11835 100
0.764592 0.2113 0.118365 100
0.763505 0.2226 0.118197 100
0.765976 0.2352 0.118579 100
0.750362 -0.2642 0.116162 32
0.752141 -0.253 0.116438 100
0.754611 -0.242 0.11682 100
0.755006 -0.2305 0.116881 100
0.752437 -0.2181 0.116483 100
0.752437 -0.2067 0.116483 100
0.753327 -0.1956 0.116621 100
0.755006 -0.1847 0.116881 100
0.755599 -0.1735 0.116973 100
0.755006 -0.1622 0.116881 100
0.754216 -0.151 0.116759 100
0.756192 -0.1403 0.117065 100
0.757082 -0.1294 0.117202 100
0.756884 -0.1184 0.117172 100
0.756489 -0.1074 0.117111 100
0.756884 -0.0966 0.117172 100
0.758169 -0.0859 0.117371 100
0.758268 -0.0751 0.117386 100
0.759256 -0.0644 0.117539 100
0.760046 -0.0536 0.117661 100
0.75975 -0.0428 0.117616 100
0.760244 -0.0321 0.117692 100
0.759651 -0.0213 0.1176 100
0.770513 0.0083 0.127558 100
0.772289 0.0193 0.127852 100
0.772881 0.0302 0.12795 100
0.773374 0.0412 0.128031 100
0.772782 0.0521 0.127933 100
0.772979 0.0631 0.127966 100
0.773966 0.0742 0.128129 100
0.77584 0.0855 0.12844 100
0.779491 0.0971 0.129044 100
0.781957 0.1086 0.129452 100
0.782352 0.12 0.129517 100
0.779688 0.1422 0.129077 100
0.778603 0.1534 0.128897 100
0.777419 0.1646 0.128701 100
0.777912 0.1763 0.128783 100
0.778307 0.1879 0.128848 100
0.780477 0.2001 0.129207 100
0.781464 0.2122 0.12937 100
0.781266 0.224 0.129338 100
0.78472 0.2371 0.129909 100
0.765383 -0.2655 0.126708 34
0.763311 -0.2528 0.126365 100
0.764889 -0.2414 0.126627 100
0.766271 -0.23 0.126855 100
0.767454 -0.2186 0.127051 100
0.768441 -0.2072 0.127215 100
0.769329 -0.1958 0.127362 100
0.771006 -0.1847 0.127639 100
0.770513 -0.1731 0.127558 100
0.769033 -0.1614 0.127313 100
0.766271 -0.1496 0.126855 100
0.765383 -0.1382 0.126708 100
0.766271 -0.1272 0.126855 100
0.766961 -0.1162 0.12697 100
0.765481 -0.105 0.126725 100
0.765876 -0.094 0.12679 100
0.766172 -0.0831 0.126839 100
0.768145 -0.0723 0.127166 100
0.769132 -0.0614 0.127329 100
0.768934 -0.0505 0.127296 100
0.769526 -0.0396 0.127394 100
0.77002 -0.0287 0.127476 100
0.770316 -0.0178 0.127525 100
0.769737 0.0023 0.137943 100
0.768655 0.0132 0.137749 100
0.769344 0.0241 0.137872 100
0.769934 0.0351 0.137978 100
0.769344 0.046 0.137872 100
0.769639 0.057 0.137925 100
0.770722 0.068 0.138119 100
0.773675 0.0794 0.138649 100
0.776431 0.0908 0.139142 100
0.777021 0.102 0.139248 100
0.777514 0.1133 0.139336 100
0.777809 0.1246 0.139389 100
0.778006 0.136 0.139425 100
0.776037 0.147 0.139072 100
0.776825 0.1586 0.139213 100
0.774068 0.181 0.138719 100
0.775348 0.1929 0.138948 100
0.778399 0.2054 0.139495 100
0.781156 0.218 0.139989 100
0.779088 0.2293 0.139619 100
0.779581 0.2415 0.139707 100
0.76078 -0.2585 0.136338 100
0.759599 -0.2462 0.136126 100
0.761961 -0.2351 0.136549 100
0.762257 -0.2235 0.136602 100
0.764324 -0.2124 0.136973 100
0.764324 -0.2008 0.136973 100
0.765013 -0.1895 0.137096 100
0.765702 -0.1782 0.13722 100
0.768064 -0.1673 0.137643 100
0.767375 -0.1558 0.13752 100
0.763635 -0.1438 0.136849 100
0.76265 -0.1325 0.136673 100
0.763339 -0.1215 0.136796 100
0.765013 -0.1107 0.137096 100
0.765406 -0.0997 0.137167 100
0.764816 -0.0886 0.137061 100
0.764914 -0.0776 0.137079 100
0.765899 -0.0668 0.137255 100
0.766784 -0.0559 0.137414 100
0.766489 -0.045 0.137361 100
0.76708 -0.0341 0.137467 100
0.767473 -0.0233 0.137537 100
0.768655 -0.0124 0.137749 100
0.786372 0.0091 0.140924 100
0.786176 0.0202 0.140889 100
0.786865 0.0313 0.141012 100
0.787357 0.0425 0.1411 100
0.787652 0.0537 0.141153 100
0.787849 0.0649 0.141189 100
0.788833 0.0763 0.141365 100
0.789621 0.0876 0.141506 100
0.789325 0.0989 0.141453 100
0.789818 0.1103 0.141541 100
0.791196 0.1219 0.141788 100
0.791392 0.1335 0.141824 100
0.790408 0.1448 0.141647 100
0.793263 0.1569 0.142159 100
0.796806 0.1694 0.142794 100
0.797298 0.1813 0.142882 100
0.796609 0.193 0.142759 100
0.797692 0.2052 0.142953 100
0.794838 0.2165 0.142441 100
0.794641 0.2285 0.142406 100
0.776529 -0.2676 0.13916 38
0.778203 -0.256 0.13946 100
0.780663 -0.2446 0.139901 100
0.782041 -0.233 0.140148 100
0.781451 -0.2208 0.140042 100
0.780565 -0.2088 0.139883 100
0.779482 -0.1967 0.139689 100
0.778301 -0.1848 0.139478 100
0.777907 -0.1731 0.139407 100
0.779187 -0.1619 0.139636 100
0.779384 -0.1505 0.139672 100
0.778498 -0.1389 0.139513 100
0.779384 -0.1277 0.139672 100
0.781057 -0.1167 0.139971 100
0.782534 -0.1056 0.140236 100
0.782927 -0.0944 0.140307 100
0.782238 -0.0832 0.140183 100
0.782238 -0.072 0.140183 100
0.783223 -0.0609 0.14036 100
0.783912 -0.0498 0.140483 100
0.785585 -0.0388 0.140783 100
0.784994 -0.0276 0.140677 100
0.786274 -0.0166 0.140906 100
0.786916 0.0007 0.154815 100
0.786818 0.0119 0.154795 100
0.786621 0.0231 0.154757 100
0.78721 0.0343 0.154873 100
0.786621 0.0455 0.154757 100
0.786916 0.0568 0.154815 100
0.787995 0.0681 0.155027 100
0.787995 0.0794 0.155027 100
0.78878 0.0908 0.155181 100
0.79035 0.1024 0.15549 100
0.789859 0.1138 0.155394 100
0.789173 0.1252 0.155259 100
0.79035 0.1369 0.15549 100
0.793195 0.149 0.15605 100
0.795845 0.1613 0.156571 100
0.796433 0.1732 0.156687 100
0.795943 0.1849 0.156591 100
0.796139 0.1969 0.156629 100
0.795354 0.2087 0.156475 100
0.795256 0.2208 0.156455 100
0.796826 0.2335 0.156764 100
0.780342 -0.2544 0.153521 100
0.779066 -0.2418 0.15327 100
0.78044 -0.2302 0.153541 100
0.779655 -0.218 0.153386 100
0.777889 -0.2056 0.153039 100
0.777693 -0.1938 0.153 100
0.777398 -0.1821 0.152942 100
0.776025 -0.1702 0.152672 100
0.7773 -0.1589 0.152923 100
0.779459 -0.1479 0.153348 100
0.779459 -0.1364 0.153348 100
0.779262 -0.125 0.153309 100
0.778968 -0.1136 0.153251 100
0.779459 -0.1024 0.153348 100
0.780832 -0.0913 0.153618 100
0.781029 -0.0801 0.153656 100
0.781029 -0.0689 0.153656 100
0.781912 -0.0578 0.15383 100
0.782598 -0.0467 0.153965 100
0.783187 -0.0355 0.154081 100
0.78358 -0.0244 0.154158 100
0.783874 -0.0132 0.154216 100
0.795796 0.0001 0.171185 100
0.796676 0.0115 0.171374 100
0.797458 0.0229 0.171543 100
0.798045 0.0343 0.171669 100
0.798436 0.0458 0.171753 100
0.797751 0.0572 0.171606 100
0.799805 0.0688 0.172047 100
0.803715 0.0807 0.172889 100
0.803422 0.0922 0.172825 100
0.802151 0.1037 0.172552 100
0.801564 0.1153 0.172426 100
0.799902 0.1267 0.172068 100
0.801075 0.1386 0.172321 100
0.802933 0.1507 0.17272 100
0.803617 0.1628 0.172868 100
0.803226 0.1746 0.172783 100
0.804595 0.187 0.173078 100
0.807723 0.1998 0.173751 100
0.807723 0.2121 0.173751 100
0.812318 0.2257 0.174739 100
0.79081 -0.2612 0.170113 29
0.789637 -0.2484 0.16986 100
0.791983 -0.2368 0.170365 100
0.793254 -0.225 0.170638 100
0.793352 -0.2129 0.170659 100
0.793352 -0.2008 0.170659 100
0.793157 -0.1888 0.170617 100
0.793743 -0.177 0.170744 100
0.795112 -0.1655 0.171038 100
0.796383 -0.1539 0.171311 100
0.798436 -0.1425 0.171753 100
0.79736 -0.1307 0.171522 100
0.793254 -0.1184 0.170638 100
0.791886 -0.1067 0.170344 100
0.792277 -0.0953 0.170428 100
0.791592 -0.0837 0.170281 100
0.792668 -0.0724 0.170512 100
0.79257 -0.061 0.170491 100
0.792374 -0.0497 0.170449 100
0.792961 -0.0384 0.170575 100
0.793352 -0.027 0.170659 100
0.793645 -0.0157 0.170722 100
0.792752 0.0045 0.175749 100
0.792557 0.0159 0.175706 100
0.79324 0.0272 0.175857 100
0.793826 0.0386 0.175987 100
0.795193 0.0501 0.17629 100
0.797341 0.0617 0.176766 100
0.799294 0.0734 0.177199 100
0.801148 0.0851 0.17761 100
0.801832 0.0968 0.177762 100
0.801441 0.1084 0.177675 100
0.799879 0.1198 0.177329 100
0.800075 0.1316 0.177372 100
0.801051 0.1435 0.177589 100
0.800953 0.1554 0.177567 100
0.801637 0.1674 0.177719 100
0.803101 0.1797 0.178043 100
0.803394 0.1918 0.178108 100
0.803589 0.204 0.178151 100
0.802613 0.216 0.177935 100
0.80808 0.2299 0.179147 100
0.786406 -0.2618 0.174342 29
0.78709 -0.2496 0.174494 100
0.789531 -0.2381 0.175035 100
0.7908 -0.2262 0.175316 100
0.791971 -0.2144 0.175576 100
0.791971 -0.2023 0.175576 100
0.792752 -0.1905 0.175749 100
0.793338 -0.1787 0.175879 100
0.793729 -0.1669 0.175965 100
0.793045 -0.155 0.175814 100
0.79324 -0.1433 0.175857 100
0.792167 -0.1315 0.175619 100
0.790995 -0.1197 0.175359 100
0.790605 -0.1081 0.175273 100
0.790116 -0.0965 0.175165 100
0.789335 -0.085 0.174991 100
0.789531 -0.0736 0.175035 100
0.789433 -0.0622 0.175013 100
0.789238 -0.0509 0.17497 100
0.7908 -0.0396 0.175316 100
0.792264 -0.0283 0.175641 100
0.792557 -0.017 0.175706 100
0.808825 0.0071 0.186286 100
0.80863 0.0187 0.186241 100
0.809215 0.0303 0.186376 100
0.808727 0.0419 0.186263 100
0.808143 0.0535 0.186129 100
0.80824 0.0651 0.186151 100
0.808338 0.0768 0.186174 100
0.808143 0.0884 0.186129 100
0.809799 0.1004 0.18651 100
0.810287 0.1122 0.186623 100
0.809604 0.124 0.186465 100
0.809799 0.1359 0.18651 100
0.809799 0.1478 0.18651 100
0.810579 0.1599 0.18669 100
0.813015 0.1725 0.187251 100
0.816328 0.1855 0.188014 100
0.816621 0.1978 0.188081 100
0.815744 0.21 0.187879 100
0.813697 0.2219 0.187408 100
0.815354 0.2349 0.18779 100
0.802978 -0.2566 0.184939 100
0.801711 -0.2437 0.184647 100
0.803075 -0.2317 0.184962 100
0.802296 -0.2191 0.184782 100
0.801419 -0.2066 0.18458 100
0.801321 -0.1944 0.184558 100
0.801029 -0.1823 0.18449 100
0.800639 -0.1702 0.184401 100
0.801906 -0.1585 0.184692 100
0.802003 -0.1467 0.184715 100
0.802978 -0.135 0.184939 100
0.803757 -0.1234 0.185119 100
0.80444 -0.1117 0.185276 100
0.802978 -0.0998 0.184939 100
0.80327 -0.0882 0.185007 100
0.804342 -0.0767 0.185253 100
0.805317 -0.0652 0.185478 100
0.807168 -0.0537 0.185904 100
0.807753 -0.0421 0.186039 100
0.80824 -0.0305 0.186151 100
0.80863 -0.019 0.186241 100
0.807303 0.0062 0.192773 100
0.807109 0.0178 0.192727 100
0.806817 0.0294 0.192657 100
0.807303 0.041 0.192773 100
0.807595 0.0526 0.192843 100
0.80779 0.0643 0.19289 100
0.80779 0.076 0.19289 100
0.807692 0.0876 0.192866 100
0.808373 0.0995 0.193029 100
0.809832 0.1114 0.193377 100
0.810124 0.1233 0.193447 100
0.809346 0.1351 0.193261 100
0.808373 0.1469 0.193029 100
0.810124 0.1592 0.193447 100
0.813625 0.172 0.194283 100
0.814987 0.1845 0.194608 100
0.814306 0.1967 0.194446 100
0.814404 0.2091 0.194469 100
0.813334 0.2212 0.194213 100
0.815863 0.2345 0.194817 100
0.80351 -0.2598 0.191868 100
0.799522 -0.2459 0.190915 100
0.801856 -0.2342 0.191473 100
0.798355 -0.2208 0.190637 100
0.796604 -0.2081 0.190219 100
0.798355 -0.1964 0.190637 100
0.800008 -0.1848 0.191032 100
0.800495 -0.1729 0.191148 100
0.800884 -0.161 0.191241 100
0.801078 -0.1491 0.191287 100
0.802051 -0.1374 0.191519 100
0.801954 -0.1256 0.191496 100
0.802634 -0.114 0.191659 100
0.803121 -0.1023 0.191775 100
0.804385 -0.0908 0.192077 100
0.80458 -0.0792 0.192123 100
0.80458 -0.0675 0.192123 100
0.804482 -0.0559 0.1921 100
0.806136 -0.0444 0.192495 100
0.806622 -0.0329 0.192611 100
0.807011 -0.0213 0.192704 100
0.81577 0.0025 0.204453 100
0.815673 0.0142 0.204429 100
0.817322 0.026 0.204842 100
0.817904 0.0378 0.204988 100
0.818195 0.0496 0.205061 100
0.818486 0.0615 0.205134 100
0.819456 0.0734 0.205377 100
0.820329 0.0854 0.205596 100
0.821978 0.0975 0.206009 100
0.824403 0.1099 0.206617 100
0.825761 0.1221 0.206957 100
0.825954 0.1343 0.207006 100
0.825954 0.1465 0.207006 100
0.824791 0.1586 0.206714 100
0.8245 0.1708 0.206641 100
0.824984 0.1833 0.206763 100
0.826149 0.1961 0.207054 100
0.827216 0.2089 0.207322 100
0.834588 0.2235 0.209169 100
0.809853 -0.2652 0.20297 43
0.807815 -0.2518 0.20246 100
0.810144 -0.2398 0.203043 100
0.809659 -0.2271 0.202922 100
0.810726 -0.2149 0.203189 100
0.812666 -0.203 0.203675 100
0.813442 -0.1909 0.20387 100
0.814024 -0.1787 0.204016 100
0.811599 -0.166 0.203408 100
0.81092 -0.1538 0.203238 100
0.81189 -0.1419 0.203481 100
0.81286 -0.1301 0.203724 100
0.813538 -0.1183 0.203894 100
0.812181 -0.1062 0.203554 100
0.812569 -0.0944 0.203651 100
0.813733 -0.0827 0.203943 100
0.813829 -0.0709 0.203967 100
0.813733 -0.0591 0.203943 100
0.814508 -0.0474 0.204137 100
0.814024 -0.0356 0.204016 100
0.814508 -0.0239 0.204137 100
0.814703 -0.0122 0.204186 100
0.812823 0.0029 0.207942 100
0.815633 0.0147 0.20866 100
0.814373 0.0265 0.208338 100
0.813889 0.0382 0.208214 100
0.815245 0.0501 0.208561 100
0.815439 0.0619 0.208611 100
0.816505 0.0738 0.208883 100
0.81728 0.0858 0.209082 100
0.817086 0.0977 0.209032 100
0.819508 0.11 0.209652 100
0.821736 0.1224 0.210222 100
0.822899 0.1347 0.210519 100
0.822899 0.1469 0.210519 100
0.822705 0.1592 0.21047 100
0.822414 0.1714 0.210395 100
0.823771 0.1841 0.210742 100
0.825902 0.1971 0.211287 100
0.82503 0.2095 0.211064 100
0.827452 0.2356 0.211684 100
0.806623 -0.2657 0.206355 50
0.805557 -0.2525 0.206083 100
0.807979 -0.2406 0.206702 100
0.808367 -0.2281 0.206801 100
0.80856 -0.2157 0.206851 100
0.810401 -0.2038 0.207322 100
0.810304 -0.1914 0.207297 100
0.808076 -0.1786 0.206727 100
0.806623 -0.1662 0.206355 100
0.806913 -0.1541 0.20643 100
0.808851 -0.1425 0.206925 100
0.808851 -0.1305 0.206925 100
0.809529 -0.1187 0.207099 100
0.81011 -0.1068 0.207248 100
0.811467 -0.0951 0.207595 100
0.811757 -0.0833 0.207669 100
0.812823 -0.0716 0.207942 100
0.812726 -0.0598 0.207917 100
0.813404 -0.048 0.20809 100
0.813986 -0.0363 0.208239 100
0.814373 -0.0245 0.208338 100
0.813695 -0.0128 0.208165 100
0.829244 0.0109 0.223747 100
0.830017 0.0229 0.223956 100
0.830596 0.035 0.224112 100
0.830017 0.047 0.223956 100
0.831272 0.0591 0.224294 100
0.831272 0.0832 0.224294 100
0.830982 0.0953 0.224216 100
0.830596 0.1075 0.224112 100
0.831948 0.1198 0.224477 100
0.833106 0.1323 0.224789 100
0.833203 0.1446 0.224815 100
0.832044 0.1568 0.224503 100
0.833686 0.1696 0.224946 100
0.836003 0.1827 0.225571 100
0.837258 0.1956 0.22591 100
0.837354 0.2084 0.225936 100
0.836389 0.2209 0.225675 100
0.837934 0.2343 0.226092 100
0.824321 -0.2683 0.222419 100
0.82239 -0.2546 0.221898 100
0.824803 -0.2425 0.222549 100
0.825189 -0.2297 0.222653 100
0.824417 -0.2168 0.222445 100
0.824417 -0.2042 0.222445 100
0.825189 -0.1918 0.222653 100
0.825865 -0.1795 0.222836 100
0.825286 -0.167 0.222679 100
0.82461 -0.1545 0.222497 100
0.824707 -0.1423 0.222523 100
0.826541 -0.1303 0.223018 100
0.828279 -0.1184 0.223487 100
0.828762 -0.1063 0.223617 100
0.829148 -0.0942 0.223721 100
0.830403 -0.0822 0.22406 100
0.831369 -0.0702 0.22432 100
0.831272 -0.0582 0.224294 100
0.831079 -0.0461 0.224242 100
0.831562 -0.0341 0.224373 100
0.832913 -0.0221 0.224737 100
0.832038 0.0098 0.228713 100
0.831845 0.0218 0.22866 100
0.831459 0.0339 0.228554 100
0.832906 0.046 0.228951 100
0.833098 0.0581 0.229004 100
0.832327 0.0702 0.228792 100
0.834159 0.0825 0.229296 100
0.835798 0.0949 0.229746 100
0.836377 0.1072 0.229905 100
0.837727 0.1197 0.230277 100
0.836955 0.132 0.230064 100
0.836088 0.1442 0.229826 100
0.835027 0.1565 0.229534 100
0.83657 0.1693 0.229958 100
0.83898 0.1824 0.230621 100
0.83927 0.1952 0.230701 100
0.83657 0.2073 0.229958 100
0.835509 0.2199 0.229667 100
0.820756 -0.2633 0.225612 100
0.822395 -0.2508 0.226062 100
0.82471 -0.2386 0.226698 100
0.825095 -0.2259 0.226804 100
0.824324 -0.213 0.226592 100
0.82336 -0.2001 0.226327 100
0.822203 -0.1873 0.226009 100
0.821817 -0.1748 0.225903 100
0.821238 -0.1624 0.225744 100
0.822395 -0.1503 0.226062 100
0.824324 -0.1384 0.226592 100
0.825095 -0.1263 0.226804 100
0.824806 -0.1141 0.226725 100
0.826252 -0.1021 0.227122 100
0.826638 -0.09 0.227228 100
0.826831 -0.078 0.227281 100
0.826831 -0.0659 0.227281 100
0.827602 -0.054 0.227493 100
0.829242 -0.042 0.227944 100
0.829724 -0.03 0.228077 100
0.830013 -0.018 0.228156 100
0.827316 0.0049 0.231147 100
0.828087 0.0169 0.231362 100
0.828761 0.029 0.23155 100
0.828279 0.041 0.231416 100
0.827702 0.0529 0.231254 100
0.827798 0.065 0.231281 100
0.828761 0.0772 0.23155 100
0.829628 0.0894 0.231792 100
0.830206 0.1016 0.231954 100
0.83165 0.114 0.232357 100
0.832902 0.1265 0.232707 100
0.832999 0.1388 0.232734 100
0.832999 0.1512 0.232734 100
0.833673 0.1638 0.232922 100
0.837044 0.1771 0.233864 100
0.839355 0.1902 0.23451 100
0.838585 0.2028 0.234295 100
0.840415 0.2161 0.234806 100
0.852357 0.2323 0.238143 100
0.819226 -0.272 0.228886 14
0.818167 -0.2587 0.22859 100
0.821538 -0.2468 0.229532 100
0.820093 -0.2336 0.229128 100
0.820382 -0.2209 0.229209 100
0.819515 -0.2081 0.228967 100
0.820382 -0.1958 0.229209 100
0.821056 -0.1834 0.229397 100
0.820575 -0.1709 0.229263 100
0.82096 -0.1587 0.229371 100
0.822019 -0.1466 0.229667 100
0.822982 -0.1345 0.229936 100
0.82279 -0.1223 0.229882 100
0.822404 -0.1102 0.229774 100
0.823849 -0.0982 0.230178 100
0.825101 -0.0863 0.230528 100
0.826161 -0.0743 0.230824 100
0.827027 -0.0624 0.231066 100
0.828761 -0.0505 0.23155 100
0.828376 -0.0384 0.231443 100
0.826931 -0.0263 0.231039 100
0.82722 -0.0144 0.23112 100
0.827033 0.0025 0.232157 100
0.8279 0.0145 0.2324 100
0.828574 0.0266 0.23259 100
0.829055 0.0386 0.232725 100
0.830403 0.0507 0.233103 100
0.830596 0.0628 0.233157 100
0.830596 0.075 0.233157 100
0.831462 0.0872 0.2334 100
0.831173 0.0993 0.233319 100
0.831655 0.1116 0.233454 100
0.831077 0.1238 0.233292 100
0.832136 0.1363 0.23359 100
0.833099 0.1489 0.23386 100
0.833869 0.1615 0.234076 100
0.836276 0.1745 0.234752 100
0.836757 0.1873 0.234887 100
0.83695 0.2 0.234941 100
0.833099 0.2247 0.23386 100
0.834639 0.2381 0.234292 100
0.817117 -0.2714 0.229373 36
0.818753 -0.259 0.229833 100
0.822219 -0.2471 0.230806 100
0.821738 -0.2341 0.230671 100
0.820101 -0.2209 0.230211 100
0.819235 -0.208 0.229968 100
0.820101 -0.1957 0.230211 100
0.819812 -0.1832 0.23013 100
0.820294 -0.1709 0.230265 100
0.820679 -0.1586 0.230373 100
0.820775 -0.1464 0.2304 100
0.822701 -0.1345 0.230941 100
0.823471 -0.1224 0.231157 100
0.823086 -0.1102 0.231049 100
0.822604 -0.098 0.230914 100
0.822893 -0.086 0.230995 100
0.824915 -0.0741 0.231563 100
0.825782 -0.0622 0.231806 100
0.827515 -0.0503 0.232292 100
0.828092 -0.0383 0.232454 100
0.828574 -0.0263 0.23259 100
0.826937 -0.0142 0.23213 100
0.830125 0.002 0.232244 100
0.830028 0.014 0.232217 100
0.829739 0.026 0.232136 100
0.830317 0.0381 0.232297 100
0.830606 0.0502 0.232378 100
0.831762 0.0624 0.232702 100
0.831858 0.0746 0.232729 100
0.831762 0.0867 0.232702 100
0.83234 0.099 0.232863 100
0.832917 0.1113 0.233025 100
0.833206 0.1237 0.233106 100
0.833399 0.1361 0.23316 100
0.832436 0.1483 0.23289 100
0.833206 0.1609 0.233106 100
0.836577 0.1742 0.234049 100
0.838888 0.1874 0.234695 100
0.838118 0.2 0.23448 100
0.837251 0.2126 0.234237 100
0.838984 0.226 0.234722 100
0.819628 -0.2638 0.229307 24
0.821169 -0.2513 0.229738 100
0.823576 -0.2391 0.230411 100
0.823961 -0.2264 0.230519 100
0.821265 -0.2129 0.229765 100
0.820302 -0.2001 0.229495 100
0.821072 -0.1877 0.229711 100
0.822517 -0.1756 0.230115 100
0.822902 -0.1633 0.230223 100
0.822228 -0.1508 0.230034 100
0.821265 -0.1384 0.229765 100
0.821169 -0.1262 0.229738 100
0.822806 -0.1142 0.230196 100
0.82425 -0.1023 0.2306 100
0.824635 -0.0902 0.230708 100
0.824732 -0.0781 0.230735 100
0.825791 -0.0662 0.231031 100
0.825598 -0.0541 0.230977 100
0.827236 -0.0422 0.231435 100
0.82868 -0.0302 0.231839 100
0.828006 -0.0182 0.231651 100
0.827782 0.0115 0.229098 100
0.830481 0.0236 0.229845 100
0.829132 0.0356 0.229471 100
0.82759 0.0475 0.229044 100
0.827782 0.0595 0.229098 100
0.827879 0.0715 0.229124 100
0.828746 0.0837 0.229364 100
0.830481 0.096 0.229845 100
0.831927 0.1084 0.230245 100
0.831348 0.1205 0.230085 100
0.831541 0.1328 0.230138 100
0.831637 0.1452 0.230165 100
0.833372 0.1579 0.230645 100
0.835878 0.1709 0.231338 100
0.83636 0.1836 0.231472 100
0.836649 0.1963 0.231552 100
0.835782 0.2089 0.231312 100
0.836649 0.2219 0.231552 100
0.846576 0.2376 0.234299 100
0.825758 -0.2586 0.228538 100
0.823638 -0.245 0.227951 100
0.824987 -0.2325 0.228324 100
0.822385 -0.2191 0.227604 100
0.823445 -0.2067 0.227897 100
0.82518 -0.1945 0.228377 100
0.826722 -0.1824 0.228804 100
0.82624 -0.1698 0.228671 100
0.825662 -0.1573 0.228511 100
0.825758 -0.1451 0.228538 100
0.826722 -0.1329 0.228804 100
0.827397 -0.1208 0.228991 100
0.827975 -0.1087 0.229151 100
0.827493 -0.0965 0.229018 100
0.828746 -0.0846 0.229364 100
0.827879 -0.0724 0.229124 100
0.828746 -0.0604 0.229364 100
0.829421 -0.0485 0.229551 100
0.829999 -0.0365 0.229711 100
0.830481 -0.0245 0.229845 100
0.831637 -0.0125 0.230165 100
