2.44715 0.0311 -0.355256 99
2.44744 0.0657 -0.355299 99
2.44735 0.1002 -0.355284 99
2.44566 0.1348 -0.35504 99
2.44458 0.1694 -0.354882 99
2.44299 0.204 -0.354652 99
2.44586 0.239 -0.355069 99
2.44052 -0.232 -0.354293 99
2.4425 -0.1974 -0.35458 99
2.44497 -0.1629 -0.35494 99
2.44507 -0.1283 -0.354954 99
2.44655 -0.0937 -0.355169 99
2.44764 -0.0592 -0.355328 99
2.4523 0.0272 -0.318499 99
2.4526 0.0616 -0.318537 99
2.45052 0.096 -0.318267 99
2.45002 0.1304 -0.318202 99
2.44992 0.1649 -0.31819 99
2.45042 0.1995 -0.318254 99
2.44735 0.2338 -0.317855 99
2.44487 0.2683 -0.317533 99
2.45131 -0.2009 -0.31837 99
2.45082 -0.1663 -0.318305 99
2.4529 -0.1319 -0.318576 99
2.4525 -0.0974 -0.318524 99
2.45161 -0.0629 -0.318408 99
2.45792 0.0026 -0.27266 99
2.45762 0.0372 -0.272627 99
2.45792 0.0718 -0.27266 99
2.45762 0.1065 -0.272627 99
2.45693 0.1411 -0.27255 99
2.45673 0.1759 -0.272528 99
2.45494 0.2105 -0.272329 99
2.45574 0.2455 -0.272417 99
2.45067 -0.2362 -0.271855 91
2.45176 -0.2015 -0.271976 99
2.45434 -0.167 -0.272263 99
2.45544 -0.1323 -0.272384 99
2.45703 -0.0977 -0.272561 99
2.45713 -0.0631 -0.272572 99
2.4593 0.0337 -0.258049 99
2.4596 0.0682 -0.25808 99
2.4594 0.1028 -0.258059 99
2.4587 0.1374 -0.257986 99
2.45751 0.172 -0.257861 99
2.45592 0.2066 -0.257694 99
2.45572 0.2414 -0.257673 99
2.45373 -0.2308 -0.257464 94
2.45572 -0.1962 -0.257673 99
2.45721 -0.1616 -0.25783 99
2.45721 -0.127 -0.25783 99
2.45781 -0.0924 -0.257892 99
2.4588 -0.0579 -0.257997 99
2.4612 0.0333 -0.259117 99
2.4615 0.0678 -0.259148 99
2.45931 0.1023 -0.258918 99
2.45861 0.1369 -0.258844 99
2.45752 0.1714 -0.258729 99
2.45583 0.206 -0.258551 99
2.45672 0.2408 -0.258645 99
2.45493 -0.2163 -0.258457 1
2.45573 -0.1817 -0.258541 99
2.45802 -0.1472 -0.258782 99
2.45782 -0.1126 -0.258761 99
2.45921 -0.0781 -0.258907 99
2.46 -0.0436 -0.258991 99
2.4632 0.025 -0.229805 99
2.46261 0.0596 -0.22975 99
2.46251 0.0943 -0.22974 99
2.46191 0.1289 -0.229685 99
2.46191 0.1636 -0.229685 99
2.46042 0.1983 -0.229545 99
2.46231 0.2333 -0.229722 99
2.46111 -0.2245 -0.22961 99
2.46002 -0.1896 -0.229508 99
2.46052 -0.1549 -0.229555 99
2.46141 -0.1202 -0.229638 99
2.46181 -0.0856 -0.229675 99
2.4638 -0.051 -0.229861 99
2.46325 0.0039 -0.219406 99
2.46395 0.0385 -0.219468 99
2.46514 0.0732 -0.219574 99
2.46494 0.1078 -0.219557 99
2.46514 0.1425 -0.219574 99
2.46395 0.1772 -0.219468 99
2.46215 0.2119 -0.219308 99
2.45827 0.2813 -0.218962 99
2.45528 -0.2435 -0.218696 1
2.45847 -0.209 -0.21898 99
2.46116 -0.1744 -0.219219 99
2.46235 -0.1398 -0.219326 99
2.46404 -0.1052 -0.219477 99
2.46624 -0.0706 -0.219672 99
2.46594 -0.0359 -0.219645 99
2.46648 0.0026 -0.179396 99
2.46619 0.0372 -0.179374 99
2.46648 0.0718 -0.179396 99
2.46718 0.1065 -0.179447 99
2.46648 0.1412 -0.179396 99
2.46628 0.1759 -0.179382 99
2.46549 0.2107 -0.179324 99
2.46828 0.2458 -0.179527 1
2.462 -0.239 -0.17907 67
2.4621 -0.2042 -0.179077 99
2.46469 -0.1697 -0.179266 99
2.46678 -0.1351 -0.179418 99
2.46748 -0.1004 -0.179469 99
2.46658 -0.0657 -0.179403 99
2.47029 0.0043 -0.135516 99
2.47198 0.0389 -0.135609 99
2.47118 0.0735 -0.135565 99
2.46889 0.1081 -0.135439 99
2.46919 0.1427 -0.135455 99
2.46889 0.1774 -0.135439 99
2.46719 0.2121 -0.135346 99
2.46499 0.2467 -0.135225 99
2.46649 -0.2207 -0.135307 73
2.46629 -0.1859 -0.135297 99
2.46769 -0.1513 -0.135373 99
2.46849 -0.1167 -0.135417 99
2.46889 -0.0821 -0.135439 99
2.46979 -0.0475 -0.135488 99
2.47123 0 -0.116973 99
2.47103 0.0345 -0.116963 99
2.47223 0.0691 -0.11702 99
2.47203 0.1037 -0.117011 99
2.47133 0.1383 -0.116977 99
2.47123 0.173 -0.116973 99
2.47053 0.2077 -0.11694 99
2.47033 0.2425 -0.11693 99
2.46364 -0.2393 -0.116613 99
2.46574 -0.2047 -0.116713 99
2.46834 -0.1702 -0.116836 99
2.46854 -0.1356 -0.116845 99
2.46914 -0.101 -0.116873 99
2.47033 -0.0665 -0.11693 99
2.47007 0.0091 -0.120374 99
2.47067 0.0437 -0.120404 99
2.47087 0.0783 -0.120413 99
2.47047 0.1129 -0.120394 99
2.46967 0.1475 -0.120355 99
2.47037 0.1823 -0.120389 99
2.46757 0.2169 -0.120253 99
2.46328 0.2513 -0.120043 1
2.46507 -0.2437 -0.120131 87
2.46527 -0.2089 -0.120141 99
2.46697 -0.1743 -0.120223 99
2.46817 -0.1397 -0.120282 99
2.46887 -0.1051 -0.120316 99
2.47007 -0.0705 -0.120374 99
2.47077 -0.0359 -0.120408 99
2.47239 0.0095 -0.089362 99
2.47299 0.044 -0.0893837 99
2.47219 0.0786 -0.0893548 99
2.47079 0.1131 -0.0893042 99
2.46999 0.1476 -0.0892753 99
2.47069 0.1823 -0.0893006 99
2.46889 0.2169 -0.0892356 99
2.46959 0.2517 -0.0892609 1
2.46749 -0.2424 -0.089185 83
2.46569 -0.2075 -0.08912 99
2.46629 -0.1729 -0.0891417 99
2.46749 -0.1384 -0.089185 99
2.46919 -0.1039 -0.0892464 99
2.47039 -0.0695 -0.0892898 99
2.47534 0.0104 -0.0907665 99
2.47494 0.0445 -0.0907518 99
2.47514 0.0786 -0.0907591 99
2.47474 0.1128 -0.0907445 99
2.47394 0.147 -0.0907152 99
2.47474 0.1813 -0.0907445 99
2.47294 0.2155 -0.0906785 99
2.47474 0.25 -0.0907445 1
2.46654 -0.2314 -0.090444 25
2.46744 -0.1972 -0.090477 99
2.46994 -0.1632 -0.0905686 99
2.47094 -0.1291 -0.0906052 99
2.47254 -0.095 -0.0906639 99
2.47364 -0.0609 -0.0907042 99
2.47476 0.0026 -0.0345564 99
2.47446 0.0371 -0.0345522 99
2.47446 0.1063 -0.0345522 99
2.47476 0.1409 -0.0345564 99
2.47456 0.1756 -0.0345536 99
2.47386 0.2103 -0.0345438 99
2.47166 0.2449 -0.0345131 99
2.47296 0.28 -0.0345313 1
2.47076 -0.2435 -0.0345005 39
2.47096 -0.2088 -0.0345033 99
2.47266 -0.1742 -0.0345271 99
2.47286 -0.1395 -0.0345299 99
2.47356 -0.105 -0.0345396 99
2.47376 -0.0704 -0.0345424 99
2.47546 -0.0359 -0.0345662 99
2.47654 0.0156 -0.0479843 99
2.47803 0.0502 -0.0480134 99
2.47903 0.0848 -0.0480327 99
2.47764 0.1194 -0.0480056 99
2.47574 0.154 -0.0479688 99
2.47534 0.1887 -0.0479611 99
2.47344 0.2233 -0.0479242 99
2.47314 0.2581 -0.0479184 1
2.47344 -0.2346 -0.0479242 10
2.47244 -0.1997 -0.0479049 99
2.47304 -0.1651 -0.0479165 99
2.47414 -0.1305 -0.0479378 99
2.47564 -0.096 -0.0479669 99
2.47674 -0.0614 -0.0479882 99
2.47878 0.0281 0.00908526 99
2.47818 0.0628 0.00908306 99
2.48008 0.0975 0.00909002 99
2.48148 0.1323 0.00909515 99
2.48238 0.1672 0.00909845 99
2.48078 0.202 0.00909259 99
2.48068 0.2369 0.00909222 99
2.47518 -0.2316 0.00907206 99
2.47418 -0.1967 0.0090684 99
2.47568 -0.162 0.00907389 99
2.47568 -0.1273 0.00907389 99
2.47628 -0.0926 0.00907609 99
2.47828 -0.058 0.00908342 99
2.48198 0.0091 0.0108297 99
2.48258 0.0438 0.0108324 99
2.48178 0.0786 0.0108289 99
2.48138 0.1133 0.0108271 99
2.48258 0.1482 0.0108324 99
2.48228 0.183 0.010831 99
2.48338 0.2181 0.0108358 99
2.49208 0.254 0.0108738 99
2.47828 -0.2408 0.0108136 68
2.47748 -0.2057 0.0108101 99
2.47808 -0.1709 0.0108127 99
2.47928 -0.1362 0.010818 99
2.47988 -0.1015 0.0108206 99
2.48008 -0.0667 0.0108214 99
2.48024 0.0303 0.0528197 99
2.48154 0.065 0.0528474 99
2.48344 0.0998 0.0528879 99
2.48484 0.1347 0.0529177 99
2.48564 0.1696 0.0529347 99
2.48504 0.2045 0.0529219 99
2.48994 0.24 0.0530263 99
2.47474 -0.2303 0.0527026 99
2.47674 -0.1956 0.0527452 99
2.47824 -0.1609 0.0527771 99
2.47924 -0.1262 0.0527984 99
2.48074 -0.0915 0.0528304 99
2.48274 -0.0568 0.052873 99
2.48518 0.0104 0.0637747 99
2.48578 0.0451 0.0637901 99
2.48588 0.0799 0.0637926 99
2.48558 0.1146 0.0637849 99
2.48568 0.1494 0.0637875 99
2.48638 0.1843 0.0638055 99
2.48948 0.2195 0.063885 99
2.49818 0.2555 0.0641082 99
2.47758 -0.2403 0.0635797 69
2.47868 -0.2055 0.0636079 99
2.48128 -0.1709 0.0636746 99
2.48248 -0.1362 0.0637054 99
2.48308 -0.1015 0.0637208 99
2.48228 -0.0667 0.0637003 99
2.48346 0.0182 0.110167 99
2.48396 0.053 0.110189 99
2.48406 0.0877 0.110194 99
2.48556 0.1226 0.11026 99
2.48755 0.1576 0.110349 99
2.48815 0.1926 0.110376 99
2.49215 0.228 0.110553 99
2.47796 -0.218 0.109924 99
2.47876 -0.1832 0.109959 99
2.48116 -0.1485 0.110065 99
2.48196 -0.1137 0.110101 99
2.48226 -0.079 0.110114 99
2.48116 -0.0442 0.110065 99
2.48637 0.0183 0.132481 99
2.48587 0.053 0.132455 99
2.48697 0.0877 0.132513 99
2.48747 0.1225 0.13254 99
2.48947 0.1575 0.132646 99
2.49206 0.1926 0.132784 99
2.49007 0.2275 0.132678 99
2.49266 0.2629 0.132816 99
2.48128 -0.2144 0.13221 99
2.48198 -0.1796 0.132247 99
2.48328 -0.1449 0.132316 99
2.48408 -0.1102 0.132359 99
2.48438 -0.0755 0.132375 99
2.48517 -0.0408 0.132417 99
2.48403 0.0143 0.172393 99
2.48452 0.0492 0.172428 99
2.48363 0.084 0.172365 99
2.48622 0.1189 0.172545 99
2.49021 0.1541 0.172822 99
2.4928 0.1894 0.173002 99
2.49191 0.2244 0.17294 99
2.4935 0.2599 0.173051 1
2.48073 -0.2151 0.172165 99
2.48053 -0.1801 0.172151 99
2.48183 -0.1453 0.172241 99
2.48153 -0.1104 0.17222 99
2.48193 -0.0756 0.172248 99
2.48273 -0.0409 0.172303 99
2.48309 0.0091 0.222047 99
2.48369 0.044 0.2221 99
2.48289 0.0789 0.222029 99
2.48449 0.1139 0.222172 99
2.48867 0.1492 0.222546 99
2.49126 0.1845 0.222777 99
2.49046 0.2196 0.222706 99
2.49305 0.2552 0.222938 99
2.48279 -0.2378 0.22202 74
2.4809 -0.2025 0.221851 99
2.48249 -0.1676 0.221993 99
2.4806 -0.1325 0.221824 99
2.4802 -0.0975 0.221789 99
2.4803 -0.0627 0.221797 99
2.48011 0.0304 0.23051 99
2.4834 0.0653 0.230815 99
2.48728 0.1003 0.231176 99
2.48957 0.1354 0.231389 99
2.48947 0.1704 0.231379 99
2.48788 0.2054 0.231231 99
2.48867 0.2406 0.231305 99
2.48768 -0.219 0.231213 99
2.4836 -0.1836 0.230833 99
2.48389 -0.1486 0.230861 99
2.4817 -0.1136 0.230658 99
2.48111 -0.0787 0.230602 99
2.48091 -0.0439 0.230584 99
2.49207 0.0324 0.252256 99
2.49336 0.0674 0.252387 99
2.49216 0.1025 0.252266 99
2.49147 0.1375 0.252196 99
2.49236 0.1727 0.252286 99
2.49167 0.2079 0.252216 99
2.49445 0.2435 0.252498 99
2.48699 -0.2273 0.251742 99
2.4859 -0.1921 0.251632 99
2.48739 -0.157 0.251783 99
2.48828 -0.122 0.251873 99
2.48978 -0.087 0.252024 99
2.49177 -0.0521 0.252226 99
2.49091 0.0184 0.273679 99
2.49141 0.0534 0.273734 99
2.49041 0.0884 0.273624 99
2.49002 0.1235 0.273581 99
2.48902 0.1586 0.273472 99
2.48852 0.1937 0.273417 99
2.48564 0.2287 0.2731 99
2.48316 0.2637 0.272827 1
2.48713 -0.2447 0.273264 87
2.48634 -0.2094 0.273177 99
2.48693 -0.1742 0.273242 99
2.48813 -0.1392 0.273373 99
2.48882 -0.1041 0.27345 99
2.48803 -0.0691 0.273362 99
2.49028 0.0009 0.289017 99
2.49098 0.0359 0.289097 99
2.49227 0.071 0.289247 99
2.49307 0.1061 0.28934 99
2.49128 0.1412 0.289132 99
2.49108 0.1764 0.289109 99
2.49138 0.2116 0.289144 99
2.49416 0.2472 0.289466 1
2.48343 -0.2338 0.288221 99
2.48442 -0.1987 0.288337 99
2.48701 -0.1638 0.288636 99
2.488 -0.1287 0.288752 99
2.48949 -0.0937 0.288924 99
2.49058 -0.0587 0.289051 99
2.4864 0.0035 0.320721 99
2.48809 0.0385 0.320938 99
2.48928 0.0735 0.321092 99
2.48908 0.1085 0.321066 99
2.48828 0.1436 0.320964 99
2.48898 0.1787 0.321054 99
2.48729 0.2138 0.320836 99
2.48709 0.249 0.32081 1
2.48075 -0.2321 0.319992 99
2.48174 -0.1971 0.32012 99
2.48323 -0.1621 0.320311 99
2.48521 -0.1272 0.320567 99
2.4867 -0.0923 0.320759 99
2.48769 -0.0573 0.320887 99
2.48348 0.0132 0.38402 99
2.48497 0.0482 0.384249 99
2.48408 0.0833 0.384112 99
2.48467 0.1184 0.384203 99
2.48675 0.1537 0.384524 99
2.48536 0.1888 0.38431 99
2.48645 0.2242 0.384478 99
2.47973 -0.2218 0.383439 74
2.47667 -0.1864 0.382966 99
2.47696 -0.1513 0.383011 99
2.47884 -0.1164 0.383302 99
2.48121 -0.0814 0.383669 99
2.48309 -0.0464 0.383959 99
2.4807 0.0237 0.39468 99
2.48307 0.0588 0.395057 99
2.48297 0.0939 0.395041 99
2.48445 0.1292 0.395277 99
2.48435 0.1644 0.395261 99
2.48386 0.1997 0.395182 99
2.48672 0.2353 0.395638 99
2.47872 -0.2253 0.394365 99
2.47566 -0.1898 0.393878 99
2.47705 -0.1547 0.394098 99
2.47705 -0.1196 0.394098 99
2.47843 -0.0846 0.394318 99
2.48129 -0.0496 0.394774 99
