0.93111 0.0071 -0.275454 100
0.931877 0.0206 -0.275681 49
0.93437 0.0341 -0.276418 49
0.936672 0.0477 -0.277099 28
0.935042 0.0612 -0.276617 28
0.935042 0.0747 -0.276617 30
0.936864 0.0885 -0.277156 24
0.938494 0.1023 -0.277638 29
0.938014 0.1159 -0.277496 27
0.935425 0.1293 -0.27673 24
0.929768 0.1422 -0.275057 25
0.92785 0.1556 -0.274489 28
0.927562 0.1693 -0.274404 27
0.759943 -0.2218 -0.224817 12
0.764738 -0.2114 -0.226235 100
0.768382 -0.2006 -0.227313 100
0.77845 -0.1913 -0.230292 100
0.788327 -0.1818 -0.233214 100
0.797245 -0.1718 -0.235852 100
0.805108 -0.1614 -0.238178 100
0.813834 -0.151 -0.24076 100
0.82515 -0.1409 -0.244107 100
0.837136 -0.1182 -0.247653 100
0.844328 -0.1069 -0.249781 100
0.851424 -0.0953 -0.25188 100
0.861205 -0.0839 -0.254774 100
0.872712 -0.0723 -0.258178 100
0.882205 -0.0603 -0.260986 100
0.892562 -0.0481 -0.26405 100
0.90263 -0.0356 -0.267029 100
0.909726 -0.0227 -0.269128 100
0.929575 0.0107 -0.273236 100
0.931302 0.0243 -0.273744 100
0.935715 0.038 -0.275041 38
0.937922 0.0518 -0.27569 27
0.937154 0.0655 -0.275464 27
0.937154 0.0793 -0.275464 29
0.936003 0.0929 -0.275126 26
0.936578 0.1068 -0.275295 25
0.938881 0.1209 -0.275972 24
0.935235 0.1343 -0.2749 25
0.930438 0.1475 -0.27349 27
0.928423 0.1611 -0.272898 28
0.92804 0.1749 -0.272785 26
0.740858 -0.2129 -0.217765 12
0.765899 -0.2081 -0.225126 100
0.774246 -0.1984 -0.227579 100
0.778659 -0.1875 -0.228877 100
0.788637 -0.1778 -0.231809 100
0.79756 -0.1677 -0.234432 100
0.805331 -0.1571 -0.236716 100
0.813006 -0.1464 -0.238972 100
0.822504 -0.1358 -0.241764 100
0.83277 -0.125 -0.244782 100
0.84198 -0.1139 -0.247489 100
0.851095 -0.1025 -0.250168 100
0.860977 -0.091 -0.253073 100
0.870667 -0.0792 -0.255921 100
0.879301 -0.0671 -0.258459 100
0.890719 -0.0549 -0.261815 100
0.899929 -0.0424 -0.264522 100
0.909043 -0.0295 -0.267201 100
0.919981 -0.0164 -0.270416 100
0.931973 0.0092 -0.276063 100
0.934562 0.0228 -0.27683 100
0.938972 0.0366 -0.278136 31
0.939356 0.0504 -0.27825 27
0.934753 0.0638 -0.276887 27
0.932836 0.0774 -0.276319 30
0.934562 0.0913 -0.27683 29
0.935233 0.1051 -0.277029 25
0.933699 0.1187 -0.276574 25
0.932932 0.1325 -0.276347 24
0.930151 0.1459 -0.275523 26
0.928042 0.1595 -0.274898 29
0.928713 0.1736 -0.275097 28
0.753632 -0.2193 -0.223236 12
0.765713 -0.2108 -0.226815 100
0.771275 -0.2004 -0.228462 100
0.780479 -0.1907 -0.231189 100
0.788533 -0.1806 -0.233574 100
0.796492 -0.1703 -0.235932 100
0.803395 -0.1595 -0.237976 100
0.811162 -0.1489 -0.240277 100
0.819695 -0.1381 -0.242805 100
0.831009 -0.1276 -0.246156 100
0.841173 -0.1167 -0.249167 100
0.849323 -0.1052 -0.251581 100
0.860157 -0.0938 -0.25479 100
0.871855 -0.0823 -0.258255 100
0.881443 -0.0702 -0.261095 100
0.890935 -0.0579 -0.263907 100
0.900236 -0.0453 -0.266662 100
0.909345 -0.0325 -0.26936 100
0.918358 -0.0194 -0.27203 100
0.929136 0.0071 -0.278578 100
0.932776 0.0207 -0.279669 52
0.93134 0.1301 -0.279238 26
0.928562 0.1435 -0.278405 27
0.92655 0.1571 -0.277802 29
0.756911 -0.2192 -0.22694 10
0.76716 -0.2102 -0.230013 100
0.771758 -0.1994 -0.231392 100
0.780858 -0.1897 -0.23412 100
0.788904 -0.1796 -0.236532 100
0.795992 -0.1691 -0.238658 100
0.804709 -0.1588 -0.241271 100
0.814287 -0.1484 -0.244143 100
0.825686 -0.1381 -0.247561 100
0.835073 -0.1272 -0.250375 100
0.842353 -0.1158 -0.252558 100
0.851453 -0.1044 -0.255286 100
0.861319 -0.0929 -0.258244 100
0.871089 -0.0812 -0.261174 100
0.880668 -0.0691 -0.264046 100
0.891109 -0.0569 -0.267176 100
0.9004 -0.0443 -0.269962 100
0.9095 -0.0315 -0.27269 100
0.919366 -0.0184 -0.275648 100
0.928893 0.001 -0.279388 100
0.75202 -0.2181 -0.226189 31
0.762267 -0.2091 -0.229271 18
0.766863 -0.1984 -0.230654 100
0.775003 -0.1886 -0.233102 100
0.784005 -0.1787 -0.235809 100
0.792911 -0.1687 -0.238488 100
0.800763 -0.1582 -0.24085 100
0.807467 -0.1473 -0.242866 100
0.816947 -0.1368 -0.245718 100
0.827194 -0.1262 -0.2488 100
0.837344 -0.1153 -0.251853 100
0.846442 -0.104 -0.254589 100
0.855348 -0.0924 -0.257268 100
0.865115 -0.0807 -0.260206 100
0.874692 -0.0688 -0.263086 100
0.883214 -0.0565 -0.265649 100
0.892503 -0.044 -0.268443 100
0.903516 -0.0313 -0.271755 100
0.911464 -0.0183 -0.274146 100
0.934083 0.0076 -0.265199 100
0.95313 0.0216 -0.270607 100
0.966213 0.036 -0.274322 100
0.980931 0.0508 -0.2785 100
0.985549 0.167 -0.279811 30
0.756309 -0.2147 -0.214727 18
0.769392 -0.2064 -0.218441 100
0.774875 -0.1959 -0.219998 100
0.784976 -0.1864 -0.222866 100
0.793922 -0.1765 -0.225406 100
0.800945 -0.1659 -0.2274 100
0.807871 -0.1552 -0.229366 100
0.817491 -0.1448 -0.232097 100
0.828842 -0.1344 -0.23532 100
0.839135 -0.1236 -0.238242 100
0.847408 -0.1123 -0.240591 100
0.855489 -0.1008 -0.242885 100
0.866359 -0.0893 -0.245972 100
0.876075 -0.0775 -0.24873 100
0.885695 -0.0654 -0.251461 100
0.895122 -0.053 -0.254138 100
0.904357 -0.0404 -0.25676 100
0.911572 -0.0275 -0.258808 100
0.922443 -0.0144 -0.261895 100
0.939494 0.0092 -0.260721 100
0.951732 0.0231 -0.264117 100
0.9658 0.0374 -0.268022 100
0.978712 0.0521 -0.271605 100
0.990371 0.0671 -0.27484 100
1.00087 0.0824 -0.277755 100
0.76364 -0.2143 -0.21192 42
0.769325 -0.204 -0.213497 44
0.773854 -0.1933 -0.214754 100
0.781081 -0.1832 -0.21676 100
0.790042 -0.1733 -0.219247 100
0.799871 -0.1634 -0.221974 100
0.80864 -0.1531 -0.224408 100
0.816252 -0.1423 -0.22652 100
0.823864 -0.1314 -0.228633 100
0.835042 -0.1209 -0.231735 100
0.845159 -0.1099 -0.234542 100
0.854217 -0.0985 -0.237056 100
0.866069 -0.0872 -0.240345 100
0.874838 -0.0754 -0.242778 100
0.883414 -0.0632 -0.245158 100
0.89382 -0.051 -0.248046 100
0.904034 -0.0385 -0.250881 100
0.914152 -0.0257 -0.253689 100
0.936113 0.0071 -0.250306 100
0.961038 0.0212 -0.25697 100
0.97321 0.0355 -0.260225 100
0.986155 0.0503 -0.263686 100
0.997845 0.0654 -0.266812 100
1.00944 0.0808 -0.269912 100
1.02267 0.0967 -0.27345 100
1.03852 0.1134 -0.277687 100
0.763382 -0.2192 -0.204119 25
0.770917 -0.2094 -0.206134 100
0.775554 -0.1987 -0.207374 100
0.782799 -0.1886 -0.209311 100
0.79188 -0.1788 -0.211739 100
0.801831 -0.1689 -0.2144 100
0.810622 -0.1586 -0.216751 100
0.818447 -0.1479 -0.218843 100
0.827045 -0.1372 -0.221142 100
0.838348 -0.1266 -0.224164 100
0.847622 -0.1155 -0.226644 100
0.8568 -0.1042 -0.229098 100
0.868682 -0.0929 -0.232275 100
0.878536 -0.0812 -0.23491 100
0.887231 -0.0691 -0.237235 100
0.896795 -0.0568 -0.239792 100
0.907131 -0.0443 -0.242556 100
0.916309 -0.0315 -0.24501 100
0.927226 -0.0184 -0.247929 100
0.941965 0.0085 -0.243784 100
0.966458 0.0362 -0.250123 100
0.978463 0.0506 -0.25323 100
0.990274 0.0654 -0.256287 100
1.00092 0.0804 -0.259043 100
1.01419 0.096 -0.262475 100
1.03016 0.1123 -0.266609 100
1.04584 0.1291 -0.270668 100
1.05368 0.1452 -0.272698 100
1.07837 0.1643 -0.279087 100
0.773515 -0.2094 -0.200189 22
0.780969 -0.1995 -0.202118 100
0.785423 -0.1889 -0.20327 100
0.794523 -0.1792 -0.205626 100
0.803429 -0.1693 -0.207931 100
0.811368 -0.1589 -0.209985 100
0.819113 -0.1484 -0.211989 100
0.829568 -0.1382 -0.214695 100
0.838088 -0.1274 -0.2169 100
0.846413 -0.1164 -0.219055 100
0.85561 -0.1053 -0.221435 100
0.867518 -0.0942 -0.224517 100
0.878264 -0.0828 -0.227298 100
0.887074 -0.0709 -0.229578 100
0.896561 -0.0589 -0.232033 100
0.908856 -0.0467 -0.235215 100
0.91815 -0.0341 -0.237621 100
0.92725 -0.0212 -0.239976 100
0.943354 0.0097 -0.238355 100
0.967301 0.0239 -0.244406 100
0.979517 0.0383 -0.247492 100
0.992412 0.0532 -0.25075 100
1.00327 0.0683 -0.253494 100
1.01665 0.0839 -0.256874 100
1.03381 0.1004 -0.26121 100
1.04874 0.1171 -0.264983 100
1.05475 0.1332 -0.266502 100
1.07783 0.1519 -0.272332 100
0.771941 -0.2122 -0.195044 23
0.776594 -0.2015 -0.19622 100
0.784932 -0.1917 -0.198327 100
0.795015 -0.1821 -0.200875 100
0.804129 -0.172 -0.203177 100
0.812079 -0.1615 -0.205186 100
0.819932 -0.1508 -0.20717 100
0.829531 -0.1403 -0.209595 100
0.840002 -0.1297 -0.212241 100
0.849309 -0.1186 -0.214593 100
0.85755 -0.1072 -0.216675 100
0.868603 -0.0959 -0.219468 100
0.879462 -0.0843 -0.222211 100
0.889254 -0.0723 -0.224686 100
0.900791 -0.0602 -0.227601 100
0.910196 -0.0476 -0.229977 100
0.918534 -0.0348 -0.232084 100
0.928617 -0.0218 -0.234631 100
0.944666 0.0054 -0.228888 100
0.956134 0.0193 -0.231667 100
0.967408 0.0334 -0.234398 100
0.980529 0.048 -0.237577 100
0.992386 0.0629 -0.24045 100
1.00395 0.0782 -0.243252 100
1.01736 0.094 -0.246502 100
1.03437 0.1106 -0.250623 100
1.04914 0.1274 -0.254202 100
1.05497 0.1436 -0.255615 100
1.07704 0.1624 -0.26096 100
0.769825 -0.2122 -0.186525 100
0.778281 -0.2026 -0.188573 29
0.782848 -0.1918 -0.18968 100
0.790138 -0.1816 -0.191446 100
0.801023 -0.1721 -0.194084 100
0.809964 -0.1619 -0.19625 100
0.817836 -0.1512 -0.198158 100
0.827458 -0.1408 -0.200489 100
0.836982 -0.13 -0.202797 100
0.844466 -0.1188 -0.20461 100
0.852727 -0.1075 -0.206611 100
0.86089 -0.0959 -0.208589 100
0.871775 -0.0845 -0.211227 100
0.882563 -0.0727 -0.213841 100
0.893157 -0.0607 -0.216407 100
0.904528 -0.0484 -0.219163 100
0.913858 -0.0357 -0.221423 100
0.92105 -0.0227 -0.223166 100
0.945101 0.0076 -0.218367 100
0.969264 0.0217 -0.22395 100
0.981541 0.0361 -0.226787 100
0.991576 0.0508 -0.229106 100
1.00444 0.0659 -0.232077 100
1.01798 0.0815 -0.235207 100
1.0323 0.0976 -0.238516 100
1.04643 0.1141 -0.24178 100
1.05442 0.1303 -0.243626 100
1.07858 0.149 -0.249209 100
0.776249 -0.2104 -0.179354 41
0.784726 -0.2007 -0.181313 100
0.789305 -0.1898 -0.182371 100
0.798464 -0.18 -0.184487 100
0.808402 -0.1701 -0.186783 100
0.817366 -0.1598 -0.188854 100
0.827207 -0.1494 -0.191128 100
0.83773 -0.1389 -0.193559 100
0.848252 -0.1282 -0.19599 100
0.855755 -0.1168 -0.197724 100
0.864037 -0.1053 -0.199637 100
0.874072 -0.0939 -0.201956 100
0.884985 -0.0822 -0.204478 100
0.893754 -0.0701 -0.206504 100
0.904374 -0.0579 -0.208957 100
0.915774 -0.0454 -0.211591 100
0.924055 -0.0325 -0.213505 100
0.934188 -0.0194 -0.215846 100
0.948033 0.0046 -0.214518 100
0.959542 0.0184 -0.217122 100
0.971929 0.0325 -0.219925 100
0.984998 0.0471 -0.222882 100
0.998848 0.0621 -0.226016 100
1.01055 0.0773 -0.228665 100
1.02304 0.093 -0.23149 100
1.03718 0.1093 -0.23469 100
1.05298 0.1262 -0.238265 100
1.05893 0.1423 -0.239611 100
1.08107 0.161 -0.244621 100
0.772179 -0.2135 -0.174726 28
0.781639 -0.2042 -0.176867 41
0.786223 -0.1934 -0.177904 100
0.795489 -0.1837 -0.180001 100
0.805535 -0.174 -0.182274 100
0.813533 -0.1636 -0.184084 100
0.820458 -0.1528 -0.185651 100
0.827285 -0.1419 -0.187196 100
0.836844 -0.1312 -0.189358 100
0.848255 -0.1206 -0.191941 100
0.857521 -0.1095 -0.194037 100
0.865714 -0.098 -0.195891 100
0.87576 -0.0864 -0.198164 100
0.886489 -0.0747 -0.200592 100
0.896242 -0.0626 -0.202799 100
0.906678 -0.0503 -0.20516 100
0.917017 -0.0378 -0.2075 100
0.925307 -0.0248 -0.209376 100
0.953623 0.001 -0.203047 100
0.964284 0.0148 -0.205317 100
0.975728 0.0289 -0.207753 100
0.987954 0.0434 -0.210356 100
1.00282 0.0584 -0.213522 100
1.01563 0.0737 -0.21625 100
1.02688 0.104 -0.218645 100
1.04282 0.1207 -0.222039 100
1.05759 0.1377 -0.225184 100
1.06424 0.1541 -0.2266 100
1.08821 0.1734 -0.231702 100
0.778841 -0.2041 -0.165832 100
0.788133 -0.1946 -0.16781 44
0.792632 -0.1838 -0.168768 100
0.802706 -0.1741 -0.170913 100
0.811704 -0.164 -0.172829 100
0.819725 -0.1535 -0.174537 100
0.826571 -0.1426 -0.175995 100
0.8342 -0.1317 -0.177619 100
0.845546 -0.1212 -0.180035 100
0.855913 -0.1102 -0.182242 100
0.871856 -0.0997 -0.185637 100
0.882908 -0.0882 -0.18799 100
0.891809 -0.0762 -0.189885 100
0.899633 -0.064 -0.191551 100
0.911175 -0.0518 -0.194009 100
0.921542 -0.0392 -0.196216 100
0.930736 -0.0262 -0.198174 100
0.950963 0.0051 -0.19123 100
0.960571 0.0188 -0.193162 100
0.971061 0.0327 -0.195271 100
0.983218 0.0471 -0.197716 100
0.995178 0.0619 -0.200121 100
1.0089 0.0771 -0.202881 100
1.02537 0.093 -0.206193 100
1.04057 0.1093 -0.209249 100
1.05459 0.1259 -0.212068 100
1.05949 0.1417 -0.213054 100
1.07596 0.1595 -0.216366 100
0.785378 -0.2093 -0.157932 26
0.793907 -0.1996 -0.159647 100
0.799397 -0.189 -0.160751 100
0.808613 -0.1791 -0.162604 100
0.81577 -0.1686 -0.164044 100
0.823711 -0.1582 -0.16564 100
0.830671 -0.1473 -0.16704 100
0.839397 -0.1366 -0.168795 100
0.849887 -0.126 -0.170904 100
0.859298 -0.115 -0.172797 100
0.867631 -0.1036 -0.174472 100
0.877729 -0.0922 -0.176503 100
0.889592 -0.0807 -0.178889 100
0.900376 -0.0688 -0.181057 100
0.910082 -0.0566 -0.183009 100
0.920572 -0.0441 -0.185118 100
0.928905 -0.0313 -0.186794 100
0.939003 -0.0183 -0.188825 100
0.954688 0.0076 -0.182635 100
0.966278 0.0215 -0.184852 100
0.978653 0.0357 -0.187219 100
0.988868 0.0502 -0.189173 100
1.00075 0.0651 -0.191447 100
1.01745 0.0807 -0.194641 100
1.03287 0.0967 -0.197591 100
1.04603 0.113 -0.200109 100
1.059 0.1297 -0.202589 100
1.06489 0.1458 -0.203716 100
1.08709 0.1646 -0.207963 100
0.78693 -0.205 -0.150542 32
0.795377 -0.1952 -0.152158 100
0.800877 -0.1846 -0.15321 100
0.809029 -0.1744 -0.15477 100
0.817181 -0.164 -0.156329 100
0.825137 -0.1534 -0.157851 100
0.833977 -0.1428 -0.159542 100
0.844584 -0.1323 -0.161571 100
0.854112 -0.1214 -0.163394 100
0.861478 -0.11 -0.164803 100
0.869728 -0.0985 -0.166382 100
0.878863 -0.0869 -0.168129 100
0.890747 -0.0753 -0.170403 100
0.902435 -0.0633 -0.172638 100
0.913043 -0.051 -0.174668 100
0.922472 -0.0384 -0.176472 100
0.930821 -0.0255 -0.178069 100
0.951053 0.0003 -0.174894 100
0.962756 0.014 -0.177046 100
0.97623 0.0281 -0.179524 100
0.988524 0.0425 -0.181785 100
1.00062 0.0573 -0.184009 100
1.01341 0.0725 -0.186361 100
1.02904 0.0884 -0.189236 100
1.0434 0.1046 -0.191877 100
1.05648 0.1211 -0.194282 100
1.06248 0.1371 -0.195386 100
1.08196 0.1553 -0.198967 100
0.79556 -0.1987 -0.1463 7
0.802051 -0.1883 -0.147493 100
0.806575 -0.1773 -0.148325 100
0.815624 -0.1672 -0.149989 100
0.823688 -0.1567 -0.151472 100
0.830573 -0.1458 -0.152738 100
0.84031 -0.1352 -0.154529 100
0.851817 -0.1247 -0.156645 100
0.860275 -0.1135 -0.1582 100
0.868536 -0.102 -0.15972 100
0.876699 -0.0904 -0.161221 100
0.887715 -0.0788 -0.163246 100
0.899517 -0.0669 -0.165417 100
0.911122 -0.0548 -0.167551 100
0.920564 -0.0422 -0.169287 100
0.928924 -0.0294 -0.170825 100
0.937185 -0.0163 -0.172344 100
0.955057 0.0066 -0.169606 100
0.966675 0.0204 -0.171669 100
0.980066 0.0346 -0.174047 100
0.99129 0.0492 -0.17604 100
1.0033 0.0641 -0.178173 100
1.01699 0.0795 -0.180604 100
1.03254 0.0954 -0.183366 100
1.04771 0.1119 -0.186059 100
1.06179 0.1287 -0.18856 100
1.06671 0.1447 -0.189434 100
1.08502 0.1629 -0.192686 100
0.783048 -0.1996 -0.139059 11
0.798211 -0.1914 -0.141752 100
0.805596 -0.1812 -0.143063 100
0.813768 -0.1709 -0.144515 100
0.821841 -0.1605 -0.145948 100
0.828832 -0.1496 -0.14719 100
0.838579 -0.1391 -0.148921 100
0.850198 -0.1287 -0.150984 100
0.858665 -0.1175 -0.152488 100
0.86605 -0.106 -0.153799 100
0.875305 -0.0946 -0.155443 100
0.886332 -0.083 -0.157401 100
0.896178 -0.0711 -0.15915 100
0.904941 -0.0589 -0.160706 100
0.915476 -0.0465 -0.162577 100
0.925913 -0.0339 -0.16443 100
0.934184 -0.0209 -0.165899 100
0.958189 0.0051 -0.16327 100
0.969822 0.0189 -0.165252 100
0.982341 0.033 -0.167385 100
0.993579 0.0474 -0.1693 100
1.00561 0.0623 -0.17135 100
1.02039 0.0777 -0.173869 100
1.03488 0.0935 -0.176338 100
1.05026 0.1099 -0.178959 100
1.06426 0.1266 -0.181344 100
1.06929 0.1425 -0.182201 100
1.08772 0.1606 -0.185342 100
0.797407 -0.2029 -0.135874 14
0.803026 -0.1923 -0.136831 100
0.80756 -0.1813 -0.137604 100
0.814757 -0.1709 -0.13883 100
0.821854 -0.1603 -0.140039 100
0.830825 -0.1499 -0.141568 100
0.838613 -0.1392 -0.142895 100
0.847288 -0.1283 -0.144373 100
0.858723 -0.1177 -0.146322 100
0.868088 -0.1065 -0.147917 100
0.87627 -0.095 -0.149311 100
0.888297 -0.0836 -0.151361 100
0.898253 -0.0717 -0.153057 100
0.907027 -0.0595 -0.154552 100
0.917575 -0.0472 -0.15635 100
0.928024 -0.0346 -0.15813 100
0.937291 -0.0217 -0.159709 100
0.963102 0.0003 -0.151851 100
0.973869 0.0141 -0.153549 100
0.986414 0.0283 -0.155527 100
0.99975 0.0428 -0.157629 100
1.01388 0.0578 -0.159857 100
1.0277 0.0731 -0.162037 100
1.04143 0.0889 -0.164202 100
1.05477 0.1051 -0.166304 100
1.06899 0.1218 -0.168547 100
1.07304 0.1377 -0.169186 100
1.08865 0.1553 -0.171646 1
0.788855 -0.203 -0.124378 7
0.803079 -0.1947 -0.126621 100
0.809599 -0.1842 -0.127649 100
0.819773 -0.1743 -0.129253 100
0.826885 -0.1637 -0.130374 100
0.833009 -0.1527 -0.13134 100
0.841801 -0.142 -0.132726 100
0.853457 -0.1316 -0.134564 100
0.863039 -0.1207 -0.136074 100
0.871534 -0.1093 -0.137414 100
0.879831 -0.0977 -0.138722 100
0.891882 -0.0863 -0.140622 100
0.901859 -0.0744 -0.142195 100
0.911638 -0.0623 -0.143737 100
0.924282 -0.05 -0.14573 100
0.933765 -0.0373 -0.147226 100
0.940087 -0.0243 -0.148222 100
0.959261 0.0081 -0.137036 100
0.984802 0.0223 -0.140684 100
0.998166 0.0367 -0.142593 100
1.01143 0.0515 -0.144488 100
1.0245 0.0667 -0.146355 100
1.03925 0.0824 -0.148462 100
1.05281 0.0984 -0.1504 100
1.06707 0.115 -0.152436 100
1.0732 0.131 -0.153313 100
1.0929 0.1491 -0.156127 100
0.798691 -0.1905 -0.114097 9
0.812848 -0.1818 -0.11612 100
0.822054 -0.1717 -0.117435 100
0.830271 -0.1612 -0.118609 100
0.837201 -0.1503 -0.119599 100
0.84611 -0.1396 -0.120871 0
0.857692 -0.1291 -0.122526 100
0.869275 -0.1183 -0.124181 100
0.8767 -0.1067 -0.125241 100
0.885015 -0.0951 -0.126429 100
0.896103 -0.0835 -0.128013 100
0.907982 -0.0717 -0.12971 100
0.918772 -0.0595 -0.131252 100
0.928375 -0.0469 -0.132623 100
0.935898 -0.0341 -0.133698 100
0.945204 -0.021 -0.135027 100
0.965057 0.0078 -0.131682 100
0.976749 0.0217 -0.133277 100
0.989233 0.0359 -0.13498 100
1.00142 0.0505 -0.136643 100
1.01549 0.0656 -0.138563 100
1.02926 0.0811 -0.140442 100
1.04086 0.0968 -0.142024 100
1.05522 0.1132 -0.143985 100
1.07127 0.1302 -0.146175 100
1.07722 0.1464 -0.146986 100
1.1006 0.1654 -0.150177 100
0.802365 -0.1952 -0.109482 9
0.810787 -0.1852 -0.110632 100
0.815246 -0.1742 -0.11124 100
0.824361 -0.164 -0.112484 100
0.832387 -0.1534 -0.113579 100
0.839323 -0.1425 -0.114525 100
0.848042 -0.1317 -0.115715 100
0.859634 -0.1211 -0.117297 100
0.870038 -0.1101 -0.118716 100
0.878361 -0.0986 -0.119852 100
0.888566 -0.0871 -0.121244 100
0.899564 -0.0754 -0.122745 100
0.910364 -0.0633 -0.124219 100
0.919083 -0.0509 -0.125409 100
0.928595 -0.0383 -0.126706 100
0.938008 -0.0255 -0.127991 100
0.965518 0.0071 -0.120433 100
0.976235 0.0209 -0.12177 100
0.987746 0.0351 -0.123205 100
1.00005 0.0496 -0.12474 100
1.01414 0.0646 -0.126498 100
1.02694 0.08 -0.128094 100
1.03954 0.0957 -0.129666 100
1.05592 0.1122 -0.131709 100
1.07199 0.1292 -0.133714 100
1.07596 0.145 -0.134209 100
1.09452 0.1632 -0.136523 100
0.799703 -0.1901 -0.09975 9
0.812901 -0.1813 -0.101396 100
0.818259 -0.1704 -0.102065 100
0.826396 -0.16 -0.10308 100
0.834335 -0.1494 -0.10407 100
0.842273 -0.1386 -0.10506 100
0.850906 -0.1278 -0.106137 100
0.862417 -0.1172 -0.107573 100
0.871844 -0.106 -0.108748 100
0.879187 -0.0943 -0.109664 100
0.888316 -0.0827 -0.110803 100
0.900224 -0.0711 -0.112288 100
0.912032 -0.0591 -0.113761 100
0.923643 -0.0468 -0.115209 100
0.934161 -0.0342 -0.116521 100
0.941504 -0.0212 -0.117437 100
0.963376 0.0081 -0.113171 100
0.984034 0.0221 -0.115597 100
0.998435 0.0365 -0.117289 100
1.01174 0.0512 -0.118852 100
1.02485 0.0664 -0.120393 100
1.03965 0.082 -0.122131 100
1.05524 0.0982 -0.123963 100
1.07153 0.1149 -0.125876 100
1.0757 0.1307 -0.126366 100
1.09447 0.1486 -0.128571 100
0.799006 -0.2002 -0.0938616 8
0.813903 -0.1798 -0.0956117 100
0.82602 -0.1704 -0.0970351 100
0.834164 -0.1599 -0.0979917 100
0.841216 -0.149 -0.0988201 100
0.849062 -0.1381 -0.0997418 100
0.859788 -0.1275 -0.101002 0
0.870315 -0.1166 -0.102239 100
0.880744 -0.1054 -0.103464 100
0.89296 -0.0942 -0.104899 100
0.90309 -0.0824 -0.106089 100
0.910042 -0.0702 -0.106905 100
0.919875 -0.0579 -0.10806 100
0.931495 -0.0455 -0.109425 100
0.94093 -0.0327 -0.110534 100
0.951259 -0.0197 -0.111747 100
0.966223 0.0051 -0.105819 100
0.976959 0.0189 -0.106994 100
0.987595 0.033 -0.108159 100
1.00092 0.0475 -0.109618 100
1.01602 0.0625 -0.111273 100
1.02895 0.0778 -0.112688 100
1.04157 0.0935 -0.114071 100
1.05698 0.1099 -0.115758 100
1.07318 0.1268 -0.117533 100
1.07815 0.1428 -0.118077 100
1.09575 0.1608 -0.120004 100
0.804887 -0.1915 -0.0881495 9
0.817114 -0.1824 -0.0894886 100
0.822482 -0.1715 -0.0900765 100
0.830634 -0.1611 -0.0909692 100
0.837691 -0.1503 -0.0917421 100
0.84465 -0.1393 -0.0925042 100
0.852403 -0.1283 -0.0933533 100
0.86294 -0.1175 -0.0945073 100
0.873378 -0.1065 -0.0956504 100
0.881629 -0.0949 -0.096554 100
0.890774 -0.0833 -0.0975556 100
0.902802 -0.0716 -0.0988729 100
0.914631 -0.0597 -0.100168 100
0.924274 -0.0473 -0.101224 100
0.933817 -0.0346 -0.10227 100
0.941173 -0.0216 -0.103075 100
0.968106 0.0107 -0.0964592 100
0.979848 0.0246 -0.0976292 100
0.993282 0.0389 -0.0989676 100
1.00662 0.0536 -0.100296 100
1.02065 0.0687 -0.101694 100
1.03249 0.0841 -0.102874 100
1.04413 0.0998 -0.104034 100
1.06045 0.1164 -0.10566 100
1.07647 0.1335 -0.107256 100
1.08145 0.1495 -0.107752 100
1.10284 0.1683 -0.109884 100
0.806407 -0.1839 -0.080348 35
0.820537 -0.1751 -0.0817559 100
0.826806 -0.1643 -0.0823805 100
0.834866 -0.1538 -0.0831836 100
0.842827 -0.143 -0.0839767 100
0.851583 -0.1323 -0.0848492 100
0.862231 -0.1215 -0.0859101 100
0.870788 -0.1103 -0.0867627 100
0.879147 -0.0988 -0.0875956 100
0.888302 -0.0873 -0.0885077 100
0.898352 -0.0755 -0.0895091 100
0.909298 -0.0636 -0.0905997 100
0.921039 -0.0514 -0.0917696 100
0.930592 -0.0389 -0.0927214 100
0.938951 -0.026 -0.0935542 100
0.959112 0.005 -0.0864422 100
0.983812 0.019 -0.0886684 100
0.996361 0.0332 -0.0897994 100
1.00881 0.0478 -0.0909214 100
1.02196 0.0628 -0.0921063 100
1.03391 0.0782 -0.0931835 100
1.04755 0.094 -0.0944132 100
1.06299 0.1104 -0.0958046 100
1.07813 0.1273 -0.097169 100
1.08421 0.1435 -0.0977165 100
1.10671 0.1623 -0.0997452 100
0.802348 -0.1955 -0.0723135 12
0.815694 -0.1866 -0.0735163 100
0.823064 -0.1762 -0.0741805 100
0.83133 -0.1658 -0.0749256 100
0.838402 -0.155 -0.0755629 100
0.846369 -0.1442 -0.076281 100
0.855233 -0.1334 -0.0770799 100
0.86589 -0.1227 -0.0780404 100
0.875452 -0.1115 -0.0789021 100
0.884814 -0.1001 -0.0797459 100
0.896964 -0.0887 -0.080841 100
0.908119 -0.077 -0.0818463 100
0.916983 -0.0648 -0.0826452 100
0.92774 -0.0525 -0.0836147 100
0.9374 -0.0398 -0.0844854 100
0.944771 -0.0269 -0.0851496 100
0.955029 -0.0137 -0.0860742 100
0.969947 0.0037 -0.0770179 100
0.98171 0.0175 -0.0779519 100
0.993373 0.0317 -0.078878 100
1.00573 0.0462 -0.0798595 100
1.01899 0.0611 -0.0809123 100
1.03195 0.0764 -0.0819413 100
1.04471 0.0921 -0.0829545 100
1.06016 0.1084 -0.0841814 100
1.07542 0.1252 -0.0853925 100
1.0794 0.1411 -0.0857091 100
1.10004 0.1595 -0.0873476 100
0.806362 -0.1905 -0.0640285 14
0.81962 -0.1816 -0.0650813 100
0.825003 -0.1707 -0.0655087 100
0.833178 -0.1602 -0.0661578 100
0.841152 -0.1496 -0.066791 100
0.849127 -0.1388 -0.0674243 0
0.856903 -0.1277 -0.0680417 100
0.868466 -0.1171 -0.0689599 0
0.877937 -0.1058 -0.0697118 100
0.887207 -0.0944 -0.070448 100
0.897375 -0.0827 -0.0712554 100
0.907344 -0.0709 -0.0720469 100
0.917213 -0.0587 -0.0728306 100
0.926883 -0.0463 -0.0735984 100
0.937449 -0.0337 -0.0744374 100
0.945823 -0.0207 -0.0751023 100
0.960883 0.002 -0.0638218 100
0.98473 0.0158 -0.0654057 100
0.996405 0.03 -0.0661811 100
1.01077 0.0446 -0.0671355 100
1.02504 0.0596 -0.0680832 100
1.03801 0.0749 -0.0689447 100
1.04979 0.0905 -0.0697268 100
1.06635 0.107 -0.0708269 100
1.08072 0.1391 -0.0717813 100
1.08661 0.1553 -0.0721723 100
1.11095 0.1747 -0.0737894 100
0.802931 -0.2074 -0.0533306 21
0.81251 -0.1978 -0.0539668 100
0.818097 -0.1871 -0.054338 100
0.825481 -0.1767 -0.0548284 100
0.832765 -0.1661 -0.0553122 100
0.839949 -0.1553 -0.0557894 100
0.847932 -0.1446 -0.0563196 100
0.85771 -0.1339 -0.0569691 100
0.868387 -0.1232 -0.0576782 100
0.877966 -0.112 -0.0583144 100
0.887345 -0.1006 -0.0589374 100
0.89862 -0.0892 -0.0596863 100
0.908698 -0.0774 -0.0603556 100
0.918676 -0.0653 -0.0610184 100
0.93045 -0.0531 -0.0618004 100
0.940029 -0.0405 -0.0624366 100
0.94851 -0.0275 -0.063 100
0.958787 -0.0144 -0.0636826 100
0.968392 0.001 -0.0558371 100
0.98127 0.0148 -0.0565797 100
0.993949 0.0289 -0.0573107 100
1.00443 0.0433 -0.0579152 100
1.01461 0.058 -0.0585023 100
1.02769 0.0732 -0.0592564 100
1.04247 0.0889 -0.0601083 100
1.05704 0.1051 -0.0609488 100
1.07132 0.1217 -0.061772 100
1.0854 0.1387 -0.0625836 100
1.09129 0.155 -0.0629232 100
1.11465 0.1743 -0.0642702 100
0.804364 -0.1992 -0.0463793 25
0.814847 -0.1897 -0.0469838 52
0.820337 -0.179 -0.0473004 100
0.829622 -0.1688 -0.0478357 100
0.83681 -0.1581 -0.0482502 100
0.843898 -0.1473 -0.0486589 100
0.852784 -0.1365 -0.0491712 0
0.863466 -0.1259 -0.0497871 100
0.87305 -0.1148 -0.0503397 100
0.881536 -0.1034 -0.050829 100
0.891819 -0.092 -0.0514219 0
0.9029 -0.0803 -0.0520609 100
0.911985 -0.0683 -0.0525847 100
0.920771 -0.056 -0.0530913 100
0.93345 -0.0437 -0.0538224 100
0.94493 -0.0309 -0.0544843 100
0.952218 -0.0178 -0.0549046 100
0.9679 0.0015 -0.0461529 100
0.977789 0.0152 -0.0466245 100
0.988477 0.0292 -0.0471341 100
1.00096 0.0436 -0.0477295 100
1.01415 0.0585 -0.0483582 100
1.02723 0.0736 -0.0489821 100
1.04202 0.0894 -0.0496871 100
1.0575 0.1057 -0.0504253 100
1.07188 0.1223 -0.0511112 100
1.08487 0.1392 -0.0517304 100
1.09076 0.1555 -0.0520114 100
1.11314 0.1746 -0.0530783 100
0.804286 -0.1973 -0.0383512 21
0.815673 -0.1881 -0.0388942 25
0.822166 -0.1775 -0.0392038 100
0.830456 -0.1671 -0.0395991 100
0.837548 -0.1564 -0.0399373 100
0.845639 -0.1457 -0.0403231 100
0.852431 -0.1346 -0.040647 100
0.861221 -0.1237 -0.0410661 100
0.873707 -0.113 -0.0416615 0
0.883196 -0.1017 -0.042114 100
0.892486 -0.0901 -0.0425569 100
0.902574 -0.0784 -0.043038 100
0.913562 -0.0665 -0.0435619 100
0.923351 -0.0542 -0.0440287 100
0.934039 -0.0417 -0.0445383 100
0.944527 -0.0289 -0.0450384 100
0.951819 -0.0158 -0.0453861 100
0.968273 0.0066 -0.0375358 100
0.994053 0.0207 -0.0385352 100
1.00465 0.0349 -0.0389458 100
1.01704 0.0496 -0.0394261 100
1.03023 0.0647 -0.0399375 100
1.04412 0.0803 -0.0404759 100
1.0588 0.0963 -0.0410453 100
1.07329 0.1128 -0.041607 100
1.08648 0.1295 -0.0421183 100
1.09348 0.1459 -0.0423895 100
1.11906 0.1653 -0.0433811 100
0.815088 -0.2008 -0.0315975 31
0.822682 -0.1905 -0.0318919 25
0.826179 -0.1792 -0.0320274 100
0.833474 -0.1686 -0.0323102 100
0.840669 -0.1578 -0.0325891 100
0.848762 -0.1471 -0.0329029 0
0.858555 -0.1365 -0.0332825 100
0.869347 -0.1257 -0.0337009 100
0.879939 -0.1147 -0.0341115 100
0.888333 -0.1032 -0.0344369 100
0.897626 -0.0916 -0.0347971 100
0.907818 -0.0798 -0.0351922 100
0.91881 -0.0679 -0.0356183 100
0.930601 -0.0557 -0.0360754 100
0.941293 -0.0431 -0.0364899 100
0.949787 -0.0302 -0.0368192 100
0.960079 -0.0171 -0.0372181 100
0.9748 0.0058 -0.0197383 100
0.987598 0.0197 -0.0199975 100
1.00019 0.0339 -0.0202525 100
1.01259 0.0486 -0.0205036 100
1.02579 0.0636 -0.0207708 100
1.03679 0.0789 -0.0209935 100
1.04948 0.0946 -0.0212506 100
1.06598 0.1112 -0.0215846 100
1.08218 0.1282 -0.0219126 100
1.08828 0.1444 -0.0220361 100
1.11287 0.1635 -0.0225341 100
0.82763 -0.1839 -0.0167583 15
0.834029 -0.1731 -0.0168879 100
0.838328 -0.1618 -0.016975 100
0.844527 -0.1508 -0.0171005 100
0.853425 -0.1401 -0.0172806 100
0.865223 -0.1296 -0.0175195 100
0.87582 -0.1187 -0.0177341 100
0.883319 -0.1071 -0.017886 0
0.891717 -0.0955 -0.018056 100
0.902915 -0.0839 -0.0182827 100
0.913013 -0.072 -0.0184872 100
0.923911 -0.0599 -0.0187079 100
0.935608 -0.0475 -0.0189447 100
0.945206 -0.0347 -0.0191391 100
0.952605 -0.0216 -0.0192889 100
0.973843 0.0085 -0.0175085 100
0.999538 0.0227 -0.0179705 100
1.01214 0.0372 -0.018197 100
1.02553 0.0521 -0.0184379 100
1.03863 0.0673 -0.0186734 100
1.05153 0.0829 -0.0189053 100
1.06723 0.0992 -0.0191875 100
1.08362 0.1161 -0.0194823 100
1.09082 0.1323 -0.0196117 100
1.11562 0.1512 -0.0200575 100
0.818768 -0.1914 -0.0147205 8
0.829166 -0.1817 -0.0149074 100
0.833665 -0.1704 -0.0149883 100
0.841864 -0.1599 -0.0151357 100
0.851862 -0.1495 -0.0153155 100
0.861761 -0.1388 -0.0154934 0
0.871559 -0.1279 -0.0156696 100
0.879158 -0.1165 -0.0158062 100
0.889656 -0.1052 -0.015995 100
0.900954 -0.0938 -0.0161981 100
0.911153 -0.082 -0.0163815 100
0.921251 -0.0699 -0.016563 100
0.933049 -0.0577 -0.0167751 100
0.942748 -0.045 -0.0169495 100
0.950346 -0.0321 -0.0170861 100
0.961645 -0.019 -0.0172892 100
0.977 0.0065 -0.000511556 100
0.9898 0.0204 -0.000518258 100
1.0004 0.0346 -0.000523808 100
1.0138 0.0492 -0.000530824 100
1.027 0.0642 -0.000537736 100
1.039 0.0796 -0.000544019 100
1.0527 0.0954 -0.000551192 100
1.0682 0.1119 -0.000559308 100
1.0834 0.1288 -0.000567267 100
1.0904 0.1451 -0.000570932 100
1.116 0.1644 -0.000584336 100
0.8269 -0.1833 -0.000432964 9
0.8353 -0.1729 -0.000437362 100
0.8406 -0.1618 -0.000440137 100
0.8467 -0.1508 -0.000443331 100
0.8556 -0.1401 -0.000447991 100
0.8674 -0.1296 -0.00045417 100
0.877 -0.1186 -0.000459196 100
0.8855 -0.1071 -0.000463647 100
0.8959 -0.0957 -0.000469092 100
0.9061 -0.084 -0.000474433 100
0.9142 -0.0719 -0.000478674 100
0.9241 -0.0597 -0.000483858 100
0.9348 -0.0473 -0.00048946 100
0.9444 -0.0346 -0.000494487 100
0.9528 -0.0216 -0.000498885 100
0.972893 0.0112 0.00356586 100
0.998693 0.0255 0.00366042 100
1.01019 0.0399 0.00370257 100
1.02149 0.0547 0.00374398 100
1.03559 0.07 0.00379566 100
1.04849 0.0856 0.00384294 100
1.06409 0.1019 0.00390012 100
1.08149 0.1189 0.0039639 100
1.09459 0.1358 0.00401191 100
1.10149 0.1524 0.0040372 100
1.12699 0.172 0.00413066 100
0.791195 -0.1828 0.00289989 12
0.829794 -0.1795 0.00304137 100
0.839094 -0.1692 0.00307546 100
0.844294 -0.158 0.00309451 100
0.852394 -0.1472 0.0031242 100
0.863194 -0.1367 0.00316379 100
0.872994 -0.1258 0.0031997 100
0.880594 -0.1143 0.00322756 100
0.890094 -0.1029 0.00326238 0
0.900394 -0.0913 0.00330013 100
0.911494 -0.0796 0.00334081 100
0.922494 -0.0676 0.00338113 0
0.933394 -0.0552 0.00342108 100
0.942994 -0.0426 0.00345627 100
0.950494 -0.0296 0.00348376 100
0.959894 -0.0164 0.00351821 100
0.98292 0.0034 0.012524 100
0.994719 0.0174 0.0126743 100
1.00942 0.0317 0.0128616 100
1.02382 0.0465 0.0130451 100
1.03612 0.0616 0.0132018 100
1.04811 0.077 0.0133547 100
1.06381 0.0931 0.0135547 100
1.07931 0.1096 0.0137522 100
1.09161 0.1263 0.0139089 100
1.09871 0.1427 0.0139993 100
1.12231 0.1617 0.0143 100
0.830433 -0.1856 0.010581 49
0.837832 -0.175 0.0106753 100
0.843132 -0.1639 0.0107428 100
0.851231 -0.1532 0.010846 100
0.86323 -0.1429 0.0109989 100
0.873029 -0.132 0.0111238 100
0.880728 -0.1207 0.0112219 100
0.889228 -0.1092 0.0113302 100
0.899627 -0.0977 0.0114627 100
0.909826 -0.086 0.0115926 100
0.919925 -0.074 0.0117213 100
0.930824 -0.0618 0.0118602 100
0.941624 -0.0494 0.0119978 100
0.949223 -0.0365 0.0120946 100
0.959622 -0.0235 0.0122271 100
0.973679 0.0122 0.0207357 100
0.997374 0.0265 0.0212403 100
1.01297 0.041 0.0215725 100
1.02727 0.056 0.0218769 100
1.04036 0.0713 0.0221558 100
1.05216 0.0869 0.0224071 100
1.06776 0.1032 0.0227392 100
1.08415 0.1201 0.0230884 100
1.09925 0.1373 0.0234099 100
1.10515 0.1538 0.0235355 100
1.12554 0.1727 0.0239699 100
0.828312 -0.19 0.0176399 7
0.835711 -0.1795 0.0177975 100
0.83921 -0.168 0.017872 100
0.846308 -0.1572 0.0180232 100
0.855306 -0.1465 0.0182148 100
0.866204 -0.136 0.0184469 100
0.875901 -0.125 0.0186534 100
0.8835 -0.1135 0.0188152 100
0.892998 -0.1021 0.0190175 100
0.903295 -0.0905 0.0192368 100
0.913393 -0.0786 0.0194518 100
0.923391 -0.0665 0.0196647 100
0.935188 -0.0543 0.019916 100
0.945886 -0.0416 0.0201438 100
0.953384 -0.0286 0.0203035 100
0.962682 -0.0155 0.0205015 100
0.97734 0.0099 0.0331048 100
1.00612 0.0243 0.0340797 100
1.01872 0.0388 0.0345063 100
1.03101 0.0537 0.0349227 100
1.0431 0.069 0.0353323 100
1.055 0.0846 0.0357351 100
1.07069 0.1009 0.0362666 100
1.08698 0.1178 0.0368184 100
1.10317 0.1352 0.0373669 100
1.10906 0.1517 0.0375666 100
1.13155 0.1709 0.0383283 100
0.808836 -0.2097 0.0273972 100
0.821329 -0.2007 0.0278203 100
0.827026 -0.1899 0.0280133 100
0.835421 -0.1796 0.0282977 100
0.841817 -0.1687 0.0285143 100
0.850912 -0.1582 0.0288224 100
0.860906 -0.1476 0.0291609 100
0.869801 -0.1366 0.0294622 100
0.878596 -0.1255 0.0297601 100
0.887191 -0.1141 0.0300512 100
0.897585 -0.1027 0.0304033 100
0.907979 -0.091 0.0307554 100
0.916075 -0.0789 0.0310296 100
0.926069 -0.0668 0.0313681 100
0.938862 -0.0545 0.0318014 100
0.947557 -0.0417 0.032096 100
0.957051 -0.0288 0.0324176 100
0.968345 -0.0156 0.0328001 100
0.985142 0.0003 0.0411175 100
0.997032 0.0143 0.0416137 100
1.00972 0.0286 0.0421433 100
1.02421 0.0433 0.042748 100
1.0375 0.0584 0.0433026 100
1.04949 0.0739 0.043803 100
1.06427 0.0899 0.0444202 100
1.08086 0.1065 0.0451124 100
1.09714 0.1236 0.0457922 100
1.10324 0.1399 0.0460465 100
1.12492 0.1587 0.0469515 100
0.802901 -0.2157 0.0335111 17
0.817388 -0.2074 0.0341158 100
0.825082 -0.1971 0.0344369 100
0.831676 -0.1864 0.0347121 100
0.83807 -0.1756 0.034979 100
0.847362 -0.1652 0.0353669 100
0.857453 -0.1548 0.035788 100
0.866346 -0.1439 0.0361592 100
0.874239 -0.1327 0.0364886 100
0.881932 -0.1213 0.0368097 100
0.891524 -0.1099 0.03721 100
0.901915 -0.0984 0.0376437 100
0.912106 -0.0866 0.0380691 100
0.923196 -0.0747 0.038532 100
0.935086 -0.0625 0.0390282 100
0.943878 -0.0499 0.0393952 100
0.951472 -0.0369 0.0397121 100
0.961863 -0.0239 0.0401458 100
0.976739 0.0072 0.0496504 100
1.0045 0.0214 0.0510617 100
1.01709 0.0359 0.0517014 100
1.02847 0.0507 0.0522801 100
1.04255 0.066 0.0529959 100
1.05743 0.0818 0.0537524 100
1.07212 0.098 0.0544986 100
1.0876 0.1147 0.0552855 100
1.10467 0.1321 0.0561537 100
1.10967 0.1485 0.0564075 100
1.12924 0.1672 0.0574025 100
0.816246 -0.2222 0.0414921 14
0.816346 -0.2101 0.0414971 100
0.819242 -0.1986 0.0416444 100
0.827731 -0.1885 0.0420759 100
0.83612 -0.1782 0.0425023 100
0.842512 -0.1673 0.0428273 100
0.8516 -0.1568 0.0432892 0
0.863585 -0.1465 0.0438984 100
0.873372 -0.1357 0.044396 100
0.881162 -0.1243 0.0447919 100
0.889751 -0.1129 0.0452285 100
0.902135 -0.1017 0.0458581 100
0.910424 -0.0898 0.0462794 100
0.919513 -0.0777 0.0467414 100
0.930499 -0.0656 0.0472998 100
0.941285 -0.0531 0.0478481 100
0.948875 -0.0403 0.048234 100
0.958363 -0.0273 0.0487163 100
0.971645 -0.0141 0.0493915 100
0.983152 0.0093 0.0603044 100
1.0088 0.0237 0.0618778 100
1.02238 0.0383 0.0627105 100
1.03565 0.0534 0.0635247 100
1.04973 0.0689 0.064388 100
1.0646 0.0848 0.0653002 100
1.07927 0.1012 0.0662002 100
1.09364 0.1181 0.0670818 100
1.10073 0.1345 0.0675164 100
1.12349 0.1533 0.0689123 100
0.804787 -0.2133 0.0493639 100
0.818262 -0.2046 0.0501904 100
0.82495 -0.1941 0.0506006 100
0.833434 -0.1838 0.051121 100
0.84082 -0.1731 0.051574 100
0.849004 -0.1624 0.0520761 100
0.860084 -0.1521 0.0527556 100
0.869965 -0.1413 0.0533617 100
0.880745 -0.1304 0.0540229 100
0.891425 -0.1192 0.054678 100
0.900907 -0.1077 0.0552597 100
0.908293 -0.0957 0.0557127 100
0.918474 -0.0837 0.0563372 100
0.929553 -0.0716 0.0570167 100
0.940333 -0.0592 0.057678 100
0.949116 -0.0464 0.0582167 100
0.959597 -0.0335 0.0588595 100
0.970975 -0.0202 0.0595575 100
0.985232 0.0003 0.073907 100
1.00009 0.0143 0.0750216 100
1.01275 0.0287 0.0759716 100
1.02522 0.0434 0.0769067 100
1.03749 0.0585 0.0778268 100
1.04945 0.0739 0.0787245 100
1.06421 0.0899 0.0798316 100
1.08076 0.1065 0.0810733 100
1.09702 0.1237 0.0822926 100
1.1031 0.14 0.0827489 100
1.12673 0.159 0.0845218 100
0.812019 -0.2143 0.0609135 100
0.820694 -0.2044 0.0615643 100
0.825381 -0.1933 0.0619158 100
0.833857 -0.183 0.0625517 100
0.841236 -0.1724 0.0631052 100
0.849413 -0.1617 0.0637186 100
0.860383 -0.1514 0.0645415 100
0.871252 -0.1407 0.0653569 100
0.881025 -0.1297 0.0660899 100
0.8897 -0.1183 0.0667407 100
0.899174 -0.1068 0.0674514 100
0.908547 -0.095 0.0681545 100
0.918719 -0.0831 0.0689176 100
0.929688 -0.071 0.0697404 100
0.938563 -0.0585 0.0704062 100
0.946241 -0.0457 0.0709822 100
0.955715 -0.0328 0.0716928 100
0.96808 -0.0196 0.0726204 100
0.987582 0.0086 0.0822353 100
1.00024 0.0228 0.0832892 100
1.01279 0.0373 0.0843348 100
1.02515 0.0522 0.0853637 100
1.0402 0.0676 0.0866168 100
1.05405 0.0834 0.0877702 100
1.0677 0.0995 0.0889071 100
1.08305 0.1163 0.090185 100
1.0981 0.1335 0.091438 100
1.10408 0.15 0.0919359 100
1.12451 0.1689 0.093637 100
0.812488 -0.2063 0.0676553 100
0.822055 -0.1965 0.068452 100
0.826639 -0.1854 0.0688337 100
0.834014 -0.1748 0.0694478 100
0.841288 -0.164 0.0700535 100
0.850357 -0.1534 0.0708087 100
0.861319 -0.143 0.0717215 100
0.872082 -0.1322 0.0726177 100
0.879755 -0.1208 0.0732566 100
0.890219 -0.1095 0.0741279 100
0.900583 -0.098 0.074991 100
0.909751 -0.0861 0.0757544 100
0.91882 -0.074 0.0765095 100
0.928786 -0.0616 0.0773394 100
0.938452 -0.0491 0.0781443 100
0.947022 -0.0362 0.0788579 100
0.957387 -0.0232 0.0797209 100
0.990285 0.0089 0.0967493 100
1.01387 0.0233 0.0990538 100
1.02741 0.038 0.100376 100
1.04074 0.0531 0.101679 100
1.05478 0.0687 0.10305 100
1.06861 0.0847 0.104402 100
1.08314 0.1011 0.105821 100
1.09847 0.1181 0.107319 100
1.10564 0.1346 0.108019 100
1.12932 0.1535 0.110333 100
0.814821 -0.2051 0.0796067 100
0.82537 -0.1955 0.0806374 100
0.829948 -0.1843 0.0810847 100
0.838209 -0.1739 0.0818917 100
0.847465 -0.1634 0.082796 100
0.858413 -0.1531 0.0838656 100
0.868366 -0.1423 0.084838 100
0.882001 -0.1319 0.0861701 100
0.89265 -0.1207 0.0872105 100
0.904095 -0.1094 0.0883287 100
0.913451 -0.0976 0.0892427 100
0.924697 -0.0857 0.0903415 100
0.93465 -0.0734 0.0913139 100
0.942612 -0.0607 0.0920917 100
0.952266 -0.0479 0.0930349 100
0.965802 -0.0351 0.0943573 100
0.976152 -0.0217 0.0953686 100
0.987542 0.001 0.103969 100
1.00236 0.0151 0.105529 100
1.01598 0.0296 0.106964 100
1.02931 0.0444 0.108367 100
1.04055 0.0595 0.10955 100
1.05447 0.0752 0.111016 100
1.07118 0.0915 0.112775 100
1.08669 0.1082 0.114408 100
1.10082 0.1252 0.115895 100
1.10589 0.1415 0.116429 100
1.12548 0.1601 0.118491 100
0.811913 -0.214 0.0854788 18
0.820664 -0.204 0.0864001 100
0.825339 -0.1929 0.0868922 100
0.833692 -0.1826 0.0877717 100
0.842046 -0.1721 0.0886512 100
0.853185 -0.1619 0.0898239 100
0.862135 -0.1512 0.0907662 100
0.870091 -0.14 0.0916038 100
0.876854 -0.1285 0.0923158 100
0.885407 -0.1171 0.0932162 100
0.896843 -0.1058 0.0944203 100
0.907186 -0.0942 0.0955092 100
0.916236 -0.0822 0.096462 100
0.92827 -0.0701 0.0977289 100
0.93901 -0.0577 0.0988597 100
0.945674 -0.0448 0.0995612 100
0.955221 -0.0318 0.100566 100
0.967453 -0.0187 0.101854 100
0.984432 0.0057 0.113903 100
1.01304 0.0201 0.117213 100
1.02456 0.0348 0.118546 100
1.03589 0.0498 0.119856 100
1.05 0.0653 0.121489 100
1.0638 0.0812 0.123086 100
1.07841 0.0976 0.124776 100
1.0938 0.1145 0.126557 100
1.10096 0.1309 0.127385 100
1.1236 0.1497 0.130005 100
0.813672 -0.2115 0.094145 100
0.825294 -0.2021 0.0954898 100
0.83185 -0.1914 0.0962484 100
0.838307 -0.1805 0.0969955 100
0.846552 -0.1699 0.0979494 100
0.857678 -0.1596 0.0992367 100
0.866618 -0.1487 0.100271 100
0.875459 -0.1375 0.101294 100
0.887181 -0.1266 0.10265 100
0.897711 -0.1153 0.103869 100
0.907148 -0.1035 0.104961 100
0.91738 -0.0916 0.106144 100
0.926419 -0.0794 0.10719 100
0.93536 -0.0669 0.108225 100
0.945194 -0.0543 0.109363 100
0.954731 -0.0413 0.110466 100
0.967148 -0.0282 0.111903 100
0.978373 -0.0148 0.113202 100
0.99341 0.0066 0.123032 100
1.00711 0.0209 0.124728 100
1.0216 0.0356 0.126522 100
1.03489 0.0507 0.128169 100
1.0469 0.0661 0.129656 100
1.06278 0.0821 0.131623 100
1.07826 0.0986 0.13354 100
1.09265 0.1155 0.135322 100
1.10863 0.133 0.137301 100
1.11458 0.1496 0.138039 100
1.14088 0.1696 0.141296 100
0.817157 -0.2109 0.101203 100
0.824799 -0.2006 0.102149 100
0.829463 -0.1894 0.102727 100
0.838792 -0.1791 0.103882 100
0.850006 -0.169 0.105271 100
0.859037 -0.1583 0.10639 100
0.866083 -0.147 0.107262 100
0.875908 -0.136 0.108479 100
0.886527 -0.1249 0.109794 100
0.896054 -0.1134 0.110974 100
0.90449 -0.1015 0.112019 100
0.913719 -0.0896 0.113162 100
0.923743 -0.0774 0.114403 100
0.934659 -0.0651 0.115755 100
0.943393 -0.0524 0.116837 100
0.95292 -0.0394 0.118017 100
0.964233 -0.0263 0.119418 100
0.991377 0.0121 0.137741 100
1.01891 0.0268 0.141567 100
1.03129 0.0417 0.143287 100
1.04348 0.0569 0.14498 100
1.05833 0.0727 0.147044 100
1.07398 0.0891 0.149219 100
1.08844 0.1058 0.151228 100
1.10261 0.1229 0.153196 100
1.11063 0.1397 0.15431 100
1.13609 0.1592 0.157847 100
0.814872 -0.2177 0.113218 40
0.823589 -0.2076 0.114429 100
0.828244 -0.1964 0.115076 100
0.836762 -0.186 0.116259 100
0.846964 -0.1758 0.117677 100
0.857166 -0.1653 0.119094 100
0.865189 -0.1542 0.120209 100
0.873113 -0.143 0.12131 100
0.88282 -0.1318 0.122658 100
0.893418 -0.1205 0.124131 100
0.904808 -0.1091 0.125714 100
0.9161 -0.0973 0.127282 100
0.925212 -0.0851 0.128548 100
0.934226 -0.0727 0.129801 100
0.942051 -0.0599 0.130888 100
0.951658 -0.0471 0.132223 100
0.964139 -0.034 0.133957 100
0.976421 -0.0207 0.135663 100
0.995083 0.013 0.147119 100
1.0215 0.0277 0.151024 100
1.03287 0.0426 0.152706 100
1.04702 0.058 0.154797 100
1.06196 0.0738 0.157005 100
1.0766 0.0901 0.15917 100
1.08936 0.1222 0.161057 100
1.10529 0.1397 0.163411 100
1.11112 0.1564 0.164274 100
1.13328 0.1758 0.167551 100
0.813062 -0.2208 0.120208 16
0.820778 -0.2105 0.121348 100
0.824537 -0.1992 0.121904 100
0.833045 -0.1888 0.123162 100
0.844223 -0.1789 0.124815 100
0.854412 -0.1686 0.126321 100
0.862524 -0.1576 0.12752 100
0.871428 -0.1465 0.128837 100
0.882111 -0.1356 0.130416 100
0.891806 -0.1243 0.131849 100
0.900314 -0.1125 0.133107 100
0.909612 -0.1007 0.134482 100
0.920791 -0.0888 0.136135 100
0.930782 -0.0766 0.137612 100
0.939587 -0.064 0.138914 100
0.948292 -0.0512 0.140201 100
0.958778 -0.0382 0.141751 100
0.971144 -0.025 0.143579 100
0.994977 0.0021 0.161508 100
1.00771 0.0164 0.163574 100
1.02113 0.0311 0.165754 100
1.03347 0.0461 0.167756 100
1.0465 0.0615 0.169871 100
1.06032 0.0774 0.172115 100
1.0769 0.094 0.174806 100
1.09319 0.111 0.17745 100
1.10622 0.1281 0.179565 100
1.11214 0.1448 0.180526 100
1.13356 0.1639 0.184003 100
0.812663 -0.2195 0.131914 16
0.82135 -0.2094 0.133324 100
0.825989 -0.1982 0.134077 100
0.833491 -0.1876 0.135295 100
0.842769 -0.1772 0.136801 100
0.852936 -0.1668 0.138451 100
0.861919 -0.1559 0.139909 100
0.870802 -0.1448 0.141351 100
0.88245 -0.134 0.143242 100
0.892025 -0.1226 0.144796 100
0.900513 -0.1108 0.146174 100
0.911766 -0.0991 0.148001 100
0.920946 -0.0869 0.149491 100
0.929928 -0.0745 0.150949 100
0.937726 -0.0618 0.152214 100
0.948387 -0.049 0.153945 100
0.959738 -0.036 0.155788 100
0.971978 -0.0227 0.157774 100
0.997222 0.0039 0.166341 100
1.01083 0.0183 0.168612 100
1.02336 0.033 0.170701 100
1.03658 0.0482 0.172906 100
1.0496 0.0637 0.175078 100
1.06341 0.0797 0.177381 100
1.07791 0.0962 0.1798 100
1.09507 0.1134 0.182663 100
1.11006 0.1309 0.185163 100
1.11401 0.1474 0.185822 100
1.12949 0.1657 0.188405 100
0.815335 -0.2105 0.136001 100
0.825889 -0.2008 0.137762 100
0.830426 -0.1895 0.138519 100
0.840685 -0.1793 0.14023 100
0.849858 -0.1687 0.14176 100
0.857946 -0.1577 0.143109 100
0.866824 -0.1467 0.14459 100
0.878561 -0.1359 0.146548 100
0.889116 -0.1247 0.148308 100
0.897598 -0.1129 0.149723 100
0.905983 -0.1009 0.151122 100
0.916142 -0.0889 0.152817 100
0.928077 -0.0768 0.154807 100
0.936856 -0.0642 0.156272 100
0.94455 -0.0513 0.157555 100
0.956978 -0.0383 0.159628 100
0.968321 -0.025 0.16152 100
0.994564 0.0074 0.175905 100
1.02194 0.0221 0.180747 100
1.03326 0.037 0.18275 100
1.04547 0.0523 0.18491 100
1.06034 0.0681 0.18754 100
1.07502 0.0844 0.190135 100
1.09048 0.1012 0.192869 100
1.10662 0.1185 0.195725 100
1.11263 0.1352 0.196788 100
1.13508 0.1542 0.200759 100
0.818989 -0.2188 0.144852 14
0.821943 -0.2072 0.145375 100
0.8247 -0.1955 0.145862 100
0.834941 -0.1855 0.147673 100
0.844198 -0.1751 0.149311 100
0.853257 -0.1644 0.150913 100
0.861332 -0.1533 0.152341 100
0.869111 -0.142 0.153717 100
0.879746 -0.131 0.155598 100
0.889298 -0.1196 0.157287 100
0.898652 -0.1079 0.158942 100
0.917756 -0.097 0.162321 100
0.925831 -0.0846 0.163749 100
0.934792 -0.072 0.165334 100
0.945525 -0.0594 0.167232 100
0.958031 -0.0466 0.169444 100
0.969355 -0.0333 0.171447 100
0.981566 -0.0198 0.173606 100
0.994893 0.0025 0.185291 100
1.00856 0.0168 0.187836 100
1.01996 0.0315 0.18996 100
1.03225 0.0466 0.192248 100
1.04719 0.0622 0.195031 100
1.06292 0.0783 0.197961 100
1.07639 0.0947 0.200469 100
1.08868 0.1114 0.202758 100
1.10461 0.1289 0.205724 100
1.1106 0.1456 0.206841 100
1.13085 0.1646 0.210612 100
0.814495 -0.2193 0.151693 12
0.819312 -0.2082 0.15259 100
0.823048 -0.1968 0.153286 100
0.832387 -0.1866 0.155025 100
0.844479 -0.1768 0.157277 100
0.854507 -0.1662 0.159145 100
0.862568 -0.1551 0.160646 100
0.872399 -0.1441 0.162477 100
0.88105 -0.1327 0.164088 100
0.889603 -0.1211 0.165681 100
0.899041 -0.1094 0.167439 100
0.910248 -0.0977 0.169526 100
0.920276 -0.0856 0.171394 100
0.928239 -0.073 0.172877 100
0.936005 -0.0603 0.174323 100
0.946524 -0.0475 0.176282 100
0.958911 -0.0344 0.178589 100
0.973068 -0.0211 0.181226 100
0.999968 0.0053 0.190754 100
1.01254 0.0198 0.193153 100
1.0259 0.0346 0.195701 100
1.03808 0.0498 0.198025 100
1.05203 0.0655 0.200685 100
1.06765 0.0817 0.203665 100
1.08209 0.0983 0.206419 100
1.09633 0.1153 0.209136 100
1.10439 0.132 0.210673 100
1.13071 0.1515 0.215695 100
0.816084 -0.2222 0.155676 14
0.822862 -0.2116 0.156969 100
0.826595 -0.2001 0.157681 100
0.837891 -0.1903 0.159836 100
0.848107 -0.18 0.161785 100
0.855376 -0.1689 0.163172 100
0.863332 -0.1578 0.164689 100
0.873253 -0.1468 0.166582 100
0.88288 -0.1356 0.168418 100
0.891524 -0.124 0.170067 100
0.899972 -0.1121 0.171679 100
0.910187 -0.1003 0.173628 100
0.921287 -0.0883 0.175745 100
0.929244 -0.0758 0.177263 100
0.937004 -0.063 0.178743 100
0.948595 -0.0503 0.180954 100
0.959007 -0.0372 0.18294 100
0.971187 -0.0238 0.185264 100
0.994378 0.0053 0.198516 100
1.02262 0.02 0.204154 100
1.034 0.035 0.206425 100
1.04714 0.0504 0.209049 100
1.06204 0.0663 0.212024 100
1.07567 0.0825 0.214746 100
1.09009 0.0993 0.217623 100
1.10519 0.1165 0.220638 100
1.11225 0.1333 0.222048 100
1.13853 0.153 0.227295 100
0.811977 -0.2286 0.162102 14
0.818842 -0.218 0.163472 100
0.822666 -0.2065 0.164236 100
0.833061 -0.1966 0.166311 100
0.843358 -0.1864 0.168366 100
0.851595 -0.1756 0.170011 100
0.858754 -0.1643 0.17144 100
0.867678 -0.1533 0.173222 100
0.878465 -0.1423 0.175375 100
0.888076 -0.1309 0.177294 100
0.897588 -0.1193 0.179193 100
0.908865 -0.1076 0.181444 100
0.918966 -0.0956 0.183461 100
0.928086 -0.0832 0.185281 100
0.937892 -0.0706 0.187239 100
0.949562 -0.0579 0.189569 100
0.960055 -0.0448 0.191664 100
0.971333 -0.0315 0.193915 100
0.986337 -0.0179 0.19691 100
1.00407 0.0054 0.215804 100
1.01561 0.02 0.218284 100
1.02793 0.0349 0.220931 100
1.04396 0.0504 0.224377 100
1.05882 0.0663 0.227571 100
1.07241 0.0826 0.230492 100
1.08678 0.0993 0.233581 100
1.10184 0.1166 0.236817 100
1.1079 0.1333 0.23812 100
1.12921 0.1523 0.242701 100
0.817042 -0.2271 0.175606 12
0.82193 -0.2159 0.176657 100
0.826721 -0.2046 0.177686 100
0.836106 -0.1943 0.179704 100
0.845394 -0.1837 0.1817 100
0.852629 -0.1726 0.183255 100
0.860646 -0.1615 0.184978 100
0.871498 -0.1506 0.18731 100
0.881177 -0.1394 0.189391 100
0.888803 -0.1276 0.19103 100
0.898188 -0.1159 0.193047 100
0.909432 -0.1041 0.195463 100
0.918524 -0.0919 0.197418 100
0.926541 -0.0793 0.199141 100
0.937295 -0.0668 0.201452 100
0.94981 -0.054 0.204142 100
0.962128 -0.0409 0.206789 100
0.974349 -0.0275 0.209416 100
0.994256 0.0011 0.213876 100
1.0186 0.0156 0.219113 100
1.03004 0.0305 0.221573 100
1.04412 0.0459 0.224602 100
1.05995 0.0617 0.228009 100
1.07462 0.078 0.231163 100
1.08909 0.0947 0.234275 100
1.10326 0.1118 0.237325 100
1.10942 0.1285 0.23865 100
1.13171 0.1474 0.243445 100
0.811243 -0.2257 0.174508 16
0.822779 -0.2164 0.176989 100
0.828547 -0.2053 0.17823 100
0.83891 -0.1952 0.180459 100
0.84722 -0.1845 0.182247 100
0.855432 -0.1735 0.184014 100
0.864426 -0.1626 0.185948 100
0.873323 -0.1514 0.187862 100
0.882024 -0.14 0.189734 100
0.891605 -0.1285 0.191795 100
0.902945 -0.117 0.194234 100
0.912233 -0.105 0.196232 100
0.920445 -0.0926 0.197999 100
0.928364 -0.0801 0.199702 100
0.93814 -0.0674 0.201805 100
0.949774 -0.0546 0.204308 100
0.962092 -0.0416 0.206957 100
0.97529 -0.0282 0.209796 100
0.990248 -0.0145 0.213014 100
1.00687 0.0047 0.226354 100
1.01741 0.0193 0.228723 100
1.02872 0.0342 0.231267 100
1.04277 0.0497 0.234426 100
1.05858 0.0656 0.237979 100
1.07321 0.0819 0.241269 100
1.08746 0.0987 0.244471 100
1.10161 0.1159 0.247652 100
1.10863 0.1327 0.249231 100
1.13478 0.1523 0.255109 100
0.821204 -0.224 0.184615 23
0.827936 -0.2132 0.186128 100
0.832717 -0.2018 0.187203 100
0.840132 -0.1909 0.18887 100
0.848327 -0.1801 0.190712 100
0.856523 -0.1691 0.192555 100
0.867352 -0.1584 0.194989 100
0.877109 -0.1472 0.197183 100
0.884817 -0.1356 0.198915 100
0.893402 -0.1238 0.200845 100
0.905598 -0.1123 0.203587 100
0.915842 -0.1003 0.20589 100
0.923843 -0.0879 0.207689 100
0.933697 -0.0753 0.209904 100
0.94638 -0.0627 0.212755 100
0.957795 -0.0497 0.215322 100
0.969113 -0.0364 0.217866 100
0.981211 -0.0228 0.220586 100
1.01 0.0125 0.230207 100
1.01848 0.0272 0.232141 100
1.02979 0.0423 0.234719 100
1.04558 0.0579 0.238319 100
1.06226 0.0741 0.242119 100
1.07766 0.0907 0.24563 100
1.09375 0.1079 0.249297 100
1.10672 0.1252 0.252252 100
1.11266 0.142 0.253608 100
0.814413 -0.213 0.185628 100
0.829525 -0.2044 0.189073 100
0.836935 -0.1936 0.190762 100
0.844345 -0.1826 0.192451 100
0.851463 -0.1714 0.194073 100
0.859458 -0.1603 0.195895 100
0.871255 -0.1496 0.198584 100
0.880907 -0.1383 0.200784 100
0.890365 -0.1268 0.20294 100
0.91045 -0.1164 0.207518 100
0.917762 -0.104 0.209184 100
0.925855 -0.0915 0.211029 100
0.9358 -0.0789 0.213296 100
0.948377 -0.0663 0.216162 100
0.95998 -0.0533 0.218807 100
0.973727 -0.0262 0.22194 100
1.00344 0.0016 0.241091 100
1.01696 0.0162 0.244338 100
1.03213 0.0312 0.247982 100
1.04623 0.0465 0.25137 100
1.05906 0.0623 0.254454 100
1.07462 0.0786 0.258191 100
1.09086 0.0955 0.262093 100
1.10495 0.1126 0.26548 100
1.11108 0.1293 0.266952 100
1.13043 0.1479 0.271601 100
0.816465 -0.2199 0.196167 100
0.827841 -0.2104 0.1989 100
0.834356 -0.1995 0.200465 100
0.841745 -0.1886 0.202241 100
0.850885 -0.178 0.204437 100
0.862748 -0.1677 0.207287 100
0.872568 -0.1567 0.209646 100
0.880347 -0.1452 0.211515 100
0.889001 -0.1336 0.213594 100
0.900377 -0.1222 0.216328 100
0.910586 -0.1104 0.218781 100
0.917781 -0.098 0.220509 100
0.925852 -0.0855 0.222448 100
0.936547 -0.0731 0.225018 100
0.950063 -0.0605 0.228265 100
0.962509 -0.0475 0.231256 100
0.97369 -0.0341 0.233942 100
0.984775 -0.0204 0.236605 100
0.999092 0.0004 0.242075 100
1.01163 0.0148 0.245113 100
1.02397 0.0297 0.248103 100
1.03904 0.045 0.251753 100
1.05381 0.0607 0.255332 100
1.06741 0.0768 0.258629 100
1.08083 0.0933 0.261879 100
1.09395 0.1103 0.265058 100
1.10104 0.1269 0.266777 100
1.12621 0.1461 0.272876 100
0.813268 -0.2267 0.197051 100
0.82668 -0.2178 0.2003 100
0.833289 -0.2069 0.201902 100
0.840772 -0.1961 0.203715 100
0.849033 -0.1853 0.205717 100
0.860016 -0.1749 0.208377 100
0.869929 -0.164 0.210779 100
0.877801 -0.1525 0.212687 100
0.887423 -0.1412 0.215018 100
0.899863 -0.13 0.218032 100
0.910262 -0.1183 0.220552 100
0.918523 -0.106 0.222553 100
0.927561 -0.0937 0.224743 100
0.939418 -0.0813 0.227616 100
0.949137 -0.0685 0.229971 100
0.960605 -0.0555 0.23275 100
0.974406 -0.0284 0.236094 100
0.988304 -0.0147 0.239461 100
1.00958 0.0076 0.257902 100
1.02295 0.0223 0.261317 100
1.03806 0.0373 0.265178 100
1.05289 0.0528 0.268965 100
1.06762 0.0687 0.272727 100
1.08108 0.085 0.276168 100
1.0962 0.1019 0.280029 100
1.1025 0.1182 0.281637 100
1.12391 0.1367 0.287107 100
0.815318 -0.2325 0.208277 18
0.82491 -0.2226 0.210727 100
0.830626 -0.2116 0.212187 100
0.838959 -0.2012 0.214316 100
0.847291 -0.1905 0.216444 100
0.856399 -0.1799 0.218771 100
0.866281 -0.1692 0.221295 100
0.876067 -0.1583 0.223795 100
0.886725 -0.1473 0.226518 100
0.896317 -0.1359 0.228968 100
0.905715 -0.1242 0.231369 100
0.914047 -0.1122 0.233498 100
0.924124 -0.1001 0.236072 100
0.935944 -0.088 0.239091 100
0.946602 -0.062 0.241814 100
0.958035 -0.0491 0.244734 100
0.971212 -0.036 0.2481 100
0.983226 -0.0225 0.251169 100
1.00835 0.0104 0.262279 100
1.03622 0.0256 0.269529 100
1.05025 0.0412 0.273179 100
1.06409 0.0571 0.276779 100
1.07774 0.0735 0.280328 100
1.09206 0.0903 0.284054 100
1.10706 0.1077 0.287956 100
1.11326 0.1246 0.289567 100
1.13445 0.1436 0.29508 100
0.813724 -0.2349 0.211656 14
0.825241 -0.2254 0.214651 100
0.831047 -0.2142 0.216162 100
0.836661 -0.2028 0.217622 100
0.844984 -0.192 0.219787 100
0.855146 -0.1814 0.22243 100
0.865114 -0.1705 0.225023 100
0.874018 -0.1592 0.227339 100
0.883696 -0.1478 0.229856 100
0.894245 -0.1364 0.2326 100
0.903632 -0.1245 0.235042 100
0.911955 -0.1122 0.237207 100
0.922117 -0.1 0.23985 100
0.933924 -0.0876 0.242921 100
0.944667 -0.0749 0.245715 100
0.95628 -0.0619 0.248736 100
0.968571 -0.0487 0.251933 100
0.980766 -0.0351 0.255105 100
0.993734 -0.0212 0.258478 100
1.00937 0.0082 0.262732 100
1.02166 0.023 0.265931 100
1.03675 0.0383 0.269861 100
1.05069 0.054 0.273488 100
1.06433 0.0701 0.27704 100
1.07866 0.0867 0.280768 100
1.09279 0.1037 0.284446 100
1.10769 0.1213 0.288325 100
1.11359 0.1382 0.289862 100
1.13663 0.1577 0.295857 100
0.8163 -0.225 0.212478 27
0.825881 -0.2149 0.214972 100
0.831493 -0.2036 0.216433 100
0.839816 -0.1929 0.218599 100
0.848042 -0.182 0.22074 100
0.85801 -0.1713 0.223335 100
0.867881 -0.1603 0.225904 100
0.876591 -0.1489 0.228171 100
0.885301 -0.1373 0.230439 100
0.894688 -0.1256 0.232882 100
0.904946 -0.1138 0.235552 100
0.91414 -0.1016 0.237945 100
0.924011 -0.0892 0.240515 100
0.935817 -0.0767 0.243588 100
0.945398 -0.0638 0.246082 100
0.956818 -0.0508 0.249054 100
0.969979 -0.0374 0.25248 100
0.981979 -0.0237 0.255603 100
1.00992 0.0115 0.264193 100
1.03778 0.0268 0.271482 100
1.05084 0.0423 0.274898 100
1.06564 0.0584 0.278771 100
1.08112 0.0749 0.28282 100
1.09641 0.0919 0.286819 100
1.10279 0.1085 0.288489 100
1.12523 0.1271 0.29436 100
0.812653 -0.2376 0.212589 12
0.821457 -0.2274 0.214892 100
0.826294 -0.216 0.216158 100
0.834808 -0.2055 0.218385 100
0.843128 -0.1947 0.220561 100
0.854254 -0.1843 0.223472 100
0.864218 -0.1735 0.226079 100
0.873119 -0.1622 0.228407 100
0.881923 -0.1507 0.23071 100
0.892468 -0.1393 0.233469 100
0.902916 -0.1276 0.236202 100
0.910365 -0.1153 0.238151 100
0.921394 -0.1032 0.241036 100
0.934261 -0.091 0.244402 100
0.945097 -0.0783 0.247236 100
0.953707 -0.0652 0.249489 100
0.965123 -0.052 0.252475 100
0.977409 -0.0385 0.255689 100
0.992308 -0.0247 0.259587 100
1.00688 0.0134 0.263961 100
1.03464 0.0287 0.271239 100
1.0506 0.0443 0.275423 100
1.0653 0.0604 0.279278 100
1.07797 0.0767 0.2826 100
1.09219 0.0935 0.286327 100
1.10815 0.111 0.290512 100
1.11425 0.1278 0.292109 100
1.13263 0.1465 0.296928 100
0.819507 -0.2379 0.214841 13
0.822699 -0.226 0.215678 100
0.825601 -0.2141 0.216438 100
0.833146 -0.2034 0.218416 100
0.842432 -0.1928 0.220851 100
0.854427 -0.1827 0.223995 100
0.86439 -0.1719 0.226607 100
0.872322 -0.1605 0.228687 100
0.881125 -0.149 0.230994 100
0.891668 -0.1376 0.233758 100
0.901051 -0.1258 0.236218 100
0.908499 -0.1135 0.238171 100
0.916625 -0.1012 0.240301 100
0.92949 -0.089 0.243674 100
0.941195 -0.0765 0.246742 100
0.951738 -0.0636 0.249506 100
0.96412 -0.0504 0.252752 100
0.978243 -0.037 0.256455 100
0.990237 -0.0232 0.259599 100
