2.43782 0.0336 -0.370426 99
2.44306 0.0682 -0.371222 99
2.44187 0.1028 -0.371042 98
2.44019 0.1373 -0.370787 99
2.43999 0.1719 -0.370757 99
2.44039 0.2067 -0.370817 99
2.44503 -0.221 -0.371523 99
2.43604 -0.1855 -0.370156 99
2.42457 -0.1502 -0.368413 99
2.41261 -0.1152 -0.366596 99
2.42279 -0.0814 -0.368143 99
2.43357 -0.0473 -0.36978 99
2.42506 0.0248 -0.326158 99
2.44627 0.0595 -0.32901 99
2.44617 0.0941 -0.328997 99
2.44558 0.1287 -0.328917 99
2.44657 0.1634 -0.32905 99
2.44806 0.1982 -0.32925 99
2.45787 0.234 -0.33057 90
2.44231 -0.2191 -0.328477 99
2.4431 -0.1844 -0.328584 99
2.4435 -0.1498 -0.328637 99
2.44429 -0.1152 -0.328744 99
2.44568 -0.0807 -0.32893 99
2.44657 -0.0462 -0.32905 99
2.46592 0.0221 -0.314579 99
2.46631 0.0569 -0.314629 99
2.46631 0.0917 -0.314629 99
2.47078 0.1268 -0.315199 99
2.47564 0.162 -0.315819 99
2.47316 0.1969 -0.315503 99
2.47415 0.2321 -0.315629 99
2.46403 -0.2342 -0.314338 63
2.46601 -0.1994 -0.314591 99
2.4676 -0.1645 -0.314794 99
2.46959 -0.1298 -0.315047 99
2.47018 -0.0949 -0.315123 99
2.4683 -0.06 -0.314883 96
2.47449 0.0287 -0.284558 99
2.47986 0.0637 -0.285175 99
2.47678 0.0985 -0.284821 99
2.47807 0.1336 -0.284969 99
2.48095 0.1688 -0.285301 99
2.48035 0.2039 -0.285232 99
2.48224 0.2393 -0.285449 99
2.47509 -0.2188 -0.284627 99
2.47688 -0.1839 -0.284832 99
2.47429 -0.1487 -0.284535 99
2.47509 -0.1138 -0.284627 99
2.47936 -0.079 -0.285118 99
2.47628 -0.044 -0.284764 98
2.50758 0.0097 -0.269311 95
2.50818 0.0448 -0.269375 99
2.51325 0.08 -0.26992 99
2.51195 0.1152 -0.269781 99
2.51106 0.1504 -0.269685 99
2.51275 0.1858 -0.269866 99
2.51086 0.221 -0.269663 99
2.50241 -0.2273 -0.268756 98
2.50728 -0.1925 -0.269279 99
2.50867 -0.1573 -0.269428 99
2.51056 -0.1222 -0.269631 99
2.51007 -0.087 -0.269578 99
2.50708 -0.0518 -0.269258 96
2.5106 0.0088 -0.239532 99
2.5112 0.0441 -0.239589 98
2.51438 0.0795 -0.239893 98
2.51896 0.115 -0.24033 99
2.52006 0.1506 -0.240434 99
2.51876 0.186 -0.240311 99
2.51986 0.2217 -0.240415 1
2.50532 -0.2169 -0.239029 99
2.50612 -0.1816 -0.239105 99
2.50642 -0.1462 -0.239133 95
2.50821 -0.111 -0.239304 99
2.5095 -0.0758 -0.239428 99
2.50931 -0.0405 -0.239409 96
2.54486 0.0009 -0.215934 99
2.54755 0.0365 -0.216162 99
2.55083 0.0723 -0.216441 99
2.55153 0.1081 -0.216501 98
2.55283 0.1439 -0.21661 98
2.55153 0.1797 -0.216501 99
2.55273 0.2157 -0.216602 99
2.54276 -0.2382 -0.215757 99
2.54486 -0.2025 -0.215934 98
2.54844 -0.167 -0.216238 99
2.54844 -0.1312 -0.216238 94
2.54505 -0.0953 -0.215951 98
2.54515 -0.0597 -0.215959 99
2.55379 0.0107 -0.192021 99
2.55539 0.0466 -0.19214 99
2.55349 0.0825 -0.191998 97
2.5491 0.1182 -0.191668 97
2.54821 0.154 -0.191601 99
2.54781 0.1899 -0.191571 99
2.54881 0.226 -0.191646 99
2.54741 -0.2304 -0.191541 68
2.54541 -0.1942 -0.191391 96
2.54591 -0.1584 -0.191428 99
2.54292 -0.1223 -0.191203 93
2.5503 -0.0868 -0.191758 99
2.55828 -0.0512 -0.192358 99
2.60093 0.0064 -0.17777 97
2.59654 0.0427 -0.17747 94
2.58876 0.0788 -0.176938 99
2.58836 0.1151 -0.176911 95
2.58856 0.1514 -0.176924 99
2.58816 0.1878 -0.176897 99
2.58926 0.2243 -0.176972 99
2.58238 -0.211 -0.176501 99
2.58607 -0.1749 -0.176754 99
2.58627 -0.1386 -0.176767 98
2.58796 -0.1024 -0.176883 98
2.58916 -0.0661 -0.176965 98
2.59277 0.0258 -0.14632 97
2.59018 0.0621 -0.146174 96
2.58998 0.0984 -0.146163 99
2.59038 0.1347 -0.146185 96
2.59028 0.1711 -0.14618 96
2.58858 0.2074 -0.146084 99
2.58838 -0.2106 -0.146073 99
2.58808 -0.1741 -0.146056 99
2.59018 -0.1379 -0.146174 94
2.59088 -0.1016 -0.146213 97
2.59108 -0.0653 -0.146225 94
2.61754 0.0357 -0.130767 97
2.62473 0.0725 -0.131126 99
2.62543 0.1093 -0.131161 96
2.62363 0.146 -0.131071 99
2.62133 0.1827 -0.130956 97
2.61953 0.2195 -0.130866 99
2.61154 -0.2078 -0.130467 99
2.61314 -0.1711 -0.130547 97
2.61624 -0.1346 -0.130702 99
2.61893 -0.098 -0.130836 94
2.61804 -0.0613 -0.130792 94
2.61799 0.0302 -0.09737 94
2.63428 0.0673 -0.0979758 96
2.64007 0.1044 -0.0981914 96
2.62938 0.1409 -0.0977937 98
2.62818 0.1777 -0.0977491 99
2.62249 0.2142 -0.0975372 96
2.61579 -0.234 -0.0972882 97
2.61779 -0.1973 -0.0973626 99
2.62029 -0.1606 -0.0974555 98
2.62129 -0.1239 -0.0974926 94
2.61979 -0.0871 -0.0974369 97
2.61869 -0.0504 -0.097396 97
2.65493 0.025 -0.0718402 99
2.65633 0.0622 -0.0718781 95
2.65713 0.0994 -0.0718997 93
2.66353 0.1369 -0.0720729 98
2.67032 0.1747 -0.0722568 99
2.66862 0.212 -0.0722108 97
2.64713 -0.229 -0.0716293 95
2.65213 -0.1921 -0.0717645 93
2.65553 -0.1551 -0.0718565 99
2.65543 -0.1179 -0.0718538 94
2.65583 -0.0807 -0.0718646 97
2.65563 -0.0436 -0.0718592 96
2.65755 0.0209 -0.04314 96
2.66705 0.0582 -0.0432942 92
2.67295 0.0957 -0.0433899 98
2.66435 0.1327 -0.0432503 99
2.65725 0.1696 -0.0431351 94
2.65955 0.2071 -0.0431724 99
2.64895 -0.2268 -0.0430004 99
2.65085 -0.1897 -0.0430312 96
2.65325 -0.1526 -0.0430702 99
2.66015 -0.1158 -0.0431822 99
2.66745 -0.0788 -0.0433007 94
2.66335 -0.0414 -0.0432341 95
2.68885 0.0197 -0.0164255 96
2.68935 0.0574 -0.0164285 92
2.68925 0.095 -0.0164279 98
2.69665 0.1331 -0.0164731 97
2.70455 0.1714 -0.0165214 99
2.69485 0.2087 -0.0164621 94
2.68185 -0.2091 -0.0163827 99
2.68945 -0.1719 -0.0164291 97
2.69065 -0.1342 -0.0164364 94
2.68725 -0.0963 -0.0164157 97
2.68835 -0.0587 -0.0164224 91
2.68878 0.0324 0.0103242 97
2.69108 0.07 0.0103331 93
2.69278 0.1077 0.0103396 87
2.69108 0.1453 0.0103331 93
2.68878 0.1829 0.0103242 99
2.68798 0.2205 0.0103212 99
2.68128 -0.228 0.0102954 82
2.68318 -0.1905 0.0103027 98
2.68458 -0.1529 0.0103081 98
2.68548 -0.1154 0.0103116 97
2.68588 -0.0778 0.0103131 98
2.69468 -0.0405 0.0103469 94
2.72363 0.001 0.0451636 94
2.72533 0.039 0.0451917 94
2.72653 0.0772 0.0452116 94
2.72723 0.1153 0.0452233 92
2.72633 0.1535 0.0452083 99
2.72693 0.1918 0.0452183 97
2.71573 -0.2196 0.0450326 99
2.71953 -0.1817 0.0450956 97
2.71983 -0.1436 0.0451006 89
2.72163 -0.1056 0.0451304 99
2.72283 -0.0675 0.0451503 96
2.72302 0.0371 0.060843 99
2.72732 0.0753 0.060939 92
2.72692 0.1134 0.0609301 90
2.72712 0.1516 0.0609346 99
2.72972 0.19 0.0609926 95
2.71432 -0.2214 0.0606486 94
2.71612 -0.1834 0.0606888 94
2.71842 -0.1454 0.0607402 93
2.72322 -0.1075 0.0608474 94
2.72442 -0.0695 0.0608743 86
2.76715 0.028 0.0985651 92
2.76545 0.0667 0.0985046 99
2.76525 0.1054 0.0984974 95
2.76844 0.1443 0.0986113 98
2.77014 0.1833 0.0986719 99
2.77834 0.2229 0.0989638 98
2.75725 -0.2232 0.0982127 80
2.75905 -0.1845 0.0982767 98
2.76145 -0.1459 0.0983622 93
2.76315 -0.1073 0.0984227 96
2.76535 -0.0686 0.098501 88
2.76427 0.0241 0.12069 95
2.77266 0.063 0.121057 96
2.77645 0.1019 0.121223 92
2.77476 0.1407 0.121148 97
2.77556 0.1796 0.121183 95
2.77875 0.2188 0.121323 99
2.75617 -0.2122 0.120337 95
2.75887 -0.1737 0.120455 99
2.76007 -0.1351 0.120507 98
2.76167 -0.0965 0.120577 93
2.76577 -0.058 0.120756 91
2.80978 0.0049 0.171361 89
2.80948 0.0443 0.171343 88
2.81058 0.0837 0.17141 87
2.81208 0.1232 0.171501 87
2.81208 0.1627 0.171501 93
2.81347 0.2023 0.171586 94
2.7992 -0.2067 0.170716 83
2.80179 -0.1675 0.170874 86
2.80389 -0.1282 0.171002 92
2.80639 -0.089 0.171154 92
2.81038 -0.0497 0.171398 89
2.80848 0.0354 0.188508 75
2.81068 0.0748 0.188656 93
2.80938 0.1141 0.188569 96
2.80948 0.1535 0.188575 93
2.81207 0.1932 0.18875 92
2.7992 -0.2308 0.187886 98
2.80219 -0.1915 0.188087 99
2.80459 -0.1523 0.188247 89
2.80639 -0.113 0.188368 90
2.80668 -0.0737 0.188388 93
