0.509422 0.0012 -0.149834 100
0.508367 0.0086 -0.149524 100
0.508271 0.0159 -0.149496 100
0.508942 0.0233 -0.149693 100
0.509518 0.0308 -0.149863 100
0.509997 0.0382 -0.150004 100
0.509806 0.0531 -0.149947 100
0.509997 0.0606 -0.150004 100
0.511053 0.0682 -0.150314 100
0.510957 0.0757 -0.150286 100
0.510861 0.0833 -0.150258 100
0.50971 0.0907 -0.149919 100
0.510381 0.0984 -0.150117 100
0.51182 0.1064 -0.15054 100
0.513163 0.1144 -0.150935 100
0.513451 0.1223 -0.15102 100
0.513643 0.1302 -0.151076 100
0.513739 0.1381 -0.151104 100
0.51182 0.1455 -0.15054 100
0.510765 0.1532 -0.150229 100
0.504433 -0.1744 -0.148367 13
0.504913 -0.1665 -0.148508 100
0.507119 -0.1592 -0.149157 100
0.508271 -0.1515 -0.149496 100
0.508367 -0.1436 -0.149524 100
0.507407 -0.1355 -0.149242 100
0.506352 -0.1274 -0.148931 100
0.50616 -0.1196 -0.148875 100
0.506736 -0.1121 -0.149044 100
0.507311 -0.1046 -0.149214 100
0.508654 -0.0972 -0.149609 100
0.508942 -0.0897 -0.149693 100
0.509134 -0.0821 -0.14975 100
0.50923 -0.0746 -0.149778 100
0.510189 -0.0672 -0.15006 100
0.510093 -0.0597 -0.150032 100
0.508846 -0.0521 -0.149665 100
0.509518 -0.0448 -0.149863 100
0.511053 -0.0374 -0.150314 100
0.511532 -0.03 -0.150455 100
0.509902 -0.0225 -0.149975 100
0.507311 -0.0151 -0.149214 100
0.506448 -0.0077 -0.14896 100
0.507529 0.0032 -0.149181 100
0.506474 0.0106 -0.148871 100
0.507241 0.0181 -0.149097 100
0.508872 0.0256 -0.149576 100
0.508489 0.033 -0.149463 100
0.508009 0.0404 -0.149322 100
0.509256 0.048 -0.149689 100
0.509544 0.0556 -0.149774 100
0.509736 0.0632 -0.14983 100
0.509736 0.0707 -0.14983 100
0.509736 0.0783 -0.14983 100
0.509544 0.0859 -0.149774 100
0.510216 0.0937 -0.149971 100
0.511751 0.1017 -0.150422 100
0.514053 0.11 -0.151099 100
0.513478 0.1177 -0.15093 100
0.513765 0.1257 -0.151015 100
0.512902 0.1334 -0.150761 100
0.511942 0.1411 -0.150479 100
0.510983 0.1489 -0.150197 100
0.511655 0.1572 -0.150394 100
0.501581 -0.171 -0.147433 49
0.503787 -0.1636 -0.148082 100
0.505898 -0.1562 -0.148702 100
0.506186 -0.1483 -0.148787 100
0.505323 -0.1401 -0.148533 100
0.504363 -0.132 -0.148251 100
0.503308 -0.1239 -0.147941 100
0.503979 -0.1163 -0.148138 100
0.503596 -0.1085 -0.148025 100
0.506282 -0.0938 -0.148815 100
0.50657 -0.0862 -0.148899 100
0.507721 -0.0788 -0.149238 100
0.507721 -0.0712 -0.149238 100
0.507721 -0.0637 -0.149238 100
0.507529 -0.0561 -0.149181 100
0.508297 -0.0487 -0.149407 100
0.507913 -0.0412 -0.149294 100
0.507433 -0.0337 -0.149153 100
0.508776 -0.0263 -0.149548 100
0.508201 -0.0188 -0.149379 100
0.507433 -0.0114 -0.149153 100
0.509448 0.0068 -0.149745 100
0.509256 0.0142 -0.149689 100
0.509064 0.0215 -0.149633 100
0.50964 0.029 -0.149802 100
0.509256 0.0364 -0.149689 100
0.50964 0.0438 -0.149802 100
0.509928 0.0513 -0.149886 100
0.510216 0.0588 -0.149971 100
0.510311 0.0663 -0.149999 100
0.509352 0.0737 -0.149717 100
0.509256 0.0812 -0.149689 100
0.510024 0.0889 -0.149915 100
0.510311 0.1043 -0.149999 100
0.512614 0.1125 -0.150676 100
0.512902 0.1203 -0.150761 100
0.51223 0.128 -0.150563 100
0.511367 0.1357 -0.150309 100
0.510407 0.1433 -0.150027 100
0.509352 0.151 -0.149717 100
0.51012 0.1592 -0.149943 100
0.505131 -0.1723 -0.148476 22
0.504651 -0.164 -0.148335 100
0.505898 -0.1564 -0.148702 100
0.50705 -0.1488 -0.14904 100
0.508009 -0.1412 -0.149322 100
0.508009 -0.1333 -0.149322 100
0.505035 -0.1248 -0.148448 100
0.504747 -0.117 -0.148364 100
0.505323 -0.1095 -0.148533 100
0.505802 -0.1019 -0.148674 100
0.506186 -0.0944 -0.148787 100
0.506474 -0.0869 -0.148871 100
0.505706 -0.0793 -0.148646 100
0.505706 -0.0718 -0.148646 100
0.506666 -0.0644 -0.148928 100
0.507433 -0.0571 -0.149153 100
0.507241 -0.0496 -0.149097 100
0.506858 -0.0422 -0.148984 100
0.506474 -0.0348 -0.148871 100
0.506858 -0.0274 -0.148984 100
0.507145 -0.0201 -0.149069 100
0.507337 -0.0127 -0.149125 100
0.509552 0.0013 -0.14939 100
0.509456 0.0087 -0.149362 100
0.50936 0.0161 -0.149334 100
0.509073 0.0235 -0.149249 100
0.508689 0.0309 -0.149137 100
0.509169 0.0384 -0.149277 100
0.507633 0.0457 -0.148827 100
0.507921 0.0532 -0.148912 100
0.508113 0.0606 -0.148968 100
0.509169 0.0683 -0.149277 100
0.509169 0.0758 -0.149277 100
0.508113 0.0832 -0.148968 100
0.508881 0.0909 -0.149193 100
0.510416 0.0989 -0.149643 100
0.511855 0.1069 -0.150065 100
0.512239 0.1147 -0.150178 100
0.512527 0.1226 -0.150262 100
0.512719 0.1305 -0.150318 100
0.511855 0.1382 -0.150065 100
0.509936 0.1456 -0.149502 100
0.50984 0.1536 -0.149474 100
0.501972 -0.1763 -0.147167 9
0.505138 -0.1693 -0.148096 100
0.508305 -0.1623 -0.149024 100
0.509552 -0.1546 -0.14939 100
0.509648 -0.1466 -0.149418 100
0.508785 -0.1385 -0.149165 100
0.506866 -0.1301 -0.148602 100
0.506674 -0.1223 -0.148546 100
0.507345 -0.1147 -0.148743 100
0.506961 -0.1069 -0.14863 100
0.506482 -0.0991 -0.14849 100
0.50581 -0.0914 -0.148293 100
0.507153 -0.0765 -0.148686 100
0.506194 -0.0689 -0.148405 100
0.506098 -0.0614 -0.148377 100
0.505906 -0.054 -0.148321 100
0.506578 -0.0466 -0.148518 100
0.507153 -0.0392 -0.148686 100
0.506674 -0.0318 -0.148546 100
0.505138 -0.0243 -0.148096 100
0.506386 -0.017 -0.148461 100
0.505618 -0.0096 -0.148236 100
0.509474 0.0034 -0.149657 100
0.510338 0.0109 -0.14991 100
0.510146 0.0183 -0.149854 100
0.509858 0.0257 -0.149769 100
0.509474 0.0331 -0.149657 100
0.508035 0.0404 -0.149234 100
0.508323 0.0479 -0.149318 100
0.50957 0.0555 -0.149685 100
0.509762 0.063 -0.149741 100
0.509762 0.0705 -0.149741 100
0.510721 0.0782 -0.150023 100
0.511489 0.086 -0.150248 100
0.512161 0.0937 -0.150446 100
0.512736 0.1016 -0.150615 100
0.514176 0.1096 -0.151038 100
0.514559 0.1175 -0.15115 100
0.513888 0.1252 -0.150953 100
0.513024 0.1329 -0.150699 100
0.512161 0.1406 -0.150446 100
0.513024 0.1488 -0.150699 100
0.505828 -0.167 -0.148586 50
0.505253 -0.1587 -0.148417 100
0.506404 -0.1511 -0.148755 100
0.507459 -0.1435 -0.149065 100
0.5065 -0.1353 -0.148783 100
0.504581 -0.127 -0.148219 100
0.504389 -0.1192 -0.148163 100
0.504005 -0.1115 -0.14805 100
0.504485 -0.1039 -0.148191 100
0.505828 -0.0966 -0.148586 100
0.506116 -0.089 -0.14867 100
0.506308 -0.0815 -0.148727 100
0.506404 -0.074 -0.148755 100
0.506404 -0.0665 -0.148755 100
0.506308 -0.059 -0.148727 100
0.506116 -0.0516 -0.14867 100
0.506788 -0.0442 -0.148867 100
0.507267 -0.0368 -0.149008 100
0.507747 -0.0295 -0.149149 100
0.507076 -0.022 -0.148952 100
0.507363 -0.0147 -0.149037 100
0.512142 0.0034 -0.151217 100
0.511087 0.0109 -0.150906 100
0.509936 0.0183 -0.150566 100
0.509648 0.0257 -0.150481 100
0.510224 0.0332 -0.150651 100
0.509744 0.0406 -0.150509 100
0.509073 0.048 -0.150311 100
0.509361 0.0555 -0.150396 100
0.509552 0.063 -0.150453 100
0.510511 0.0707 -0.150736 100
0.510511 0.0783 -0.150736 100
0.51032 0.0858 -0.150679 100
0.512909 0.094 -0.151444 100
0.515403 0.1022 -0.15218 100
0.514923 0.1098 -0.152039 100
0.513389 0.1173 -0.151585 100
0.513676 0.1252 -0.15167 100
0.513772 0.1332 -0.151699 100
0.513772 0.1411 -0.151699 100
0.512813 0.1489 -0.151416 100
0.512525 0.1569 -0.151331 49
0.50773 -0.1665 -0.149915 36
0.506292 -0.158 -0.14949 100
0.507442 -0.1503 -0.14983 100
0.507538 -0.1424 -0.149858 100
0.508402 -0.1347 -0.150113 100
0.508306 -0.1269 -0.150085 100
0.507155 -0.1188 -0.149745 100
0.506867 -0.111 -0.14966 100
0.507347 -0.1034 -0.149801 100
0.50773 -0.0959 -0.149915 100
0.508018 -0.0883 -0.15 100
0.507251 -0.0806 -0.149773 100
0.506387 -0.0729 -0.149518 100
0.50821 -0.0657 -0.150056 100
0.507155 -0.0581 -0.149745 100
0.506004 -0.0505 -0.149405 100
0.506579 -0.0431 -0.149575 100
0.509073 -0.0359 -0.150311 100
0.508497 -0.0284 -0.150141 100
0.507922 -0.021 -0.149971 100
0.509073 -0.0136 -0.150311 100
0.511289 0.0058 -0.146996 100
0.511096 0.0133 -0.146941 100
0.511865 0.0207 -0.147162 100
0.511577 0.0282 -0.147079 100
0.511096 0.0356 -0.146941 100
0.510616 0.043 -0.146803 100
0.510904 0.0505 -0.146886 100
0.511096 0.0581 -0.146941 100
0.51225 0.0657 -0.147272 100
0.513211 0.0735 -0.147549 100
0.513115 0.0811 -0.147521 100
0.512923 0.0887 -0.147466 100
0.513595 0.0965 -0.147659 100
0.515998 0.1047 -0.14835 100
0.515517 0.1124 -0.148212 100
0.514845 0.1201 -0.148018 100
0.515037 0.128 -0.148074 100
0.514268 0.1357 -0.147853 100
0.513307 0.1435 -0.147576 100
0.513115 0.1514 -0.147521 100
0.509174 -0.1686 -0.146388 15
0.507733 -0.1601 -0.145974 100
0.508886 -0.1524 -0.146305 100
0.509943 -0.1447 -0.146609 100
0.510904 -0.137 -0.146886 100
0.510808 -0.1291 -0.146858 100
0.50879 -0.1208 -0.146278 100
0.507541 -0.1128 -0.145918 100
0.508021 -0.1052 -0.146057 100
0.508502 -0.0976 -0.146195 100
0.507829 -0.0899 -0.146001 100
0.508982 -0.0825 -0.146333 100
0.509078 -0.0749 -0.146361 100
0.510039 -0.0675 -0.146637 100
0.509943 -0.06 -0.146609 100
0.510712 -0.0526 -0.14683 100
0.510424 -0.0451 -0.146747 100
0.511 -0.0377 -0.146913 100
0.511385 -0.0302 -0.147024 100
0.510808 -0.0227 -0.146858 100
0.510135 -0.0153 -0.146664 100
0.510232 -0.0079 -0.146692 100
0.517912 0.0044 -0.149292 100
0.517816 0.012 -0.149264 100
0.517528 0.0195 -0.149181 100
0.517239 0.027 -0.149098 100
0.516855 0.0345 -0.148987 100
0.517336 0.0421 -0.149126 100
0.518585 0.0498 -0.149486 100
0.518873 0.0575 -0.149569 100
0.51993 0.0652 -0.149873 100
0.522813 0.0733 -0.150704 100
0.523677 0.0812 -0.150954 100
0.523485 0.089 -0.150898 100
0.523197 0.0968 -0.150815 100
0.522717 0.1046 -0.150677 100
0.523197 0.1126 -0.150815 100
0.522524 0.1204 -0.150621 100
0.520891 0.128 -0.15015 100
0.520026 0.1358 -0.149901 100
0.519065 0.1436 -0.149624 100
0.51993 0.1519 -0.149873 100
0.512819 -0.1697 -0.147824 18
0.513204 -0.1617 -0.147935 100
0.514357 -0.1539 -0.148267 100
0.515414 -0.1462 -0.148572 100
0.51551 -0.1382 -0.148599 100
0.516375 -0.1304 -0.148849 100
0.517143 -0.1227 -0.14907 100
0.516855 -0.1147 -0.148987 100
0.516471 -0.1068 -0.148876 100
0.516855 -0.0991 -0.148987 100
0.515318 -0.0911 -0.148544 100
0.515606 -0.0834 -0.148627 100
0.516663 -0.0759 -0.148932 100
0.517624 -0.0684 -0.149209 100
0.517528 -0.0607 -0.149181 100
0.518296 -0.0532 -0.149403 100
0.518969 -0.0457 -0.149596 100
0.517624 -0.038 -0.149209 100
0.517047 -0.0304 -0.149043 100
0.517432 -0.0229 -0.149153 100
0.516759 -0.0153 -0.148959 100
0.516855 -0.0078 -0.148987 100
0.518581 0.0027 -0.139438 100
0.51945 0.0102 -0.139672 100
0.519257 0.0177 -0.13962 100
0.518967 0.0253 -0.139542 100
0.519546 0.0328 -0.139698 100
0.519064 0.0403 -0.139568 100
0.51945 0.0479 -0.139672 100
0.519643 0.0555 -0.139724 100
0.521767 0.0634 -0.140295 100
0.523699 0.0713 -0.140815 100
0.52563 0.0793 -0.141334 100
0.524471 0.0869 -0.141022 100
0.524182 0.0947 -0.140944 100
0.52283 0.1022 -0.140581 100
0.522347 0.11 -0.140451 100
0.522733 0.1179 -0.140555 100
0.522926 0.126 -0.140607 100
0.522154 0.1337 -0.140399 100
0.522154 0.1418 -0.140399 100
0.520222 0.1493 -0.13988 100
0.518098 0.1568 -0.139309 51
0.515587 -0.1656 -0.138633 32
0.515877 -0.1576 -0.138711 100
0.517036 -0.1498 -0.139023 100
0.518098 -0.1421 -0.139309 100
0.518098 -0.1341 -0.139309 100
0.519836 -0.1266 -0.139776 100
0.519643 -0.1186 -0.139724 100
0.520222 -0.1109 -0.13988 100
0.51974 -0.103 -0.13975 100
0.518291 -0.0949 -0.139361 100
0.517615 -0.0871 -0.139179 100
0.517712 -0.0795 -0.139205 100
0.517808 -0.0718 -0.139231 100
0.517808 -0.0642 -0.139231 100
0.517615 -0.0566 -0.139179 100
0.519353 -0.0492 -0.139646 100
0.519933 -0.0417 -0.139802 100
0.520416 -0.0342 -0.139932 100
0.519836 -0.0266 -0.139776 100
0.519257 -0.0191 -0.13962 100
0.518484 -0.0115 -0.139412 100
0.522587 0.0022 -0.136026 100
0.52249 0.0097 -0.136001 100
0.522296 0.0172 -0.135951 100
0.522974 0.0248 -0.136127 100
0.524522 0.0324 -0.13653 100
0.526942 0.0402 -0.13716 100
0.527329 0.0479 -0.137261 100
0.527619 0.0556 -0.137336 100
0.526748 0.0632 -0.137109 100
0.526845 0.0709 -0.137135 100
0.527716 0.0788 -0.137361 100
0.527619 0.0865 -0.137336 100
0.526361 0.0941 -0.137009 100
0.525103 0.1017 -0.136681 100
0.52549 0.1096 -0.136782 100
0.524909 0.1174 -0.136631 100
0.5252 0.1254 -0.136706 100
0.526264 0.1337 -0.136983 100
0.526264 0.1418 -0.136983 100
0.523361 0.1491 -0.136228 100
0.51949 0.156 -0.13522 100
0.51949 -0.173 -0.13522 22
0.519974 -0.1649 -0.135346 100
0.521135 -0.1571 -0.135648 100
0.521425 -0.1491 -0.135724 100
0.522393 -0.1413 -0.135976 100
0.523361 -0.1335 -0.136228 100
0.524135 -0.1257 -0.136429 100
0.523845 -0.1178 -0.136354 100
0.524425 -0.11 -0.136505 100
0.524909 -0.1023 -0.136631 100
0.526264 -0.0947 -0.136983 100
0.526554 -0.0869 -0.137059 100
0.52578 -0.079 -0.136858 100
0.523942 -0.0711 -0.136379 100
0.522877 -0.0633 -0.136102 100
0.524619 -0.0559 -0.136555 100
0.525974 -0.0407 -0.136908 100
0.523555 -0.033 -0.136278 100
0.522006 -0.0253 -0.135875 100
0.521329 -0.0178 -0.135699 100
0.521522 -0.0102 -0.135749 100
0.523862 0.0061 -0.13509 100
0.526574 0.0138 -0.135789 100
0.527348 0.0214 -0.135989 100
0.526961 0.029 -0.135889 100
0.52851 0.0367 -0.136288 100
0.529866 0.0445 -0.136638 100
0.529188 0.0521 -0.136463 100
0.528413 0.0598 -0.136264 100
0.529479 0.0676 -0.136538 100
0.529479 0.0754 -0.136538 100
0.528413 0.083 -0.136264 100
0.52822 0.0908 -0.136214 100
0.527929 0.0986 -0.136139 100
0.527445 0.1064 -0.136014 100
0.527832 0.1144 -0.136114 100
0.528123 0.1224 -0.136189 100
0.526477 0.13 -0.135764 100
0.526477 0.1381 -0.135764 100
0.525508 0.1459 -0.135514 100
0.526283 0.1543 -0.135714 100
0.500623 -0.1661 -0.129097 23
0.513017 -0.162 -0.132293 52
0.518827 -0.1557 -0.133791 100
0.519989 -0.148 -0.134091 100
0.520086 -0.14 -0.134116 100
0.519989 -0.132 -0.134091 100
0.521732 -0.1245 -0.134541 100
0.52241 -0.1167 -0.134715 100
0.522022 -0.1088 -0.134615 100
0.522507 -0.1011 -0.13474 100
0.524831 -0.0937 -0.13534 100
0.524056 -0.0858 -0.13514 100
0.523281 -0.078 -0.13494 100
0.523378 -0.0703 -0.134965 100
0.52425 -0.0627 -0.13519 100
0.525024 -0.0552 -0.13539 100
0.523766 -0.0474 -0.135065 100
0.521442 -0.0396 -0.134466 100
0.521926 -0.0321 -0.13459 100
0.522313 -0.0246 -0.13469 100
0.522603 -0.0171 -0.134765 100
0.522797 -0.0095 -0.134815 100
0.532061 0.0043 -0.135324 100
0.533902 0.012 -0.135792 100
0.533611 0.0197 -0.135718 100
0.53332 0.0274 -0.135644 100
0.532933 0.0351 -0.135546 100
0.53332 0.0428 -0.135644 100
0.533708 0.0506 -0.135743 100
0.533902 0.0584 -0.135792 100
0.533999 0.0662 -0.135817 100
0.533999 0.074 -0.135817 100
0.53303 0.0817 -0.13557 100
0.532836 0.0896 -0.135521 100
0.532448 0.0974 -0.135422 100
0.53303 0.1054 -0.13557 100
0.532448 0.1133 -0.135422 100
0.532836 0.1214 -0.135521 100
0.53303 0.1295 -0.13557 100
0.534968 0.1382 -0.136063 100
0.532061 0.1456 -0.135324 100
0.527021 0.1606 -0.134042 47
0.517523 -0.172 -0.131627 27
0.520722 -0.1648 -0.13244 47
0.523823 -0.1576 -0.133229 100
0.523144 -0.1492 -0.133056 100
0.524114 -0.1414 -0.133303 100
0.525955 -0.1338 -0.133771 100
0.526827 -0.126 -0.133993 100
0.526536 -0.118 -0.133919 100
0.526246 -0.11 -0.133845 100
0.527699 -0.1024 -0.134215 100
0.52799 -0.0946 -0.134289 100
0.528281 -0.0869 -0.134363 100
0.529444 -0.0792 -0.134658 100
0.530413 -0.0716 -0.134905 100
0.530413 -0.0638 -0.134905 100
0.531188 -0.0562 -0.135102 100
0.530025 -0.0483 -0.134806 100
0.530607 -0.0407 -0.134954 100
0.531091 -0.033 -0.135077 100
0.532448 -0.0254 -0.135422 100
0.53177 -0.0177 -0.13525 100
0.530995 -0.01 -0.135053 100
0.536838 0.0016 -0.128487 100
0.536741 0.0093 -0.128464 100
0.535574 0.017 -0.128184 100
0.535379 0.0246 -0.128138 100
0.535963 0.0323 -0.128278 100
0.536352 0.04 -0.128371 100
0.535768 0.0477 -0.128231 100
0.53606 0.0555 -0.128301 100
0.536255 0.0632 -0.128347 100
0.536255 0.071 -0.128347 100
0.537227 0.079 -0.12858 100
0.53606 0.0866 -0.128301 100
0.534893 0.0943 -0.128022 100
0.535476 0.1023 -0.128161 100
0.535963 0.1103 -0.128278 100
0.536255 0.1184 -0.128347 100
0.537519 0.1267 -0.12865 100
0.538589 0.1351 -0.128906 100
0.537519 0.1513 -0.12865 100
0.54102 0.1606 -0.129488 100
0.53392 -0.1708 -0.127789 14
0.529739 -0.1612 -0.126788 100
0.529058 -0.1528 -0.126625 100
0.528182 -0.1444 -0.126415 100
0.529155 -0.1366 -0.126648 100
0.53003 -0.1288 -0.126858 100
0.530808 -0.121 -0.127044 100
0.531392 -0.1132 -0.127184 100
0.531878 -0.1054 -0.1273 100
0.532364 -0.0976 -0.127416 100
0.532656 -0.0898 -0.127486 100
0.532851 -0.082 -0.127533 100
0.532948 -0.0743 -0.127556 100
0.53392 -0.0667 -0.127789 100
0.533726 -0.0589 -0.127742 100
0.533531 -0.0512 -0.127696 100
0.534212 -0.0435 -0.127859 100
0.534698 -0.0359 -0.127975 100
0.534212 -0.0282 -0.127859 100
0.534504 -0.0206 -0.127928 100
0.534698 -0.0129 -0.127975 100
0.543939 0.0046 -0.124479 100
0.543841 0.0124 -0.124456 100
0.543549 0.0201 -0.124389 100
0.544231 0.028 -0.124546 100
0.544816 0.0358 -0.124679 100
0.544231 0.0436 -0.124546 100
0.543549 0.0514 -0.124389 100
0.544816 0.0594 -0.124679 100
0.545888 0.0674 -0.124925 100
0.546765 0.0755 -0.125126 100
0.546668 0.0835 -0.125103 100
0.545498 0.0913 -0.124836 100
0.546083 0.0994 -0.124969 100
0.54852 0.108 -0.125527 100
0.551834 0.1168 -0.126286 100
0.552029 0.1251 -0.12633 100
0.550275 0.133 -0.125929 100
0.549397 0.1411 -0.125728 100
0.548325 0.1492 -0.125482 100
0.54813 0.1576 -0.125438 100
0.517619 -0.1746 -0.118455 18
0.533021 -0.1713 -0.12198 32
0.539064 -0.1648 -0.123363 100
0.539357 -0.1565 -0.12343 100
0.537602 -0.1478 -0.123029 100
0.536725 -0.1393 -0.122828 100
0.536725 -0.1312 -0.122828 100
0.53653 -0.123 -0.122783 100
0.537797 -0.1073 -0.123073 100
0.537212 -0.0992 -0.122939 100
0.536627 -0.0912 -0.122806 100
0.536822 -0.0833 -0.12285 100
0.537895 -0.0756 -0.123096 100
0.53887 -0.0679 -0.123319 100
0.539747 -0.0602 -0.123519 100
0.539552 -0.0524 -0.123475 100
0.540234 -0.0447 -0.123631 100
0.539844 -0.0369 -0.123542 100
0.540234 -0.0291 -0.123631 100
0.540624 -0.0214 -0.12372 100
0.539844 -0.0136 -0.123542 100
0.541221 0.0051 -0.118302 100
0.542101 0.0129 -0.118494 100
0.542784 0.0206 -0.118644 100
0.542491 0.0284 -0.11858 100
0.542003 0.0361 -0.118473 100
0.542491 0.0439 -0.11858 100
0.543761 0.0518 -0.118857 100
0.543957 0.0597 -0.1189 100
0.544055 0.0675 -0.118922 100
0.545031 0.0756 -0.119135 100
0.543957 0.0833 -0.1189 100
0.543761 0.0912 -0.118857 100
0.544348 0.0993 -0.118986 100
0.54679 0.1078 -0.119519 100
0.550014 0.1166 -0.120224 100
0.551284 0.1251 -0.120502 100
0.550502 0.1332 -0.120331 100
0.549525 0.1413 -0.120117 100
0.546399 0.1572 -0.119434 100
0.547083 0.1658 -0.119583 43
0.537411 -0.1774 -0.117469 18
0.539756 -0.1697 -0.117982 33
0.542003 -0.162 -0.118473 100
0.543273 -0.1539 -0.118751 100
0.542491 -0.1454 -0.11858 100
0.540635 -0.1367 -0.118174 100
0.539561 -0.1283 -0.117939 100
0.539365 -0.1202 -0.117897 100
0.538974 -0.1121 -0.117811 100
0.538584 -0.104 -0.117726 100
0.538974 -0.0962 -0.117811 100
0.538291 -0.0882 -0.117662 100
0.538486 -0.0803 -0.117704 100
0.539463 -0.0726 -0.117918 100
0.54044 -0.0649 -0.118131 100
0.540342 -0.0571 -0.11811 100
0.540049 -0.0493 -0.118046 100
0.540635 -0.0416 -0.118174 100
0.542198 -0.034 -0.118516 100
0.542589 -0.0262 -0.118601 100
0.541905 -0.0185 -0.118452 100
0.542101 -0.0107 -0.118494 100
0.548984 0.0056 -0.115489 100
0.549767 0.0134 -0.115654 100
0.55055 0.0213 -0.115818 100
0.551137 0.0292 -0.115942 100
0.551724 0.0372 -0.116065 100
0.551137 0.045 -0.115942 100
0.550452 0.0529 -0.115798 100
0.551626 0.061 -0.116045 100
0.55466 0.0693 -0.116683 100
0.556519 0.0776 -0.117074 100
0.555443 0.0856 -0.116848 100
0.556128 0.0938 -0.116992 100
0.557693 0.1023 -0.117321 100
0.557204 0.1104 -0.117218 100
0.556617 0.1186 -0.117095 100
0.557791 0.1272 -0.117342 100
0.558868 0.1358 -0.117568 100
0.559748 0.1445 -0.117753 100
0.557791 0.1525 -0.117342 100
0.555638 0.1604 -0.116889 47
0.549669 -0.1704 -0.115633 21
0.55006 -0.162 -0.115715 100
0.551332 -0.1539 -0.115983 100
0.552409 -0.1457 -0.116209 100
0.554366 -0.1378 -0.116621 100
0.554268 -0.1295 -0.116601 100
0.553094 -0.1209 -0.116354 100
0.550843 -0.1122 -0.11588 100
0.550452 -0.104 -0.115798 100
0.550843 -0.096 -0.11588 100
0.550158 -0.0878 -0.115736 100
0.550354 -0.0798 -0.115777 100
0.551332 -0.0719 -0.115983 100
0.55329 -0.0641 -0.116395 100
0.552115 -0.056 -0.116148 100
0.55192 -0.0481 -0.116107 100
0.552507 -0.0402 -0.11623 100
0.552996 -0.0323 -0.116333 100
0.552409 -0.0244 -0.116209 100
0.552702 -0.0165 -0.116271 100
0.5528 -0.0086 -0.116292 100
0.549297 0.0034 -0.108963 100
0.552141 0.0113 -0.109527 100
0.550964 0.0191 -0.109294 100
0.55067 0.027 -0.109235 100
0.552141 0.035 -0.109527 100
0.553613 0.043 -0.109819 100
0.553907 0.051 -0.109878 100
0.554103 0.0589 -0.109916 100
0.556163 0.0672 -0.110325 100
0.559106 0.0756 -0.110909 100
0.560969 0.084 -0.111278 100
0.559694 0.092 -0.111025 100
0.558419 0.1 -0.110773 100
0.55891 0.1083 -0.11087 100
0.558321 0.1165 -0.110753 100
0.558615 0.1248 -0.110811 100
0.559694 0.1335 -0.111025 100
0.560675 0.1422 -0.11122 100
0.557733 0.1499 -0.110636 100
0.554692 0.1575 -0.110033 45
0.553907 -0.171 -0.109878 33
0.552436 -0.162 -0.109586 100
0.553613 -0.1539 -0.109819 100
0.554692 -0.1457 -0.110033 100
0.555673 -0.1375 -0.110228 100
0.555673 -0.1292 -0.110228 100
0.554496 -0.1206 -0.109994 100
0.55224 -0.1119 -0.109547 100
0.551749 -0.1037 -0.109449 100
0.553122 -0.0958 -0.109722 100
0.552436 -0.0876 -0.109586 100
0.551651 -0.0794 -0.10943 100
0.55273 -0.0716 -0.109644 100
0.553613 -0.0637 -0.109819 100
0.554496 -0.0558 -0.109994 100
0.555182 -0.0479 -0.11013 100
0.553809 -0.0398 -0.109858 100
0.552338 -0.0318 -0.109566 100
0.551749 -0.0239 -0.109449 100
0.551062 -0.016 -0.109313 100
0.552141 -0.0082 -0.109527 100
0.564075 0.0053 -0.106277 100
0.562896 0.0133 -0.106055 100
0.566631 0.0213 -0.106759 100
0.568301 0.0295 -0.107073 100
0.568793 0.0375 -0.107166 100
0.569186 0.0456 -0.10724 100
0.567515 0.0536 -0.106925 100
0.565746 0.0615 -0.106592 100
0.565844 0.0696 -0.106611 100
0.565844 0.0777 -0.106611 100
0.565648 0.0858 -0.106574 100
0.565451 0.094 -0.106537 100
0.566041 0.1023 -0.106648 100
0.567515 0.1109 -0.106925 100
0.56781 0.1193 -0.106981 100
0.568105 0.1277 -0.107036 100
0.569186 0.1364 -0.10724 100
0.569087 0.1449 -0.107222 100
0.567122 0.1529 -0.106851 100
0.565943 0.1612 -0.106629 45
0.555231 -0.1699 -0.104611 9
0.560341 -0.1629 -0.105574 100
0.563486 -0.1552 -0.106166 100
0.561717 -0.1463 -0.105833 100
0.55985 -0.1374 -0.105481 100
0.559752 -0.129 -0.105463 100
0.561422 -0.1211 -0.105777 100
0.561127 -0.1128 -0.105722 100
0.561619 -0.1047 -0.105814 100
0.562012 -0.0966 -0.105888 100
0.564272 -0.0888 -0.106314 100
0.565451 -0.0808 -0.106537 100
0.565451 -0.0727 -0.106537 100
0.565451 -0.0646 -0.106537 100
0.566237 -0.0566 -0.106685 100
0.566041 -0.0485 -0.106648 100
0.564665 -0.0403 -0.106388 100
0.563191 -0.0322 -0.106111 100
0.564567 -0.0243 -0.10637 100
0.564862 -0.0164 -0.106425 100
0.562994 -0.0084 -0.106074 100
0.561637 0.0049 -0.102978 100
0.563506 0.0129 -0.103321 100
0.562227 0.0208 -0.103087 100
0.564883 0.0289 -0.103574 100
0.565375 0.037 -0.103664 100
0.565768 0.0451 -0.103736 100
0.566064 0.0532 -0.10379 100
0.56626 0.0613 -0.103826 100
0.565375 0.0693 -0.103664 100
0.565375 0.0775 -0.103664 100
0.565277 0.0856 -0.103646 100
0.564982 0.0938 -0.103592 100
0.565572 0.1021 -0.1037 100
0.566064 0.1105 -0.10379 100
0.566359 0.1189 -0.103844 100
0.567637 0.1276 -0.104079 100
0.567736 0.1361 -0.104097 100
0.567736 0.1446 -0.104097 100
0.564686 0.1524 -0.103537 100
0.561637 0.1601 -0.102978 46
0.554064 -0.1721 -0.10159 14
0.556326 -0.1642 -0.102005 100
0.559473 -0.1566 -0.102582 100
0.557801 -0.1476 -0.102275 100
0.5579 -0.1392 -0.102293 100
0.558785 -0.1311 -0.102455 100
0.560457 -0.1232 -0.102762 100
0.560162 -0.1148 -0.102708 100
0.560752 -0.1067 -0.102816 100
0.562129 -0.0987 -0.103069 100
0.563506 -0.0908 -0.103321 100
0.563703 -0.0826 -0.103357 100
0.562818 -0.0744 -0.103195 100
0.561834 -0.0662 -0.103014 100
0.562621 -0.0582 -0.103159 100
0.560457 -0.05 -0.102762 100
0.559178 -0.0419 -0.102528 100
0.55967 -0.0339 -0.102618 100
0.55908 -0.026 -0.10251 100
0.560359 -0.0181 -0.102744 100
0.561539 -0.0101 -0.10296 100
0.577605 0.0017 -0.0988356 100
0.577506 0.0099 -0.0988187 100
0.578295 0.0181 -0.0989537 100
0.578985 0.0263 -0.0990717 100
0.577605 0.0344 -0.0988356 100
0.578098 0.0427 -0.0989199 100
0.580365 0.0511 -0.0993078 100
0.581548 0.0595 -0.0995102 100
0.580661 0.0677 -0.0993584 100
0.579675 0.0759 -0.0991898 100
0.580562 0.0843 -0.0993416 100
0.581252 0.0929 -0.0994596 100
0.581942 0.1014 -0.0995777 100
0.582435 0.11 -0.099662 100
0.580858 0.1182 -0.0993922 100
0.581055 0.1268 -0.0994259 100
0.582139 0.1357 -0.0996114 100
0.58411 0.1448 -0.0999488 100
0.58204 0.1531 -0.0995946 100
0.583716 0.1623 -0.0998813 100
0.572085 -0.1742 -0.0978911 20
0.56972 -0.1648 -0.0974863 100
0.570015 -0.1562 -0.0975369 100
0.570212 -0.1476 -0.0975706 100
0.571198 -0.1393 -0.0977393 100
0.5711 -0.1308 -0.0977224 100
0.571888 -0.1225 -0.0978574 100
0.572578 -0.1142 -0.0979754 100
0.572085 -0.1058 -0.0978911 100
0.571592 -0.0973 -0.0978068 100
0.572874 -0.0892 -0.098026 100
0.573071 -0.081 -0.0980597 100
0.572184 -0.0726 -0.097908 100
0.572085 -0.0644 -0.0978911 100
0.573958 -0.0565 -0.0982115 100
0.572677 -0.0482 -0.0979923 100
0.572282 -0.04 -0.0979248 100
0.573761 -0.032 -0.0981778 100
0.574155 -0.0239 -0.0982453 100
0.573465 -0.0157 -0.0981272 100
0.57754 0.003 -0.0931273 100
0.577441 0.0111 -0.0931114 100
0.577244 0.0193 -0.0930796 100
0.57596 0.0274 -0.0928726 100
0.575467 0.0355 -0.092793 100
0.576948 0.0438 -0.0930318 100
0.577244 0.0521 -0.0930796 100
0.577441 0.0603 -0.0931114 100
0.578527 0.0687 -0.0932865 100
0.578527 0.077 -0.0932865 100
0.57833 0.0853 -0.0932547 100
0.578132 0.0936 -0.0932228 100
0.579712 0.1023 -0.0934775 100
0.580107 0.1109 -0.0935412 100
0.579514 0.1193 -0.0934457 100
0.579712 0.1279 -0.0934775 100
0.582772 0.1372 -0.093971 100
0.582674 0.1459 -0.0939551 100
0.581588 0.1544 -0.09378 100
0.581291 0.1631 -0.0937323 100
0.570333 -0.1729 -0.0919652 18
0.569839 -0.164 -0.0918856 100
0.571024 -0.1557 -0.0920767 100
0.571221 -0.1471 -0.0921085 100
0.572209 -0.1388 -0.0922677 100
0.57211 -0.1302 -0.0922518 100
0.572011 -0.1217 -0.0922358 100
0.572604 -0.1134 -0.0923314 100
0.572209 -0.105 -0.0922677 100
0.572604 -0.0967 -0.0923314 100
0.5729 -0.0885 -0.0923791 100
0.573097 -0.0802 -0.092411 100
0.574085 -0.0721 -0.0925701 100
0.574085 -0.0639 -0.0925701 100
0.574874 -0.0557 -0.0926975 100
0.574677 -0.0475 -0.0926657 100
0.574282 -0.0393 -0.092602 100
0.575763 -0.0313 -0.0928408 100
0.576059 -0.0231 -0.0928885 100
0.575368 -0.015 -0.0927771 100
0.585079 0.003 -0.0902613 100
0.58498 0.0113 -0.090246 100
0.583794 0.0195 -0.0900631 100
0.584387 0.0278 -0.0901546 100
0.585968 0.0361 -0.0903985 100
0.587352 0.0445 -0.090612 100
0.587648 0.0529 -0.0906577 100
0.587846 0.0613 -0.0906882 100
0.586956 0.0696 -0.090551 100
0.586956 0.078 -0.090551 100
0.587747 0.0866 -0.0906729 100
0.588439 0.0952 -0.0907797 100
0.591008 0.1042 -0.0911761 100
0.591404 0.1129 -0.0912371 100
0.590811 0.1214 -0.0911456 100
0.591997 0.1304 -0.0913286 100
0.592985 0.1394 -0.091481 100
0.590811 0.1566 -0.0911456 100
0.587648 0.1647 -0.0906577 100
0.583497 0.1724 -0.0900173 45
0.578062 -0.1766 -0.0891788 7
0.579544 -0.1681 -0.0894075 100
0.581817 -0.1599 -0.0897581 100
0.581026 -0.1509 -0.0896362 100
0.580236 -0.142 -0.0895142 100
0.579248 -0.1331 -0.0893617 100
0.57905 -0.1245 -0.0893312 100
0.579742 -0.1162 -0.089438 100
0.581323 -0.108 -0.0896819 100
0.581718 -0.0996 -0.0897429 100
0.582114 -0.0912 -0.0898039 100
0.582311 -0.0828 -0.0898344 100
0.583398 -0.0746 -0.0900021 100
0.583398 -0.0663 -0.0900021 100
0.582311 -0.0578 -0.0898344 100
0.582015 -0.0495 -0.0897886 100
0.582707 -0.0413 -0.0898954 100
0.584189 -0.0331 -0.0901241 100
0.584584 -0.0249 -0.090185 100
0.584881 -0.0166 -0.0902308 100
0.583991 -0.0083 -0.0900936 100
0.588147 0.0051 -0.0831821 100
0.587949 0.0134 -0.0831541 100
0.587751 0.0216 -0.0831261 100
0.587355 0.0299 -0.0830701 100
0.586959 0.0382 -0.0830141 100
0.587355 0.0465 -0.0830701 100
0.588642 0.055 -0.0832521 100
0.588741 0.0634 -0.0832661 100
0.58785 0.0717 -0.0831401 100
0.587751 0.0801 -0.0831261 100
0.587553 0.0885 -0.0830981 100
0.589236 0.0973 -0.0833362 100
0.590721 0.1061 -0.0835462 100
0.590226 0.1146 -0.0834762 100
0.591513 0.1235 -0.0836582 100
0.592603 0.1324 -0.0838123 100
0.591711 0.141 -0.0836862 100
0.590622 0.1496 -0.0835322 100
0.590424 0.1584 -0.0835042 100
0.592008 0.1678 -0.0837283 52
0.582404 -0.176 -0.0823699 10
0.582008 -0.1669 -0.0823139 43
0.583295 -0.1585 -0.0824959 100
0.584384 -0.15 -0.08265 100
0.584483 -0.1413 -0.082664 100
0.582503 -0.1321 -0.0823839 100
0.581414 -0.1233 -0.0822299 100
0.581117 -0.1147 -0.0821878 100
0.582602 -0.1065 -0.0823979 100
0.583097 -0.0981 -0.0824679 100
0.583394 -0.0898 -0.0825099 100
0.583592 -0.0814 -0.0825379 100
0.583691 -0.073 -0.0825519 100
0.584681 -0.0648 -0.082692 100
0.585473 -0.0566 -0.082804 100
0.586167 -0.0483 -0.082902 100
0.58587 -0.04 -0.08286 100
0.585374 -0.0317 -0.08279 100
0.584681 -0.0234 -0.082692 100
0.585968 -0.0152 -0.082874 100
0.594306 0.0068 -0.0824667 100
0.593117 0.0152 -0.0823018 100
0.59381 0.0236 -0.082398 100
0.594405 0.032 -0.0824805 100
0.59391 0.0404 -0.0824118 100
0.595296 0.0489 -0.0826042 100
0.599456 0.0578 -0.0831814 100
0.600645 0.0665 -0.0833464 100
0.599654 0.075 -0.0832089 100
0.599555 0.0836 -0.0831952 100
0.599258 0.0922 -0.0831539 100
0.598961 0.1008 -0.0831127 100
0.599456 0.1096 -0.0831814 100
0.598763 0.1182 -0.0830852 100
0.59807 0.1269 -0.082989 100
0.599159 0.136 -0.0831402 100
0.599159 0.1449 -0.0831402 100
0.598961 0.1538 -0.0831127 100
0.600645 0.1633 -0.0833464 100
0.587075 -0.175 -0.0814634 12
0.58757 -0.1662 -0.0815321 100
0.588858 -0.1576 -0.0817108 100
0.589947 -0.1491 -0.081862 100
0.591037 -0.1405 -0.0820132 100
0.592919 -0.1321 -0.0822743 100
0.593711 -0.1235 -0.0823843 100
0.595395 -0.1152 -0.0826179 100
0.594999 -0.1064 -0.0825629 100
0.592424 -0.0973 -0.0822056 100
0.590839 -0.0885 -0.0819857 100
0.591037 -0.08 -0.0820132 100
0.592027 -0.0717 -0.0821506 100
0.592027 -0.0632 -0.0821506 100
0.591829 -0.0548 -0.0821231 100
0.591532 -0.0463 -0.0820819 100
0.591136 -0.0379 -0.0820269 100
0.591631 -0.0296 -0.0820956 100
0.591928 -0.0212 -0.0821369 100
0.593216 -0.0129 -0.0823155 100
0.596129 0.0056 -0.0763658 100
0.596922 0.014 -0.0764675 100
0.596724 0.0224 -0.0764421 100
0.596327 0.0308 -0.0763912 100
0.595831 0.0392 -0.0763277 100
0.598212 0.0478 -0.0766327 100
0.600493 0.0565 -0.0769249 100
0.601584 0.0652 -0.0770647 100
0.602576 0.0739 -0.0771918 100
0.603469 0.0827 -0.0773061 100
0.604262 0.0915 -0.0774078 100
0.602873 0.1 -0.0772299 100
0.601485 0.1085 -0.077052 100
0.60089 0.1171 -0.0769757 100
0.601088 0.126 -0.0770012 100
0.602179 0.1351 -0.0771409 100
0.602179 0.1441 -0.0771409 100
0.60208 0.153 -0.0771282 100
0.60089 0.1617 -0.0769757 100
0.600493 0.1707 -0.0769249 49
0.58978 -0.1683 -0.0755526 20
0.590177 -0.1594 -0.0756034 100
0.591367 -0.1508 -0.0757559 100
0.592459 -0.1423 -0.0758957 100
0.594343 -0.1339 -0.0761371 100
0.594244 -0.1251 -0.0761244 100
0.594938 -0.1165 -0.0762134 100
0.594541 -0.1078 -0.0761625 100
0.594046 -0.0991 -0.076099 100
0.594343 -0.0905 -0.0761371 100
0.592558 -0.0817 -0.0759084 100
0.591665 -0.0731 -0.075794 100
0.591665 -0.0647 -0.075794 100
0.591566 -0.0562 -0.0757813 100
0.59226 -0.0479 -0.0758703 100
0.592855 -0.0395 -0.0759465 100
0.592359 -0.0311 -0.075883 100
0.593748 -0.0228 -0.0760609 100
0.593946 -0.0144 -0.0760863 100
0.609794 0.0001 -0.0717423 100
0.609695 0.0087 -0.0717306 100
0.609596 0.0172 -0.0717189 100
0.609298 0.0258 -0.0716838 100
0.609794 0.0344 -0.0717423 100
0.610291 0.043 -0.0718007 100
0.609596 0.0515 -0.0717189 100
0.609894 0.0602 -0.0717539 100
0.609 0.0687 -0.0716488 100
0.609894 0.0775 -0.0717539 100
0.609794 0.0862 -0.0717423 100
0.609496 0.0949 -0.0717072 100
0.610092 0.1038 -0.0717773 100
0.611483 0.1128 -0.0719409 100
0.612873 0.122 -0.0721045 100
0.611085 0.1306 -0.0718942 100
0.610192 0.1394 -0.071789 100
0.610092 0.1484 -0.0717773 100
0.610887 0.1577 -0.0718708 100
0.608702 0.1662 -0.0716137 100
0.605325 0.1745 -0.0712165 40
0.582781 -0.1772 -0.0685641 9
0.595692 -0.172 -0.0700831 44
0.600955 -0.1644 -0.0707024 100
0.602147 -0.1557 -0.0708426 100
0.601353 -0.1466 -0.0707491 100
0.600459 -0.1375 -0.0706439 100
0.600359 -0.1286 -0.0706322 100
0.601055 -0.12 -0.070714 100
0.602644 -0.1115 -0.070901 100
0.605127 -0.1032 -0.0711931 100
0.604531 -0.0944 -0.071123 100
0.603835 -0.0857 -0.0710412 100
0.604928 -0.0772 -0.0711697 100
0.606914 -0.0688 -0.0714034 100
0.606815 -0.0602 -0.0713917 100
0.606616 -0.0516 -0.0713684 100
0.607311 -0.0431 -0.0714502 100
0.607808 -0.0346 -0.0715086 100
0.607212 -0.026 -0.0714385 100
0.607709 -0.009 -0.0714969 100
0.60954 0.0015 -0.0650335 100
0.610435 0.0101 -0.065129 100
0.610237 0.0186 -0.0651078 100
0.609938 0.0272 -0.0650759 100
0.60954 0.0357 -0.0650335 100
0.608944 0.0443 -0.0649698 100
0.608248 0.0528 -0.0648956 100
0.608447 0.0614 -0.0649168 100
0.60954 0.0702 -0.0650335 100
0.609441 0.0788 -0.0650229 100
0.609342 0.0875 -0.0650123 100
0.609043 0.0962 -0.0649805 100
0.60964 0.1051 -0.0650441 100
0.611032 0.1142 -0.0651926 100
0.610336 0.1229 -0.0651184 100
0.610535 0.1319 -0.0651396 100
0.610535 0.1409 -0.0651396 100
0.612424 0.1504 -0.0653412 100
0.612225 0.1595 -0.0653199 100
0.614711 0.1693 -0.0655852 100
0.587764 -0.1734 -0.0627101 10
0.597807 -0.1673 -0.0637816 39
0.602878 -0.1596 -0.0643227 100
0.603177 -0.1507 -0.0643545 100
0.603276 -0.1418 -0.0643651 100
0.603177 -0.1329 -0.0643545 100
0.603077 -0.124 -0.0643439 100
0.602779 -0.1151 -0.0643121 100
0.60427 -0.1067 -0.0644712 100
0.604668 -0.098 -0.0645137 100
0.604072 -0.0893 -0.06445 100
0.60427 -0.0806 -0.0644712 100
0.60427 -0.072 -0.0644712 100
0.605265 -0.0636 -0.0645773 100
0.60606 -0.0551 -0.0646622 100
0.606756 -0.0466 -0.0647364 100
0.607353 -0.0381 -0.0648001 100
0.606856 -0.0295 -0.0647471 100
0.607154 -0.021 -0.0647789 100
0.608447 -0.0125 -0.0649168 100
0.613852 0.0014 -0.0622446 100
0.614748 0.01 -0.0623354 100
0.615544 0.0187 -0.0624161 100
0.61624 0.0274 -0.0624867 100
0.616837 0.0361 -0.0625472 100
0.61624 0.0447 -0.0624867 100
0.615544 0.0534 -0.0624161 100
0.616737 0.0622 -0.0625372 100
0.618727 0.0712 -0.0627389 100
0.619722 0.0801 -0.0628398 100
0.619523 0.089 -0.0628196 100
0.62022 0.0979 -0.0628902 100
0.620717 0.107 -0.0629407 100
0.621115 0.116 -0.062981 100
0.622408 0.1253 -0.0631122 100
0.623503 0.1347 -0.0632232 100
0.623503 0.1439 -0.0632232 100
0.621413 0.1526 -0.0630113 100
0.62022 0.1616 -0.0628902 100
0.615345 -0.1758 -0.0623959 27
0.616737 -0.1669 -0.0625372 100
0.618031 -0.158 -0.0626683 100
0.61823 -0.1488 -0.0626885 100
0.615444 -0.1391 -0.062406 100
0.61435 -0.1298 -0.062295 100
0.615146 -0.121 -0.0623758 100
0.613852 -0.1118 -0.0622446 100
0.613355 -0.1028 -0.0621942 100
0.614748 -0.0942 -0.0623354 100
0.615942 -0.0856 -0.0624565 100
0.616141 -0.0768 -0.0624766 100
0.617135 -0.0681 -0.0625775 100
0.617036 -0.0594 -0.0625674 100
0.616737 -0.0506 -0.0625372 100
0.617434 -0.042 -0.0626078 100
0.617931 -0.0333 -0.0626582 100
0.617334 -0.0246 -0.0625977 100
0.617633 -0.0159 -0.062628 100
0.613637 0.0001 -0.0539021 100
0.61553 0.0088 -0.0540684 100
0.617423 0.0174 -0.0542346 100
0.61802 0.0262 -0.0542872 100
0.618618 0.0349 -0.0543397 100
0.61812 0.0436 -0.0542959 100
0.617423 0.0522 -0.0542346 100
0.618618 0.0611 -0.0543397 100
0.619714 0.07 -0.0544359 100
0.618618 0.0787 -0.0543397 100
0.618518 0.0875 -0.0543309 100
0.618219 0.0963 -0.0543047 100
0.618718 0.1053 -0.0543484 100
0.619216 0.1144 -0.0543922 100
0.619515 0.1235 -0.0544184 100
0.62061 0.1328 -0.0545147 100
0.62061 0.1419 -0.0545147 100
0.620511 0.1511 -0.0545059 100
0.619315 0.16 -0.0544009 100
0.622802 0.1703 -0.0547072 100
0.613637 -0.1699 -0.0539021 43
0.613039 -0.1605 -0.0538496 100
0.616227 -0.1521 -0.0541296 100
0.614334 -0.1425 -0.0539634 100
0.613338 -0.1332 -0.0538759 100
0.612243 -0.124 -0.0537796 100
0.611944 -0.115 -0.0537534 100
0.612541 -0.1063 -0.0538059 100
0.613936 -0.0977 -0.0539284 100
0.614235 -0.0889 -0.0539546 100
0.614434 -0.0801 -0.0539721 100
0.614534 -0.0714 -0.0539809 100
0.614434 -0.0626 -0.0539721 100
0.615231 -0.054 -0.0540421 100
0.616925 -0.0454 -0.0541909 100
0.61553 -0.0367 -0.0540684 100
0.614036 -0.0279 -0.0539371 100
0.614334 -0.0193 -0.0539634 100
0.613537 -0.0107 -0.0538934 100
0.630491 0.0058 -0.0436459 100
0.630292 0.0147 -0.0436321 100
0.632087 0.0235 -0.0437564 100
0.633683 0.0325 -0.0438669 100
0.63518 0.0414 -0.0439705 100
0.635479 0.0504 -0.0439912 100
0.635679 0.0593 -0.0440051 100
0.634881 0.0682 -0.0439498 100
0.633783 0.0771 -0.0438738 100
0.633683 0.0861 -0.0438669 100
0.633384 0.0951 -0.0438462 100
0.632985 0.1041 -0.0438186 100
0.632486 0.1131 -0.0437841 100
0.631788 0.1221 -0.0437357 100
0.632985 0.1315 -0.0438186 100
0.634082 0.141 -0.0438946 100
0.633983 0.1503 -0.0438876 100
0.632786 0.1594 -0.0438048 100
0.633384 0.169 -0.0438462 100
0.641964 0.2103 -0.0444401 7
0.641864 0.2202 -0.0444332 44
0.638672 0.2292 -0.0442122 49
0.638272 0.2391 -0.0441846 50
0.62251 -0.2384 -0.0430935 42
0.625802 -0.2297 -0.0433214 43
0.619517 -0.2176 -0.0428863 40
0.622011 -0.1802 -0.0430589 8
0.624406 -0.1715 -0.0432247 100
0.627698 -0.163 -0.0434526 100
0.626999 -0.1535 -0.0434042 100
0.627199 -0.1443 -0.043418 100
0.627199 -0.1351 -0.043418 100
0.627997 -0.1261 -0.0434733 100
0.629693 -0.1173 -0.0435907 100
0.631289 -0.1085 -0.0437012 100
0.631688 -0.0995 -0.0437288 100
0.632087 -0.0906 -0.0437564 100
0.632287 -0.0816 -0.0437702 100
0.633284 -0.0728 -0.0438393 100
0.633284 -0.0638 -0.0438393 100
0.632087 -0.0548 -0.0437564 100
0.629793 -0.0457 -0.0435976 100
0.629394 -0.0369 -0.04357 100
0.629893 -0.0281 -0.0436045 100
0.630192 -0.0193 -0.0436252 100
0.629394 -0.0104 -0.04357 100
0.628743 0.0005 -0.0397775 100
0.630639 0.0094 -0.0398975 100
0.633434 0.0182 -0.0400743 100
0.633134 0.0271 -0.0400553 100
0.632735 0.0359 -0.0400301 100
0.63513 0.045 -0.0401816 100
0.636428 0.054 -0.0402637 100
0.635629 0.0629 -0.0402132 100
0.634731 0.0718 -0.0401563 100
0.634631 0.0807 -0.04015 100
0.634432 0.0897 -0.0401374 100
0.634132 0.0987 -0.0401184 100
0.633633 0.1077 -0.0400869 100
0.634032 0.1169 -0.0401121 100
0.634332 0.1262 -0.0401311 100
0.63543 0.1356 -0.0402005 100
0.636428 0.1452 -0.0402637 100
0.63533 0.1543 -0.0401942 100
0.636927 0.1641 -0.0402952 100
0.637326 0.2028 -0.0403205 18
0.641018 0.2138 -0.0405541 38
0.639921 0.2234 -0.0404847 48
0.638623 0.233 -0.0404026 50
0.636527 0.2526 -0.04027 47
0.625749 -0.2361 -0.0395881 44
0.623354 -0.2253 -0.0394365 44
0.622156 -0.1769 -0.0393608 23
0.623553 -0.1679 -0.0394492 100
0.625849 -0.1592 -0.0395944 100
0.62515 -0.1497 -0.0395502 100
0.626148 -0.1408 -0.0396133 100
0.627046 -0.1318 -0.0396702 100
0.627845 -0.1228 -0.0397207 100
0.628543 -0.1139 -0.0397649 100
0.63004 -0.1051 -0.0398596 100
0.629442 -0.096 -0.0398217 100
0.627745 -0.0868 -0.0397144 100
0.625949 -0.0776 -0.0396007 100
0.625949 -0.0688 -0.0396007 100
0.626847 -0.06 -0.0396575 100
0.626647 -0.0512 -0.0396449 100
0.628344 -0.0425 -0.0397522 100
0.630839 -0.0338 -0.0399101 100
0.63024 -0.025 -0.0398722 100
0.630539 -0.0162 -0.0398911 100
0.638932 0.0041 -0.0369525 100
0.640829 0.0131 -0.0370622 100
0.641528 0.0221 -0.0371026 100
0.643125 0.0312 -0.037195 100
0.643624 0.0402 -0.0372239 100
0.644024 0.0493 -0.037247 100
0.643325 0.0583 -0.0372065 100
0.643425 0.0674 -0.0372123 100
0.643425 0.0765 -0.0372123 100
0.643225 0.0856 -0.0372008 100
0.643025 0.0947 -0.0371892 100
0.642626 0.1039 -0.0371661 100
0.643025 0.1132 -0.0371892 100
0.643425 0.1225 -0.0372123 100
0.644523 0.1321 -0.0372758 100
0.643624 0.1413 -0.0372239 100
0.643525 0.1508 -0.0372181 100
0.644223 0.1605 -0.0372585 100
0.649714 0.1715 -0.0375761 100
0.641927 0.2085 -0.0371257 10
0.648416 0.2207 -0.037501 50
0.648117 0.2307 -0.0374837 100
0.647718 0.2408 -0.0374606 100
0.650812 0.2524 -0.0376396 41
0.630047 -0.2365 -0.0364386 100
0.633342 -0.2277 -0.0366292 100
0.630746 -0.2169 -0.036479 100
0.62266 -0.1758 -0.0360114 8
0.628849 -0.1681 -0.0363693 100
0.633142 -0.1598 -0.0366176 100
0.63434 -0.1507 -0.0366869 100
0.635338 -0.1416 -0.0367446 100
0.63434 -0.1321 -0.0366869 100
0.63414 -0.1229 -0.0366754 100
0.633841 -0.1136 -0.036658 100
0.633442 -0.1044 -0.0366349 100
0.633841 -0.0954 -0.036658 100
0.635039 -0.0865 -0.0367273 100
0.636237 -0.0777 -0.0367966 100
0.637235 -0.0688 -0.0368543 100
0.637135 -0.0597 -0.0368486 100
0.637934 -0.0508 -0.0368948 100
0.637535 -0.0418 -0.0368717 100
0.637135 -0.0329 -0.0368486 100
0.637535 -0.024 -0.0368717 100
0.638733 -0.0151 -0.0369409 100
0.639274 0.0073 -0.0304829 100
0.640073 0.0163 -0.030521 100
0.639773 0.0252 -0.0305067 100
0.640372 0.0343 -0.0305352 100
0.640772 0.0433 -0.0305543 100
0.640173 0.0523 -0.0305257 100
0.639374 0.0613 -0.0304876 100
0.639374 0.0703 -0.0304876 100
0.640372 0.0795 -0.0305352 100
0.641172 0.0888 -0.0305734 100
0.641871 0.0981 -0.0306067 100
0.64237 0.1074 -0.0306305 100
0.641771 0.1166 -0.0306019 100
0.64207 0.1259 -0.0306162 100
0.64217 0.1354 -0.030621 100
0.64217 0.1448 -0.030621 100
0.642969 0.1545 -0.0306591 100
0.64267 0.164 -0.0306448 100
0.644168 0.174 -0.0307162 43
0.645866 0.204 -0.0307972 15
0.648663 0.2149 -0.0309306 45
0.647464 0.2246 -0.0308734 100
0.647065 0.2347 -0.0308544 100
0.653058 0.2473 -0.0311401 45
0.630284 -0.2369 -0.0300542 100
0.631682 -0.2274 -0.0301209 100
0.630583 -0.1782 -0.0300685 28
0.629185 -0.1683 -0.0300018 100
0.630484 -0.1592 -0.0300637 100
0.631682 -0.1501 -0.0301209 100
0.631782 -0.1408 -0.0301256 100
0.632681 -0.1317 -0.0301685 100
0.632581 -0.1225 -0.0301637 100
0.633181 -0.1134 -0.0301923 100
0.634779 -0.1045 -0.0302685 100
0.636177 -0.0956 -0.0303352 100
0.635478 -0.0864 -0.0303019 100
0.635578 -0.0774 -0.0303066 100
0.636577 -0.0684 -0.0303543 100
0.637476 -0.0595 -0.0303971 100
0.638275 -0.0506 -0.0304352 100
0.638874 -0.0416 -0.0304638 100
0.638475 -0.0326 -0.0304448 100
0.637875 -0.0236 -0.0304162 100
0.638075 -0.0146 -0.0304257 100
0.646565 0.0046 -0.0237085 100
0.646466 0.0136 -0.0237048 100
0.648164 0.0227 -0.0237671 100
0.649763 0.0319 -0.0238257 100
0.649264 0.0409 -0.0238074 100
0.648664 0.05 -0.0237854 100
0.649863 0.0592 -0.0238294 100
0.651962 0.0685 -0.0239064 100
0.651962 0.0777 -0.0239064 100
0.651762 0.087 -0.023899 100
0.651462 0.0962 -0.023888 100
0.650563 0.1147 -0.0238551 100
0.652761 0.1245 -0.0239357 100
0.65396 0.1342 -0.0239796 100
0.65396 0.1437 -0.0239796 100
0.651662 0.1623 -0.0238954 100
0.653161 0.1724 -0.0239503 100
0.646366 0.2098 -0.0237011 15
0.65476 0.2227 -0.024009 45
0.651562 0.2318 -0.0238917 100
0.655759 0.2436 -0.0240456 100
0.643667 -0.2389 -0.0236022 100
0.643168 -0.2285 -0.0235839 100
0.644067 -0.1794 -0.0236169 47
0.642668 -0.1694 -0.0235656 100
0.642968 -0.1599 -0.0235766 100
0.644167 -0.1507 -0.0236205 100
0.645266 -0.1415 -0.0236608 100
0.645166 -0.1321 -0.0236572 100
0.644067 -0.1225 -0.0236169 100
0.644667 -0.1134 -0.0236389 100
0.644267 -0.1041 -0.0236242 100
0.644667 -0.0949 -0.0236389 100
0.643867 -0.0857 -0.0236095 100
0.644067 -0.0766 -0.0236169 100
0.645066 -0.0676 -0.0236535 100
0.644967 -0.0585 -0.0236498 100
0.645666 -0.0495 -0.0236755 100
0.646266 -0.0405 -0.0236975 100
0.646765 -0.0315 -0.0237158 100
0.646166 -0.0224 -0.0236938 100
0.646466 -0.0134 -0.0237048 100
0.64975 0.0033 -0.0180357 100
0.64865 0.0124 -0.0180051 100
0.64835 0.0214 -0.0179968 100
0.64905 0.0306 -0.0180162 100
0.64855 0.0397 -0.0180024 100
0.64895 0.0488 -0.0180135 100
0.64815 0.0579 -0.0179913 100
0.64825 0.0671 -0.017994 100
0.64925 0.0764 -0.0180218 100
0.65015 0.0857 -0.0180468 100
0.64985 0.095 -0.0180384 100
0.650449 0.1044 -0.0180551 100
0.651849 0.114 -0.0180939 100
0.654148 0.1238 -0.0181578 100
0.656247 0.1338 -0.018216 100
0.656247 0.1434 -0.018216 100
0.656147 0.153 -0.0182132 100
0.655847 0.1627 -0.0182049 100
0.659346 0.1734 -0.018302 100
0.652449 0.2112 -0.0181106 8
0.662645 0.2248 -0.0183936 100
0.659446 0.2341 -0.0183048 100
0.663644 0.2461 -0.0184214 100
0.641453 -0.2397 -0.0178054 100
0.644752 -0.2307 -0.0178969 100
0.644152 -0.2203 -0.0178803 100
0.64925 -0.1724 -0.0180218 47
0.645751 -0.1618 -0.0179247 100
0.645051 -0.1521 -0.0179053 100
0.643252 -0.1422 -0.0178553 100
0.643152 -0.1328 -0.0178525 100
0.644052 -0.1235 -0.0178775 100
0.644652 -0.1143 -0.0178942 100
0.645251 -0.1051 -0.0179108 100
0.644652 -0.0958 -0.0178942 100
0.645951 -0.0868 -0.0179302 100
0.646151 -0.0776 -0.0179358 100
0.647151 -0.0685 -0.0179635 100
0.64805 -0.0595 -0.0179885 100
0.646851 -0.0502 -0.0179552 100
0.646451 -0.0411 -0.0179441 100
0.646951 -0.0321 -0.017958 100
0.646351 -0.023 -0.0179413 100
0.646651 -0.0139 -0.0179496 100
0.660872 0.0089 -0.0061134 100
0.667671 0.0183 -0.0061763 100
0.669371 0.0277 -0.00619202 100
0.668971 0.037 -0.00618833 100
0.669371 0.0464 -0.00619202 100
0.668671 0.0557 -0.00618555 100
0.667771 0.065 -0.00617722 100
0.666871 0.0743 -0.0061689 100
0.666771 0.0838 -0.00616797 100
0.667471 0.0933 -0.00617445 100
0.667071 0.1028 -0.00617075 100
0.667571 0.1124 -0.00617537 100
0.667871 0.122 -0.00617815 100
0.669071 0.1319 -0.00618925 100
0.668171 0.1415 -0.00618092 100
0.668071 0.1512 -0.00618 100
0.665872 0.1605 -0.00615965 100
0.665572 0.1703 -0.00615687 100
0.671271 0.2122 -0.0062096 25
0.671071 0.2225 -0.00620775 100
0.667871 0.2318 -0.00617815 100
0.671171 0.2435 -0.00620867 100
0.656872 -0.236 -0.0060764 100
0.651572 -0.2239 -0.00602737 100
0.653472 -0.1845 -0.00604495 12
0.654972 -0.1751 -0.00605882 100
0.657372 -0.166 -0.00608102 100
0.656672 -0.1561 -0.00607455 100
0.656872 -0.1465 -0.0060764 100
0.657872 -0.1371 -0.00608565 100
0.659672 -0.1279 -0.0061023 100
0.660372 -0.1185 -0.00610877 100
0.661972 -0.1093 -0.00612357 100
0.662472 -0.0999 -0.0061282 100
0.662772 -0.0905 -0.00613097 100
0.663972 -0.0813 -0.00614207 100
0.663072 -0.0718 -0.00613375 100
0.660072 -0.0622 -0.006106 100
0.658872 -0.0528 -0.0060949 100
0.658572 -0.0436 -0.00609212 100
0.659072 -0.0344 -0.00609675 100
0.658472 -0.0252 -0.0060912 100
0.658772 -0.016 -0.00609397 100
0.659995 0.0052 -0.0026494 100
0.659795 0.0144 -0.0026486 100
0.662595 0.0237 -0.00265984 100
0.666195 0.0332 -0.00267429 100
0.667595 0.0426 -0.00267991 100
0.666995 0.0519 -0.0026775 100
0.667195 0.0613 -0.00267831 100
0.666295 0.0706 -0.00267469 100
0.666195 0.08 -0.00267429 100
0.665995 0.0894 -0.00267349 100
0.664295 0.1082 -0.00266666 100
0.664595 0.1178 -0.00266787 100
0.664895 0.1274 -0.00266907 100
0.663095 0.1367 -0.00266185 100
0.663995 0.1466 -0.00266546 100
0.666795 0.157 -0.0026767 100
0.664495 0.1663 -0.00266747 100
0.664995 0.1763 -0.00266947 100
0.670295 0.2184 -0.00269075 13
0.669995 0.2287 -0.00268955 100
0.666795 0.238 -0.0026767 100
0.668095 0.2491 -0.00268192 100
0.656495 -0.2341 -0.00263535 100
0.656895 -0.2239 -0.00263696 100
0.651995 -0.1824 -0.00261729 31
0.653495 -0.173 -0.00262331 100
0.655795 -0.1638 -0.00263254 100
0.656095 -0.1542 -0.00263375 100
0.656295 -0.1446 -0.00263455 100
0.658195 -0.1354 -0.00264218 100
0.659095 -0.1261 -0.00264579 100
0.658795 -0.1165 -0.00264459 52
0.660295 -0.1073 -0.00265061 100
0.659795 -0.0978 -0.0026486 100
0.661095 -0.0885 -0.00265382 100
0.662295 -0.0793 -0.00265864 100
0.664295 -0.0702 -0.00266666 100
0.665195 -0.0609 -0.00267028 100
0.661995 -0.0513 -0.00265743 100
0.661695 -0.042 -0.00265623 100
0.662195 -0.0327 -0.00265823 100
0.662595 -0.0235 -0.00265984 100
0.661795 -0.0142 -0.00265663 100
0.672989 0.0072 0.00387618 100
0.672789 0.0166 0.00387503 100
0.673489 0.026 0.00387906 100
0.674089 0.0355 0.00388252 100
0.674489 0.0449 0.00388482 100
0.673789 0.0544 0.00388079 100
0.673989 0.0639 0.00388194 100
0.673989 0.0734 0.00388194 100
0.674889 0.083 0.00388712 100
0.674689 0.0926 0.00388597 100
0.675289 0.1023 0.00388943 100
0.676789 0.1122 0.00389807 100
0.676089 0.1219 0.00389404 100
0.674289 0.1313 0.00388367 100
0.675389 0.1413 0.00389 100
0.676289 0.1514 0.00389519 100
0.678889 0.162 0.00391016 100
0.676589 0.1715 0.00389691 100
0.674089 0.1809 0.00388252 100
0.676489 0.2123 0.00389634 9
0.680089 0.2239 0.00391707 100
0.676889 0.2334 0.00389864 100
0.684889 0.2469 0.00394472 100
0.665089 -0.2306 0.00383068 100
0.668289 -0.2213 0.00384911 100
0.666589 -0.2105 0.00383932 40
0.666089 -0.18 0.00383644 19
0.666589 -0.1702 0.00383932 100
0.667989 -0.1606 0.00384738 100
0.669189 -0.151 0.00385429 100
0.669289 -0.1413 0.00385487 100
0.668189 -0.1313 0.00384853 100
0.669989 -0.122 0.0038589 100
0.670589 -0.1124 0.00386236 100
0.669189 -0.1026 0.00385429 100
0.669589 -0.0931 0.0038566 100
0.669789 -0.0836 0.00385775 100
0.669889 -0.0741 0.00385833 100
0.670889 -0.0648 0.00386409 100
0.671689 -0.0554 0.00386869 100
0.672389 -0.046 0.00387272 100
0.672989 -0.0366 0.00387618 100
0.673489 -0.0272 0.00387906 100
0.672789 -0.0177 0.00387503 100
0.674952 0.0062 0.00801087 100
0.675752 0.0157 0.00802037 100
0.674452 0.0251 0.00800494 100
0.674052 0.0345 0.00800019 100
0.674553 0.0439 0.00800613 100
0.674852 0.0534 0.00800969 100
0.675052 0.0629 0.00801206 100
0.676052 0.0726 0.00802393 100
0.676952 0.0822 0.00803461 100
0.676752 0.0918 0.00803224 100
0.677352 0.1015 0.00803936 100
0.678852 0.1114 0.00805716 100
0.678252 0.1211 0.00805004 100
0.677452 0.1307 0.00804054 100
0.676552 0.1404 0.00802986 100
0.677452 0.1504 0.00804054 100
0.680152 0.161 0.00807259 100
0.677852 0.1705 0.00804529 100
0.680252 0.1812 0.00807377 100
0.677752 0.2113 0.0080441 7
0.682352 0.2232 0.0080987 100
0.679152 0.2327 0.00806072 100
0.687152 0.2462 0.00815566 100
0.666253 -0.2395 0.00790762 100
0.669453 -0.2302 0.0079456 100
0.668853 -0.2196 0.00793848 100
0.669453 -0.1791 0.0079456 41
0.668953 -0.169 0.00793967 100
0.671253 -0.1597 0.00796696 100
0.671453 -0.1498 0.00796934 100
0.670553 -0.1398 0.00795865 100
0.670453 -0.1301 0.00795747 100
0.671253 -0.1206 0.00796696 100
0.671853 -0.111 0.00797408 100
0.670353 -0.1012 0.00795628 100
0.670753 -0.0917 0.00796103 100
0.672953 -0.0824 0.00798714 100
0.673053 -0.0729 0.00798832 100
0.672953 -0.0634 0.00798714 100
0.673753 -0.0541 0.00799663 100
0.674452 -0.0447 0.00800494 100
0.675052 -0.0352 0.00801206 100
0.674452 -0.0258 0.00800494 100
0.674752 -0.0164 0.0080085 100
0.685859 0.0011 0.0138877 100
0.686759 0.0107 0.0139059 100
0.686559 0.0203 0.0139019 100
0.687159 0.0299 0.013914 100
0.686759 0.0395 0.0139059 100
0.687059 0.0492 0.013912 100
0.688359 0.0589 0.0139383 100
0.690458 0.0688 0.0139808 100
0.690359 0.0786 0.0139788 100
0.691258 0.0885 0.013997 100
0.692858 0.0986 0.0140294 100
0.692458 0.1084 0.0140213 100
0.692858 0.1184 0.0140294 100
0.692058 0.1282 0.0140132 100
0.690259 0.1379 0.0139768 100
0.690159 0.148 0.0139747 100
0.689959 0.158 0.0139707 100
0.689659 0.1681 0.0139646 100
0.691158 0.1788 0.013995 100
0.692458 0.1895 0.0140213 100
0.693558 0.2002 0.0140436 100
0.696457 0.2116 0.0141023 100
0.697157 0.2226 0.0141164 100
0.694958 0.2326 0.0140719 100
0.692558 0.2426 0.0140233 100
0.678161 -0.2323 0.0137318 100
0.677561 -0.2215 0.0137197 100
0.678661 -0.2114 0.0137419 100
0.679661 -0.2014 0.0137622 100
0.680461 -0.1913 0.0137784 100
0.68116 -0.1813 0.0137925 100
0.68266 -0.1715 0.0138229 100
0.68306 -0.1615 0.013831 100
0.68326 -0.1515 0.013835 100
0.68336 -0.1415 0.0138371 100
0.68526 -0.1319 0.0138755 100
0.68506 -0.122 0.0138715 52
0.68276 -0.1118 0.0138249 51
0.68126 -0.1018 0.0137946 52
0.68166 -0.0921 0.0138027 100
0.68186 -0.0825 0.0138067 100
0.68296 -0.0729 0.013829 100
0.68396 -0.0634 0.0138492 100
0.68376 -0.0537 0.0138452 100
0.685459 -0.0442 0.0138796 100
0.686959 -0.0347 0.01391 100
0.686359 -0.0251 0.0138978 100
0.685659 -0.0154 0.0138836 100
0.688649 0.0053 0.0220026 100
0.689448 0.0149 0.0220281 100
0.689248 0.0245 0.0220217 100
0.688848 0.0341 0.022009 100
0.687249 0.0437 0.0219579 100
0.687549 0.0533 0.0219675 100
0.690747 0.0633 0.0220697 100
0.693746 0.0733 0.0221655 100
0.692647 0.083 0.0221303 100
0.693446 0.0929 0.0221559 100
0.694046 0.1029 0.022175 100
0.692547 0.1126 0.0221271 100
0.692946 0.1226 0.0221399 100
0.692147 0.1324 0.0221144 100
0.692147 0.1424 0.0221144 100
0.693046 0.1527 0.0221431 100
0.691847 0.1626 0.0221048 100
0.690448 0.1725 0.0220601 100
0.691847 0.1831 0.0221048 100
0.695945 0.1946 0.0222357 100
0.698943 0.206 0.0223315 100
0.699843 0.2169 0.0223603 100
0.697644 0.227 0.02229 100
0.700143 0.2386 0.0223698 100
0.676455 -0.2368 0.021613 100
0.677754 -0.2267 0.0216545 100
0.678054 -0.2163 0.0216641 100
0.679053 -0.2062 0.021696 100
0.679953 -0.1962 0.0217248 100
0.680653 -0.1861 0.0217471 100
0.681252 -0.1761 0.0217663 100
0.682652 -0.1664 0.021811 100
0.682952 -0.1564 0.0218206 100
0.684151 -0.1466 0.0218589 100
0.68605 -0.1371 0.0219196 100
0.68495 -0.1269 0.0218844 100
0.681752 -0.1165 0.0217822 50
0.681352 -0.1067 0.0217695 50
0.681752 -0.0971 0.0217822 100
0.682052 -0.0874 0.0217918 100
0.683251 -0.0779 0.0218301 100
0.682252 -0.0682 0.0217982 100
0.683151 -0.0586 0.021827 100
0.683851 -0.0491 0.0218493 100
0.684551 -0.0395 0.0218717 100
0.68495 -0.03 0.0218844 100
0.68535 -0.0204 0.0218972 100
0.68555 -0.0109 0.0219036 100
0.702225 0.0006 0.0329933 100
0.703124 0.0105 0.0330355 100
0.702925 0.0203 0.0330261 100
0.702625 0.0302 0.033012 100
0.704123 0.0401 0.0330824 100
0.703424 0.05 0.0330496 100
0.702725 0.0598 0.0330167 100
0.701826 0.0697 0.0329745 100
0.701726 0.0796 0.0329698 100
0.702525 0.0897 0.0330074 100
0.704123 0.0999 0.0330824 100
0.703724 0.11 0.0330637 100
0.703025 0.12 0.0330308 100
0.702325 0.13 0.032998 100
0.703324 0.1404 0.0330449 100
0.706221 0.1513 0.033181 100
0.709917 0.1625 0.0333547 100
0.711415 0.1734 0.033425 100
0.709917 0.1836 0.0333547 100
0.710117 0.1943 0.033364 100
0.710217 0.2051 0.0333687 100
0.709218 0.2156 0.0333218 100
0.708019 0.2261 0.0332655 100
0.709517 0.2376 0.0333359 100
0.695133 -0.2303 0.0326601 100
0.696332 -0.22 0.0327164 100
0.696532 -0.2093 0.0327258 100
0.694534 -0.1982 0.0326319 100
0.694334 -0.1876 0.0326225 100
0.694933 -0.1774 0.0326507 100
0.693535 -0.1667 0.032585 100
0.693835 -0.1565 0.032599 100
0.694933 -0.1466 0.0326507 100
0.696931 -0.1368 0.0327445 100
0.696831 -0.1267 0.0327398 100
0.695533 -0.1164 0.0326788 100
0.697131 -0.1067 0.0327539 100
0.698529 -0.0969 0.0328196 100
0.699828 -0.0871 0.0328806 100
0.700028 -0.0772 0.03289 100
0.700028 -0.0673 0.03289 100
0.700927 -0.0574 0.0329323 100
0.701626 -0.0476 0.0329651 100
0.701226 -0.0377 0.0329463 100
0.700627 -0.0279 0.0329182 100
0.702026 -0.0181 0.0329839 100
0.700905 0.0028 0.0391867 100
0.700806 0.0126 0.0391811 100
0.702503 0.0225 0.039276 100
0.703202 0.0323 0.0393151 100
0.703601 0.0422 0.0393374 100
0.704001 0.0521 0.0393597 100
0.7042 0.062 0.0393709 100
0.7042 0.072 0.0393709 100
0.7042 0.0819 0.0393709 100
0.703901 0.0919 0.0393542 100
0.703601 0.1019 0.0393374 100
0.703102 0.1119 0.0393095 100
0.703402 0.122 0.0393263 100
0.703601 0.1322 0.0393374 100
0.7046 0.1426 0.0393932 100
0.710391 0.1541 0.039717 100
0.712088 0.165 0.0398119 100
0.71069 0.1751 0.0397337 100
0.710091 0.1856 0.0397003 100
0.710291 0.1963 0.0397114 100
0.710391 0.207 0.039717 100
0.710291 0.2178 0.0397114 100
0.709093 0.2283 0.0396444 100
0.71059 0.2398 0.0397282 100
0.693717 -0.2303 0.0387848 100
0.694016 -0.2197 0.0388015 100
0.693217 -0.2088 0.0387569 100
0.691221 -0.1978 0.0386452 100
0.690022 -0.187 0.0385782 100
0.690621 -0.1769 0.0386117 100
0.692119 -0.167 0.0386955 100
0.692419 -0.1568 0.0387122 100
0.692518 -0.1467 0.0387178 100
0.693517 -0.1368 0.0387736 100
0.693417 -0.1268 0.038768 100
0.694116 -0.1169 0.0388071 100
0.695714 -0.1072 0.0388964 100
0.696113 -0.0973 0.0389188 100
0.697411 -0.0876 0.0389913 100
0.698609 -0.0778 0.0390583 100
0.698609 -0.068 0.0390583 100
0.699508 -0.0582 0.0391085 100
0.699208 -0.0483 0.0390918 100
0.699807 -0.0386 0.0391253 100
0.700306 -0.0288 0.0391532 100
0.699607 -0.019 0.0391141 100
0.709666 0.0006 0.0435294 100
0.709566 0.0106 0.0435233 100
0.709367 0.0205 0.043511 100
0.708968 0.0304 0.0434865 100
0.709566 0.0404 0.0435233 100
0.710864 0.0505 0.0436028 100
0.712062 0.0606 0.0436763 100
0.71316 0.0708 0.0437437 100
0.71306 0.0809 0.0437375 100
0.715855 0.0913 0.043909 100
0.720446 0.1022 0.0441906 100
0.722941 0.1129 0.0443436 100
0.722243 0.1232 0.0443008 100
0.722442 0.1336 0.044313 100
0.721444 0.1439 0.0442518 100
0.721344 0.1544 0.0442457 100
0.721045 0.165 0.0442273 100
0.722542 0.176 0.0443191 100
0.722941 0.1869 0.0443436 100
0.720246 0.197 0.0441783 100
0.721244 0.2081 0.0442396 100
0.722143 0.2194 0.0442947 100
0.721843 0.2304 0.0442763 100
0.727034 0.2433 0.0445946 100
0.703079 -0.2394 0.0431253 100
0.706372 -0.2295 0.0433273 100
0.705674 -0.2184 0.0432845 100
0.704875 -0.2074 0.0432355 100
0.705774 -0.197 0.0432906 100
0.70747 -0.1868 0.0433947 100
0.709067 -0.1767 0.0434926 100
0.710465 -0.1665 0.0435783 100
0.709766 -0.1559 0.0435355 100
0.707969 -0.1451 0.0434253 100
0.707969 -0.1348 0.0434253 100
0.705873 -0.1242 0.0432967 100
0.703578 -0.1137 0.0431559 100
0.703079 -0.1035 0.0431253 100
0.704476 -0.0936 0.043211 100
0.705774 -0.0838 0.0432906 100
0.705873 -0.0738 0.0432967 100
0.70777 -0.064 0.0434131 100
0.708568 -0.0541 0.043462 100
0.709267 -0.0441 0.0435049 100
0.708868 -0.0341 0.0434804 100
0.708269 -0.0242 0.0434437 100
0.708568 -0.0143 0.043462 100
0.707212 0.0041 0.0503214 100
0.709107 0.014 0.0504563 100
0.708808 0.024 0.050435 100
0.708409 0.0339 0.0504066 100
0.708808 0.0439 0.050435 100
0.709207 0.0539 0.0504634 100
0.709307 0.064 0.0504704 100
0.711302 0.0742 0.0506124 100
0.712199 0.0844 0.0506763 100
0.711002 0.0944 0.0505911 100
0.713496 0.105 0.0507685 100
0.716887 0.1158 0.0510099 100
0.717187 0.1262 0.0510311 100
0.717286 0.1366 0.0510383 100
0.716289 0.1468 0.0509673 100
0.716189 0.1573 0.0509602 100
0.71579 0.1678 0.0509318 100
0.716289 0.1785 0.0509673 100
0.71569 0.1891 0.0509247 100
0.71589 0.1999 0.0509389 100
0.717785 0.2113 0.0510737 100
0.717586 0.2223 0.0510595 100
0.717286 0.2333 0.0510383 100
0.722473 0.2462 0.0514073 100
0.704519 -0.2305 0.0501298 100
0.705815 -0.22 0.050222 100
0.705915 -0.2092 0.0502291 100
0.706913 -0.1987 0.0503001 100
0.707611 -0.1883 0.0503498 100
0.709207 -0.1781 0.0504634 100
0.709706 -0.1677 0.0504988 100
0.710005 -0.1573 0.0505201 100
0.709207 -0.1467 0.0504634 100
0.707312 -0.136 0.0503285 100
0.705217 -0.1253 0.0501795 100
0.704918 -0.1151 0.0501582 100
0.705417 -0.1051 0.0501936 100
0.706813 -0.0951 0.050293 100
0.707112 -0.0851 0.0503143 100
0.708209 -0.0752 0.0503924 100
0.709207 -0.0652 0.0504634 100
0.710105 -0.0553 0.0505272 100
0.710803 -0.0453 0.0505769 100
0.710304 -0.0353 0.0505414 100
0.710803 -0.0253 0.0505769 100
0.711002 -0.0153 0.0505911 100
0.728436 0.0018 0.0611685 100
0.728337 0.012 0.0611601 100
0.728137 0.0222 0.0611434 100
0.728735 0.0324 0.0611936 100
0.728237 0.0427 0.0611518 100
0.727539 0.0529 0.0610932 100
0.728735 0.0632 0.0611936 100
0.728735 0.0735 0.0611936 100
0.727639 0.0837 0.0611016 100
0.728436 0.0942 0.0611685 100
0.729034 0.1047 0.0612187 100
0.728436 0.115 0.0611685 100
0.728735 0.1256 0.0611936 100
0.729831 0.1363 0.0612857 100
0.729831 0.1469 0.0612857 100
0.728735 0.1573 0.0611936 100
0.72744 0.1678 0.0610848 100
0.730828 0.1794 0.0613693 100
0.73601 0.1916 0.0618045 100
0.737106 0.203 0.0618965 100
0.737006 0.2141 0.0618881 100
0.73591 0.225 0.0617961 100
0.738401 0.2371 0.0620053 100
0.716678 -0.2362 0.0601811 100
0.717973 -0.2256 0.0602899 100
0.718172 -0.2146 0.0603066 100
0.719169 -0.204 0.0603903 100
0.720066 -0.1934 0.0604656 100
0.719767 -0.1825 0.0604405 100
0.719368 -0.1717 0.060407 100
0.719667 -0.1612 0.0604321 100
0.720863 -0.1509 0.0605326 100
0.720963 -0.1404 0.0605409 100
0.720863 -0.1299 0.0605326 100
0.72166 -0.1197 0.0605995 100
0.722258 -0.1094 0.0606497 100
0.723753 -0.0992 0.0607752 100
0.724052 -0.089 0.0608003 100
0.724251 -0.0787 0.0608171 100
0.724251 -0.0685 0.0608171 100
0.724151 -0.0582 0.0608087 100
0.723852 -0.048 0.0607836 100
0.726443 -0.038 0.0610012 100
0.726942 -0.0278 0.061043 100
0.726244 -0.0176 0.0609844 100
0.727839 0.0068 0.067904 100
0.730627 0.017 0.0681641 100
0.731324 0.0273 0.0682291 100
0.731822 0.0376 0.0682756 100
0.731225 0.0478 0.0682198 100
0.731523 0.0581 0.0682477 100
0.731623 0.0684 0.068257 100
0.730627 0.0787 0.0681641 100
0.731424 0.0891 0.0682384 100
0.732121 0.0996 0.0683034 100
0.732619 0.1101 0.0683499 100
0.732021 0.1205 0.0682942 100
0.73222 0.1311 0.0683127 100
0.733216 0.1419 0.0684056 100
0.734112 0.1528 0.0684892 100
0.733913 0.1635 0.0684706 100
0.733515 0.1742 0.0684335 100
0.732917 0.1849 0.0683778 100
0.736103 0.1967 0.068675 100
0.738095 0.2083 0.0688608 100
0.737995 0.2195 0.0688515 100
0.7368 0.2304 0.06874 100
0.738194 0.2422 0.0688701 100
0.719575 -0.2318 0.067133 100
0.717982 -0.2203 0.0669844 100
0.718082 -0.2094 0.0669937 100
0.718978 -0.1988 0.0670773 100
0.719774 -0.1882 0.0671516 100
0.719376 -0.1774 0.0671144 100
0.719874 -0.1668 0.0671609 100
0.720173 -0.1563 0.0671887 100
0.71838 -0.1454 0.0670215 100
0.71838 -0.135 0.0670215 100
0.720173 -0.1249 0.0671887 100
0.721865 -0.1148 0.0673467 100
0.723359 -0.1047 0.067486 100
0.724753 -0.0946 0.067616 100
0.724952 -0.0843 0.0676346 100
0.725051 -0.0741 0.0676439 100
0.725051 -0.0638 0.0676439 100
0.725848 -0.0537 0.0677182 100
0.726545 -0.0435 0.0677833 100
0.726047 -0.0333 0.0677368 100
0.726445 -0.0231 0.067774 100
0.726744 -0.013 0.0678018 100
0.73563 0.0084 0.0803047 100
0.736425 0.0188 0.0803915 100
0.736027 0.0291 0.0803481 100
0.736524 0.0395 0.0804024 100
0.736922 0.0499 0.0804458 100
0.736226 0.0603 0.0803698 100
0.736226 0.0707 0.0803698 100
0.738214 0.0814 0.0805869 100
0.739904 0.0921 0.0807713 100
0.739606 0.1026 0.0807388 100
0.73901 0.1132 0.0806737 100
0.741296 0.1242 0.0809233 100
0.744378 0.1355 0.0812597 100
0.745372 0.1465 0.0813682 100
0.745272 0.1574 0.0813574 100
0.745869 0.1685 0.0814225 100
0.746366 0.1797 0.0814767 100
0.746664 0.1909 0.0815093 100
0.746863 0.2021 0.081531 100
0.747758 0.2137 0.0816287 100
0.748553 0.2254 0.0817155 100
0.747261 0.2365 0.0815744 100
0.749547 0.2488 0.081824 100
0.730958 -0.232 0.0797947 100
0.731256 -0.2208 0.0798272 100
0.732349 -0.21 0.0799466 100
0.734238 -0.1994 0.0801528 100
0.734934 -0.1886 0.0802287 100
0.732647 -0.1771 0.0799791 100
0.731156 -0.1659 0.0798164 100
0.732449 -0.1554 0.0799574 100
0.732548 -0.1447 0.0799683 100
0.736326 -0.124 0.0803807 100
0.737022 -0.1135 0.0804566 100
0.736524 -0.1029 0.0804024 100
0.735928 -0.0923 0.0803373 100
0.736127 -0.0818 0.080359 100
0.736226 -0.0714 0.0803698 100
0.737121 -0.061 0.0804675 100
0.736922 -0.0506 0.0804458 100
0.737519 -0.0402 0.0805109 100
0.738016 -0.0298 0.0805652 100
0.738314 -0.0195 0.0805977 100
0.737053 0.0032 0.0855406 100
0.73894 0.0136 0.0857597 100
0.738642 0.024 0.0857251 100
0.737251 0.0343 0.0855637 100
0.737748 0.0447 0.0856213 100
0.739039 0.0552 0.0857712 100
0.739139 0.0656 0.0857827 100
0.739139 0.0761 0.0857827 100
0.740033 0.0867 0.0858865 100
0.739735 0.0972 0.0858519 100
0.740231 0.1078 0.0859096 100
0.741622 0.1187 0.0860709 100
0.742913 0.1296 0.0862208 100
0.746887 0.1411 0.086682 100
0.748774 0.1523 0.086901 100
0.747483 0.163 0.0867511 100
0.746191 0.1737 0.0866013 100
0.744701 0.1844 0.0864283 100
0.7449 0.1956 0.0864514 100
0.744999 0.2068 0.0864629 100
0.745893 0.2184 0.0865667 100
0.745595 0.2297 0.0865321 100
0.752747 0.2435 0.0873621 100
0.733079 -0.23 0.0850795 100
0.733278 -0.2189 0.0851026 100
0.733377 -0.2078 0.0851141 100
0.735265 -0.1972 0.0853331 100
0.734967 -0.1861 0.0852986 100
0.731689 -0.1744 0.0849181 100
0.731192 -0.1635 0.0848605 100
0.731391 -0.1528 0.0848835 100
0.732483 -0.1424 0.0850103 100
0.732384 -0.1317 0.0849988 100
0.732185 -0.1211 0.0849758 100
0.732781 -0.1107 0.0850449 100
0.732285 -0.1001 0.0849873 100
0.731689 -0.0896 0.0849181 100
0.730894 -0.0791 0.0848259 100
0.730894 -0.0688 0.0848259 100
0.732781 -0.0586 0.0850449 100
0.733477 -0.0483 0.0851256 100
0.733079 -0.038 0.0850795 100
0.734569 -0.0277 0.0852524 100
0.736854 -0.0175 0.0855176 100
0.751359 0.0001 0.100119 100
0.75126 0.0107 0.100106 100
0.756018 0.0214 0.10074 100
0.757604 0.0321 0.100951 100
0.757108 0.0427 0.100885 100
0.756414 0.0534 0.100793 100
0.756612 0.0641 0.100819 100
0.757604 0.0749 0.100951 100
0.757505 0.0856 0.100938 100
0.757207 0.0964 0.100898 100
0.757802 0.1073 0.100978 100
0.757207 0.1181 0.100898 100
0.758496 0.1292 0.10107 100
0.758595 0.1402 0.101083 100
0.758496 0.1513 0.10107 100
0.758298 0.1623 0.101044 100
0.757901 0.1734 0.100991 100
0.759289 0.185 0.101176 100
0.760478 0.1966 0.101334 100
0.762461 0.2086 0.101599 100
0.762362 0.2201 0.101585 100
0.760181 0.2311 0.101295 100
0.760776 0.2429 0.101374 100
0.746105 -0.2397 0.0994192 100
0.747493 -0.2286 0.0996041 100
0.747691 -0.2173 0.0996305 100
0.748782 -0.2062 0.0997758 100
0.748583 -0.1949 0.0997494 100
0.749277 -0.1839 0.0998418 100
0.749872 -0.1729 0.0999211 100
0.75235 -0.1514 0.100251 100
0.752449 -0.1405 0.100265 100
0.75235 -0.1295 0.100251 100
0.754134 -0.119 0.100489 100
0.75463 -0.1082 0.100555 100
0.755126 -0.0975 0.100621 100
0.756414 -0.0869 0.100793 100
0.754531 -0.0759 0.100542 100
0.752548 -0.0651 0.100278 100
0.754333 -0.0546 0.100515 100
0.755026 -0.0439 0.100608 100
0.751656 -0.0332 0.100159 100
0.75007 -0.0225 0.0999475 100
0.752251 -0.012 0.100238 100
0.758358 0.0033 0.10793 100
0.758259 0.014 0.107916 100
0.757962 0.0247 0.107874 100
0.757566 0.0354 0.107818 100
0.757962 0.0461 0.107874 100
0.757269 0.0568 0.107775 100
0.757368 0.0675 0.107789 100
0.758358 0.0784 0.10793 100
0.75816 0.0892 0.107902 100
0.758853 0.1001 0.108001 100
0.759348 0.1111 0.108071 100
0.758754 0.1219 0.107987 100
0.760833 0.1333 0.108283 100
0.760932 0.1444 0.108297 100
0.759744 0.1553 0.108128 100
0.758556 0.1662 0.107959 100
0.760041 0.1778 0.10817 100
0.763308 0.1899 0.108635 100
0.766278 0.2021 0.109058 100
0.765387 0.2134 0.108931 100
0.761031 0.2355 0.108311 100
0.763407 0.248 0.108649 100
0.747369 -0.2295 0.106366 100
0.748557 -0.2184 0.106535 100
0.748656 -0.2071 0.10655 100
0.748557 -0.1957 0.106535 100
0.74826 -0.1845 0.106493 100
0.748854 -0.1735 0.106578 100
0.751131 -0.1629 0.106902 100
0.751329 -0.1519 0.10693 100
0.750438 -0.1408 0.106803 100
0.751329 -0.13 0.10693 100
0.753111 -0.1194 0.107184 100
0.754695 -0.1088 0.107409 100
0.754101 -0.0979 0.107324 100
0.754398 -0.0871 0.107367 100
0.755586 -0.0765 0.107536 100
0.756576 -0.0658 0.107677 100
0.756378 -0.0551 0.107649 100
0.753111 -0.0442 0.107184 100
0.751725 -0.0335 0.106986 100
0.753111 -0.023 0.107184 100
0.756279 -0.0124 0.107634 100
0.76219 0.0039 0.116223 100
0.763079 0.0147 0.116359 100
0.76476 0.0255 0.116615 100
0.765254 0.0364 0.11669 100
0.765749 0.0472 0.116766 100
0.766935 0.0582 0.116947 100
0.767034 0.0691 0.116962 100
0.767034 0.08 0.116962 100
0.766836 0.0909 0.116932 100
0.766441 0.1019 0.116871 100
0.766935 0.113 0.116947 100
0.766342 0.124 0.116856 100
0.767429 0.1353 0.117022 100
0.771285 0.1472 0.11761 100
0.772075 0.1587 0.11773 100
0.77079 0.1698 0.117534 100
0.770296 0.1811 0.117459 100
0.770593 0.1927 0.117504 100
0.77168 0.2045 0.11767 100
0.772669 0.2165 0.117821 100
0.772471 0.2282 0.117791 100
0.77771 0.2417 0.11859 100
0.757544 -0.2299 0.115515 100
0.75873 -0.2186 0.115695 100
0.75873 -0.2071 0.115695 100
0.759619 -0.1959 0.115831 100
0.758433 -0.1842 0.11565 100
0.758038 -0.1728 0.11559 100
0.757445 -0.1615 0.115499 100
0.757642 -0.1504 0.11553 100
0.758631 -0.1395 0.11568 100
0.758532 -0.1285 0.115665 100
0.758334 -0.1175 0.115635 100
0.75784 -0.1065 0.11556 100
0.758334 -0.0956 0.115635 100
0.759521 -0.0849 0.115816 100
0.759619 -0.0741 0.115831 100
0.759619 -0.0633 0.115831 100
0.76041 -0.0525 0.115952 100
0.761102 -0.0418 0.116057 100
0.762585 -0.0311 0.116283 100
0.764859 -0.0204 0.11663 100
0.77295 0.0023 0.125052 100
0.773838 0.0133 0.125196 100
0.774529 0.0242 0.125308 100
0.775121 0.0352 0.125403 100
0.775516 0.0463 0.125467 100
0.775812 0.0573 0.125515 100
0.775911 0.0684 0.125531 100
0.776898 0.0795 0.125691 100
0.780649 0.0911 0.126298 100
0.782229 0.1025 0.126553 100
0.780748 0.1136 0.126314 100
0.780057 0.1248 0.126202 100
0.780255 0.1361 0.126234 100
0.781143 0.1477 0.126378 100
0.78292 0.1595 0.126665 100
0.782624 0.171 0.126617 100
0.781143 0.1823 0.126378 100
0.780452 0.1938 0.126266 100
0.783413 0.2063 0.126745 100
0.785289 0.2187 0.127048 100
0.784993 0.2306 0.127001 100
0.789336 0.244 0.127703 100
0.760709 -0.2295 0.123072 100
0.760906 -0.2179 0.123104 100
0.763868 -0.2071 0.123583 100
0.764657 -0.1958 0.123711 100
0.763473 -0.184 0.123519 100
0.761104 -0.1721 0.123136 100
0.761498 -0.1609 0.123199 100
0.762683 -0.1499 0.123391 100
0.762683 -0.1388 0.123391 100
0.762584 -0.1276 0.123375 100
0.763275 -0.1167 0.123487 100
0.762881 -0.1056 0.123423 100
0.761301 -0.0944 0.123168 100
0.761597 -0.0835 0.123215 100
0.76367 -0.0729 0.123551 100
0.765546 -0.0621 0.123854 100
0.763374 -0.0511 0.123503 100
0.762091 -0.0402 0.123295 100
0.763473 -0.0294 0.123519 100
0.764855 -0.0187 0.123742 100
0.772979 0.0051 0.136854 100
0.771797 0.016 0.136644 100
0.773471 0.027 0.136941 100
0.778001 0.0382 0.137743 100
0.779379 0.0494 0.137987 100
0.778591 0.0604 0.137847 100
0.779675 0.0717 0.138039 100
0.780561 0.0829 0.138196 100
0.78125 0.0942 0.138318 100
0.779379 0.1165 0.137987 100
0.77869 0.1277 0.137865 100
0.779675 0.1393 0.138039 100
0.780659 0.1509 0.138213 100
0.780364 0.1623 0.138161 100
0.780068 0.1738 0.138109 100
0.780462 0.1855 0.138178 100
0.781644 0.1976 0.138388 100
0.783613 0.2099 0.138736 100
0.785386 0.2223 0.13905 100
0.784106 0.234 0.138823 100
0.78834 0.2475 0.139573 100
0.767464 -0.2277 0.135877 100
0.767661 -0.216 0.135912 100
0.769631 -0.2048 0.136261 100
0.770419 -0.1934 0.1364 100
0.771108 -0.182 0.136522 100
0.772585 -0.1709 0.136784 100
0.770025 -0.1589 0.13633 100
0.770222 -0.1476 0.136365 100
0.772191 -0.1366 0.136714 100
0.771108 -0.1252 0.136522 100
0.769828 -0.1138 0.136296 100
0.769335 -0.1026 0.136208 100
0.769729 -0.0916 0.136278 100
0.769926 -0.0806 0.136313 100
0.770911 -0.0696 0.136487 100
0.770812 -0.0586 0.13647 100
0.770615 -0.0476 0.136435 100
0.771108 -0.0367 0.136522 100
0.7716 -0.0257 0.136609 100
0.771896 -0.0148 0.136662 100
0.791648 0.0028 0.146009 100
0.79155 0.014 0.145991 100
0.790271 0.0252 0.145755 100
0.789878 0.0365 0.145682 100
0.791255 0.0478 0.145936 100
0.791451 0.0591 0.145973 100
0.790566 0.0703 0.145809 100
0.790566 0.0816 0.145809 100
0.791255 0.0931 0.145936 100
0.792828 0.1047 0.146226 100
0.79332 0.1162 0.146317 100
0.793615 0.1277 0.146372 100
0.794598 0.1395 0.146553 100
0.798433 0.1519 0.14726 100
0.79922 0.1638 0.147405 100
0.798827 0.1755 0.147333 100
0.799122 0.1875 0.147387 100
0.800302 0.1998 0.147605 100
0.799417 0.2116 0.147442 100
0.798335 0.2235 0.147242 100
0.79804 0.2356 0.147188 100
0.778667 -0.2388 0.143615 100
0.780929 -0.2274 0.144032 100
0.780142 -0.2153 0.143887 100
0.778274 -0.2029 0.143542 100
0.776208 -0.1907 0.143161 100
0.775815 -0.179 0.143089 100
0.775323 -0.1674 0.142998 100
0.775618 -0.156 0.143052 100
0.7767 -0.1447 0.143252 100
0.778667 -0.1337 0.143615 100
0.779454 -0.1225 0.14376 100
0.780044 -0.1113 0.143869 100
0.780535 -0.1001 0.143959 100
0.78083 -0.0889 0.144014 100
0.781027 -0.0777 0.14405 100
0.781027 -0.0665 0.14405 100
0.781912 -0.0554 0.144213 100
0.781617 -0.0443 0.144159 100
0.782109 -0.0332 0.144249 100
0.782502 -0.0221 0.144322 100
0.786862 0.0045 0.155089 100
0.786665 0.0156 0.155051 100
0.786469 0.0268 0.155012 100
0.787941 0.0381 0.155302 100
0.788333 0.0493 0.155379 100
0.78853 0.0606 0.155418 100
0.788628 0.0718 0.155437 100
0.78853 0.0831 0.155418 100
0.789314 0.0946 0.155573 100
0.791767 0.1063 0.156056 100
0.792258 0.1178 0.156153 100
0.791473 0.1292 0.155998 100
0.793533 0.1411 0.156404 100
0.796379 0.1533 0.156965 100
0.796084 0.165 0.156907 100
0.795692 0.1767 0.15683 100
0.796967 0.1889 0.157081 100
0.797163 0.2009 0.15712 100
0.796281 0.2127 0.156946 100
0.796084 0.2248 0.156907 100
0.800499 0.2383 0.157777 100
0.782447 -0.237 0.154219 100
0.784703 -0.2256 0.154664 100
0.787745 -0.2144 0.155263 100
0.788628 -0.2027 0.155437 100
0.786567 -0.1904 0.155031 100
0.78333 -0.1779 0.154393 100
0.781858 -0.1659 0.154103 100
0.783133 -0.1546 0.154354 100
0.783232 -0.1431 0.154374 100
0.782152 -0.1315 0.154161 100
0.782937 -0.1203 0.154316 100
0.783526 -0.109 0.154432 100
0.783035 -0.0976 0.154335 100
0.783232 -0.0864 0.154374 100
0.784409 -0.0753 0.154606 100
0.784311 -0.064 0.154587 100
0.785194 -0.0529 0.154761 100
0.784801 -0.0417 0.154683 100
0.785292 -0.0306 0.15478 100
0.785684 -0.0194 0.154857 100
0.803681 0.0089 0.16278 100
0.807307 0.0204 0.163515 100
0.806033 0.0319 0.163257 100
0.806523 0.0435 0.163356 100
0.809757 0.0552 0.164011 100
0.811815 0.067 0.164428 100
0.812796 0.0788 0.164627 100
0.811227 0.102 0.164309 100
0.810737 0.1137 0.16421 100
0.810051 0.1254 0.164071 100
0.809267 0.1371 0.163912 100
0.810149 0.1492 0.164091 100
0.809071 0.1609 0.163872 100
0.809659 0.1731 0.163991 100
0.811031 0.1855 0.164269 100
0.812207 0.198 0.164507 100
0.813188 0.2105 0.164706 100
0.814952 0.2234 0.165063 100
0.813678 0.2355 0.164805 100
0.81701 0.2491 0.16548 100
0.793292 -0.2285 0.160676 100
0.79535 -0.2169 0.161093 100
0.79633 -0.2051 0.161292 100
0.797212 -0.1932 0.16147 100
0.796918 -0.1812 0.161411 100
0.796428 -0.1692 0.161311 100
0.796722 -0.1575 0.161371 100
0.795938 -0.1455 0.161212 100
0.794958 -0.1337 0.161014 100
0.795742 -0.1222 0.161172 100
0.79535 -0.1106 0.161093 100
0.79486 -0.099 0.160994 100
0.796134 -0.0876 0.161252 100
0.796232 -0.0762 0.161272 100
0.797212 -0.0648 0.16147 100
0.797114 -0.0534 0.16145 100
0.796722 -0.0419 0.161371 100
0.798192 -0.0306 0.161669 100
0.799564 -0.0192 0.161947 100
0.799767 0.0076 0.171747 100
0.803482 0.0191 0.172545 100
0.806024 0.0307 0.173091 100
0.806513 0.0422 0.173196 100
0.806806 0.0538 0.173259 100
0.807002 0.0654 0.173301 100
0.807002 0.077 0.173301 100
0.806904 0.0886 0.17328 100
0.805535 0.1002 0.172986 100
0.805046 0.1118 0.172881 100
0.806415 0.1237 0.173175 100
0.807491 0.1357 0.173406 100
0.806513 0.1474 0.173196 100
0.808273 0.1597 0.173574 100
0.80886 0.1718 0.1737 100
0.810326 0.1842 0.174015 100
0.813455 0.1972 0.174687 100
0.81541 0.21 0.175107 100
0.813357 0.2219 0.174666 100
0.815019 0.2348 0.175023 100
0.792434 -0.2354 0.170172 100
0.794683 -0.2238 0.170655 100
0.79478 -0.2116 0.170676 100
0.793803 -0.1993 0.170466 100
0.794487 -0.1875 0.170613 100
0.796052 -0.1759 0.170949 100
0.796443 -0.1641 0.171033 100
0.796736 -0.1524 0.171096 100
0.797714 -0.1408 0.171306 100
0.799571 -0.1294 0.171705 100
0.800353 -0.1178 0.171873 100
0.800842 -0.1063 0.171978 100
0.798398 -0.0944 0.171453 100
0.79566 -0.0825 0.170865 100
0.795758 -0.0711 0.170886 100
0.79566 -0.0596 0.170865 100
0.795465 -0.0482 0.170823 100
0.797029 -0.0369 0.171159 100
0.798398 -0.0255 0.171453 100
0.797714 -0.0141 0.171306 100
0.811145 0.0059 0.180569 100
0.811926 0.0175 0.180743 100
0.813585 0.0292 0.181112 100
0.814073 0.0409 0.181221 100
0.81339 0.0525 0.181069 100
0.814561 0.0643 0.18133 100
0.815537 0.0761 0.181547 100
0.81544 0.0878 0.181525 100
0.815147 0.0996 0.18146 100
0.814659 0.1113 0.181351 100
0.816904 0.1235 0.181851 100
0.819051 0.1358 0.182329 100
0.819051 0.1479 0.182329 100
0.819832 0.1601 0.182503 100
0.821394 0.1726 0.182851 100
0.820808 0.1847 0.18272 100
0.821101 0.1971 0.182786 100
0.822175 0.2098 0.183025 100
0.821101 0.222 0.182786 100
0.825494 0.2359 0.183763 100
0.805288 -0.2391 0.179265 100
0.807533 -0.2273 0.179765 100
0.807728 -0.215 0.179809 100
0.807728 -0.2028 0.179809 100
0.805679 -0.1901 0.179352 100
0.805288 -0.1779 0.179265 100
0.805776 -0.166 0.179374 100
0.805093 -0.1539 0.179222 100
0.806069 -0.1423 0.179439 100
0.807924 -0.1307 0.179852 100
0.807728 -0.1189 0.179809 100
0.807338 -0.1071 0.179722 100
0.807728 -0.0954 0.179809 100
0.808997 -0.0839 0.180091 100
0.810071 -0.0723 0.18033 100
0.809973 -0.0607 0.180309 100
0.808802 -0.049 0.180048 100
0.809388 -0.0374 0.180178 100
0.809778 -0.0259 0.180265 100
0.810071 -0.0143 0.18033 100
0.811026 0.01 0.189627 100
0.811805 0.0217 0.189809 100
0.811416 0.0333 0.189718 100
0.810929 0.0449 0.189605 100
0.812195 0.0567 0.1899 100
0.813266 0.0685 0.190151 100
0.814142 0.0803 0.190356 100
0.812974 0.092 0.190083 100
0.813656 0.1039 0.190242 100
0.815019 0.116 0.190561 100
0.816285 0.1281 0.190857 100
0.816382 0.1401 0.190879 100
0.817258 0.1523 0.191084 100
0.818914 0.1648 0.191471 100
0.821348 0.1776 0.192041 100
0.821738 0.19 0.192132 100
0.820959 0.2022 0.19195 100
0.820959 0.2147 0.19195 100
0.81979 0.227 0.191676 100
0.822322 0.2403 0.192268 100
0.803236 -0.2395 0.187806 100
0.8046 -0.2274 0.188125 100
0.806645 -0.2156 0.188603 100
0.807618 -0.2035 0.18883 100
0.806547 -0.191 0.18858 100
0.804308 -0.1784 0.188056 100
0.804697 -0.1664 0.188147 100
0.804989 -0.1545 0.188216 100
0.805087 -0.1426 0.188238 100
0.805963 -0.1309 0.188443 100
0.805768 -0.1191 0.188398 100
0.807326 -0.1075 0.188762 100
0.807716 -0.0958 0.188853 100
0.807034 -0.084 0.188694 100
0.807034 -0.0724 0.188694 100
0.808008 -0.0608 0.188921 100
0.807716 -0.0491 0.188853 100
0.808397 -0.0375 0.189013 100
0.809761 -0.026 0.189331 100
0.811026 -0.0144 0.189627 100
0.821615 0.0072 0.201656 100
0.823363 0.0191 0.202085 100
0.823946 0.0309 0.202228 100
0.82346 0.0428 0.202109 100
0.823751 0.0547 0.20218 100
0.824917 0.0667 0.202466 100
0.826859 0.0788 0.202943 100
0.829578 0.0911 0.20361 100
0.830161 0.1032 0.203754 100
0.829676 0.1153 0.203634 100
0.828996 0.1273 0.203467 100
0.830064 0.1397 0.20373 100
0.830938 0.1522 0.203944 100
0.830647 0.1645 0.203873 100
0.828413 0.1764 0.203324 100
0.82783 0.1887 0.203181 100
0.830841 0.202 0.20392 100
0.834629 0.2156 0.20485 100
0.832492 0.2278 0.204326 100
0.834046 0.2411 0.204707 100
0.814331 -0.2359 0.199868 100
0.815496 -0.2236 0.200154 100
0.816565 -0.2114 0.200416 100
0.816565 -0.1989 0.200416 100
0.818216 -0.187 0.200822 100
0.819672 -0.175 0.201179 100
0.821032 -0.163 0.201513 100
0.822197 -0.151 0.201799 100
0.822295 -0.1389 0.201823 100
0.822197 -0.1268 0.201799 100
0.820935 -0.1145 0.201489 100
0.818507 -0.1022 0.200893 100
0.815982 -0.09 0.200273 100
0.815205 -0.0781 0.200083 100
0.816176 -0.0664 0.200321 100
0.816953 -0.0547 0.200512 100
0.817633 -0.0429 0.200679 100
0.818119 -0.0312 0.200798 100
0.818507 -0.0194 0.200893 100
0.81682 0.0113 0.208053 100
0.818564 0.0232 0.208497 100
0.819145 0.035 0.208645 100
0.818564 0.0468 0.208497 100
0.820793 0.0588 0.209065 100
0.825638 0.0711 0.210299 100
0.827479 0.0833 0.210768 100
0.825929 0.1072 0.210373 100
0.826316 0.1194 0.210472 100
0.825541 0.1315 0.210274 100
0.825638 0.1437 0.210299 100
0.826413 0.1561 0.210497 100
0.826123 0.1684 0.210422 100
0.826607 0.1809 0.210546 100
0.826026 0.1933 0.210398 100
0.827964 0.2063 0.210891 100
0.831743 0.22 0.211854 100
0.828642 0.2319 0.211064 100
0.828255 0.2447 0.210966 1
0.813622 -0.2392 0.207238 100
0.813913 -0.2267 0.207312 100
0.814106 -0.2142 0.207362 100
0.814106 -0.2018 0.207362 100
0.814882 -0.1896 0.207559 100
0.815463 -0.1774 0.207707 100
0.814978 -0.165 0.207584 100
0.814203 -0.1527 0.207386 100
0.813331 -0.1405 0.207164 100
0.813234 -0.1285 0.20714 100
0.81304 -0.1165 0.20709 100
0.814494 -0.1047 0.207461 100
0.814882 -0.0929 0.207559 100
0.814106 -0.0809 0.207362 100
0.815172 -0.0692 0.207633 100
0.815948 -0.0574 0.207831 100
0.815754 -0.0456 0.207781 100
0.816238 -0.0338 0.207905 100
0.816626 -0.0221 0.208004 100
0.832343 0.0008 0.216344 100
0.833214 0.0128 0.21657 100
0.832924 0.0248 0.216495 100
0.833505 0.0369 0.216646 100
0.835828 0.0491 0.217249 100
0.836021 0.0612 0.2173 100
0.837086 0.0734 0.217577 100
0.837957 0.0857 0.217803 100
0.837666 0.0979 0.217727 100
0.83815 0.1102 0.217853 100
0.839505 0.1227 0.218205 100
0.84057 0.1353 0.218482 100
0.84057 0.1477 0.218482 100
0.842312 0.1606 0.218935 100
0.843861 0.1735 0.219337 100
0.844248 0.1863 0.219438 100
0.844538 0.1991 0.219514 100
0.84357 0.2118 0.219262 100
0.842506 0.2244 0.218985 100
0.843183 0.2376 0.219161 100
0.830214 -0.2298 0.21579 100
0.827601 -0.2163 0.215111 100
0.826633 -0.2034 0.21486 100
0.826439 -0.1908 0.214809 100
0.826149 -0.1782 0.214734 100
0.826536 -0.1659 0.214834 100
0.828762 -0.154 0.215413 100
0.830698 -0.142 0.215916 100
0.828762 -0.1294 0.215413 100
0.827504 -0.117 0.215086 100
0.828085 -0.1049 0.215237 100
0.828472 -0.0929 0.215338 100
0.828665 -0.0808 0.215388 100
0.830601 -0.0689 0.215891 100
0.831472 -0.0569 0.216117 100
0.831182 -0.0449 0.216042 100
0.831763 -0.0329 0.216193 100
0.833021 -0.0209 0.21652 100
0.833735 0.0065 0.226677 100
0.833542 0.0186 0.226624 100
0.834217 0.0307 0.226808 100
0.834603 0.0428 0.226913 100
0.834024 0.0549 0.226756 100
0.835086 0.0671 0.227044 100
0.836051 0.0794 0.227307 100
0.835858 0.0916 0.227254 100
0.835472 0.1038 0.227149 100
0.836823 0.1163 0.227517 100
0.839042 0.129 0.22812 100
0.841937 0.1419 0.228907 100
0.842805 0.1547 0.229143 100
0.841551 0.167 0.228802 100
0.841165 0.1796 0.228697 100
0.84049 0.1922 0.228513 100
0.840683 0.2051 0.228566 100
0.840683 0.2179 0.228566 100
0.840393 0.2309 0.228487 100
0.844639 0.2452 0.229642 100
0.82891 -0.2329 0.225365 100
0.830068 -0.2203 0.22568 100
0.831129 -0.2078 0.225969 100
0.831033 -0.1951 0.225942 100
0.828813 -0.182 0.225339 100
0.827462 -0.1692 0.224972 100
0.827752 -0.1568 0.22505 100
0.827848 -0.1445 0.225077 100
0.826883 -0.132 0.224814 100
0.827655 -0.1199 0.225024 100
0.828234 -0.1078 0.225182 100
0.82862 -0.0957 0.225286 100
0.829778 -0.0836 0.225601 100
0.83084 -0.0716 0.22589 100
0.832673 -0.0596 0.226388 100
0.83441 -0.0476 0.226861 100
0.834989 -0.0355 0.227018 100
0.83441 -0.0234 0.226861 100
0.830954 0.012 0.228883 100
0.830761 0.0241 0.22883 100
0.831243 0.0362 0.228962 100
0.830761 0.0482 0.22883 100
0.832882 0.0604 0.229414 100
0.833943 0.0727 0.229706 100
0.834714 0.0849 0.229918 100
0.835485 0.0972 0.230131 100
0.835003 0.1095 0.229998 100
0.835389 0.1218 0.230104 100
0.837413 0.1345 0.230662 100
0.840306 0.1475 0.231459 100
0.840113 0.16 0.231406 100
0.839824 0.1726 0.231326 100
0.840209 0.1853 0.231432 100
0.840498 0.1982 0.231512 100
0.841462 0.2113 0.231777 100
0.839438 0.2237 0.23122 100
0.840113 0.2369 0.231406 100
0.82864 -0.2309 0.228245 100
0.828929 -0.2181 0.228325 100
0.827097 -0.2049 0.227821 100
0.825941 -0.1921 0.227502 100
0.826615 -0.1797 0.227688 100
0.827001 -0.1673 0.227794 100
0.82729 -0.1549 0.227874 100
0.827387 -0.1426 0.2279 100
0.828351 -0.1305 0.228166 100
0.829026 -0.1183 0.228352 100
0.829604 -0.1062 0.228511 100
0.829026 -0.0939 0.228352 100
0.829218 -0.0818 0.228405 100
0.828351 -0.0696 0.228166 100
0.829218 -0.0576 0.228405 100
0.829893 -0.0456 0.228591 100
0.829411 -0.0335 0.228458 100
0.829797 -0.0215 0.228564 100
0.832657 0.0038 0.230603 100
0.832561 0.0158 0.230577 100
0.833139 0.0279 0.230737 100
0.832754 0.04 0.23063 100
0.834006 0.0521 0.230977 100
0.836127 0.0644 0.231564 100
0.835163 0.0765 0.231297 100
0.835067 0.0887 0.231271 100
0.835645 0.101 0.231431 100
0.83709 0.1135 0.231831 100
0.839307 0.1262 0.232445 100
0.842295 0.1391 0.233272 100
0.842198 0.1516 0.233246 100
0.842005 0.1641 0.233192 100
0.84162 0.1767 0.233085 100
0.840078 0.1891 0.232658 100
0.840271 0.2019 0.232712 100
0.839403 0.2145 0.232472 100
0.841042 0.2279 0.232925 100
0.825526 -0.2341 0.228628 100
0.827646 -0.2219 0.229215 100
0.828706 -0.2094 0.229509 100
0.825815 -0.1961 0.228708 100
0.824562 -0.1832 0.228361 100
0.825044 -0.1709 0.228495 100
0.826297 -0.1588 0.228842 100
0.827453 -0.1466 0.229162 100
0.830248 -0.1348 0.229936 100
0.831983 -0.1227 0.230416 100
0.832657 -0.1106 0.230603 100
0.832079 -0.0983 0.230443 100
0.832368 -0.0861 0.230523 100
0.833428 -0.0741 0.230817 100
0.832465 -0.0619 0.23055 100
0.832272 -0.0497 0.230497 100
0.83285 -0.0377 0.230657 100
0.834199 -0.0257 0.23103 100
0.834488 -0.0136 0.23111 100
0.83121 0.0086 0.228329 100
0.831017 0.0206 0.228276 100
0.831596 0.0327 0.228435 100
0.832946 0.0448 0.228806 100
0.834199 0.057 0.22915 100
0.83526 0.0692 0.229442 100
0.836224 0.0815 0.229707 100
0.836899 0.0938 0.229892 100
0.837478 0.1061 0.230051 100
0.836995 0.1184 0.229918 100
0.835356 0.1429 0.229468 100
0.836224 0.1555 0.229707 100
0.837767 0.1683 0.23013 100
0.838346 0.181 0.230289 100
0.837671 0.1936 0.230104 100
0.838731 0.2066 0.230395 100
0.839599 0.2197 0.230634 100
0.837478 0.2321 0.230051 100
0.838056 0.2453 0.23021 100
0.827642 -0.2276 0.227349 100
0.829763 -0.2154 0.227932 100
0.828799 -0.2024 0.227667 100
0.826678 -0.1893 0.227084 100
0.826388 -0.1767 0.227005 100
0.826774 -0.1644 0.227111 100
0.826003 -0.1519 0.226899 100
0.827063 -0.1398 0.22719 100
0.827931 -0.1276 0.227429 100
0.828606 -0.1155 0.227614 100
0.828124 -0.1033 0.227481 100
0.827546 -0.0911 0.227323 100
0.827738 -0.079 0.227376 100
0.827738 -0.0669 0.227376 100
0.829474 -0.055 0.227852 100
0.830149 -0.043 0.228038 100
0.829667 -0.0309 0.227905 100
0.829088 -0.0189 0.227746 100
