1.94929 0.0262 -0.316414 100
1.94781 0.0807 -0.316173 100
1.94652 0.108 -0.315965 100
1.94494 0.1352 -0.315709 100
1.94287 0.1624 -0.315372 100
1.94149 0.1897 -0.315148 100
1.9407 0.2171 -0.31502 100
1.9404 0.2446 -0.314972 100
1.93793 0.2718 -0.314571 100
1.93892 0.2997 -0.314731 100
1.94356 -0.1885 -0.315485 100
1.94494 -0.1612 -0.315709 100
1.94702 -0.134 -0.316045 100
1.94662 -0.1066 -0.315981 100
1.94692 -0.0793 -0.316029 100
1.94781 -0.0521 -0.316173 100
1.9502 0.0248 -0.297727 100
1.95169 0.0522 -0.297953 100
1.95179 0.0797 -0.297968 100
1.9505 0.1071 -0.297772 100
1.94981 0.1345 -0.297666 100
1.94783 0.1619 -0.297364 100
1.94536 0.1892 -0.296987 100
1.94457 0.2168 -0.296866 100
1.93884 0.2714 -0.295991 100
1.93884 0.2992 -0.295991 100
1.94892 -0.1833 -0.29753 100
1.94833 -0.1557 -0.29744 100
1.94922 -0.1283 -0.297576 100
1.94981 -0.1008 -0.297666 100
1.95001 -0.0734 -0.297696 100
1.9509 -0.046 -0.297832 100
1.95488 0.0048 -0.274045 100
1.95459 0.0323 -0.274004 100
1.95498 0.0598 -0.274059 100
1.95498 0.0874 -0.274059 100
1.9536 0.1149 -0.273865 100
1.95182 0.1423 -0.273615 100
1.95063 0.1698 -0.273448 100
1.95102 0.1976 -0.273504 100
1.94914 0.2251 -0.27324 100
1.94676 0.2526 -0.272907 100
1.94607 0.2804 -0.27281 100
1.95082 -0.19 -0.273476 100
1.95221 -0.1624 -0.273671 100
1.95429 -0.135 -0.273962 100
1.95399 -0.1074 -0.27392 100
1.95429 -0.0798 -0.273962 100
1.95419 -0.0523 -0.273948 100
1.95756 0.0124 -0.254243 100
1.95716 0.0399 -0.254191 100
1.95538 0.0675 -0.253959 100
1.95429 0.095 -0.253817 100
1.95379 0.1225 -0.253753 100
1.95389 0.1502 -0.253766 100
1.95458 0.1779 -0.253856 100
1.95389 0.2056 -0.253766 100
1.95181 0.2332 -0.253495 100
1.94943 0.2608 -0.253186 100
1.94953 0.2888 -0.253199 100
1.9532 0.3174 -0.253676 100
1.9528 -0.1868 -0.253624 37
1.95419 -0.1592 -0.253805 100
1.95617 -0.1317 -0.254062 100
1.95686 -0.1041 -0.254152 100
1.95706 -0.0765 -0.254178 100
1.95796 -0.0489 -0.254294 100
1.96048 0.001 -0.23065 100
1.96127 0.0286 -0.230744 100
1.96068 0.0562 -0.230674 100
1.96068 0.0838 -0.230674 100
1.95939 0.1114 -0.230522 100
1.95859 0.139 -0.230428 100
1.95849 0.1667 -0.230417 100
1.9569 0.1943 -0.23023 100
1.95402 0.2218 -0.229891 100
1.95273 0.2495 -0.229739 100
1.95502 0.2778 -0.230008 100
1.9576 -0.1874 -0.230311 100
1.957 -0.1596 -0.230241 100
1.95909 -0.1321 -0.230487 100
1.95968 -0.1045 -0.230557 100
1.95998 -0.0769 -0.230592 100
1.96088 -0.0493 -0.230697 100
1.96273 0.0114 -0.219809 100
1.96233 0.0389 -0.219764 100
1.96164 0.0665 -0.219686 100
1.96054 0.0941 -0.219564 100
1.95905 0.1216 -0.219397 100
1.95816 0.1492 -0.219297 100
1.95687 0.1767 -0.219152 100
1.95617 0.2044 -0.219074 100
1.95518 0.2321 -0.218963 100
1.95369 0.2598 -0.218796 100
1.95379 0.2878 -0.218807 100
1.96343 0.3175 -0.219886 100
1.95915 -0.1842 -0.219408 27
1.95955 -0.1565 -0.219452 100
1.96154 -0.129 -0.219675 100
1.96114 -0.1013 -0.21963 100
1.96134 -0.0737 -0.219653 100
1.96124 -0.0462 -0.219642 100
1.96654 0.0228 -0.192128 100
1.96504 0.0503 -0.191982 100
1.96514 0.0779 -0.191991 100
1.96485 0.1055 -0.191962 100
1.96415 0.1331 -0.191894 100
1.96315 0.1607 -0.191797 100
1.96266 0.1884 -0.191748 100
1.96186 0.2161 -0.191671 100
1.95967 0.2437 -0.191457 100
1.95808 0.2714 -0.191301 100
1.95708 0.2993 -0.191204 100
1.96076 -0.2076 -0.191564 8
1.96246 -0.18 -0.191729 100
1.96375 -0.1524 -0.191855 100
1.96574 -0.1249 -0.19205 100
1.96524 -0.0972 -0.192001 100
1.96544 -0.0696 -0.192021 100
1.96425 -0.042 -0.191904 100
1.96864 0.0093 -0.181586 100
1.96834 0.037 -0.181558 100
1.96655 0.0645 -0.181393 100
1.96556 0.0921 -0.181301 100
1.96605 0.1199 -0.181347 100
1.96516 0.1475 -0.181264 100
1.96386 0.1752 -0.181145 100
1.96127 0.2027 -0.180906 100
1.96117 0.2306 -0.180897 100
1.95978 0.2584 -0.180768 100
1.96287 0.2869 -0.181053 100
1.96486 -0.1972 -0.181237 39
1.96346 -0.1692 -0.181108 100
1.96456 -0.1416 -0.181209 100
1.96436 -0.1139 -0.181191 100
1.96576 -0.0863 -0.18132 100
1.96675 -0.0587 -0.181411 100
1.96745 -0.0311 -0.181476 100
1.97031 0.001 -0.149877 100
1.97111 0.0286 -0.149938 100
1.9715 0.0563 -0.149968 100
1.97051 0.0839 -0.149893 100
1.96921 0.1114 -0.149794 100
1.96841 0.1391 -0.149733 100
1.96732 0.1667 -0.14965 100
1.96672 0.1944 -0.149604 100
1.96682 0.2223 -0.149612 100
1.96552 0.25 -0.149513 100
1.96682 0.2782 -0.149612 100
1.96781 -0.1942 -0.149688 100
1.96732 -0.1663 -0.14965 100
1.96742 -0.1386 -0.149657 100
1.96821 -0.111 -0.149718 100
1.96851 -0.0834 -0.149741 100
1.96951 -0.0559 -0.149817 100
1.97011 -0.0283 -0.149862 100
1.97121 0.0186 -0.136112 100
1.9718 0.0463 -0.136153 100
1.97091 0.0739 -0.136091 100
1.97071 0.1015 -0.136077 100
1.96911 0.1291 -0.135967 100
1.96811 0.1568 -0.135898 100
1.96672 0.1845 -0.135802 100
1.96592 0.2122 -0.135747 100
1.96572 0.2401 -0.135733 100
1.96522 0.268 -0.135698 100
1.96712 0.2964 -0.135829 100
1.97031 -0.189 -0.13605 7
1.96871 -0.161 -0.135939 100
1.97081 -0.1334 -0.136084 100
1.96951 -0.1056 -0.135995 100
1.96981 -0.078 -0.136015 100
1.97071 -0.0504 -0.136077 100
1.97272 0.0269 -0.110292 100
1.97312 0.0546 -0.110314 100
1.97322 0.0823 -0.11032 100
1.97282 0.11 -0.110298 100
1.97112 0.1376 -0.110203 100
1.97102 0.1654 -0.110197 100
1.97052 0.1932 -0.110169 100
1.96863 0.2209 -0.110063 100
1.96833 0.2488 -0.110047 100
1.96463 0.2764 -0.10984 100
1.96453 0.3045 -0.109834 100
1.9862 -0.1965 -0.111046 7
1.97581 -0.1676 -0.110465 100
1.97402 -0.1396 -0.110365 100
1.97472 -0.1119 -0.110404 100
1.97412 -0.0841 -0.11037 100
1.97312 -0.0564 -0.110314 100
1.97372 -0.0287 -0.110348 100
1.97357 0.0072 -0.097905 100
1.97427 0.0348 -0.0979397 100
1.97457 0.0625 -0.0979545 100
1.97447 0.0901 -0.0979496 100
1.97407 0.1177 -0.0979298 100
1.97227 0.1453 -0.0978406 100
1.97098 0.173 -0.0977762 100
1.97038 0.2007 -0.0977464 100
1.96938 0.2284 -0.0976969 100
1.96798 0.2562 -0.0976275 100
1.97118 0.2847 -0.0977861 100
1.97148 -0.1897 -0.0978009 100
1.97297 -0.162 -0.0978753 100
1.97397 -0.1344 -0.0979248 100
1.97467 -0.1067 -0.0979595 100
1.97397 -0.079 -0.0979248 100
1.97387 -0.0514 -0.0979198 100
1.97721 0.0255 -0.048322 100
1.97671 0.0531 -0.0483097 100
1.97581 0.0807 -0.0482878 100
1.97441 0.1083 -0.0482536 100
1.97271 0.1358 -0.048212 100
1.97161 0.1635 -0.0481851 100
1.97221 0.1912 -0.0481998 100
1.97231 0.2191 -0.0482022 100
1.97201 0.247 -0.0481949 100
1.97231 0.275 -0.0482022 100
1.98021 0.3043 -0.0483953 100
1.97101 -0.2026 -0.0481705 9
1.97271 -0.175 -0.048212 100
1.97391 -0.1473 -0.0482413 100
1.97581 -0.1198 -0.0482878 100
1.97531 -0.0921 -0.0482755 100
1.97531 -0.0645 -0.0482755 100
1.97511 -0.0369 -0.0482707 100
1.97611 0.0186 -0.0558881 100
1.97471 0.0462 -0.0558485 100
1.97481 0.0739 -0.0558513 100
1.97561 0.1016 -0.0558739 100
1.97501 0.1293 -0.055857 100
1.97401 0.157 -0.0558287 100
1.97261 0.1846 -0.0557891 100
1.97081 0.2123 -0.0557383 100
1.97061 0.2402 -0.0557326 100
1.97001 0.2682 -0.0557156 100
1.97301 0.2967 -0.0558004 100
1.97521 -0.1891 -0.0558626 11
1.97461 -0.1612 -0.0558457 100
1.97471 -0.1334 -0.0558485 100
1.97541 -0.1057 -0.0558683 100
1.97571 -0.0781 -0.0558768 100
1.97561 -0.0504 -0.0558739 100
1.97858 0.02 -0.0355726 100
1.97908 0.0477 -0.0355815 100
1.97828 0.0754 -0.0355672 100
1.97798 0.1032 -0.0355618 100
1.97738 0.1309 -0.035551 100
1.97628 0.1586 -0.0355312 100
1.97688 0.1865 -0.035542 100
1.98008 0.2148 -0.0355995 100
1.98088 0.243 -0.0356139 100
1.97818 0.2708 -0.0355654 100
1.97918 0.2992 -0.0355833 100
1.97878 -0.177 -0.0355761 100
1.97808 -0.149 -0.0355636 100
1.97898 -0.1213 -0.0355797 100
1.97748 -0.0934 -0.0355528 100
1.97758 -0.0657 -0.0355546 100
1.97828 -0.038 -0.0355672 100
1.97879 0.0155 -0.021068 100
1.97939 0.0428 -0.0210744 100
1.97969 0.07 -0.0210776 100
1.97949 0.0973 -0.0210754 100
1.97709 0.1518 -0.0210499 100
1.97579 0.179 -0.021036 100
1.97609 0.2065 -0.0210392 100
1.97609 0.234 -0.0210392 100
1.97669 0.2617 -0.0210456 100
1.97579 0.2893 -0.021036 100
1.98059 0.3178 -0.0210871 100
1.97669 -0.2013 -0.0210456 10
1.97629 -0.1738 -0.0210414 100
1.97849 -0.1467 -0.0210648 100
1.97829 -0.1193 -0.0210627 100
1.97779 -0.092 -0.0210573 100
1.97979 -0.0648 -0.0210786 100
1.98049 -0.0376 -0.0210861 100
1.98195 0.0062 0.0145287 100
1.98265 0.0339 0.0145338 100
1.98095 0.0616 0.0145214 100
1.98095 0.0893 0.0145214 100
1.98045 0.1171 0.0145177 100
1.98065 0.1449 0.0145192 100
1.97945 0.1727 0.0145104 100
1.97685 0.2003 0.0144913 100
1.97685 0.2283 0.0144913 100
1.97735 0.2564 0.014495 100
1.97655 0.2844 0.0144891 100
1.98035 0.3133 0.014517 100
1.98015 -0.1755 0.0145155 100
1.97945 -0.1476 0.0145104 100
1.98035 -0.1198 0.014517 100
1.97985 -0.0921 0.0145133 100
1.98095 -0.0644 0.0145214 100
1.98065 -0.0367 0.0145192 100
1.98081 0.0218 0.0186693 100
1.98031 0.0495 0.0186646 100
1.97941 0.0772 0.0186561 100
1.97911 0.105 0.0186532 100
1.97751 0.1327 0.0186382 100
1.97741 0.1605 0.0186372 100
1.97791 0.1884 0.0186419 100
1.98011 0.2167 0.0186627 100
1.97981 0.2447 0.0186598 100
1.98121 0.2731 0.018673 100
1.98901 0.3026 0.0187465 100
1.97821 -0.1966 0.0186448 10
1.97971 -0.1688 0.0186589 100
1.98191 -0.141 0.0186796 100
1.98171 -0.1132 0.0186777 100
1.98111 -0.0853 0.0186721 100
1.98111 -0.0576 0.0186721 100
1.98071 -0.0298 0.0186683 100
1.98242 0.001 0.047757 100
1.98123 0.0287 0.0477281 100
1.98262 0.0564 0.0477618 100
1.98462 0.0842 0.04781 100
1.98522 0.1119 0.0478244 100
1.98452 0.1397 0.0478076 100
1.98432 0.1675 0.0478028 100
1.98382 0.1954 0.0477907 100
1.98392 0.2234 0.0477931 100
1.98452 0.2515 0.0478076 100
1.98872 0.2803 0.0479087 100
1.98532 -0.1798 0.0478269 100
1.98063 -0.1516 0.0477137 100
1.98053 -0.1238 0.0477113 100
1.98113 -0.0961 0.0477257 100
1.98322 -0.0685 0.0477763 100
1.98402 -0.0408 0.0477955 100
1.98434 0.0218 0.0471101 100
1.98384 0.0495 0.0470982 100
1.98394 0.0773 0.0471006 100
1.98264 0.105 0.0470698 100
1.98104 0.1326 0.0470318 100
1.98194 0.1605 0.0470531 100
1.98354 0.1886 0.0470911 100
1.98564 0.2168 0.047141 100
1.98734 0.2451 0.0471813 100
1.98474 0.273 0.0471196 100
1.98574 0.3014 0.0471433 100
1.98484 -0.1744 0.047122 100
1.98204 -0.1463 0.0470555 100
1.98294 -0.1185 0.0470769 100
1.98234 -0.0907 0.0470626 100
1.98244 -0.063 0.047065 100
1.98214 -0.0353 0.0470579 100
1.98427 0.0114 0.0828187 100
1.98387 0.0392 0.082802 100
1.98417 0.067 0.0828146 100
1.98497 0.0949 0.0828479 100
1.98447 0.1227 0.0828271 100
1.98457 0.1506 0.0828312 100
1.98427 0.1785 0.0828187 100
1.98657 0.2068 0.0829146 100
1.98847 0.2352 0.0829939 100
1.98597 0.2631 0.0828896 100
1.98697 0.2916 0.0829313 100
1.97788 -0.1929 0.0825518 100
1.98237 -0.1654 0.0827395 100
1.98547 -0.1377 0.0828688 100
1.98627 -0.1099 0.0829021 100
1.98657 -0.082 0.0829146 100
1.98557 -0.0542 0.0828729 100
1.9847 0.0052 0.0956789 100
1.9834 0.0329 0.0956163 100
1.98579 0.0607 0.0957319 100
1.98569 0.0885 0.0957271 100
1.98629 0.1164 0.095756 100
1.98649 0.1443 0.0957656 100
1.98529 0.1721 0.0957078 100
1.98659 0.2002 0.0957704 100
1.98959 0.2287 0.0959149 100
1.98719 0.2566 0.0957993 100
1.98839 0.2851 0.0958571 100
1.9845 -0.1913 0.0956693 100
1.982 -0.1631 0.0955489 100
1.9831 -0.1353 0.0956019 100
1.9828 -0.1075 0.0955875 100
1.9831 -0.0797 0.0956019 100
1.98499 -0.052 0.0956934 100
1.98524 0.0174 0.136037 100
1.98285 0.0451 0.135873 100
1.98405 0.073 0.135955 100
1.98574 0.1009 0.136071 100
1.98514 0.1288 0.13603 100
1.98415 0.1567 0.135961 100
1.98375 0.1847 0.135934 100
1.98495 0.2129 0.136016 100
1.98674 0.2412 0.136139 100
1.98425 0.2692 0.135968 100
1.98714 0.298 0.136167 100
1.98714 -0.1916 0.136167 100
1.98265 -0.1632 0.135859 100
1.98375 -0.1353 0.135934 100
1.98345 -0.1074 0.135914 100
1.98475 -0.0796 0.136002 100
1.98365 -0.0518 0.135927 100
1.9874 0.0243 0.133745 100
1.98681 0.0521 0.133705 100
1.9879 0.0799 0.133779 100
1.9876 0.1077 0.133759 100
1.9879 0.1355 0.133779 100
1.9888 0.1635 0.133839 100
1.9913 0.1917 0.134007 100
1.9914 0.2199 0.134014 100
1.9892 0.2478 0.133866 100
1.9895 0.276 0.133886 100
1.98391 -0.1739 0.13351 100
1.98311 -0.146 0.133457 100
1.98501 -0.1183 0.133584 100
1.98341 -0.0904 0.133477 100
1.98252 -0.0627 0.133416 100
1.98421 -0.035 0.133531 100
1.98665 0.0118 0.171015 100
1.98625 0.0397 0.170981 100
1.98556 0.0676 0.17092 100
1.98735 0.0956 0.171075 100
1.98884 0.1237 0.171204 100
1.98685 0.1516 0.171032 100
1.98556 0.1796 0.17092 100
1.98785 0.2079 0.171118 100
1.98875 0.2363 0.171195 100
1.98715 0.2645 0.171058 100
1.98924 0.2932 0.171238 100
1.99064 -0.1899 0.171358 100
1.98516 -0.1613 0.170886 100
1.98516 -0.1332 0.170886 100
1.98586 -0.1053 0.170946 100
1.98516 -0.0773 0.170886 100
1.98506 -0.0494 0.170878 100
1.98678 0.0049 0.191655 100
1.98648 0.0328 0.191626 100
1.98688 0.0607 0.191664 100
1.98877 0.0887 0.191847 100
1.99136 0.1169 0.192097 100
1.99345 0.1451 0.192298 100
1.99225 0.1732 0.192183 100
1.99165 0.2013 0.192125 100
1.99066 0.2295 0.192029 100
1.98827 0.2576 0.191799 100
1.98837 0.286 0.191809 100
1.98897 -0.1771 0.191866 100
1.98329 -0.1486 0.191319 100
1.9822 -0.1205 0.191213 100
1.98359 -0.0927 0.191348 100
1.98369 -0.0648 0.191357 100
1.98449 -0.0369 0.191434 100
1.98605 0.0073 0.218209 100
1.98476 0.0352 0.218067 100
1.98704 0.0632 0.218318 100
1.98893 0.0912 0.218526 100
1.98754 0.1191 0.218373 100
1.98764 0.1472 0.218384 100
1.98933 0.1754 0.21857 100
1.99072 0.2037 0.218723 100
1.98963 0.2319 0.218602 100
1.98824 0.2601 0.21845 100
1.99032 0.2888 0.218679 100
1.98784 -0.1922 0.218406 100
1.98734 -0.164 0.218351 100
1.98843 -0.136 0.218471 100
1.98615 -0.1078 0.21822 100
1.98545 -0.0799 0.218144 100
1.98436 -0.0519 0.218024 100
1.99244 0.0189 0.231943 100
1.99205 0.0469 0.231897 100
1.99215 0.075 0.231909 100
1.99195 0.1031 0.231886 100
1.99125 0.1312 0.231805 100
1.99026 0.1592 0.231689 100
1.99175 0.1876 0.231863 100
1.99294 0.216 0.232001 100
1.99175 0.2443 0.231863 100
1.99006 0.2726 0.231666 100
1.99105 0.3013 0.231782 100
1.98639 -0.1924 0.231238 100
1.98887 -0.1644 0.231527 100
1.99095 -0.1364 0.23177 100
1.98966 -0.1082 0.23162 100
1.98599 -0.08 0.231192 100
1.9849 -0.052 0.231065 100
1.99109 0.0242 0.259304 100
1.99049 0.0522 0.259226 100
1.9896 0.0802 0.25911 100
1.9893 0.1083 0.259071 100
1.98861 0.1364 0.258981 100
1.98652 0.1644 0.25871 100
1.98603 0.1925 0.258645 100
1.98712 0.2209 0.258787 100
1.98871 0.2495 0.258994 100
1.98801 0.2779 0.258903 100
1.99287 0.3072 0.259536 100
1.98801 -0.1705 0.258903 100
1.98722 -0.1423 0.2588 100
1.98791 -0.1142 0.25889 100
1.99029 -0.0862 0.2592 100
1.99039 -0.0582 0.259213 100
1.99 -0.0301 0.259162 100
1.99253 0.0119 0.264444 100
1.99312 0.0401 0.264523 100
1.99332 0.0682 0.26455 100
1.99322 0.0964 0.264536 100
1.99362 0.1246 0.264589 100
1.99471 0.153 0.264734 100
1.9953 0.1814 0.264813 100
1.99362 0.2096 0.264589 100
1.99253 0.238 0.264444 100
1.98995 0.2662 0.264102 100
1.99104 0.295 0.264247 1
1.98965 -0.1893 0.264063 100
1.98916 -0.161 0.263997 100
1.99015 -0.1329 0.264129 100
1.98985 -0.1047 0.264089 100
1.99005 -0.0765 0.264115 100
1.98995 -0.0484 0.264102 100
1.98828 0 0.294668 100
1.99006 0.028 0.294932 100
1.99046 0.056 0.294991 100
1.98947 0.0839 0.294844 100
1.98917 0.1119 0.2948 100
1.98927 0.1681 0.294815 100
1.99066 0.1965 0.29502 100
1.98977 0.2246 0.294888 100
1.98749 0.2527 0.294551 100
1.98769 0.2812 0.29458 100
1.9868 -0.1955 0.294448 100
1.98443 -0.1671 0.294096 100
1.98551 -0.1392 0.294258 100
1.98522 -0.1111 0.294214 100
1.98561 -0.0832 0.294272 100
1.9865 -0.0553 0.294404 100
1.98703 0.0246 0.314715 100
1.99049 0.0528 0.315262 100
1.99256 0.0811 0.315591 100
1.99019 0.1092 0.315215 100
1.9895 0.1374 0.315106 100
1.99039 0.1658 0.315247 100
1.9899 0.1942 0.315169 100
1.9899 0.2226 0.315169 100
1.98762 0.2509 0.314809 100
1.9899 0.2798 0.315169 100
1.98249 -0.1878 0.313995 100
1.98397 -0.1596 0.31423 100
1.98298 -0.1314 0.314074 100
1.98357 -0.1032 0.314167 100
1.98486 -0.0751 0.314371 100
1.98664 -0.0471 0.314652 100
1.9841 0.0134 0.339862 100
1.98469 0.0415 0.339963 100
1.98489 0.0696 0.339997 100
1.98371 0.0977 0.339794 100
1.9842 0.126 0.339879 100
1.9842 0.1542 0.339879 100
1.98282 0.1824 0.339642 100
1.98213 0.2107 0.339524 100
1.98292 0.2392 0.339659 100
1.98341 0.2678 0.339744 100
1.99021 0.2975 0.340909 99
1.98282 -0.1827 0.339642 100
1.98223 -0.1544 0.339541 100
1.98312 -0.1262 0.339693 100
1.98272 -0.098 0.339625 100
1.98292 -0.0699 0.339659 100
1.98272 -0.0418 0.339625 100
1.98786 0.0148 0.35266 100
1.98648 0.043 0.352416 100
1.98668 0.0713 0.352451 100
1.98648 0.0995 0.352416 100
1.98697 0.1279 0.352503 100
1.98697 0.1562 0.352503 100
1.98756 0.1847 0.352608 100
1.98875 0.2134 0.352817 100
1.99042 0.2422 0.353114 100
1.98884 0.2707 0.352835 99
1.98983 0.2997 0.35301 99
1.98126 -0.1884 0.35149 100
1.98363 -0.1602 0.351909 100
1.98569 -0.132 0.352276 100
1.98628 -0.1038 0.352381 100
1.98658 -0.0755 0.352433 100
1.98638 -0.0472 0.352398 100
1.98252 0.0275 0.375676 100
1.98291 0.0557 0.375751 100
1.98399 0.0841 0.375955 100
1.98458 0.1124 0.376067 100
1.98478 0.1408 0.376104 100
1.98458 0.1693 0.376067 100
1.98694 0.198 0.376514 100
1.9837 0.2549 0.3759 99
1.98674 0.2841 0.376477 99
1.98134 -0.1953 0.375453 100
1.97987 -0.1667 0.375173 100
1.98105 -0.1384 0.375397 100
1.98075 -0.1101 0.375341 100
1.98006 -0.0818 0.375211 100
1.98203 -0.0536 0.375583 100
1.9818 0.0092 0.39097 100
1.98347 0.0374 0.391299 100
1.98269 0.0657 0.391144 100
1.98357 0.094 0.391318 100
1.98504 0.1224 0.391609 100
1.98808 0.151 0.392209 100
1.98975 0.1796 0.392538 100
1.98798 0.2081 0.392189 100
1.98592 0.2365 0.391783 100
1.98543 0.2651 0.391686 99
1.98053 -0.1831 0.390718 100
1.98092 -0.1547 0.390796 100
1.9818 -0.1264 0.39097 100
1.98141 -0.0981 0.390893 100
1.98063 -0.0698 0.390738 100
1.98141 -0.0416 0.390893 100
1.97597 0.0053 0.414602 100
1.97666 0.0335 0.414746 100
1.97803 0.0618 0.415033 100
1.98087 0.0902 0.415629 100
1.98331 0.1187 0.416142 100
1.98547 0.1473 0.416594 100
1.98419 0.1757 0.416327 100
1.98351 0.2043 0.416183 100
1.98057 0.2326 0.415567 100
1.98008 0.2612 0.415465 99
1.98263 -0.1824 0.415998 100
1.97715 -0.1534 0.414848 100
1.97607 -0.125 0.414623 100
1.97568 -0.0967 0.41454 100
1.97578 -0.0684 0.414561 100
1.97656 -0.0402 0.414725 100
