0.91947 0.0047 -0.261745 100
0.919278 0.018 -0.26169 100
0.91899 0.0314 -0.261608 100
0.918509 0.0447 -0.261471 100
0.918701 0.0581 -0.261525 100
0.917835 0.0714 -0.261279 100
0.917739 0.0848 -0.261252 100
0.916585 0.0981 -0.260923 100
0.916104 0.1115 -0.260786 100
0.915431 0.1249 -0.260595 100
0.914661 0.1384 -0.260376 100
0.914565 0.1519 -0.260348 100
0.913411 0.1654 -0.26002 100
0.913026 0.179 -0.25991 100
0.911488 0.1924 -0.259472 100
0.912546 0.2065 -0.259773 100
0.912449 0.2204 -0.259746 100
0.916874 0.2355 -0.261005 100
0.948132 0.2582 -0.269904 100
0.915816 -0.2273 -0.260704 100
0.917835 -0.2138 -0.261279 100
0.914084 -0.199 -0.260211 100
0.912834 -0.185 -0.259855 100
0.913411 -0.1713 -0.26002 100
0.914661 -0.1579 -0.260376 100
0.914758 -0.1443 -0.260403 100
0.913796 -0.1306 -0.260129 100
0.914469 -0.1172 -0.260321 100
0.915912 -0.1039 -0.260731 100
0.916297 -0.0905 -0.260841 100
0.915527 -0.0771 -0.260622 100
0.916489 -0.0638 -0.260896 100
0.917258 -0.0505 -0.261115 100
0.916874 -0.0371 -0.261005 100
0.916297 -0.0238 -0.260841 100
0.916174 0.0065 -0.262363 100
0.916943 0.0198 -0.262583 100
0.916559 0.0331 -0.262473 100
0.916078 0.0465 -0.262335 100
0.91627 0.0598 -0.26239 100
0.917328 0.0733 -0.262693 100
0.917232 0.0867 -0.262665 100
0.916943 0.1001 -0.262583 100
0.917424 0.1137 -0.26272 100
0.916751 0.1271 -0.262528 100
0.916847 0.1407 -0.262555 100
0.915789 0.1542 -0.262252 100
0.91454 0.1677 -0.261895 100
0.914155 0.1813 -0.261784 100
0.912521 0.1948 -0.261316 100
0.91454 0.2091 -0.261895 100
0.914444 0.2231 -0.261867 100
0.916462 0.2518 -0.262445 100
0.913963 -0.2338 -0.261729 100
0.910406 -0.2189 -0.260711 100
0.909541 -0.2048 -0.260463 100
0.909348 -0.191 -0.260408 100
0.909925 -0.1774 -0.260573 100
0.911271 -0.164 -0.260959 100
0.912425 -0.1506 -0.261289 100
0.913482 -0.1372 -0.261592 100
0.915213 -0.1239 -0.262087 100
0.915789 -0.1105 -0.262252 100
0.91627 -0.097 -0.26239 100
0.917424 -0.0837 -0.26272 100
0.918481 -0.0704 -0.263023 100
0.918385 -0.057 -0.262996 100
0.918097 -0.0436 -0.262913 100
0.917616 -0.0302 -0.262776 100
0.918001 -0.0168 -0.262886 100
0.91741 0.0023 -0.261677 100
0.916352 0.0156 -0.261376 100
0.915102 0.0289 -0.261019 100
0.915583 0.0422 -0.261156 100
0.915871 0.0555 -0.261238 100
0.915967 0.0689 -0.261266 100
0.915967 0.0822 -0.261266 100
0.915679 0.0956 -0.261184 100
0.914333 0.1089 -0.2608 100
0.913756 0.1223 -0.260635 100
0.912986 0.1357 -0.260416 100
0.91289 0.1492 -0.260388 100
0.912698 0.1628 -0.260333 100
0.912313 0.1764 -0.260224 100
0.911832 0.19 -0.260086 100
0.911929 0.2038 -0.260114 100
0.91289 0.2179 -0.260388 100
0.91366 0.2321 -0.260608 100
0.917891 0.2473 -0.261815 100
0.913371 -0.2332 -0.260525 100
0.909813 -0.2184 -0.25951 100
0.908947 -0.2043 -0.259264 100
0.913083 -0.1777 -0.260443 100
0.912506 -0.1639 -0.260278 100
0.913756 -0.1505 -0.260635 100
0.914717 -0.1371 -0.260909 100
0.915487 -0.1237 -0.261129 100
0.915102 -0.1102 -0.261019 100
0.915583 -0.0968 -0.261156 100
0.915871 -0.0834 -0.261238 100
0.915871 -0.07 -0.261238 100
0.915775 -0.0567 -0.261211 100
0.91741 -0.0434 -0.261677 100
0.917891 -0.0301 -0.261815 100
0.917314 -0.0168 -0.26165 100
0.915482 0.011 -0.260782 100
0.916251 0.0243 -0.261001 100
0.916828 0.0376 -0.261165 100
0.918078 0.051 -0.261521 100
0.919232 0.0644 -0.26185 100
0.920194 0.0779 -0.262124 100
0.919136 0.0913 -0.261823 100
0.91779 0.1046 -0.261439 100
0.917213 0.118 -0.261275 100
0.916539 0.1315 -0.261083 100
0.916539 0.145 -0.261083 100
0.915482 0.1585 -0.260782 100
0.915193 0.1721 -0.2607 100
0.913654 0.1856 -0.260261 100
0.913943 0.1994 -0.260343 100
0.91779 0.2142 -0.261439 100
0.916636 0.2279 -0.261111 100
0.920002 0.2429 -0.262069 100
0.912596 -0.2368 -0.25996 100
0.913847 -0.223 -0.260316 100
0.911058 -0.2085 -0.259522 100
0.91 -0.1944 -0.25922 100
0.910673 -0.1808 -0.259412 100
0.912019 -0.1674 -0.259795 100
0.912308 -0.1539 -0.259878 100
0.913366 -0.1405 -0.260179 100
0.91327 -0.1269 -0.260152 100
0.913847 -0.1136 -0.260316 100
0.914327 -0.1002 -0.260453 100
0.915578 -0.0869 -0.260809 100
0.91577 -0.0735 -0.260864 100
0.915674 -0.0602 -0.260837 100
0.916347 -0.0469 -0.261028 100
0.916924 -0.0336 -0.261193 100
0.917309 -0.0203 -0.261302 100
0.915761 0.0003 -0.263801 100
0.915665 0.0136 -0.263774 100
0.915376 0.0269 -0.263691 100
0.915953 0.0402 -0.263857 100
0.91528 0.0535 -0.263663 100
0.914512 0.0668 -0.263442 100
0.915376 0.0802 -0.263691 100
0.915184 0.0936 -0.263635 100
0.9148 0.1069 -0.263525 100
0.914223 0.1203 -0.263359 100
0.914415 0.1338 -0.263414 100
0.914512 0.1474 -0.263442 100
0.912974 0.1744 -0.262999 100
0.912494 0.188 -0.26286 100
0.910764 0.2015 -0.262362 100
0.911725 0.2155 -0.262639 100
0.911533 0.2294 -0.262583 100
0.915857 0.2446 -0.263829 100
0.911148 -0.2395 -0.262473 100
0.913358 -0.2261 -0.263109 100
0.912494 -0.2119 -0.26286 100
0.912494 -0.198 -0.26286 100
0.912205 -0.1842 -0.262777 100
0.912686 -0.1706 -0.262916 100
0.913935 -0.1572 -0.263275 100
0.914031 -0.1436 -0.263303 100
0.914896 -0.1302 -0.263552 100
0.915665 -0.1168 -0.263774 100
0.916145 -0.1034 -0.263912 100
0.91653 -0.09 -0.264023 100
0.916626 -0.0766 -0.264051 100
0.916626 -0.0633 -0.264051 100
0.916433 -0.0499 -0.263995 100
0.91701 -0.0366 -0.264161 100
0.916433 -0.0233 -0.263995 100
0.913875 0.0114 -0.259118 100
0.915607 0.0247 -0.259609 100
0.916088 0.0381 -0.259745 100
0.916473 0.0514 -0.259854 100
0.916665 0.0648 -0.259909 100
0.916665 0.0781 -0.259909 100
0.916473 0.0915 -0.259854 100
0.915126 0.1048 -0.259472 100
0.913683 0.1181 -0.259063 100
0.912913 0.1314 -0.258845 100
0.912047 0.1448 -0.258599 100
0.911951 0.1584 -0.258572 100
0.911566 0.1719 -0.258463 100
0.911085 0.1855 -0.258326 100
0.90945 0.1989 -0.257863 100
0.909546 0.2128 -0.25789 100
0.910316 0.2269 -0.258108 100
0.918397 0.243 -0.2604 100
0.910604 -0.2341 -0.25819 100
0.913683 -0.2209 -0.259063 100
0.911855 -0.2065 -0.258545 100
0.911663 -0.1927 -0.25849 100
0.913202 -0.1793 -0.258927 100
0.914549 -0.1658 -0.259308 100
0.915799 -0.1524 -0.259663 100
0.916762 -0.1389 -0.259936 100
0.917627 -0.1255 -0.260181 100
0.917339 -0.1119 -0.2601 100
0.917724 -0.0985 -0.260209 100
0.918012 -0.0851 -0.260291 100
0.918108 -0.0717 -0.260318 100
0.918012 -0.0583 -0.260291 100
0.917724 -0.045 -0.260209 100
0.917339 -0.0316 -0.2601 100
0.917627 -0.0183 -0.260181 100
0.919614 0.009 -0.253822 100
0.919325 0.0223 -0.253742 100
0.918939 0.0356 -0.253636 100
0.919325 0.049 -0.253742 100
0.919614 0.0624 -0.253822 100
0.91865 0.0757 -0.253556 100
0.918458 0.0891 -0.253503 100
0.918168 0.1025 -0.253423 100
0.917686 0.1159 -0.25329 100
0.916915 0.1293 -0.253077 100
0.916048 0.1428 -0.252838 100
0.914987 0.1562 -0.252545 100
0.914698 0.1698 -0.252465 100
0.913252 0.1832 -0.252066 100
0.912674 0.1968 -0.251906 100
0.914602 0.2111 -0.252439 100
0.914505 0.225 -0.252412 100
0.918843 0.2402 -0.253609 100
0.913059 -0.2313 -0.252013 100
0.91412 -0.2176 -0.252306 100
0.912288 -0.2033 -0.2518 100
0.912095 -0.1895 -0.251747 100
0.913638 -0.1761 -0.252172 100
0.914987 -0.1626 -0.252545 100
0.91518 -0.1491 -0.252598 100
0.916144 -0.1356 -0.252864 100
0.916915 -0.1222 -0.253077 100
0.917494 -0.1088 -0.253237 100
0.916915 -0.0953 -0.253077 100
0.91624 -0.0819 -0.252891 100
0.917204 -0.0686 -0.253157 100
0.918072 -0.0553 -0.253396 100
0.919711 -0.042 -0.253849 0
0.920193 -0.0287 -0.253982 100
0.920482 -0.0153 -0.254062 100
0.918957 0.0073 -0.248642 100
0.918764 0.0206 -0.24859 100
0.918377 0.0339 -0.248485 100
0.917798 0.0471 -0.248329 100
0.918088 0.0605 -0.248407 100
0.918088 0.0738 -0.248407 100
0.917991 0.0872 -0.248381 100
0.916736 0.1004 -0.248041 100
0.915289 0.1136 -0.247649 100
0.914613 0.127 -0.247467 100
0.913841 0.1404 -0.247258 100
0.913744 0.1539 -0.247232 100
0.91442 0.1676 -0.247414 100
0.914902 0.1813 -0.247545 100
0.915192 0.1952 -0.247623 100
0.91442 0.2088 -0.247414 100
0.912393 0.2222 -0.246866 100
0.9122 0.2361 -0.246814 100
0.912489 -0.2261 -0.246892 100
0.912682 -0.2122 -0.246944 100
0.91162 -0.1982 -0.246657 100
0.912296 -0.1846 -0.24684 100
0.912875 -0.171 -0.246996 100
0.91413 -0.1577 -0.247336 100
0.915192 -0.1443 -0.247623 100
0.917026 -0.131 -0.24812 100
0.918667 -0.1178 -0.248564 100
0.920211 -0.1045 -0.248981 100
0.920598 -0.0911 -0.249086 100
0.920694 -0.0777 -0.249112 100
0.920694 -0.0643 -0.249112 100
0.921466 -0.051 -0.249321 100
0.921177 -0.0376 -0.249243 100
0.921563 -0.0243 -0.249347 100
0.921217 0.0047 -0.240131 100
0.921024 0.018 -0.24008 100
0.920733 0.0313 -0.240005 100
0.921217 0.0446 -0.240131 100
0.920443 0.0579 -0.239929 100
0.92054 0.0713 -0.239954 100
0.920443 0.0847 -0.239929 100
0.919282 0.098 -0.239626 100
0.91783 0.1113 -0.239248 100
0.918121 0.1248 -0.239324 0
0.918314 0.1383 -0.239374 0
0.91725 0.1517 -0.239097 100
0.918024 0.1655 -0.239298 100
0.918508 0.1793 -0.239425 0
0.918895 0.1932 -0.239525 100
0.917056 0.2066 -0.239046 100
0.917056 0.2205 -0.239046 100
0.923346 0.2362 -0.240686 100
0.917153 -0.2286 -0.239071 100
0.917347 -0.2147 -0.239122 100
0.916379 -0.2006 -0.23887 100
0.917056 -0.1869 -0.239046 100
0.917637 -0.1733 -0.239198 100
0.918895 -0.1598 -0.239525 100
0.920056 -0.1464 -0.239828 100
0.921024 -0.1329 -0.24008 100
0.921701 -0.1195 -0.240257 100
0.921314 -0.1059 -0.240156 100
0.920733 -0.0924 -0.240005 100
0.921895 -0.0791 -0.240307 100
0.922862 -0.0658 -0.24056 100
0.921798 -0.0523 -0.240282 100
0.921411 -0.039 -0.240181 100
0.921895 -0.0256 -0.240307 100
0.924564 0 -0.235153 100
0.924467 0.0133 -0.235128 100
0.924177 0.0267 -0.235054 100
0.924758 0.0401 -0.235202 100
0.92408 0.0534 -0.23503 100
0.923304 0.0667 -0.234833 100
0.922238 0.0801 -0.234561 100
0.921075 0.0934 -0.234266 100
0.919719 0.1066 -0.233921 100
0.919137 0.12 -0.233773 100
0.918459 0.1334 -0.2336 100
0.918459 0.147 -0.2336 100
0.918265 0.1606 -0.233551 0
0.917877 0.1742 -0.233452 100
0.916423 0.1876 -0.233082 100
0.915648 0.2012 -0.232885 100
0.914776 0.2148 -0.232663 100
0.915454 0.229 -0.232836 100
0.921657 0.2447 -0.234414 100
0.916811 -0.2318 -0.233181 100
0.917102 -0.2178 -0.233255 100
0.915164 -0.2035 -0.232762 100
0.915939 -0.1899 -0.232959 100
0.917489 -0.1765 -0.233354 100
0.917877 -0.1629 -0.233452 100
0.918071 -0.1493 -0.233502 100
0.91904 -0.1359 -0.233748 100
0.919815 -0.1225 -0.233945 100
0.920494 -0.1091 -0.234118 100
0.920882 -0.0957 -0.234216 100
0.920106 -0.0822 -0.234019 100
0.920203 -0.0689 -0.234044 100
0.921075 -0.0556 -0.234266 100
0.922723 -0.0423 -0.234685 0
0.924177 -0.029 -0.235054 100
0.925437 -0.0157 -0.235375 100
0.929116 0.0077 -0.22512 100
0.92795 0.021 -0.224838 100
0.927561 0.0343 -0.224743 100
0.92795 0.0476 -0.224838 100
0.92727 0.061 -0.224673 100
0.925326 0.0742 -0.224202 100
0.925229 0.0875 -0.224178 100
0.924937 0.1009 -0.224108 0
0.923479 0.1142 -0.223754 100
0.921827 0.1274 -0.223354 0
0.921924 0.1409 -0.223378 100
0.921827 0.1544 -0.223354 100
0.921536 0.168 -0.223283 100
0.921147 0.1816 -0.223189 100
0.919495 0.195 -0.222789 100
0.918717 0.2086 -0.222601 100
0.91862 0.2224 -0.222577 100
0.922119 0.2373 -0.223425 100
0.920078 -0.2289 -0.22293 100
0.9193 -0.2148 -0.222742 100
0.9193 -0.201 -0.222742 100
0.919981 -0.1874 -0.222907 0
0.921536 -0.174 -0.223283 100
0.921827 -0.1604 -0.223354 100
0.922022 -0.1469 -0.223401 100
0.922022 -0.1333 -0.223401 100
0.922799 -0.12 -0.22359 100
0.923285 -0.1066 -0.223707 100
0.923674 -0.0933 -0.223802 100
0.922993 -0.0798 -0.223637 100
0.923965 -0.0666 -0.223872 100
0.923771 -0.0533 -0.223825 100
0.923479 -0.04 -0.223754 100
0.923868 -0.0267 -0.223849 100
0.929324 0.006 -0.215577 100
0.928155 0.0193 -0.215305 100
0.927765 0.0326 -0.215215 100
0.927278 0.0459 -0.215102 100
0.92757 0.0592 -0.21517 100
0.92757 0.0726 -0.21517 100
0.926499 0.0858 -0.214921 100
0.924356 0.099 -0.214424 100
0.923869 0.1123 -0.214311 100
0.924161 0.1258 -0.214379 100
0.923284 0.1392 -0.214176 100
0.92231 0.1526 -0.21395 100
0.922018 0.1661 -0.213882 100
0.922602 0.1799 -0.214017 100
0.921044 0.1933 -0.213656 100
0.920167 0.2069 -0.213452 100
0.918219 0.2202 -0.213001 100
0.918901 0.2343 -0.213159 100
0.9227 -0.2271 -0.21404 100
0.922797 -0.2132 -0.214063 100
0.921823 -0.1991 -0.213837 100
0.922505 -0.1855 -0.213995 100
0.923966 -0.1721 -0.214334 100
0.924356 -0.1585 -0.214424 100
0.924453 -0.145 -0.214447 100
0.924356 -0.1314 -0.214424 100
0.924161 -0.1179 -0.214379 100
0.924745 -0.1046 -0.214515 100
0.925038 -0.0912 -0.214582 100
0.926207 -0.078 -0.214854 100
0.926207 -0.0646 -0.214854 100
0.926012 -0.0513 -0.214808 100
0.926596 -0.038 -0.214944 100
0.926109 -0.0247 -0.214831 100
0.931133 0.009 -0.207621 100
0.931817 0.0223 -0.207773 100
0.932402 0.0357 -0.207904 100
0.932793 0.0491 -0.207991 100
0.933085 0.0625 -0.208056 100
0.931133 0.0758 -0.207621 100
0.929962 0.0891 -0.20736 100
0.928693 0.1024 -0.207077 100
0.928205 0.1158 -0.206968 100
0.927522 0.1292 -0.206816 100
0.925668 0.1425 -0.206402 100
0.925472 0.1561 -0.206359 100
0.926156 0.1698 -0.206511 100
0.925668 0.1834 -0.206402 100
0.924008 0.1969 -0.206032 100
0.922252 0.2103 -0.205641 100
0.920202 0.2237 -0.205184 100
0.920885 0.2378 -0.205336 100
0.926741 -0.2304 -0.206642 100
0.926936 -0.2164 -0.206685 100
0.924984 -0.2021 -0.20625 100
0.925765 -0.1884 -0.206424 100
0.926253 -0.1748 -0.206533 100
0.92762 -0.1614 -0.206838 100
0.927815 -0.1478 -0.206881 100
0.928791 -0.1343 -0.207099 100
0.928596 -0.1208 -0.207055 100
0.929181 -0.1074 -0.207186 100
0.928596 -0.0938 -0.207055 100
0.928791 -0.0805 -0.207099 0
0.928791 -0.0671 -0.207099 100
0.929669 -0.0538 -0.207295 100
0.930255 -0.0405 -0.207425 100
0.929767 -0.0271 -0.207316 100
0.929084 -0.0138 -0.207164 100
0.933256 0.0067 -0.20263 100
0.934037 0.02 -0.202799 100
0.933647 0.0333 -0.202715 100
0.933158 0.0467 -0.202608 100
0.932376 0.06 -0.202439 100
0.931497 0.0733 -0.202248 100
0.930422 0.0866 -0.202014 100
0.930129 0.0999 -0.201951 100
0.92964 0.1133 -0.201845 100
0.928956 0.1267 -0.201696 100
0.928076 0.1401 -0.201505 100
0.927099 0.1535 -0.201293 100
0.926806 0.1671 -0.201229 100
0.925438 0.1805 -0.200932 100
0.924754 0.1941 -0.200784 100
0.922995 0.2075 -0.200402 100
0.92192 0.2211 -0.200168 100
0.922702 0.2352 -0.200338 100
0.92534 -0.228 -0.200911 100
0.924558 -0.2139 -0.200741 100
0.923581 -0.1998 -0.200529 100
0.924265 -0.1862 -0.200678 100
0.923874 -0.1725 -0.200593 100
0.925145 -0.1591 -0.200869 100
0.926317 -0.1458 -0.201123 100
0.927197 -0.1324 -0.201314 100
0.927001 -0.1189 -0.201272 100
0.927588 -0.1055 -0.201399 100
0.926904 -0.0921 -0.201251 100
0.927099 -0.0788 -0.201293 100
0.928076 -0.0655 -0.201505 100
0.928956 -0.0523 -0.201696 100
0.928565 -0.039 -0.201611 100
0.929054 -0.0257 -0.201717 100
0.934316 0.0125 -0.192297 100
0.93412 0.0258 -0.192257 100
0.933631 0.0391 -0.192156 100
0.933043 0.0524 -0.192035 100
0.933141 0.0657 -0.192056 100
0.931966 0.0923 -0.191814 100
0.930692 0.1056 -0.191552 100
0.929125 0.1188 -0.191229 100
0.928342 0.1321 -0.191068 100
0.92746 0.1455 -0.190886 100
0.928244 0.1592 -0.191048 100
0.92795 0.1727 -0.190987 100
0.926481 0.1861 -0.190685 100
0.924815 0.1995 -0.190342 100
0.924815 0.2133 -0.190342 100
0.925599 0.2274 -0.190503 100
0.926285 0.2415 -0.190644 100
0.934218 0.2578 -0.192277 100
0.927754 -0.2268 -0.190947 100
0.925991 -0.2125 -0.190584 100
0.925893 -0.1987 -0.190564 100
0.927558 -0.1853 -0.190906 100
0.928146 -0.1717 -0.191027 100
0.929419 -0.1584 -0.19129 100
0.929517 -0.1448 -0.19131 100
0.929517 -0.1313 -0.19131 100
0.930202 -0.1179 -0.191451 100
0.93079 -0.1046 -0.191572 100
0.930105 -0.0911 -0.191431 100
0.93128 -0.0779 -0.191673 100
0.932259 -0.0646 -0.191874 100
0.933043 -0.0514 -0.192035 100
0.932651 -0.038 -0.191955 100
0.93412 -0.0248 -0.192257 100
0.934558 0.0123 -0.186065 100
0.934362 0.0256 -0.186026 100
0.933871 0.0389 -0.185928 100
0.933283 0.0522 -0.185811 100
0.932498 0.0654 -0.185655 100
0.9324 0.0788 -0.185635 100
0.932204 0.0921 -0.185596 100
0.932891 0.1056 -0.185733 100
0.932302 0.119 -0.185616 100
0.931518 0.1324 -0.185459 100
0.930635 0.1458 -0.185284 100
0.930439 0.1593 -0.185245 100
0.930144 0.1729 -0.185186 100
0.930537 0.1867 -0.185264 0
0.92985 0.2004 -0.185127 100
0.930831 0.2144 -0.185323 100
0.929654 0.2281 -0.185088 100
0.935048 0.2436 -0.186162 100
0.930144 -0.2346 -0.185186 33
0.930439 -0.2206 -0.185245 100
0.927594 -0.2061 -0.184678 100
0.928379 -0.1925 -0.184835 100
0.928085 -0.1787 -0.184776 100
0.928477 -0.1651 -0.184854 100
0.928673 -0.1516 -0.184893 100
0.929752 -0.1382 -0.185108 100
0.931518 -0.125 -0.185459 100
0.931223 -0.1115 -0.185401 100
0.931616 -0.0981 -0.185479 100
0.93191 -0.0848 -0.185537 100
0.932008 -0.0714 -0.185557 100
0.932891 -0.0581 -0.185733 100
0.932596 -0.0448 -0.185674 100
0.933185 -0.0315 -0.185791 100
0.933479 -0.0183 -0.18585 100
0.937163 0.0043 -0.173016 100
0.936966 0.0176 -0.17298 100
0.936671 0.0309 -0.172925 100
0.937163 0.0442 -0.173016 100
0.937458 0.0575 -0.173071 100
0.935589 0.0707 -0.172726 100
0.934508 0.0839 -0.172526 100
0.935196 0.0974 -0.172653 100
0.935786 0.1108 -0.172762 100
0.935098 0.1242 -0.172635 100
0.934311 0.1376 -0.17249 100
0.933328 0.1509 -0.172308 100
0.933131 0.1645 -0.172272 100
0.932639 0.178 -0.172181 100
0.933033 0.1918 -0.172254 100
0.934213 0.2059 -0.172472 100
0.934114 0.2197 -0.172453 100
0.938638 0.2349 -0.173289 100
0.932344 -0.2274 -0.172127 100
0.933426 -0.2137 -0.172326 100
0.931459 -0.1994 -0.171963 100
0.931263 -0.1856 -0.171927 100
0.931754 -0.1721 -0.172018 100
0.933033 -0.1587 -0.172254 100
0.933229 -0.1452 -0.17229 100
0.933131 -0.1317 -0.172272 100
0.934803 -0.1185 -0.172581 100
0.936376 -0.1052 -0.172871 100
0.93677 -0.0918 -0.172944 100
0.935983 -0.0784 -0.172798 100
0.935983 -0.0651 -0.172798 100
0.93677 -0.0518 -0.172944 100
0.936376 -0.0385 -0.172871 100
0.935884 -0.0252 -0.17278 100
0.939515 0.003 -0.159751 100
0.939417 0.0163 -0.159734 0
0.939022 0.0296 -0.159667 100
0.939515 0.043 -0.159751 100
0.938825 0.0563 -0.159633 100
0.939022 0.0696 -0.159667 100
0.938924 0.083 -0.15965 100
0.938628 0.0964 -0.1596 100
0.938234 0.1098 -0.159533 100
0.937543 0.1232 -0.159415 100
0.936755 0.1367 -0.159281 100
0.935769 0.1501 -0.159114 100
0.935572 0.1637 -0.15908 100
0.934192 0.1771 -0.158845 100
0.9336 0.1907 -0.158745 100
0.934685 0.2047 -0.158929 100
0.937543 0.2193 -0.159415 100
0.93636 0.2331 -0.159214 100
0.938825 0.2478 -0.159633 1
0.926601 -0.2355 -0.157555 9
0.932713 -0.223 -0.158594 100
0.937543 -0.2102 -0.159415 100
0.934586 -0.1957 -0.158912 100
0.93429 -0.1819 -0.158862 100
0.935769 -0.1685 -0.159114 100
0.936952 -0.155 -0.159315 100
0.937051 -0.1414 -0.159331 100
0.936952 -0.1279 -0.159315 100
0.937642 -0.1145 -0.159432 100
0.938135 -0.1011 -0.159516 100
0.938529 -0.0877 -0.159583 100
0.939614 -0.0744 -0.159767 100
0.940501 -0.0611 -0.159918 100
0.940304 -0.0477 -0.159885 100
0.940895 -0.0343 -0.159985 100
0.94129 -0.021 -0.160052 100
0.939903 0.0095 -0.157454 100
0.939607 0.0228 -0.157405 100
0.940199 0.0361 -0.157504 100
0.940593 0.0495 -0.15757 100
0.941777 0.0629 -0.157768 100
0.941875 0.0763 -0.157785 100
0.942664 0.0899 -0.157917 100
0.94227 0.1033 -0.157851 100
0.941777 0.1168 -0.157768 100
0.941086 0.1302 -0.157653 100
0.939114 0.1435 -0.157322 100
0.938029 0.157 -0.157141 100
0.936747 0.1704 -0.156926 100
0.93724 0.1842 -0.157008 100
0.935563 0.1977 -0.156727 100
0.937536 0.212 -0.157058 100
0.937437 0.2259 -0.157041 100
0.940988 0.2409 -0.157636 100
0.940593 -0.2339 -0.15757 11
0.93507 -0.2186 -0.156645 100
0.934182 -0.2045 -0.156496 100
0.933985 -0.1906 -0.156463 100
0.934577 -0.177 -0.156562 100
0.935958 -0.1636 -0.156794 100
0.936155 -0.15 -0.156827 100
0.937141 -0.1366 -0.156992 100
0.938029 -0.1232 -0.157141 100
0.937634 -0.1097 -0.157074 100
0.938029 -0.0963 -0.157141 100
0.939311 -0.083 -0.157355 100
0.93941 -0.0696 -0.157372 100
0.940199 -0.0563 -0.157504 100
0.939903 -0.0429 -0.157454 100
0.940396 -0.0296 -0.157537 100
0.94079 -0.0163 -0.157603 100
0.942528 0.0083 -0.153838 100
0.941344 0.0217 -0.153645 100
0.940949 0.0351 -0.15358 100
0.941344 0.0485 -0.153645 100
0.941541 0.0619 -0.153677 100
0.941541 0.0753 -0.153677 100
0.941442 0.0888 -0.153661 100
0.941047 0.1023 -0.153597 100
0.939567 0.1156 -0.153355 100
0.938876 0.1291 -0.153242 100
0.937988 0.1425 -0.153097 100
0.937889 0.1562 -0.153081 100
0.936606 0.1697 -0.152872 100
0.935126 0.1831 -0.15263 100
0.934435 0.1968 -0.152517 100
0.936409 0.2111 -0.152839 0
0.940159 0.226 -0.153452 100
0.936902 0.2394 -0.15292 100
0.938284 0.2539 -0.153145 1
0.944798 -0.2279 -0.154209 7
0.942034 -0.2131 -0.153758 100
0.942034 -0.1991 -0.153758 100
0.939764 -0.1847 -0.153387 100
0.940357 -0.171 -0.153484 100
0.940653 -0.1573 -0.153532 100
0.941738 -0.1438 -0.153709 100
0.941738 -0.1302 -0.153709 100
0.941442 -0.1165 -0.153661 100
0.942034 -0.103 -0.153758 100
0.942331 -0.0896 -0.153806 100
0.942528 -0.0761 -0.153838 100
0.942429 -0.0626 -0.153822 100
0.942232 -0.0492 -0.15379 100
0.941837 -0.0358 -0.153725 100
0.942232 -0.0224 -0.15379 100
0.944436 0.0005 -0.141653 100
0.945326 0.0139 -0.141786 100
0.945029 0.0272 -0.141741 100
0.945524 0.0406 -0.141816 100
0.94592 0.054 -0.141875 100
0.945029 0.0673 -0.141741 100
0.946018 0.0808 -0.14189 100
0.94681 0.0944 -0.142008 100
0.946315 0.1079 -0.141934 100
0.945722 0.1213 -0.141845 100
0.943942 0.1347 -0.141578 100
0.943052 0.1482 -0.141445 100
0.940876 0.1615 -0.141119 100
0.94048 0.1751 -0.141059 100
0.939887 0.1887 -0.14097 100
0.942063 0.203 -0.141297 100
0.942063 0.217 -0.141297 100
0.946612 0.2322 -0.141979 100
0.903692 -0.233 -0.135541 7
0.943348 -0.2291 -0.141489 100
0.939689 -0.2142 -0.140941 100
0.93959 -0.2003 -0.140926 100
0.938404 -0.1862 -0.140748 100
0.938008 -0.1724 -0.140688 100
0.938305 -0.1588 -0.140733 100
0.939393 -0.1454 -0.140896 100
0.940381 -0.132 -0.141044 100
0.941074 -0.1186 -0.141148 100
0.941667 -0.1051 -0.141237 100
0.943052 -0.0918 -0.141445 100
0.943249 -0.0784 -0.141475 100
0.943249 -0.065 -0.141475 100
0.943052 -0.0517 -0.141445 100
0.943645 -0.0383 -0.141534 100
0.944139 -0.025 -0.141608 100
0.948931 0.0055 -0.131506 100
0.948733 0.0189 -0.131479 100
0.948436 0.0323 -0.131438 100
0.947841 0.0456 -0.131355 100
0.948139 0.059 -0.131396 100
0.947247 0.0724 -0.131273 100
0.947148 0.0858 -0.131259 100
0.94586 0.0992 -0.131081 100
0.945365 0.1126 -0.131012 100
0.944672 0.1261 -0.130916 100
0.942889 0.1394 -0.130669 100
0.94279 0.1529 -0.130655 100
0.942493 0.1666 -0.130614 0
0.941106 0.18 -0.130422 100
0.939521 0.1935 -0.130202 0
0.940611 0.2075 -0.130353 0
0.944375 0.2224 -0.130875 0
0.944077 0.2364 -0.130834 0
0.950318 0.2522 -0.131698 100
0.948535 -0.2265 -0.131451 11
0.942889 -0.2112 -0.130669 100
0.941799 -0.1971 -0.130518 100
0.939521 -0.1828 -0.130202 100
0.941007 -0.1694 -0.130408 100
0.942294 -0.1559 -0.130587 100
0.942393 -0.1423 -0.1306 100
0.942294 -0.1288 -0.130587 100
0.942988 -0.1154 -0.130683 100
0.943582 -0.102 -0.130765 100
0.943879 -0.0886 -0.130806 0
0.944969 -0.0752 -0.130957 100
0.945959 -0.0619 -0.131094 100
0.946752 -0.0486 -0.131204 100
0.946356 -0.0352 -0.131149 100
0.945761 -0.0218 -0.131067 100
0.947386 0.009 -0.120355 100
0.946096 0.0223 -0.120191 100
0.946691 0.0357 -0.120266 100
0.947088 0.0491 -0.120317 0
0.948378 0.0626 -0.120481 100
0.947386 0.076 -0.120355 100
0.946195 0.0893 -0.120203 100
0.945898 0.1027 -0.120166 100
0.945302 0.1162 -0.12009 100
0.944608 0.1296 -0.120002 100
0.944707 0.1433 -0.120014 100
0.943616 0.1567 -0.119876 0
0.943318 0.1704 -0.119838 0
0.942723 0.184 -0.119762 100
0.944013 0.1981 -0.119926 0
0.946989 0.2127 -0.120304 100
0.944906 0.2263 -0.12004 100
0.943021 0.2541 -0.1198 100
0.933597 -0.2349 -0.118603 8
0.938755 -0.2222 -0.119258 100
0.941731 -0.2089 -0.119636 100
0.939648 -0.1946 -0.119372 100
0.941334 -0.1812 -0.119586 100
0.942723 -0.1677 -0.119762 100
0.943021 -0.1541 -0.1198 100
0.944112 -0.1406 -0.119939 100
0.945898 -0.1273 -0.120166 100
0.946592 -0.1138 -0.120254 100
0.947088 -0.1004 -0.120317 100
0.947485 -0.0869 -0.120367 100
0.948576 -0.0735 -0.120506 100
0.949469 -0.0601 -0.120619 100
0.949271 -0.0467 -0.120594 100
0.948775 -0.0333 -0.120531 100
0.948179 -0.0199 -0.120455 100
0.946588 0.0093 -0.110361 100
0.947284 0.0227 -0.110442 100
0.947879 0.0361 -0.110512 100
0.94927 0.0495 -0.110674 0
0.950462 0.063 -0.110813 100
0.951455 0.0765 -0.110929 100
0.951356 0.09 -0.110917 100
0.949965 0.1034 -0.110755 100
0.949469 0.1169 -0.110697 100
0.948674 0.1304 -0.110604 100
0.94778 0.1439 -0.1105 0
0.947681 0.1576 -0.110489 100
0.94639 0.1711 -0.110338 100
0.9449 0.1846 -0.110164 100
0.944105 0.1983 -0.110072 0
0.945198 0.2125 -0.110199 100
0.944999 0.2264 -0.110176 100
0.949469 0.2417 -0.110697 0
0.951058 -0.2226 -0.110882 34
0.94629 -0.2075 -0.110326 100
0.945198 -0.1933 -0.110199 100
0.9448 -0.1794 -0.110153 100
0.945297 -0.1658 -0.110211 0
0.946489 -0.1523 -0.11035 100
0.945595 -0.1385 -0.110245 100
0.945396 -0.1249 -0.110222 100
0.946092 -0.1115 -0.110303 100
0.947582 -0.0981 -0.110477 100
0.946886 -0.0846 -0.110396 0
0.946886 -0.0712 -0.110396 100
0.947879 -0.0578 -0.110512 100
0.948575 -0.0445 -0.110593 100
0.949071 -0.0311 -0.110651 100
0.948376 -0.0177 -0.11057 100
0.94841 0.0105 -0.102193 100
0.949206 0.0239 -0.102279 100
0.948808 0.0372 -0.102236 100
0.948211 0.0506 -0.102172 100
0.94841 0.064 -0.102193 100
0.94841 0.0774 -0.102193 100
0.948211 0.0909 -0.102172 100
0.948808 0.1044 -0.102236 0
0.947217 0.1178 -0.102064 100
0.946521 0.1312 -0.101989 100
0.945626 0.1447 -0.101893 100
0.944433 0.1582 -0.101764 100
0.944135 0.1718 -0.101732 100
0.944533 0.1856 -0.101775 100
0.944831 0.1995 -0.101807 100
0.946819 0.2139 -0.102022 100
0.94662 0.2279 -0.102 100
0.951095 0.2432 -0.102482 100
0.955569 -0.22 -0.102964 12
0.947913 -0.2042 -0.102139 100
0.94672 -0.1901 -0.102011 100
0.947316 -0.1764 -0.102075 100
0.947714 -0.1627 -0.102118 100
0.948907 -0.1492 -0.102247 0
0.949901 -0.1356 -0.102354 100
0.949703 -0.122 -0.102332 100
0.949404 -0.1084 -0.1023 100
0.949802 -0.0949 -0.102343 100
0.949007 -0.0814 -0.102257 100
0.9501 -0.068 -0.102375 100
0.950896 -0.0546 -0.102461 100
0.950597 -0.0412 -0.102429 100
0.949106 -0.0277 -0.102268 100
0.949404 -0.0144 -0.1023 100
0.949786 0.0057 -0.0996589 0
0.949587 0.019 -0.099638 100
0.949289 0.0323 -0.0996067 100
0.949686 0.0457 -0.0996485 100
0.949985 0.0591 -0.0996798 100
0.950084 0.0725 -0.0996902 100
0.94899 0.0858 -0.0995754 0
0.947697 0.0991 -0.0994398 100
0.948195 0.1126 -0.0994919 0
0.948493 0.1262 -0.0995233 100
0.947598 0.1396 -0.0994293 100
0.946603 0.1531 -0.099325 0
0.94531 0.1665 -0.0991893 100
0.943918 0.1799 -0.0990432 0
0.944216 0.1938 -0.0990745 0
0.94531 0.2079 -0.0991893 100
0.94531 0.2218 -0.0991893 100
0.95078 0.2372 -0.0997633 100
0.952968 -0.2282 -0.0999928 10
0.948294 -0.213 -0.0995024 100
0.947299 -0.1989 -0.099398 100
0.946007 -0.1848 -0.0992624 100
0.945509 -0.171 -0.0992102 100
0.945907 -0.1574 -0.0992519 100
0.947001 -0.144 -0.0993667 100
0.946902 -0.1304 -0.0993563 0
0.946703 -0.1168 -0.0993354 100
0.9472 -0.1034 -0.0993876 0
0.948592 -0.0901 -0.0995337 0
0.948692 -0.0767 -0.0995441 100
0.948692 -0.0633 -0.0995441 0
0.949487 -0.05 -0.0996276 100
0.950084 -0.0367 -0.0996902 100
0.950482 -0.0234 -0.099732 100
0.95109 0.011 -0.0852172 100
0.950891 0.0243 -0.0851993 0
0.951488 0.0377 -0.0852529 100
0.950791 0.051 -0.0851904 100
0.949994 0.0643 -0.085119 100
0.949994 0.0777 -0.085119 100
0.950891 0.0912 -0.0851993 100
0.950492 0.1046 -0.0851636 0
0.949895 0.118 -0.0851101 100
0.950193 0.1316 -0.0851368 0
0.950193 0.1452 -0.0851368 0
0.950094 0.1588 -0.0851279 100
0.949695 0.1725 -0.0850922 100
0.949197 0.1862 -0.0850476 100
0.950393 0.2003 -0.0851547 100
0.954377 0.2151 -0.0855117 100
0.953182 0.2289 -0.0854046 0
0.95607 0.2581 -0.0856634 100
0.954277 -0.2242 -0.0855027 26
0.9486 -0.2089 -0.0849941 100
0.947504 -0.1948 -0.0848959 100
0.948102 -0.1811 -0.0849494 100
0.949596 -0.1677 -0.0850833 100
0.949795 -0.154 -0.0851011 100
0.949895 -0.1404 -0.0851101 0
0.949795 -0.1268 -0.0851011 0
0.949496 -0.1133 -0.0850744 100
0.949994 -0.0998 -0.085119 0
0.950293 -0.0864 -0.0851458 100
0.951389 -0.0731 -0.0852439 100
0.951289 -0.0597 -0.085235 100
0.952086 -0.0464 -0.0853064 100
0.951588 -0.033 -0.0852618 100
0.95099 -0.0197 -0.0852082 100
0.956135 0.0077 -0.0740742 100
0.956933 0.0211 -0.074136 0
0.956534 0.0345 -0.0741051 100
0.956933 0.048 -0.074136 100
0.956135 0.0614 -0.0740742 0
0.956235 0.0749 -0.0740819 100
0.956035 0.0883 -0.0740665 0
0.954739 0.1017 -0.073966 100
0.954241 0.1152 -0.0739274 100
0.952546 0.1286 -0.0737961 100
0.951648 0.1421 -0.0737266 0
0.951549 0.1557 -0.0737189 0
0.95125 0.1694 -0.0736957 0
0.952645 0.1835 -0.0738038 0
0.955936 0.198 -0.0740587 100
0.956933 0.2122 -0.074136 100
0.954839 0.2259 -0.0739738 100
0.95454 0.24 -0.0739506 100
0.955437 -0.219 -0.0740201 47
0.948657 -0.2034 -0.0734949 100
0.948458 -0.1895 -0.0734794 100
0.949056 -0.1759 -0.0735258 100
0.949455 -0.1622 -0.0735567 100
0.950651 -0.1487 -0.0736494 100
0.951648 -0.1353 -0.0737266 100
0.951449 -0.1217 -0.0737111 0
0.952047 -0.1082 -0.0737575 0
0.951449 -0.0947 -0.0737111 0
0.952645 -0.0813 -0.0738038 100
0.952745 -0.0679 -0.0738116 0
0.953543 -0.0545 -0.0738734 100
0.954241 -0.0412 -0.0739274 100
0.954739 -0.0278 -0.073966 100
0.955038 -0.0144 -0.0739892 100
0.955631 0.0035 -0.0673271 0
0.954534 0.0169 -0.0672498 100
0.954135 0.0302 -0.0672217 0
0.954634 0.0436 -0.0672568 0
0.953935 0.057 -0.0672076 0
0.954035 0.0704 -0.0672146 100
0.952938 0.0837 -0.0671373 0
0.952738 0.0971 -0.0671233 0
0.953237 0.1107 -0.0671584 100
0.952639 0.1241 -0.0671162 100
0.952738 0.1377 -0.0671233 0
0.950743 0.1511 -0.0669827 0
0.950544 0.1647 -0.0669687 0
0.953038 0.1789 -0.0671444 100
0.957327 0.1936 -0.0674466 100
0.959422 0.208 -0.0675941 0
0.958324 0.2219 -0.0675168 0
0.96002 0.2365 -0.0676363 100
0.924209 -0.2232 -0.0651133 14
0.957427 -0.2171 -0.0674536 100
0.952539 -0.202 -0.0671092 0
0.95224 -0.1881 -0.0670881 100
0.950843 -0.174 -0.0669897 100
0.95224 -0.1605 -0.0670881 100
0.952439 -0.1469 -0.0671022 100
0.952339 -0.1333 -0.0670952 100
0.95214 -0.1197 -0.0670811 100
0.953736 -0.1064 -0.0671936 0
0.954135 -0.0929 -0.0672217 100
0.953337 -0.0794 -0.0671654 100
0.954334 -0.066 -0.0672357 0
0.954235 -0.0526 -0.0672287 100
0.954833 -0.0393 -0.0672709 100
0.955232 -0.0259 -0.067299 100
0.957495 0.0097 -0.0536999 0
0.956197 0.0231 -0.0536271 0
0.955798 0.0365 -0.0536047 0
0.956197 0.0499 -0.0536271 100
0.955399 0.0633 -0.0535823 100
0.9544 0.0766 -0.0535264 0
0.9543 0.0901 -0.0535208 100
0.953901 0.1035 -0.0534984 100
0.953402 0.117 -0.0534704 100
0.952603 0.1304 -0.0534256 100
0.951704 0.1439 -0.0533752 0
0.951605 0.1575 -0.0533696 0
0.952204 0.1714 -0.0534032 0
0.952703 0.1852 -0.0534312 0
0.954899 0.1996 -0.0535543 100
0.956896 0.214 -0.0536663 0
0.9548 0.2276 -0.0535488 0
0.957296 0.2424 -0.0536887 100
0.958793 -0.2321 -0.0537727 37
0.955199 -0.2171 -0.0535711 100
0.957096 -0.2035 -0.0536775 100
0.953002 -0.1888 -0.053448 0
0.950606 -0.1745 -0.0533136 100
0.951006 -0.1609 -0.053336 0
0.952204 -0.1474 -0.0534032 0
0.953202 -0.1339 -0.0534592 100
0.952903 -0.1203 -0.0534424 100
0.9545 -0.107 -0.053532 100
0.954899 -0.0935 -0.0535543 100
0.955199 -0.08 -0.0535711 0
0.956197 -0.0667 -0.0536271 100
0.956996 -0.0533 -0.0536719 100
0.957695 -0.0399 -0.0537111 100
0.958094 -0.0265 -0.0537335 0
0.956722 0.0037 -0.0494699 100
0.955523 0.017 -0.049408 0
0.955224 0.0302 -0.0493925 0
0.954724 0.0435 -0.0493667 100
0.955024 0.0568 -0.0493822 0
0.956123 0.0703 -0.049439 100
0.957021 0.0837 -0.0494854 100
0.95782 0.0972 -0.0495267 100
0.957321 0.1106 -0.0495009 100
0.956722 0.1241 -0.0494699 100
0.955923 0.1375 -0.0494286 0
0.954924 0.1509 -0.049377 0
0.954625 0.1645 -0.0493615 0
0.954225 0.1782 -0.0493408 100
0.953626 0.1918 -0.0493099 100
0.956722 0.2063 -0.0494699 0
0.959618 0.2209 -0.0496197 0
0.956522 0.2343 -0.0494596 0
0.957021 0.2485 -0.0494854 100
0.958519 -0.2346 -0.0495629 100
0.953826 -0.2194 -0.0493202 40
0.954824 -0.2057 -0.0493718 100
0.951729 -0.1912 -0.0492117 100
0.95033 -0.1773 -0.0491395 100
0.951729 -0.1639 -0.0492117 100
0.951928 -0.1503 -0.0492221 100
0.952927 -0.1369 -0.0492737 100
0.952827 -0.1234 -0.0492685 0
0.953426 -0.11 -0.0492995 100
0.954824 -0.0968 -0.0493718 0
0.955124 -0.0834 -0.0493873 100
0.956123 -0.0701 -0.049439 100
0.956023 -0.0567 -0.0494338 100
0.956722 -0.0434 -0.0494699 0
0.956222 -0.0301 -0.0494441 0
0.955623 -0.0168 -0.0494131 100
0.960409 0.0065 -0.033706 100
0.961208 0.02 -0.0337341 100
0.961808 0.0335 -0.0337551 0
0.962308 0.047 -0.0337727 0
0.961508 0.0605 -0.0337446 0
0.960609 0.0739 -0.0337131 0
0.959409 0.0874 -0.033671 100
0.959109 0.1009 -0.0336604 0
0.95861 0.1144 -0.0336429 0
0.956911 0.1278 -0.0335833 0
0.956011 0.1413 -0.0335517 100
0.955911 0.155 -0.0335482 0
0.954612 0.1686 -0.0335026 0
0.956111 0.1827 -0.0335552 0
0.95841 0.197 -0.0336359 0
0.959409 0.2113 -0.033671 0
0.95831 0.2252 -0.0336324 100
0.960908 0.24 -0.0337236 100
0.963707 -0.2149 -0.0338218 9
0.95781 -0.1995 -0.0336149 100
0.956611 -0.1854 -0.0335728 100
0.956211 -0.1714 -0.0335587 100
0.957511 -0.1579 -0.0336043 0
0.959609 -0.1444 -0.033678 0
0.959509 -0.1307 -0.0336745 0
0.959309 -0.117 -0.0336675 100
0.959809 -0.1035 -0.033685 0
0.960209 -0.09 -0.033699 0
0.959409 -0.0764 -0.033671 0
0.959309 -0.0629 -0.0336675 0
0.960109 -0.0494 -0.0336955 0
0.959709 -0.0359 -0.0336815 0
0.960109 -0.0225 -0.0336955 0
0.960616 0.0037 -0.027168 100
0.959117 0.0305 -0.0271256 100
0.958617 0.0439 -0.0271115 0
0.958917 0.0574 -0.02712 0
0.958017 0.0708 -0.0270945 0
0.956917 0.0842 -0.0270634 100
0.956617 0.0976 -0.0270549 0
0.957217 0.1112 -0.0270719 0
0.956518 0.1247 -0.0270521 100
0.955718 0.1383 -0.0270295 100
0.954618 0.1518 -0.0269984 100
0.953419 0.1653 -0.0269645 0
0.954918 0.1793 -0.0270069 0
0.958217 0.1938 -0.0271002 0
0.960316 0.2083 -0.0271595 100
0.960216 0.2224 -0.0271567 0
0.959916 0.2365 -0.0271482 100
0.965214 0.2522 -0.0272981 100
0.95052 -0.2199 -0.0268825 19
0.958417 -0.2077 -0.0271058 32
0.962215 -0.1945 -0.0272132 100
0.954918 -0.1791 -0.0270069 100
0.953419 -0.1651 -0.0269645 0
0.954618 -0.1516 -0.0269984 0
0.955718 -0.1381 -0.0270295 100
0.956518 -0.1246 -0.0270521 0
0.958217 -0.1112 -0.0271002 100
0.959616 -0.0978 -0.0271397 100
0.960916 -0.0844 -0.0271765 0
0.961016 -0.0708 -0.0271793 0
0.960916 -0.0573 -0.0271765 100
0.960616 -0.0438 -0.027168 0
0.961116 -0.0304 -0.0271822 0
0.960516 -0.017 -0.0271652 0
0.963886 0.0025 -0.0148054 0
0.963786 0.016 -0.0148039 0
0.962486 0.0294 -0.0147839 0
0.961887 0.0428 -0.0147747 0
0.962286 0.0563 -0.0147808 100
0.962386 0.0698 -0.0147824 0
0.961287 0.0833 -0.0147655 0
0.960987 0.0968 -0.0147609 100
0.959587 0.1102 -0.0147394 0
0.958987 0.1237 -0.0147301 0
0.959087 0.1374 -0.0147317 0
0.960087 0.1512 -0.014747 0
0.962786 0.1655 -0.0147885 0
0.964286 0.1796 -0.0148115 0
0.963686 0.1935 -0.0148023 0
0.963786 0.2075 -0.0148039 100
0.961787 0.2212 -0.0147731 100
0.965386 0.2363 -0.0148284 100
0.964986 -0.2161 -0.0148223 18
0.961087 -0.2012 -0.0147624 100
0.961787 -0.1873 -0.0147731 0
0.958387 -0.1728 -0.0147209 100
0.957787 -0.1589 -0.0147117 100
0.958887 -0.1454 -0.0147286 100
0.958887 -0.1317 -0.0147286 100
0.959587 -0.1182 -0.0147394 0
0.959187 -0.1046 -0.0147332 100
0.958587 -0.091 -0.014724 100
0.958787 -0.0775 -0.0147271 100
0.959787 -0.0641 -0.0147424 100
0.960587 -0.0507 -0.0147547 0
0.960187 -0.0372 -0.0147486 100
0.960587 -0.0238 -0.0147547 0
0.962957 0.0005 -0.00907593 100
0.962857 0.014 -0.00907499 0
0.961557 0.0274 -0.00906273 100
0.962057 0.0409 -0.00906745 0
0.961457 0.0544 -0.00906179 100
0.960557 0.0678 -0.00905331 0
0.960557 0.0813 -0.00905331 100
0.960257 0.0949 -0.00905048 0
0.960857 0.1085 -0.00905614 100
0.959257 0.122 -0.00904106 0
0.958457 0.1355 -0.00903352 100
0.959357 0.1494 -0.009042 100
0.963157 0.1638 -0.00907781 0
0.963657 0.1778 -0.00908252 0
0.964057 0.1919 -0.00908629 0
0.965157 0.2062 -0.00909666 100
0.963157 0.2199 -0.00907781 100
0.963857 0.2343 -0.00908441 100
0.961457 -0.2186 -0.00906179 33
0.959457 -0.204 -0.00904294 100
0.961257 -0.1904 -0.00905991 100
0.960857 -0.1764 -0.00905614 100
0.958357 -0.1621 -0.00903257 0
0.958557 -0.1484 -0.00903446 100
0.958557 -0.1347 -0.00903446 100
0.959357 -0.1211 -0.009042 100
0.959957 -0.1076 -0.00904765 0
0.960357 -0.094 -0.00905142 100
0.960557 -0.0805 -0.00905331 0
0.961657 -0.067 -0.00906368 0
0.962457 -0.0536 -0.00907122 100
0.962157 -0.04 -0.00906839 0
0.961557 -0.0266 -0.00906273 100
0.963892 0.0104 -0.00403756 100
0.963692 0.0239 -0.00403673 100
0.962292 0.0373 -0.00403086 0
0.961692 0.0507 -0.00402835 100
0.961892 0.0642 -0.00402919 100
0.962892 0.0778 -0.00403337 100
0.961692 0.0913 -0.00402835 100
0.961292 0.1048 -0.00402667 100
0.960692 0.1183 -0.00402416 100
0.961992 0.1321 -0.0040296 0
0.964992 0.1463 -0.00404217 100
0.966792 0.1604 -0.00404971 0
0.967392 0.1744 -0.00405222 100
0.966792 0.1883 -0.00404971 100
0.966092 0.2022 -0.00404678 100
0.966092 0.2163 -0.00404678 100
0.965892 0.2305 -0.00404594 100
0.969391 0.2457 -0.0040606 100
0.966792 -0.2082 -0.00404971 100
0.965692 -0.1939 -0.0040451 0
0.967392 -0.1802 -0.00405222 0
0.966792 -0.1661 -0.00404971 100
0.965092 -0.152 -0.00404259 100
0.962192 -0.1378 -0.00403044 100
0.959992 -0.1238 -0.00402123 0
0.960692 -0.1103 -0.00402416 100
0.961092 -0.0968 -0.00402583 100
0.961392 -0.0833 -0.00402709 100
0.962492 -0.0698 -0.0040317 0
0.962392 -0.0563 -0.00403128 100
0.962992 -0.0429 -0.00403379 0
0.963592 -0.0294 -0.00403631 0
0.963892 -0.016 -0.00403756 100
0.963984 0.0091 0.00555221 100
0.963684 0.0225 0.00555048 0
0.964284 0.036 0.00555394 0
0.964684 0.0496 0.00555624 0
0.963884 0.063 0.00555164 100
0.962984 0.0765 0.00554645 100
0.962784 0.09 0.0055453 0
0.964384 0.1038 0.00555451 0
0.964884 0.1175 0.00555739 100
0.963084 0.131 0.00554703 0
0.963184 0.1447 0.0055476 0
0.966984 0.1591 0.00556949 0
0.968584 0.1733 0.0055787 100
0.968084 0.1872 0.00557582 100
0.968284 0.2013 0.00557698 0
0.967284 0.2153 0.00557122 0
0.967184 0.2294 0.00557064 100
0.971584 0.2449 0.00559598 100
0.966984 -0.2074 0.00556949 100
0.964884 -0.1929 0.00555739 100
0.966484 -0.1792 0.00556661 100
0.966984 -0.1654 0.00556949 100
0.966184 -0.1514 0.00556488 100
0.962284 -0.137 0.00554242 100
0.961084 -0.1232 0.00553551 100
0.961784 -0.1096 0.00553954 0
0.961184 -0.096 0.00553608 100
0.960484 -0.0824 0.00553205 0
0.961484 -0.069 0.00553781 100
0.962384 -0.0555 0.005543 100
0.963084 -0.0421 0.00554703 100
0.963584 -0.0286 0.00554991 100
0.963884 -0.0151 0.00555164 100
0.965841 0.003 0.0175333 0
0.965741 0.0165 0.0175315 100
0.966341 0.03 0.0175424 0
0.965841 0.0435 0.0175333 0
0.965141 0.057 0.0175206 0
0.965241 0.0705 0.0175224 100
0.966141 0.0842 0.0175388 0
0.967941 0.0979 0.0175714 100
0.96844 0.1117 0.0175805 100
0.96974 0.1256 0.0176041 100
0.97084 0.1395 0.0176241 100
0.97084 0.1534 0.0176241 100
0.97054 0.1672 0.0176186 100
0.97004 0.1811 0.0176095 100
0.97044 0.1952 0.0176168 100
0.96954 0.2092 0.0176005 100
0.96844 0.2231 0.0175805 100
0.97104 0.2381 0.0176277 100
0.967141 -0.22 0.0175569 16
0.967141 -0.2058 0.0175569 100
0.96894 -0.1921 0.0175896 0
0.96964 -0.1782 0.0176023 100
0.97104 -0.1645 0.0176277 0
0.97224 -0.1508 0.0176495 100
0.97124 -0.1368 0.0176313 100
0.96814 -0.1226 0.0175751 0
0.965741 -0.1086 0.0175315 100
0.965141 -0.0949 0.0175206 100
0.965441 -0.0814 0.0175261 100
0.966441 -0.0679 0.0175442 100
0.966341 -0.0543 0.0175424 100
0.965941 -0.0408 0.0175351 100
0.966441 -0.0273 0.0175442 100
0.965741 -0.0138 0.0175315 100
0.967641 0.0056 0.0263526 100
0.968441 0.0191 0.0263744 0
0.968141 0.0326 0.0263662 0
0.967541 0.0461 0.0263499 100
0.966842 0.0597 0.0263308 0
0.966842 0.0732 0.0263308 100
0.965742 0.0867 0.0263009 0
0.966442 0.1004 0.0263199 100
0.96994 0.1145 0.0264152 100
0.97124 0.1284 0.0264506 0
0.97034 0.1421 0.0264261 100
0.97014 0.156 0.0264207 100
0.97084 0.17 0.0264397 0
0.97134 0.1841 0.0264533 100
0.97064 0.1981 0.0264343 100
0.96974 0.212 0.0264098 100
0.967641 0.2258 0.0263526 0
0.967341 0.24 0.0263444 100
0.967141 -0.2146 0.026339 7
0.966142 -0.2003 0.0263118 100
0.967841 -0.1866 0.0263581 100
0.967341 -0.1725 0.0263444 100
0.967741 -0.1587 0.0263553 100
0.968841 -0.145 0.0263853 100
0.967841 -0.1311 0.0263581 100
0.965542 -0.117 0.0262954 100
0.965142 -0.1033 0.0262846 100
0.966442 -0.0899 0.0263199 0
0.967641 -0.0763 0.0263526 0
0.967641 -0.0628 0.0263526 100
0.967441 -0.0492 0.0263472 100
0.967941 -0.0357 0.0263608 0
0.967341 -0.0221 0.0263444 100
0.96726 0.001 0.0378347 100
0.96716 0.0145 0.0378308 100
0.966861 0.0281 0.0378191 0
0.966361 0.0416 0.0377995 100
0.965662 0.0551 0.0377721 100
0.96786 0.0688 0.0378581 100
0.971757 0.0828 0.0380106 100
0.974455 0.0968 0.0381161 100
0.974055 0.1105 0.0381005 100
0.973356 0.1243 0.0380731 100
0.971557 0.1379 0.0380028 100
0.970458 0.1516 0.0379598 100
0.971257 0.1657 0.037991 100
0.970758 0.1796 0.0379715 100
0.970158 0.1936 0.037948 100
0.970258 0.2078 0.0379519 100
0.970158 0.222 0.037948 100
0.969958 0.2363 0.0379402 100
0.977153 0.2526 0.0382216 100
0.970258 -0.2392 0.0379519 100
0.969559 -0.2247 0.0379246 100
0.970658 -0.2107 0.0379676 100
0.971557 -0.1967 0.0380028 100
0.972256 -0.1827 0.0380301 0
0.972756 -0.1687 0.0380497 100
0.973056 -0.1548 0.0380614 100
0.973156 -0.1409 0.0380653 100
0.973955 -0.1271 0.0380966 100
0.974655 -0.1134 0.0381239 100
0.974155 -0.0995 0.0381044 100
0.972456 -0.0856 0.0380379 100
0.968659 -0.0716 0.0378894 100
0.96756 -0.0579 0.0378464 100
0.96726 -0.0444 0.0378347 100
0.966761 -0.0308 0.0378151 100
0.966061 -0.0172 0.0377878 100
0.96786 0.003 0.0469976 100
0.966761 0.0166 0.0469442 100
0.966361 0.0301 0.0469248 100
0.966861 0.0436 0.0469491 100
0.96716 0.0572 0.0469636 100
0.96726 0.0708 0.0469685 100
0.968159 0.0845 0.0470121 100
0.971855 0.0986 0.0471916 100
0.973353 0.1125 0.0472643 100
0.972754 0.1262 0.0472352 100
0.972854 0.1401 0.0472401 0
0.972754 0.154 0.0472352 0
0.973453 0.1681 0.0472692 100
0.973952 0.1823 0.0472934 100
0.974252 0.1965 0.047308 100
0.973353 0.2105 0.0472643 100
0.971355 0.2243 0.0471673 100
0.972954 0.2391 0.0472449 100
0.968659 -0.2269 0.0470364 100
0.970756 -0.2131 0.0471382 100
0.970656 -0.1989 0.0471334 100
0.971455 -0.185 0.0471722 100
0.971955 -0.171 0.0471964 0
0.972254 -0.1571 0.047211 100
0.971355 -0.143 0.0471673 100
0.971355 -0.1292 0.0471673 100
0.973053 -0.1156 0.0472498 100
0.973553 -0.1018 0.047274 100
0.970856 -0.0878 0.0471431 100
0.967061 -0.0739 0.0469588 100
0.965962 -0.0602 0.0469054 100
0.965762 -0.0466 0.0468957 100
0.966262 -0.0331 0.04692 100
0.965662 -0.0196 0.0468909 100
0.96789 0.0046 0.0639478 100
0.96769 0.0181 0.0639346 100
0.969387 0.0317 0.0640467 0
0.973777 0.0456 0.0643368 100
0.976072 0.0594 0.0644884 100
0.976172 0.0731 0.064495 100
0.97697 0.087 0.0645478 100
0.977668 0.1008 0.0645939 100
0.97717 0.1146 0.0645609 100
0.976471 0.1285 0.0645148 0
0.976571 0.1424 0.0645214 100
0.977469 0.1565 0.0645807 100
0.978068 0.1707 0.0646203 100
0.977569 0.1848 0.0645873 0
0.97687 0.1989 0.0645412 100
0.977868 0.2134 0.0646071 100
0.977768 0.2277 0.0646005 100
0.980263 0.2428 0.0647653 100
0.967291 -0.2373 0.0639083 100
0.969486 -0.2235 0.0640533 100
0.969586 -0.2093 0.0640599 100
0.970484 -0.1953 0.0641192 100
0.971183 -0.1813 0.0641654 100
0.970584 -0.1672 0.0641258 100
0.971881 -0.1534 0.0642115 0
0.972979 -0.1396 0.064284 100
0.973777 -0.1258 0.0643368 100
0.974475 -0.1121 0.0643829 100
0.974974 -0.0983 0.0644159 0
0.974276 -0.0845 0.0643698 0
0.975274 -0.0708 0.0644357 0
0.97717 -0.0572 0.0645609 100
0.978866 -0.0436 0.064673 100
0.978367 -0.0298 0.06464 100
0.97677 -0.0161 0.0645346 100
0.971519 0.0044 0.0694689 100
0.973315 0.018 0.0695973 100
0.974013 0.0316 0.0696473 100
0.975509 0.0453 0.0697542 100
0.977704 0.0591 0.0699112 100
0.977803 0.0728 0.0699183 100
0.977704 0.0866 0.0699112 100
0.978402 0.1004 0.0699611 100
0.977903 0.1142 0.0699254 100
0.976207 0.1278 0.0698042 100
0.976307 0.1417 0.0698113 0
0.976207 0.1556 0.0698042 0
0.975908 0.1696 0.0697828 100
0.97541 0.1835 0.0697471 100
0.974711 0.1975 0.0696972 100
0.975809 0.212 0.0697756 100
0.975709 0.2262 0.0697685 100
0.978302 0.2413 0.0699539 100
0.969724 -0.2342 0.0693406 100
0.969026 -0.2197 0.0692906 100
0.970921 -0.206 0.0694262 100
0.971819 -0.192 0.0694904 100
0.97142 -0.1779 0.0694618 100
0.971819 -0.164 0.0694904 100
0.973016 -0.1503 0.0695759 100
0.974013 -0.1365 0.0696473 100
0.974811 -0.1228 0.0697043 100
0.974412 -0.109 0.0696758 100
0.973913 -0.0952 0.0696401 100
0.974113 -0.0815 0.0696544 100
0.97511 -0.0679 0.0697257 100
0.975011 -0.0542 0.0697186 100
0.975709 -0.0406 0.0697685 100
0.973115 -0.0269 0.0695831 100
0.980089 0.0015 0.087643 100
0.97999 0.0153 0.0876341 100
0.980687 0.0291 0.0876965 100
0.980189 0.0428 0.087652 100
0.979492 0.0566 0.0875896 100
0.978595 0.0703 0.0875094 100
0.979492 0.0842 0.0875896 100
0.979193 0.098 0.0875629 100
0.977798 0.1117 0.0874382 100
0.977101 0.1256 0.0873758 100
0.976205 0.1394 0.0872957 100
0.976205 0.1534 0.0872957 100
0.975906 0.1674 0.087269 100
0.9774 0.1818 0.0874026 100
0.979691 0.1965 0.0876074 100
0.981683 0.2112 0.0877856 100
0.980587 0.2254 0.0876876 100
0.984173 0.2408 0.0880082 100
0.974113 -0.2315 0.0871086 100
0.977201 -0.2178 0.0873848 100
0.976205 -0.2033 0.0872957 100
0.976005 -0.189 0.0872779 100
0.976603 -0.1749 0.0873313 100
0.977001 -0.1609 0.0873669 100
0.978197 -0.147 0.0874738 100
0.978097 -0.133 0.0874649 100
0.978894 -0.1192 0.0875362 100
0.979492 -0.1053 0.0875896 100
0.978894 -0.0914 0.0875362 100
0.978994 -0.0776 0.0875451 100
0.977997 -0.0637 0.087456 100
0.978794 -0.05 0.0875273 100
0.978396 -0.0362 0.0874916 100
0.978794 -0.0225 0.0875273 100
0.977674 0.001 0.0920731 100
0.977574 0.0148 0.0920637 100
0.977276 0.0285 0.0920356 100
0.977774 0.0423 0.0920825 100
0.977077 0.056 0.0920168 100
0.977176 0.0698 0.0920262 100
0.976181 0.0835 0.0919325 100
0.976878 0.0974 0.0919981 100
0.97638 0.1112 0.0919512 100
0.975782 0.125 0.0918949 100
0.975882 0.139 0.0919043 100
0.975782 0.153 0.0918949 100
0.974588 0.1669 0.0917824 100
0.975085 0.1811 0.0918293 100
0.978371 0.1959 0.0921387 100
0.979367 0.2105 0.0922325 100
0.980263 0.2251 0.0923169 100
0.978968 0.2393 0.092195 100
0.981358 0.2546 0.09242 100
0.975782 -0.227 0.0918949 100
0.977873 -0.213 0.0920919 100
0.974886 -0.1981 0.0918106 100
0.973592 -0.1836 0.0916887 100
0.97409 -0.1696 0.0917356 100
0.973393 -0.1554 0.0916699 100
0.974488 -0.1416 0.0917731 100
0.975384 -0.1278 0.0918574 100
0.976081 -0.1139 0.0919231 100
0.975583 -0.1 0.0918762 100
0.975882 -0.0862 0.0919043 100
0.975982 -0.0724 0.0919137 100
0.977873 -0.0588 0.0920919 100
0.977674 -0.045 0.0920731 100
0.978172 -0.0313 0.09212 100
0.977475 -0.0175 0.0920543 100
0.980083 0.0098 0.107856 100
0.981773 0.0236 0.108042 100
0.981375 0.0374 0.107998 100
0.981773 0.0513 0.108042 100
0.981972 0.0651 0.108064 100
0.981872 0.079 0.108053 100
0.981674 0.0929 0.108031 100
0.980282 0.1067 0.107878 100
0.979785 0.1206 0.107823 100
0.979984 0.1346 0.107845 100
0.97899 0.1485 0.107736 100
0.98068 0.1629 0.107922 100
0.983264 0.1775 0.108206 100
0.983662 0.1919 0.10825 100
0.983761 0.2063 0.108261 100
0.984656 0.221 0.108359 100
0.982469 0.235 0.108118 100
0.985848 0.2505 0.10849 100
0.981276 -0.24 0.107987 100
0.979686 -0.2251 0.107812 100
0.981773 -0.2111 0.108042 100
0.98068 -0.1965 0.107922 100
0.977499 -0.1816 0.107572 100
0.977002 -0.1674 0.107517 100
0.977201 -0.1533 0.107539 100
0.9773 -0.1393 0.10755 100
0.977101 -0.1253 0.107528 100
0.977797 -0.1114 0.107604 100
0.978294 -0.0976 0.107659 100
0.978493 -0.0837 0.107681 100
0.978592 -0.0699 0.107692 100
0.978493 -0.0561 0.107681 100
0.979189 -0.0423 0.107757 100
0.979686 -0.0286 0.107812 100
0.97899 -0.0148 0.107736 100
0.979681 0.0072 0.111447 100
0.98147 0.021 0.111651 100
0.982066 0.0349 0.111719 100
0.980476 0.0486 0.111538 100
0.980675 0.0625 0.11156 100
0.980774 0.0763 0.111572 100
0.982563 0.0904 0.111775 100
0.983159 0.1044 0.111843 100
0.983556 0.1184 0.111888 100
0.983854 0.1325 0.111922 100
0.984848 0.1468 0.112035 100
0.98763 0.1614 0.112352 100
0.988226 0.1758 0.112419 100
0.98763 0.19 0.112352 100
0.987829 0.2045 0.112374 100
0.988723 0.2192 0.112476 100
0.986537 0.2334 0.112227 100
0.98614 0.2479 0.112182 100
0.980576 -0.2287 0.111549 100
0.979681 -0.214 0.111447 100
0.977694 -0.1992 0.111221 100
0.975508 -0.1845 0.110973 100
0.974117 -0.1701 0.110814 100
0.975309 -0.1562 0.11095 100
0.976402 -0.1424 0.111074 100
0.977297 -0.1285 0.111176 100
0.978986 -0.1147 0.111368 100
0.979582 -0.1009 0.111436 100
0.97988 -0.087 0.11147 100
0.979979 -0.0731 0.111481 100
0.97988 -0.0593 0.11147 100
0.979681 -0.0455 0.111447 100
0.979185 -0.0317 0.111391 100
0.979483 -0.0179 0.111425 100
0.97889 0.0045 0.126267 100
0.980675 0.0183 0.126497 100
0.980378 0.0321 0.126459 100
0.979783 0.0459 0.126382 100
0.98008 0.0597 0.126421 100
0.980179 0.0735 0.126433 100
0.980973 0.0875 0.126536 100
0.980675 0.1014 0.126497 100
0.980179 0.1153 0.126433 100
0.979485 0.1292 0.126344 100
0.980576 0.1434 0.126485 100
0.983353 0.1579 0.126843 100
0.98494 0.1724 0.127047 100
0.986428 0.187 0.127239 100
0.986626 0.2015 0.127265 100
0.986626 0.216 0.127265 100
0.984543 0.23 0.126996 100
0.985138 0.2448 0.127073 100
0.984146 -0.2274 0.126945 100
0.983254 -0.2127 0.12683 100
0.983254 -0.1982 0.12683 100
0.983948 -0.184 0.12692 100
0.98246 -0.1695 0.126728 100
0.980774 -0.155 0.12651 100
0.97889 -0.1407 0.126267 100
0.979783 -0.1268 0.126382 100
0.980477 -0.1129 0.126472 100
0.980973 -0.099 0.126536 100
0.980278 -0.085 0.126446 100
0.980278 -0.0711 0.126446 100
0.981171 -0.0573 0.126561 100
0.980874 -0.0435 0.126523 100
0.980477 -0.0297 0.126472 100
0.979783 -0.0158 0.126382 100
0.981784 0.0067 0.134837 100
0.983567 0.0206 0.135082 100
0.983171 0.0344 0.135027 100
0.983567 0.0483 0.135082 100
0.982874 0.0621 0.134987 100
0.982874 0.076 0.134987 100
0.982676 0.0899 0.134959 100
0.98436 0.1041 0.135191 100
0.985747 0.1183 0.135381 100
0.986936 0.1325 0.135544 100
0.987926 0.1468 0.13568 100
0.987827 0.161 0.135667 100
0.989413 0.1756 0.135885 100
0.991691 0.1904 0.136197 100
0.991889 0.205 0.136225 100
0.991889 0.2196 0.136225 100
0.991691 0.2342 0.136197 100
0.996942 0.2503 0.136919 100
0.980595 -0.2292 0.134674 100
0.981784 -0.2149 0.134837 100
0.981685 -0.2005 0.134823 100
0.980496 -0.186 0.13466 100
0.980001 -0.1716 0.134592 100
0.978416 -0.1572 0.134374 100
0.977524 -0.143 0.134252 100
0.978416 -0.1291 0.134374 100
0.9801 -0.1153 0.134606 100
0.979605 -0.1013 0.134538 100
0.979902 -0.0874 0.134578 100
0.9801 -0.0736 0.134606 100
0.980992 -0.0598 0.134728 100
0.980694 -0.0459 0.134687 100
0.981289 -0.0321 0.134769 100
0.981586 -0.0183 0.13481 100
0.979361 0.0031 0.151438 100
0.979262 0.0169 0.151423 100
0.979855 0.0307 0.151514 100
0.979361 0.0444 0.151438 100
0.978669 0.0582 0.151331 100
0.979756 0.072 0.151499 100
0.980645 0.086 0.151637 100
0.980349 0.0998 0.151591 100
0.979855 0.1137 0.151514 100
0.98114 0.1278 0.151713 100
0.985192 0.1425 0.15234 100
0.987959 0.1571 0.152768 100
0.989639 0.1716 0.153027 100
0.989145 0.1858 0.152951 100
0.987464 0.1999 0.152691 100
0.987563 0.2144 0.152706 100
0.985488 0.2285 0.152385 100
0.985093 0.243 0.152324 100
0.980942 -0.2304 0.151683 100
0.984006 -0.2166 0.152156 100
0.984994 -0.2023 0.152309 100
0.984697 -0.1879 0.152263 100
0.98529 -0.1737 0.152355 100
0.985587 -0.1595 0.152401 100
0.983808 -0.1451 0.152126 100
0.980744 -0.1306 0.151652 100
0.979558 -0.1165 0.151469 100
0.981041 -0.1027 0.151698 100
0.983314 -0.089 0.152049 100
0.982523 -0.075 0.151927 100
0.981436 -0.0611 0.151759 100
0.981238 -0.0473 0.151728 100
0.980744 -0.0335 0.151652 100
0.980151 -0.0197 0.15156 100
0.980155 0.0135 0.158575 100
0.980846 0.0275 0.158687 100
0.982327 0.0414 0.158926 100
0.983709 0.0555 0.15915 100
0.984795 0.0696 0.159326 100
0.983709 0.0836 0.15915 100
0.9844 0.0977 0.159262 100
0.985881 0.112 0.159501 100
0.986276 0.1262 0.159565 100
0.985387 0.1403 0.159421 100
0.987263 0.1549 0.159725 100
0.987954 0.1694 0.159837 100
0.988349 0.184 0.159901 100
0.988645 0.1985 0.159948 100
0.989632 0.2134 0.160108 100
0.987559 0.2276 0.159773 100
0.989138 0.2428 0.160028 100
0.982722 -0.2357 0.15899 100
0.984894 -0.2215 0.159342 100
0.985979 -0.2071 0.159517 100
0.984795 -0.1923 0.159326 100
0.983512 -0.1777 0.159118 100
0.983907 -0.1634 0.159182 100
0.985091 -0.1492 0.159374 100
0.983117 -0.1347 0.159054 100
0.980057 -0.1201 0.158559 100
0.978675 -0.1059 0.158335 100
0.978971 -0.0919 0.158383 100
0.979168 -0.0779 0.158415 100
0.979168 -0.064 0.158415 100
0.978971 -0.05 0.158383 100
0.979563 -0.0361 0.158479 100
0.981044 -0.0222 0.158719 100
0.981878 0.0059 0.16713 100
0.98168 0.0198 0.167096 100
0.981286 0.0337 0.167029 100
0.982765 0.0477 0.167281 100
0.984934 0.0618 0.16765 100
0.983948 0.0758 0.167482 100
0.982863 0.0897 0.167298 100
0.984441 0.1039 0.167566 100
0.985821 0.1182 0.167801 100
0.986117 0.1325 0.167852 100
0.986117 0.1467 0.167852 100
0.986905 0.1611 0.167986 100
0.986511 0.1755 0.167919 100
0.983258 0.2037 0.167365 100
0.982272 0.2181 0.167197 100
0.981089 0.2324 0.166996 100
0.98168 0.2473 0.167096 100
0.979314 -0.2313 0.166694 100
0.982469 -0.2174 0.167231 100
0.984342 -0.2032 0.167549 100
0.984145 -0.1887 0.167516 100
0.982765 -0.1741 0.167281 100
0.983159 -0.1598 0.167348 100
0.984244 -0.1457 0.167533 100
0.982272 -0.1312 0.167197 100
0.979117 -0.1167 0.16666 100
0.977638 -0.1025 0.166408 100
0.97892 -0.0887 0.166627 100
0.979117 -0.0747 0.16666 100
0.979019 -0.0608 0.166643 100
0.978822 -0.0468 0.16661 100
0.979413 -0.033 0.16671 100
0.978723 -0.0191 0.166593 100
0.984354 0.0115 0.16985 100
0.990069 0.0256 0.170837 100
0.990562 0.0397 0.170922 100
0.990956 0.0538 0.17099 100
0.99204 0.068 0.171177 100
0.99204 0.0822 0.171177 100
0.99273 0.0964 0.171296 100
0.992237 0.1106 0.171211 100
0.991646 0.1248 0.171109 100
0.991744 0.1391 0.171126 100
0.991744 0.1535 0.171126 100
0.990463 0.1677 0.170905 100
0.989971 0.1821 0.17082 100
0.989379 0.1965 0.170718 100
0.988492 0.2109 0.170565 100
0.988295 0.2256 0.170531 100
0.992828 0.2415 0.171313 100
0.9812 -0.2348 0.169306 100
0.982383 -0.2204 0.16951 100
0.984354 -0.2062 0.16985 100
0.985241 -0.1919 0.170004 100
0.985832 -0.1775 0.170106 100
0.985241 -0.163 0.170004 100
0.984452 -0.1486 0.169867 100
0.984452 -0.1344 0.169867 100
0.985241 -0.1203 0.170004 100
0.982875 -0.1058 0.169595 100
0.982284 -0.0917 0.169493 100
0.983467 -0.0778 0.169697 100
0.983467 -0.0637 0.169697 100
0.982284 -0.0497 0.169493 100
0.982875 -0.0357 0.169595 100
0.984255 -0.0218 0.169833 100
0.981043 0.0099 0.188564 100
0.985658 0.024 0.189451 100
0.986247 0.0381 0.189564 100
0.986542 0.0522 0.189621 100
0.985756 0.0662 0.18947 100
0.985756 0.0803 0.18947 100
0.986542 0.0946 0.189621 100
0.987033 0.1088 0.189715 100
0.986444 0.123 0.189602 100
0.985658 0.1371 0.189451 100
0.98556 0.1515 0.189432 100
0.986346 0.166 0.189583 100
0.985855 0.1803 0.189489 100
0.985265 0.1948 0.189376 100
0.984382 0.2092 0.189206 100
0.984283 0.2238 0.189187 100
0.989684 0.2399 0.190225 100
0.978588 -0.2359 0.188092 100
0.979766 -0.2215 0.188319 100
0.980748 -0.2071 0.188507 100
0.981632 -0.1928 0.188677 100
0.982221 -0.1784 0.18879 100
0.982614 -0.1641 0.188866 100
0.981926 -0.1496 0.188734 100
0.980944 -0.1352 0.188545 100
0.979766 -0.1209 0.188319 100
0.977409 -0.1065 0.187866 100
0.97682 -0.0924 0.187752 0
0.980944 -0.0787 0.188545 100
0.981926 -0.0647 0.188734 100
0.978784 -0.0506 0.18813 100
0.977409 -0.0365 0.187866 100
0.977802 -0.0226 0.187941 100
0.98461 0.011 0.195851 100
0.985395 0.0251 0.196007 100
0.984905 0.0391 0.19591 100
0.985297 0.0532 0.195988 100
0.985395 0.0673 0.196007 100
0.984414 0.0813 0.195812 100
0.984218 0.0955 0.195773 100
0.985689 0.1098 0.196066 100
0.987062 0.1242 0.196339 100
0.98716 0.1385 0.196358 100
0.98716 0.1529 0.196358 100
0.986866 0.1672 0.1963 100
0.987357 0.1818 0.196397 100
0.98667 0.1962 0.196261 100
0.986768 0.2109 0.19628 100
0.987651 0.2258 0.196456 100
0.986376 0.2403 0.196202 100
0.988632 0.2558 0.196651 1
0.981668 -0.2257 0.195266 100
0.982747 -0.2113 0.19548 100
0.98363 -0.1969 0.195656 100
0.984218 -0.1825 0.195773 100
0.983728 -0.168 0.195676 100
0.985003 -0.1538 0.195929 100
0.986081 -0.1396 0.196144 100
0.986866 -0.1254 0.1963 100
0.987553 -0.1112 0.196436 100
0.987945 -0.0971 0.196514 100
0.988239 -0.0829 0.196573 100
0.988337 -0.0687 0.196593 100
0.98716 -0.0545 0.196358 100
0.986866 -0.0404 0.1963 100
0.985395 -0.0263 0.196007 100
0.982574 0.0126 0.210646 100
0.984237 0.0268 0.211002 100
0.984823 0.0409 0.211128 100
0.986094 0.0551 0.2114 100
0.986192 0.0693 0.211421 100
0.98805 0.0837 0.21182 100
0.988832 0.098 0.211987 100
0.987365 0.1122 0.211673 100
0.986681 0.1264 0.211526 100
0.985801 0.1407 0.211337 100
0.985703 0.1551 0.211316 100
0.98541 0.1695 0.211254 100
0.984921 0.184 0.211149 100
0.986192 0.1988 0.211421 100
0.988148 0.214 0.211841 100
0.986094 0.2283 0.2114 100
0.988539 0.2439 0.211924 100
0.980717 -0.2386 0.210247 100
0.98101 -0.2239 0.21031 100
0.981108 -0.2092 0.210331 100
0.981988 -0.1947 0.21052 100
0.982672 -0.1803 0.210667 100
0.984041 -0.166 0.21096 100
0.984237 -0.1516 0.211002 100
0.984334 -0.1372 0.211023 100
0.982183 -0.1226 0.210562 100
0.982868 -0.1084 0.210709 100
0.983259 -0.0943 0.210792 100
0.982477 -0.08 0.210625 100
0.981499 -0.0658 0.210415 100
0.980423 -0.0516 0.210185 100
0.981988 -0.0376 0.21052 100
0.983357 -0.0236 0.210813 100
0.986785 0.0102 0.219488 100
0.986589 0.0244 0.219444 100
0.985223 0.0384 0.21914 100
0.98454 0.0525 0.218988 100
0.984735 0.0667 0.219032 100
0.985711 0.0809 0.219249 100
0.986394 0.0952 0.219401 100
0.98698 0.1096 0.219531 100
0.986297 0.1238 0.219379 100
0.986492 0.1382 0.219423 100
0.985516 0.1524 0.219206 100
0.985223 0.1668 0.21914 100
0.984735 0.1813 0.219032 100
0.985125 0.1959 0.219119 100
0.987077 0.211 0.219553 100
0.988835 0.2262 0.219944 100
0.986687 0.2406 0.219466 100
0.988932 0.2562 0.219965 1
0.980635 -0.2275 0.21812 100
0.981709 -0.213 0.218359 100
0.981611 -0.1984 0.218337 100
0.981318 -0.1837 0.218272 100
0.981806 -0.1693 0.21838 100
0.983075 -0.1551 0.218663 100
0.984149 -0.1409 0.218902 100
0.984051 -0.1265 0.21888 100
0.984735 -0.1123 0.219032 100
0.984149 -0.098 0.218902 100
0.983466 -0.0838 0.21875 100
0.982587 -0.0695 0.218554 100
0.98249 -0.0554 0.218532 100
0.982197 -0.0413 0.218467 100
0.982587 -0.0272 0.218554 100
0.982622 0.0025 0.229206 100
0.983498 0.0166 0.22941 100
0.983109 0.0307 0.229319 100
0.983596 0.0448 0.229433 100
0.983888 0.059 0.229501 100
0.984959 0.0732 0.229751 100
0.986712 0.0876 0.23016 100
0.987394 0.1019 0.230319 100
0.985933 0.1161 0.229978 100
0.98418 0.1302 0.229569 100
0.984277 0.1446 0.229592 100
0.98418 0.159 0.229569 100
0.982817 0.1733 0.229251 100
0.983304 0.1879 0.229365 100
0.985349 0.2029 0.229842 100
0.986323 0.2179 0.230069 100
0.985154 0.2325 0.229796 100
0.985738 0.2475 0.229933 1
0.978532 -0.2398 0.228252 100
0.978824 -0.2251 0.22832 100
0.979895 -0.2106 0.22857 100
0.980772 -0.1961 0.228774 100
0.980479 -0.1815 0.228706 100
0.981843 -0.1673 0.229024 100
0.983109 -0.153 0.229319 100
0.983109 -0.1387 0.229319 100
0.983011 -0.1243 0.229297 100
0.982622 -0.11 0.229206 100
0.983109 -0.0958 0.229319 100
0.983304 -0.0816 0.229365 100
0.982427 -0.0674 0.22916 100
0.980285 -0.0531 0.228661 100
0.979895 -0.039 0.22857 100
0.980382 -0.025 0.228683 100
0.983827 0.0102 0.232386 100
0.984606 0.0243 0.232569 100
0.984216 0.0384 0.232478 100
0.985482 0.0526 0.232776 100
0.987623 0.0669 0.233282 100
0.988596 0.0812 0.233512 100
0.988304 0.0955 0.233443 100
0.986941 0.1096 0.233121 100
0.986357 0.1239 0.232983 100
0.985482 0.1381 0.232776 100
0.986455 0.1527 0.233006 100
0.986163 0.1671 0.232937 100
0.985774 0.1815 0.232845 100
0.987915 0.1966 0.233351 100
0.988985 0.2115 0.233604 100
0.987915 0.2261 0.233351 100
0.991418 0.2419 0.234179 100
0.981005 -0.2304 0.231719 100
0.983049 -0.2161 0.232202 100
0.981102 -0.2011 0.231742 100
0.979934 -0.1863 0.231466 100
0.980421 -0.1719 0.231581 100
0.981783 -0.1577 0.231903 100
0.982854 -0.1435 0.232156 100
0.982757 -0.1291 0.232133 100
0.982465 -0.1148 0.232064 100
0.983925 -0.1007 0.232409 100
0.984216 -0.0865 0.232478 100
0.984314 -0.0724 0.232501 100
0.984216 -0.0582 0.232478 100
0.983925 -0.0441 0.232409 100
0.984508 -0.03 0.232546 100
0.9848 -0.0159 0.232615 100
0.985012 0.0117 0.240302 100
0.983846 0.0258 0.240018 100
0.98336 0.04 0.239899 100
0.982874 0.0683 0.239781 100
0.983749 0.0826 0.239994 100
0.984526 0.0969 0.240184 100
0.985012 0.1113 0.240302 100
0.985303 0.1257 0.240373 100
0.985498 0.1401 0.240421 100
0.9854 0.1546 0.240397 100
0.985109 0.1691 0.240326 100
0.985595 0.1838 0.240444 100
0.98676 0.1987 0.240729 100
0.987829 0.2137 0.240989 100
0.987635 0.2286 0.240942 100
0.991035 0.2444 0.241772 100
0.980154 -0.2263 0.239117 100
0.982194 -0.2119 0.239615 100
0.980251 -0.1968 0.239141 100
0.978988 -0.182 0.238833 100
0.979474 -0.1676 0.238951 100
0.98064 -0.1533 0.239236 100
0.980737 -0.1389 0.239259 100
0.982486 -0.1248 0.239686 100
0.984137 -0.1107 0.240089 100
0.984526 -0.0964 0.240184 100
0.984817 -0.0822 0.240255 100
0.985789 -0.068 0.240492 100
0.985692 -0.0537 0.240468 100
0.987246 -0.0396 0.240847 100
0.98676 -0.0254 0.240729 100
0.984366 0.011 0.247073 100
0.984172 0.0252 0.247024 100
0.984657 0.0394 0.247146 100
0.985045 0.0536 0.247243 100
0.985142 0.0679 0.247268 100
0.986112 0.0822 0.247511 100
0.985821 0.0965 0.247438 100
0.986403 0.1109 0.247584 100
0.986694 0.1254 0.247657 100
0.985821 0.1397 0.247438 100
0.986791 0.1544 0.247682 100
0.98747 0.1691 0.247852 100
0.987858 0.1838 0.247949 100
0.988149 0.1986 0.248023 100
0.991059 0.2141 0.248753 100
0.989992 0.2288 0.248485 100
0.993386 0.2446 0.249337 100
0.982523 -0.2263 0.246611 100
0.982717 -0.2115 0.246659 100
0.983493 -0.197 0.246854 100
0.983299 -0.1822 0.246805 100
0.981844 -0.1674 0.24644 100
0.981068 -0.1528 0.246245 100
0.982135 -0.1385 0.246513 100
0.982911 -0.1242 0.246708 100
0.98262 -0.1098 0.246635 100
0.983008 -0.0955 0.246732 100
0.984172 -0.0814 0.247024 100
0.984269 -0.0671 0.247049 100
0.984075 -0.0529 0.247 100
0.984754 -0.0387 0.24717 100
0.984172 -0.0245 0.247024 100
0.984864 0.011 0.253237 100
0.98467 0.0252 0.253187 100
0.983217 0.0393 0.252813 100
0.983605 0.0535 0.252913 100
0.983702 0.0678 0.252938 100
0.983702 0.082 0.252938 100
0.983411 0.0962 0.252863 100
0.982055 0.1104 0.252514 100
0.981474 0.1246 0.252365 100
0.981571 0.139 0.25239 100
0.981474 0.1535 0.252365 100
0.982249 0.1681 0.252564 100
0.985542 0.1833 0.253411 100
0.986801 0.1982 0.253735 100
0.985929 0.2128 0.25351 100
0.986704 0.2278 0.25371 100
0.984477 0.2423 0.253137 100
0.984864 0.2574 0.253237 100
0.981087 -0.2265 0.252265 100
0.983121 -0.2122 0.252788 100
0.983024 -0.1974 0.252763 100
0.982733 -0.1827 0.252689 100
0.983217 -0.1682 0.252813 100
0.983411 -0.1538 0.252863 100
0.983508 -0.1393 0.252888 100
0.982443 -0.1248 0.252614 100
0.982055 -0.1104 0.252514 100
0.98254 -0.0961 0.252639 100
0.98467 -0.0821 0.253187 100
0.986607 -0.068 0.253685 100
0.987479 -0.0537 0.253909 100
0.987091 -0.0395 0.253809 100
0.985658 0.0091 0.262447 100
0.988267 0.0234 0.263142 100
0.98788 0.0377 0.263039 100
0.988267 0.052 0.263142 100
0.987494 0.0663 0.262936 100
0.987397 0.0806 0.262911 100
0.986238 0.0949 0.262602 100
0.985851 0.1092 0.262499 100
0.987107 0.1238 0.262833 100
0.989233 0.1386 0.263399 100
0.989137 0.1532 0.263374 100
0.988847 0.1678 0.263297 100
0.98933 0.1826 0.263425 100
0.98962 0.1974 0.263502 100
0.989716 0.2123 0.263528 100
0.988653 0.227 0.263245 100
0.991166 0.2427 0.263914 100
0.981986 -0.235 0.26147 100
0.984112 -0.2206 0.262036 100
0.984112 -0.2058 0.262036 100
0.984885 -0.1911 0.262242 100
0.984498 -0.1764 0.262139 100
0.983918 -0.1617 0.261984 100
0.983145 -0.147 0.261779 100
0.982179 -0.1324 0.261521 100
0.981986 -0.118 0.26147 100
0.982469 -0.1037 0.261598 100
0.982855 -0.0894 0.261701 100
0.981986 -0.075 0.26147 100
0.982952 -0.0608 0.261727 100
0.983629 -0.0466 0.261907 100
0.984208 -0.0324 0.262062 100
0.984498 -0.0181 0.262139 100
0.983859 0.0103 0.264913 100
0.985597 0.0246 0.265381 100
0.985211 0.0389 0.265277 100
0.984535 0.0532 0.265095 100
0.983762 0.0674 0.264887 100
0.984631 0.0818 0.265121 100
0.984438 0.0962 0.265069 100
0.984921 0.1107 0.265199 100
0.987142 0.1254 0.265797 100
0.988301 0.1401 0.266109 100
0.98917 0.1548 0.266343 100
0.98888 0.1695 0.266265 100
0.989266 0.1843 0.266369 100
0.990522 0.1994 0.266707 100
0.988687 0.2139 0.266213 100
0.989459 0.2291 0.266421 100
0.983666 -0.2375 0.264861 100
0.98579 -0.223 0.265433 100
0.985887 -0.2081 0.265459 100
0.98579 -0.1933 0.265433 100
0.986369 -0.1786 0.265589 100
0.984824 -0.1637 0.265173 100
0.983183 -0.1488 0.264731 100
0.982217 -0.1342 0.264471 100
0.98299 -0.1198 0.264679 100
0.983569 -0.1055 0.264835 100
0.983859 -0.0911 0.264913 100
0.983086 -0.0767 0.264705 100
0.983086 -0.0624 0.264705 100
0.982893 -0.0481 0.264653 100
0.984342 -0.0339 0.265043 100
0.984728 -0.0196 0.265147 100
0.982573 0.0069 0.266223 100
0.983345 0.0212 0.266432 100
0.982959 0.0354 0.266327 100
0.983345 0.0497 0.266432 100
0.983538 0.0639 0.266484 100
0.983538 0.0782 0.266484 100
0.983345 0.0925 0.266432 100
0.985855 0.1072 0.267112 100
0.989136 0.122 0.268001 100
0.990198 0.1367 0.268289 100
0.991163 0.1515 0.26855 100
0.991839 0.1663 0.268733 100
0.992418 0.1811 0.26889 100
0.992707 0.196 0.268969 100
0.990874 0.2106 0.268472 100
0.991742 0.2257 0.268707 100
0.986723 -0.2394 0.267347 100
0.986144 -0.2243 0.26719 100
0.987109 -0.2096 0.267452 100
0.986048 -0.1945 0.267164 100
0.985758 -0.1797 0.267086 100
0.985275 -0.165 0.266955 100
0.986434 -0.1506 0.267269 100
0.985469 -0.1359 0.267007 100
0.983345 -0.1211 0.266432 100
0.981994 -0.1066 0.266066 100
0.98238 -0.0923 0.26617 100
0.981608 -0.0779 0.265961 100
0.981608 -0.0636 0.265961 100
0.98238 -0.0494 0.26617 100
0.982959 -0.0352 0.266327 100
0.983345 -0.021 0.266432 100
0.983259 0.0075 0.267514 100
0.98403 0.0217 0.267724 100
0.984609 0.036 0.267882 100
0.98596 0.0503 0.268249 100
0.986153 0.0646 0.268302 100
0.985188 0.0789 0.268039 100
0.984995 0.0932 0.267987 100
0.985478 0.1077 0.268118 100
0.984899 0.122 0.26796 100
0.985092 0.1365 0.268013 100
0.987022 0.1513 0.268538 100
0.987697 0.1661 0.268722 100
0.988276 0.1809 0.268879 100
0.988566 0.1957 0.268958 100
0.988662 0.2106 0.268984 100
0.986636 0.2251 0.268433 100
0.986346 0.24 0.268354 100
0.985285 -0.227 0.268065 100
0.984416 -0.2119 0.267829 100
0.985285 -0.1973 0.268065 100
0.984995 -0.1825 0.267987 100
0.984513 -0.1677 0.267855 100
0.982873 -0.1529 0.267409 100
0.982873 -0.1384 0.267409 100
0.983741 -0.124 0.267645 100
0.98239 -0.1095 0.267278 100
0.981908 -0.0951 0.267146 100
0.982101 -0.0808 0.267199 100
0.982101 -0.0665 0.267199 100
0.982004 -0.0522 0.267173 100
0.981618 -0.038 0.267068 100
0.982004 -0.0238 0.267173 100
0.983072 0.0096 0.2682 100
0.982782 0.0238 0.268121 100
0.982396 0.0381 0.268016 100
0.982782 0.0523 0.268121 100
0.982879 0.0666 0.268148 100
0.982879 0.0809 0.268148 100
0.982686 0.0953 0.268095 100
0.983168 0.1097 0.268227 100
0.982589 0.1241 0.268069 100
0.984615 0.1388 0.268622 100
0.987413 0.1538 0.269385 100
0.988088 0.1686 0.269569 100
0.988571 0.1834 0.269701 100
0.98886 0.1983 0.26978 100
0.989825 0.2134 0.270043 100
0.987799 0.2279 0.26949 100
0.989342 0.2433 0.269911 100
0.983072 -0.2318 0.2682 100
0.985097 -0.2174 0.268753 100
0.984133 -0.2023 0.26849 100
0.984905 -0.1877 0.2687 100
0.984519 -0.1729 0.268595 100
0.984808 -0.1583 0.268674 100
0.98394 -0.1436 0.268437 100
0.98201 -0.1288 0.267911 100
0.980756 -0.1143 0.267569 100
0.980274 -0.0999 0.267437 100
0.981528 -0.0857 0.267779 100
0.982589 -0.0714 0.268069 100
0.982493 -0.0571 0.268042 100
0.982203 -0.0429 0.267964 100
0.982686 -0.0286 0.268095 100
0.982364 0.0112 0.270404 100
0.983135 0.0255 0.270616 100
0.982653 0.0397 0.270483 100
0.983039 0.054 0.270589 100
0.983135 0.0683 0.270616 100
0.983135 0.0826 0.270616 100
0.982846 0.0969 0.270536 100
0.982364 0.1112 0.270404 100
0.983714 0.1258 0.270775 100
0.986703 0.1407 0.271598 100
0.988535 0.1556 0.272102 100
0.988245 0.1702 0.272023 100
0.989595 0.1852 0.272394 100
0.989884 0.2001 0.272474 100
0.98892 0.2149 0.272208 100
0.98786 0.2296 0.271916 100
0.988438 0.2448 0.272076 100
0.98005 -0.2337 0.269767 100
0.982171 -0.2193 0.270351 100
0.982171 -0.2045 0.270351 100
0.981978 -0.1897 0.270298 100
0.981593 -0.1749 0.270191 100
0.981882 -0.1604 0.270271 100
0.980146 -0.1456 0.269793 100
0.981111 -0.1313 0.270059 100
0.98275 -0.117 0.27051 100
0.982268 -0.1026 0.270377 100
0.981689 -0.0882 0.270218 100
0.980821 -0.0738 0.269979 100
0.980821 -0.0595 0.269979 100
0.98246 -0.0454 0.27043 100
0.983907 -0.0312 0.270828 100
0.984292 -0.0169 0.270934 100
