1.98274 0.0158 -0.310488 100
1.98234 0.0438 -0.310426 100
1.98353 0.0719 -0.310612 100
1.98234 0.0999 -0.310426 100
1.98372 0.1281 -0.310643 100
1.98669 0.1565 -0.311107 100
1.99025 0.1851 -0.311664 34
1.9695 -0.2933 -0.308415 22
1.97236 -0.2653 -0.308864 100
1.97493 -0.2373 -0.309266 100
1.97701 -0.2093 -0.309591 100
1.97671 -0.181 -0.309545 100
1.97118 -0.1525 -0.308678 100
1.9691 -0.1243 -0.308353 100
1.97661 -0.0968 -0.309529 100
1.98264 -0.069 -0.310473 100
1.98244 -0.041 -0.310442 100
1.98506 0.007 -0.295961 100
1.98575 0.0351 -0.296064 100
1.98506 0.0631 -0.295961 100
1.98496 0.0912 -0.295946 100
1.98654 0.1194 -0.296182 100
1.98664 0.1476 -0.296196 100
1.98535 0.1758 -0.296005 100
1.98575 0.2041 -0.296064 100
1.97497 -0.2919 -0.294456 22
1.97784 -0.2638 -0.294884 28
1.97932 -0.2356 -0.295105 100
1.9814 -0.2075 -0.295415 100
1.9811 -0.1793 -0.295371 100
1.98041 -0.151 -0.295267 100
1.97537 -0.1226 -0.294515 100
1.97299 -0.0945 -0.294161 100
1.98001 -0.0668 -0.295208 52
1.98367 -0.0389 -0.295754 100
1.99757 0.0074 -0.279318 100
1.99826 0.0356 -0.279415 100
1.99856 0.0639 -0.279456 100
1.99945 0.0922 -0.279581 100
1.99895 0.1205 -0.279512 100
1.99806 0.1487 -0.279387 100
2.00074 0.1774 -0.279761 100
1.99182 -0.2827 -0.278514 100
1.98865 -0.2537 -0.278071 100
1.99004 -0.2254 -0.278265 100
1.99004 -0.197 -0.278265 100
1.99053 -0.1687 -0.278334 100
1.99172 -0.1405 -0.278501 100
1.99152 -0.1122 -0.278473 100
1.99182 -0.084 -0.278514 100
1.9938 -0.0559 -0.278791 100
1.99663 0.0271 -0.269955 100
1.99604 0.0553 -0.269875 100
1.99812 0.0836 -0.270156 100
1.9997 0.112 -0.270371 100
1.9999 0.1404 -0.270398 100
2.00169 0.169 -0.270639 100
2.00902 0.1982 -0.27163 100
1.98752 -0.2723 -0.268723 100
1.98712 -0.2437 -0.268669 100
1.98742 -0.2153 -0.268709 100
1.99019 -0.1872 -0.269084 100
1.99158 -0.159 -0.269272 100
1.99366 -0.1308 -0.269553 100
1.99624 -0.1027 -0.269902 100
1.99643 -0.0744 -0.269929 100
1.99634 -0.0462 -0.269915 100
2.02654 0.0146 -0.241651 100
2.03012 0.0432 -0.242077 83
2.02932 0.0718 -0.241982 78
2.02813 0.1003 -0.24184 78
2.02754 0.1289 -0.241769 82
2.02754 0.1576 -0.241769 84
2.03012 0.1866 -0.242077 87
2.01661 -0.2861 -0.240467 40
2.01552 -0.2571 -0.240336 94
2.01691 -0.2284 -0.240502 86
2.0189 -0.1999 -0.240739 89
2.02049 -0.1714 -0.240928 84
2.02267 -0.1429 -0.241189 84
2.02347 -0.1144 -0.241284 91
2.02188 -0.0858 -0.241094 100
2.02287 -0.0573 -0.241213 100
2.02446 -0.0289 -0.241402 100
2.03126 0.0264 -0.226048 83
2.02977 0.0549 -0.225882 76
2.02878 0.0835 -0.225771 80
2.02838 0.112 -0.225727 83
2.02768 0.1406 -0.22565 84
2.03146 0.1696 -0.22607 86
2.04368 0.1996 -0.22743 62
2.01566 -0.2776 -0.224311 89
2.02033 -0.2494 -0.224831 85
2.02063 -0.2207 -0.224864 85
2.02152 -0.192 -0.224964 86
2.02192 -0.1634 -0.225008 89
2.02301 -0.1349 -0.22513 100
2.0247 -0.1065 -0.225318 82
2.02599 -0.078 -0.225461 81
2.02689 -0.0495 -0.225561 76
2.05416 0.0202 -0.200326 80
2.05664 0.049 -0.200568 77
2.05973 0.078 -0.200869 83
2.05873 0.1359 -0.200772 81
2.05664 0.1647 -0.200568 78
2.05714 0.1938 -0.200617 83
2.04161 -0.2779 -0.199103 88
2.04231 -0.2489 -0.199171 87
2.0445 -0.2201 -0.199384 92
2.04639 -0.1913 -0.199569 78
2.04788 -0.1625 -0.199714 83
2.05197 -0.134 -0.200112 78
2.05455 -0.1052 -0.200365 76
2.05386 -0.0763 -0.200297 85
2.04978 -0.0474 -0.199899 79
2.0564 0.0032 -0.188233 79
2.0582 0.0321 -0.188397 80
2.06049 0.0611 -0.188607 78
2.06039 0.09 -0.188598 78
2.05999 0.119 -0.188561 83
2.06108 0.1481 -0.188661 80
2.05879 0.177 -0.188452 81
2.05909 0.2061 -0.188479 67
2.04674 -0.2777 -0.187349 83
2.04644 -0.2485 -0.187322 92
2.04874 -0.2196 -0.187531 92
2.05262 -0.191 -0.187887 87
2.05401 -0.1621 -0.188014 81
2.05312 -0.133 -0.187932 78
2.05282 -0.1041 -0.187905 77
2.05501 -0.0753 -0.188105 78
2.05491 -0.0465 -0.188096 77
2.07729 0.0291 -0.164581 81
2.08666 0.0584 -0.165323 76
2.08666 0.0875 -0.165323 78
2.08915 0.1169 -0.165521 79
2.09035 0.1463 -0.165615 74
2.08816 0.1754 -0.165442 85
2.08846 0.2049 -0.165465 1
2.0734 -0.2748 -0.164273 79
2.07111 -0.2451 -0.164091 83
2.07131 -0.2159 -0.164107 81
2.07011 -0.1866 -0.164012 85
2.07151 -0.1576 -0.164123 87
2.0735 -0.1287 -0.164281 83
2.07609 -0.0998 -0.164486 77
2.07729 -0.0708 -0.164581 78
2.07809 -0.0418 -0.164644 75
2.08437 0.015 -0.151969 79
2.08297 0.0441 -0.151867 75
2.08616 0.0734 -0.1521 69
2.09095 0.1029 -0.152449 75
2.09025 0.1323 -0.152398 78
2.09025 0.1617 -0.152398 81
2.09175 0.1913 -0.152507 79
2.07399 -0.2995 -0.151213 14
2.0721 -0.2696 -0.151075 85
2.0737 -0.2403 -0.151191 85
2.0708 -0.2107 -0.15098 86
2.0706 -0.1814 -0.150966 81
2.06991 -0.1521 -0.150915 74
2.0709 -0.1231 -0.150987 80
2.0734 -0.0941 -0.151169 79
2.07549 -0.0651 -0.151322 76
2.07619 -0.036 -0.151373 73
2.10625 0.0158 -0.124028 78
2.11084 0.0454 -0.124298 73
2.11204 0.075 -0.124369 77
2.11374 0.1047 -0.124469 76
2.11603 0.1346 -0.124604 75
2.11394 0.1642 -0.12448 80
2.11444 0.194 -0.12451 79
2.09807 -0.2705 -0.123546 86
2.09767 -0.2407 -0.123522 85
2.09876 -0.2111 -0.123587 87
2.09757 -0.1814 -0.123516 80
2.09687 -0.1518 -0.123475 81
2.09976 -0.1225 -0.123646 80
2.10226 -0.0931 -0.123793 75
2.10336 -0.0637 -0.123857 81
2.10406 -0.0342 -0.123898 72
2.10667 0.0195 -0.116675 78
2.10917 0.0491 -0.116813 81
2.11226 0.0788 -0.116984 77
2.11696 0.1086 -0.117244 67
2.11825 0.1384 -0.117316 76
2.11606 0.1681 -0.117195 87
2.11855 0.1982 -0.117333 82
2.09988 -0.2899 -0.116299 11
2.10078 -0.2601 -0.116349 78
2.10318 -0.2306 -0.116481 81
2.10028 -0.2005 -0.116321 83
2.09988 -0.1709 -0.116299 81
2.10108 -0.1414 -0.116365 82
2.10178 -0.1119 -0.116404 79
2.10318 -0.0825 -0.116481 71
2.10607 -0.0531 -0.116642 75
2.1368 0.0273 -0.0925473 73
2.1382 0.0572 -0.0926078 79
2.14019 0.0873 -0.0926944 69
2.14079 0.1174 -0.0927204 70
2.14289 0.1476 -0.0928112 72
2.15058 0.1784 -0.0931444 75
2.12631 -0.2754 -0.0920929 68
2.12591 -0.2452 -0.0920756 84
2.1291 -0.2154 -0.0922141 85
2.13 -0.1854 -0.092253 81
2.1303 -0.1554 -0.092266 78
2.1303 -0.1254 -0.092266 81
2.1319 -0.0956 -0.0923352 81
2.134 -0.0658 -0.0924261 75
2.1357 -0.0359 -0.0924997 73
2.13559 0.0004 -0.0775621 80
2.13639 0.0302 -0.0775912 75
2.13879 0.0602 -0.0776783 69
2.14069 0.0902 -0.0777473 78
2.14519 0.1204 -0.0779106 72
2.14629 0.1506 -0.0779505 76
2.15098 0.1811 -0.0781211 86
2.125 -0.297 -0.0771774 50
2.1259 -0.2669 -0.0772101 75
2.1284 -0.237 -0.0773008 81
2.1286 -0.207 -0.0773081 82
2.1293 -0.1771 -0.0773335 77
2.13149 -0.1473 -0.0774133 78
2.13339 -0.1175 -0.0774823 71
2.13479 -0.0877 -0.0775331 70
2.13579 -0.0578 -0.0775694 78
2.16097 0.02 -0.0633811 80
2.16247 0.0502 -0.0634251 66
2.16357 0.0805 -0.0634574 70
2.16427 0.1108 -0.0634779 71
2.16347 0.1411 -0.0634544 82
2.16327 0.1715 -0.0634486 71
2.14358 -0.2827 -0.062871 80
2.14728 -0.2527 -0.0629795 91
2.15058 -0.2227 -0.0630762 81
2.15147 -0.1925 -0.0631026 79
2.15397 -0.1624 -0.0631759 76
2.15597 -0.1323 -0.0632345 76
2.15667 -0.1021 -0.0632551 77
2.15787 -0.072 -0.0632902 76
2.15967 -0.0419 -0.063343 73
2.16327 0.0276 -0.0479582 77
2.16367 0.0578 -0.047967 76
2.16367 0.0881 -0.047967 75
2.16327 0.1183 -0.0479582 72
2.16337 0.1487 -0.0479604 77
2.16507 0.1792 -0.0479981 79
2.17327 0.2105 -0.0481798 76
2.15257 -0.2705 -0.047721 54
2.15117 -0.2399 -0.04769 79
2.15427 -0.2098 -0.0477587 87
2.15497 -0.1795 -0.0477742 73
2.15527 -0.1493 -0.0477809 78
2.15517 -0.119 -0.0477786 82
2.15667 -0.0889 -0.0478119 82
2.15767 -0.0588 -0.0478341 80
2.18989 0.0226 -0.00764418 73
2.19039 0.0532 -0.00764592 72
2.19139 0.0839 -0.00764941 75
2.19199 0.1147 -0.00765151 70
2.19119 0.1454 -0.00764872 76
2.19489 0.1765 -0.00766163 78
2.17249 -0.2839 -0.00758344 67
2.17529 -0.2534 -0.00759321 79
2.17859 -0.2229 -0.00760473 81
2.18149 -0.1924 -0.00761486 81
2.18299 -0.1618 -0.00762009 72
2.18509 -0.1312 -0.00762742 77
2.18669 -0.1006 -0.00763301 71
2.18789 -0.07 -0.0076372 72
2.18659 -0.0394 -0.00763266 74
2.189 0.0076 -0.00114616 72
2.1877 0.0381 -0.00114548 70
2.1879 0.0687 -0.00114558 66
2.1907 0.0993 -0.00114705 68
2.1911 0.13 -0.00114726 78
2.1891 0.1605 -0.00114621 80
2.1887 0.1912 -0.001146 1
2.1736 -0.2907 -0.00113809 8
2.1765 -0.2603 -0.00113961 73
2.1789 -0.2298 -0.00114087 79
2.1819 -0.1994 -0.00114244 82
2.1835 -0.1689 -0.00114328 72
2.1846 -0.1384 -0.00114385 72
2.1873 -0.108 -0.00114527 69
2.1876 -0.0774 -0.00114542 72
2.1875 -0.0469 -0.00114537 70
2.22266 0.0252 0.0329762 73
2.22506 0.0564 0.0330118 72
2.22905 0.0877 0.0330711 69
2.23055 0.119 0.0330934 71
2.22765 0.1501 0.0330504 75
2.22536 0.1813 0.0330162 1
2.20946 -0.293 0.0327804 40
2.20936 -0.2616 0.0327789 77
2.21076 -0.2304 0.0327996 83
2.21276 -0.1994 0.0328293 76
2.21536 -0.1684 0.0328679 80
2.21746 -0.1374 0.032899 67
2.22026 -0.1064 0.0329406 75
2.22146 -0.0754 0.0329584 72
2.22236 -0.0443 0.0329717 74
2.22336 0.0078 0.053173 79
2.22406 0.0389 0.0531898 69
2.22726 0.0701 0.0532663 73
2.22906 0.1013 0.0533093 67
2.22846 0.1325 0.053295 71
2.22736 0.1637 0.0532687 69
2.22986 0.1953 0.0533284 73
2.21317 -0.2921 0.0529292 12
2.21107 -0.2604 0.0528789 81
2.21257 -0.2293 0.0529148 81
2.21357 -0.1981 0.0529387 81
2.21407 -0.167 0.0529507 77
2.21517 -0.136 0.052977 70
2.21787 -0.1051 0.0530415 72
2.21817 -0.074 0.0530487 72
2.21897 -0.043 0.0530678 70
2.25333 0.0209 0.084201 71
2.25682 0.0525 0.0843317 67
2.25782 0.0841 0.0843691 69
2.25742 0.1157 0.0843541 70
2.25762 0.1474 0.0843616 74
2.25633 0.1791 0.0843131 70
2.25862 0.2111 0.0843989 1
2.24034 -0.2772 0.0837156 68
2.24303 -0.2457 0.0838164 78
2.24623 -0.2143 0.0839359 79
2.24703 -0.1827 0.0839658 73
2.24633 -0.151 0.0839396 70
2.24623 -0.1195 0.0839359 72
2.24873 -0.0881 0.0840293 70
2.25373 -0.0567 0.084216 74
2.25412 0.0079 0.092111 68
2.25782 0.0395 0.0922621 70
2.26101 0.0712 0.0923928 67
2.26381 0.103 0.0925071 69
2.26611 0.1349 0.092601 78
2.275 0.1675 0.0929644 69
2.23803 -0.285 0.0914537 77
2.23883 -0.2533 0.0914863 78
2.24123 -0.2219 0.0915843 85
2.24303 -0.1904 0.0916578 72
2.24553 -0.159 0.0917599 73
2.24752 -0.1275 0.0918415 71
2.25102 -0.0962 0.0919844 70
2.25322 -0.0647 0.0920743 65
2.25492 -0.0331 0.0921437 69
2.28497 0.002 0.135752 71
2.28467 0.0339 0.135735 69
2.28807 0.066 0.135936 67
2.29086 0.0981 0.136102 68
2.29026 0.1302 0.136067 66
2.28827 0.1622 0.135948 71
2.28477 0.1941 0.13574 1
2.27419 -0.2599 0.135112 74
2.27459 -0.2277 0.135136 76
2.27659 -0.1958 0.135254 71
2.27808 -0.1639 0.135343 69
2.28018 -0.132 0.135468 69
2.28277 -0.1002 0.135622 69
2.28397 -0.0683 0.135693 70
2.28467 -0.0363 0.135735 72
2.30496 0.0298 0.149459 67
2.30735 0.0622 0.149614 64
2.30027 0.0942 0.149155 60
2.30466 0.1267 0.14944 63
2.30566 0.1591 0.149504 68
2.31414 0.1922 0.150054 1
2.27432 -0.2939 0.147473 69
2.27422 -0.2616 0.147466 78
2.27572 -0.2296 0.147563 78
2.2836 -0.1982 0.148074 80
2.28919 -0.1664 0.148437 69
2.28231 -0.1338 0.14799 72
2.27692 -0.1016 0.147641 69
2.27911 -0.0698 0.147783 65
2.28191 -0.0379 0.147964 67
2.31262 0.0182 0.183632 65
2.31312 0.0507 0.183671 68
2.31521 0.0832 0.183838 60
2.3178 0.1159 0.184043 67
2.31701 0.1485 0.18398 68
2.3206 0.1815 0.184265 64
2.30275 -0.2804 0.182848 57
2.30156 -0.2476 0.182753 72
2.30275 -0.215 0.182848 75
2.30654 -0.1828 0.183149 74
2.30883 -0.1504 0.183331 71
2.3177 -0.1184 0.184035 69
2.32608 -0.0861 0.1847 68
2.3191 -0.0533 0.184146 62
2.34279 0.0131 0.18397 69
2.36123 0.0463 0.185418 62
2.36342 0.0794 0.18559 64
2.36402 0.1125 0.185637 76
2.36223 0.1456 0.185497 67
2.37489 0.1797 0.186491 1
2.30161 -0.299 0.180737 63
2.31248 -0.2676 0.18159 77
2.31497 -0.2351 0.181786 72
2.32504 -0.2033 0.182577 69
2.31567 -0.1699 0.181841 68
2.3079 -0.1369 0.18123 76
2.30949 -0.1047 0.181355 68
2.31178 -0.0724 0.181535 71
2.31258 -0.04 0.181598 69
2.34597 0.0206 0.226718 68
2.34547 0.0534 0.22667 61
2.35045 0.0865 0.227151 64
2.36 0.1199 0.228074 60
2.35612 0.1528 0.227699 54
2.35672 0.1861 0.227757 1
2.34478 -0.2692 0.226602 72
2.33731 -0.2352 0.225881 74
2.33641 -0.2021 0.225794 72
2.33602 -0.1692 0.225756 67
2.3391 -0.1365 0.226054 73
2.34179 -0.1038 0.226314 64
2.34298 -0.071 0.226429 64
2.34378 -0.0382 0.226506 64
