0.907639 -0.2317 -0.247961 100
0.907832 -0.2178 -0.248014 100
0.909761 -0.2044 -0.248541 100
0.910533 -0.1908 -0.248752 100
0.911111 -0.1773 -0.24891 100
0.912462 -0.1639 -0.249279 100
0.912655 -0.1503 -0.249332 100
0.914584 -0.1371 -0.249859 100
0.914488 -0.1236 -0.249832 100
0.915066 -0.1102 -0.249991 100
0.918739 0.0073 -0.249444 100
0.920476 0.0206 -0.249915 100
0.920766 0.0606 -0.249994 100
0.920766 0.0739 -0.249994 100
0.914396 -0.2342 -0.248265 100
0.908027 -0.2187 -0.246535 100
0.907158 -0.2047 -0.246299 100
0.908896 -0.1914 -0.246771 100
0.910343 -0.178 -0.247164 100
0.910826 -0.1645 -0.247295 100
0.911984 -0.1512 -0.24761 100
0.912949 -0.1379 -0.247872 100
0.913721 -0.1246 -0.248081 100
0.914396 -0.1112 -0.248265 100
0.914879 -0.0979 -0.248396 100
0.916037 -0.0847 -0.24871 100
0.917099 -0.0715 -0.248998 100
0.917967 -0.0582 -0.249234 100
0.919608 -0.045 -0.24968 100
0.920187 -0.0317 -0.249837 100
0.927276 0.0095 -0.240673 100
0.927953 0.0229 -0.240849 100
0.928534 0.0363 -0.241 100
0.928921 0.0497 -0.2411 100
0.929115 0.0631 -0.241151 100
0.931051 0.0767 -0.241653 100
0.931922 0.0903 -0.241879 100
0.932503 0.1039 -0.24203 100
0.935794 0.1179 -0.242884 100
0.938988 0.132 -0.243713 100
0.940924 0.1461 -0.244216 100
0.94073 0.16 -0.244165 100
0.94044 0.1738 -0.24409 100
0.938891 0.1875 -0.243688 100
0.940149 0.2018 -0.244015 100
0.941117 0.2162 -0.244266 100
0.941795 0.2306 -0.244442 100
0.952732 0.2478 -0.247281 100
0.924178 -0.2379 -0.239869 100
0.925437 -0.2241 -0.240196 100
0.927373 -0.2106 -0.240698 100
0.926308 -0.1964 -0.240422 100
0.922243 -0.1818 -0.239367 100
0.920791 -0.1678 -0.23899 100
0.922049 -0.1544 -0.239317 100
0.923017 -0.141 -0.239568 100
0.923888 -0.1275 -0.239794 100
0.923598 -0.114 -0.239719 100
0.924082 -0.1006 -0.239844 100
0.92534 -0.0873 -0.240171 100
0.925437 -0.0739 -0.240196 100
0.925437 -0.0605 -0.240196 100
0.926114 -0.0472 -0.240372 100
0.926695 -0.0339 -0.240523 100
0.927082 -0.0205 -0.240623 100
0.930107 0.0025 -0.233627 100
0.93098 0.0159 -0.233846 100
0.931659 0.0293 -0.234017 100
0.930204 0.0427 -0.233651 100
0.931465 0.0561 -0.233968 100
0.933502 0.0697 -0.234479 100
0.936314 0.0835 -0.235186 100
0.936993 0.0972 -0.235356 100
0.938545 0.111 -0.235746 100
0.940776 0.125 -0.236307 100
0.941843 0.1389 -0.236575 100
0.942716 0.1529 -0.236794 100
0.942522 0.1668 -0.236745 100
0.942037 0.1807 -0.236623 100
0.941455 0.1946 -0.236477 100
0.941552 0.2087 -0.236501 100
0.941455 0.2229 -0.236477 100
0.940291 0.2369 -0.236185 100
0.942619 0.2519 -0.236769 100
0.929234 -0.237 -0.233408 32
0.927683 -0.2225 -0.233018 100
0.929622 -0.2089 -0.233505 100
0.929525 -0.1949 -0.233481 100
0.927295 -0.1806 -0.23292 100
0.92681 -0.1667 -0.232799 100
0.925064 -0.1528 -0.23236 100
0.925161 -0.1392 -0.232384 100
0.925064 -0.1256 -0.23236 100
0.925646 -0.1122 -0.232506 100
0.926131 -0.0987 -0.232628 100
0.926422 -0.0853 -0.232701 100
0.926519 -0.0719 -0.232725 100
0.927392 -0.0586 -0.232945 100
0.92904 -0.0453 -0.233359 100
0.929622 -0.0319 -0.233505 100
0.928943 -0.0185 -0.233334 100
0.939191 0.0044 -0.226 100
0.939969 0.0179 -0.226187 100
0.939677 0.0313 -0.226117 100
0.939191 0.0448 -0.226 100
0.94133 0.0584 -0.226515 100
0.945316 0.0723 -0.227474 100
0.948136 0.0862 -0.228152 100
0.947844 0.0999 -0.228082 100
0.947358 0.1135 -0.227965 100
0.946677 0.1272 -0.227801 100
0.945802 0.1409 -0.227591 100
0.945802 0.1548 -0.227591 100
0.945511 0.1687 -0.227521 100
0.945997 0.1828 -0.227638 100
0.947261 0.1971 -0.227942 100
0.947358 0.2113 -0.227965 100
0.947164 0.2255 -0.227918 100
0.947844 0.24 -0.228082 100
0.953872 0.2561 -0.229533 100
0.934038 -0.2264 -0.22476 100
0.933163 -0.2122 -0.224549 100
0.93501 -0.1986 -0.224994 100
0.936663 -0.185 -0.225392 100
0.939094 -0.1715 -0.225977 100
0.939386 -0.1577 -0.226047 100
0.937636 -0.1437 -0.225626 100
0.937538 -0.1299 -0.225602 100
0.939191 -0.1165 -0.226 100
0.939677 -0.1029 -0.226117 100
0.937149 -0.0891 -0.225509 100
0.936274 -0.0755 -0.225298 100
0.938219 -0.0621 -0.225766 100
0.938024 -0.0486 -0.225719 100
0.936663 -0.0351 -0.225392 100
0.93608 -0.0217 -0.225251 100
0.949846 0.0043 -0.228739 100
0.948679 0.0179 -0.228458 100
0.945471 0.0314 -0.227686 100
0.946929 0.0451 -0.228037 100
0.95004 0.059 -0.228786 100
0.949165 0.0726 -0.228575 100
0.95004 0.0864 -0.228786 100
0.949749 0.1002 -0.228716 100
0.949263 0.1139 -0.228599 100
0.948582 0.1277 -0.228435 100
0.948679 0.1416 -0.228458 100
0.948582 0.1555 -0.228435 100
0.949263 0.1696 -0.228599 100
0.948777 0.1836 -0.228482 100
0.949068 0.1978 -0.228552 100
0.949068 0.2121 -0.228552 100
0.950818 0.2269 -0.228973 100
0.951499 0.2415 -0.229137 100
0.955582 0.2571 -0.230121 100
0.963457 -0.2456 -0.232017 25
0.932638 -0.2236 -0.224595 100
0.934582 -0.2099 -0.225064 100
0.937402 -0.1965 -0.225743 100
0.939054 -0.1828 -0.226141 100
0.940416 -0.1691 -0.226468 100
0.942652 -0.1556 -0.227007 100
0.942749 -0.1417 -0.22703 100
0.942652 -0.1279 -0.227007 100
0.940416 -0.1139 -0.226468 100
0.937985 -0.0999 -0.225883 100
0.93643 -0.0862 -0.225508 100
0.934582 -0.0725 -0.225064 100
0.933513 -0.0589 -0.224806 100
0.935166 -0.0456 -0.225204 100
0.935749 -0.0321 -0.225344 100
0.937013 -0.0187 -0.225649 100
0.95641 0.0106 -0.217818 100
0.95719 0.0244 -0.217995 100
0.9568 0.0381 -0.217907 100
0.956118 0.0518 -0.217751 100
0.956313 0.0656 -0.217796 100
0.957288 0.0794 -0.218018 100
0.958068 0.0933 -0.218195 100
0.959628 0.1074 -0.218551 100
0.960895 0.1215 -0.218839 100
0.962065 0.1357 -0.219106 100
0.96304 0.1499 -0.219328 100
0.962845 0.164 -0.219283 100
0.960505 0.1778 -0.21875 100
0.961773 0.1924 -0.219039 100
0.96577 0.2076 -0.219949 100
0.967623 0.2225 -0.220371 100
0.96538 0.2366 -0.219861 100
0.941005 -0.2422 -0.214309 25
0.942272 -0.2282 -0.214598 100
0.94432 -0.2145 -0.215064 100
0.945295 -0.2005 -0.215286 100
0.945002 -0.1864 -0.21522 100
0.945587 -0.1725 -0.215353 100
0.94588 -0.1586 -0.215419 100
0.94705 -0.1448 -0.215686 100
0.948902 -0.1312 -0.216108 100
0.949585 -0.1175 -0.216263 100
0.951145 -0.1039 -0.216619 100
0.953387 -0.0903 -0.217129 100
0.955533 -0.0767 -0.217618 100
0.956508 -0.063 -0.21784 100
0.957288 -0.0493 -0.218018 100
0.956898 -0.0355 -0.217929 100
0.956313 -0.0218 -0.217796 100
0.959676 0.0117 -0.212404 100
0.95948 0.0254 -0.21236 100
0.960945 0.0392 -0.212684 100
0.961335 0.053 -0.212771 100
0.961433 0.0668 -0.212793 100
0.961433 0.0806 -0.212793 100
0.962214 0.0946 -0.212965 100
0.962702 0.1085 -0.213073 100
0.965046 0.1228 -0.213592 100
0.966217 0.137 -0.213851 100
0.967096 0.1512 -0.214046 100
0.967877 0.1656 -0.214219 100
0.969342 0.1801 -0.214543 100
0.971587 0.1949 -0.21504 100
0.972661 0.2096 -0.215278 100
0.971587 0.2239 -0.21504 100
0.968463 0.2378 -0.214348 100
0.966998 0.2521 -0.214024 100
0.948838 -0.2359 -0.210005 20
0.948154 -0.2214 -0.209854 100
0.949131 -0.2074 -0.21007 100
0.950888 -0.1936 -0.210459 100
0.951572 -0.1796 -0.21061 100
0.950986 -0.1655 -0.21048 100
0.951279 -0.1516 -0.210545 100
0.951279 -0.1377 -0.210545 100
0.953134 -0.124 -0.210956 100
0.95372 -0.1103 -0.211085 100
0.953134 -0.0964 -0.210956 100
0.954403 -0.0828 -0.211237 100
0.954501 -0.0691 -0.211258 100
0.955282 -0.0554 -0.211431 100
0.954989 -0.0417 -0.211366 100
0.955477 -0.028 -0.211474 100
0.956746 -0.0144 -0.211755 100
0.965276 0.0133 -0.200602 100
0.96694 0.0271 -0.200948 100
0.966549 0.0408 -0.200866 100
0.966842 0.0547 -0.200927 100
0.967919 0.0686 -0.201151 100
0.969878 0.0826 -0.201558 100
0.970563 0.0966 -0.201701 100
0.971053 0.1107 -0.201802 100
0.970465 0.1246 -0.20168 100
0.972521 0.139 -0.202108 100
0.97634 0.1538 -0.202901 100
0.978004 0.1683 -0.203247 100
0.977514 0.1826 -0.203145 100
0.976927 0.1969 -0.203023 100
0.976046 0.2113 -0.20284 100
0.97585 0.2258 -0.202799 100
0.975556 0.2404 -0.202738 100
0.978787 0.256 -0.20341 100
0.966059 -0.2421 -0.200765 18
0.960772 -0.2263 -0.199666 100
0.96087 -0.2119 -0.199686 100
0.96273 -0.198 -0.200073 100
0.963416 -0.1839 -0.200215 100
0.961947 -0.1695 -0.19991 100
0.960283 -0.1551 -0.199564 100
0.962339 -0.1414 -0.199992 100
0.96322 -0.1275 -0.200175 100
0.962926 -0.1136 -0.200114 100
0.962437 -0.0996 -0.200012 100
0.96273 -0.0858 -0.200073 100
0.962828 -0.072 -0.200093 100
0.96273 -0.0582 -0.200073 100
0.964395 -0.0445 -0.200419 100
0.964884 -0.0308 -0.200521 100
0.966255 -0.017 -0.200805 100
0.977468 0.0002 -0.196382 100
0.97835 0.0141 -0.196559 100
0.979036 0.0281 -0.196697 100
0.979527 0.042 -0.196796 100
0.981781 0.0561 -0.197249 100
0.984821 0.0704 -0.197859 100
0.98384 0.0844 -0.197662 100
0.984527 0.0986 -0.1978 100
0.986978 0.1131 -0.198293 100
0.988252 0.1275 -0.198549 100
0.986389 0.1415 -0.198174 100
0.986291 0.1559 -0.198155 100
0.985997 0.1702 -0.198096 100
0.986487 0.1848 -0.198194 100
0.986683 0.1994 -0.198234 100
0.986782 0.2141 -0.198253 100
0.988546 0.2292 -0.198608 100
0.988154 0.2439 -0.198529 100
0.992272 0.26 -0.199356 100
0.969036 -0.2263 -0.194688 100
0.965311 -0.211 -0.19394 100
0.966193 -0.1969 -0.194117 100
0.964918 -0.1824 -0.193861 100
0.965409 -0.1683 -0.193959 100
0.966683 -0.1544 -0.194215 100
0.968644 -0.1406 -0.194609 100
0.968546 -0.1265 -0.19459 100
0.968252 -0.1125 -0.19453 100
0.966781 -0.0984 -0.194235 100
0.966095 -0.0845 -0.194097 100
0.966193 -0.0706 -0.194117 100
0.967075 -0.0569 -0.194294 100
0.967762 -0.0431 -0.194432 100
0.968252 -0.0293 -0.19453 100
0.968546 -0.0155 -0.19459 100
0.981598 0.0033 -0.185652 100
0.981499 0.0173 -0.185634 100
0.983072 0.0313 -0.185931 100
0.985528 0.0454 -0.186396 100
0.988672 0.0596 -0.18699 100
0.992701 0.074 -0.187752 100
0.993585 0.0883 -0.187919 100
0.993192 0.1025 -0.187845 100
0.992701 0.1167 -0.187752 100
0.992897 0.131 -0.187789 100
0.992013 0.1453 -0.187622 100
0.991817 0.1597 -0.187585 100
0.991522 0.1741 -0.187529 100
0.991915 0.1887 -0.187604 100
0.992111 0.2034 -0.187641 100
0.994077 0.2185 -0.188012 100
0.993782 0.2333 -0.187957 100
0.996238 0.2488 -0.188421 100
0.976587 -0.238 -0.184705 100
0.976881 -0.2235 -0.18476 100
0.978847 -0.2094 -0.185132 100
0.980713 -0.1952 -0.185485 100
0.982286 -0.1811 -0.185782 100
0.982777 -0.1668 -0.185875 100
0.982973 -0.1525 -0.185912 100
0.981106 -0.138 -0.185559 100
0.980026 -0.1237 -0.185355 100
0.979633 -0.1095 -0.185281 100
0.979043 -0.0954 -0.185169 100
0.979338 -0.0814 -0.185225 100
0.98032 -0.0675 -0.185411 100
0.981205 -0.0535 -0.185578 100
0.980812 -0.0396 -0.185504 100
0.981303 -0.0256 -0.185597 100
0.997912 0.0094 -0.179912 100
0.997616 0.0235 -0.179859 100
0.998207 0.0377 -0.179965 100
0.999585 0.052 -0.180214 100
0.999683 0.0662 -0.180232 100
0.999683 0.0805 -0.180232 100
0.998502 0.0947 -0.180019 100
0.997124 0.1088 -0.17977 100
0.996435 0.1231 -0.179646 100
0.998601 0.1377 -0.180036 100
1.00047 0.1525 -0.180374 100
1.00027 0.167 -0.180338 100
0.999781 0.1815 -0.180249 100
1.00205 0.1966 -0.180657 100
1.005 0.2121 -0.18119 100
1.00293 0.2265 -0.180817 100
1.00549 0.2421 -0.181278 100
0.976556 -0.2447 -0.176062 16
0.979804 -0.2308 -0.176648 100
0.982854 -0.2169 -0.177198 100
0.984823 -0.2027 -0.177552 100
0.984626 -0.1881 -0.177517 100
0.984134 -0.1736 -0.177428 100
0.985511 -0.1595 -0.177677 100
0.986594 -0.1454 -0.177872 100
0.98561 -0.131 -0.177694 100
0.985315 -0.1167 -0.177641 100
0.987775 -0.1028 -0.178085 100
0.989153 -0.0888 -0.178333 100
0.985315 -0.0744 -0.177641 100
0.983346 -0.0602 -0.177286 100
0.984035 -0.0463 -0.177411 100
0.98561 -0.0323 -0.177694 100
0.985905 -0.0184 -0.177748 100
1.00135 0.0122 -0.171343 100
1.00115 0.0264 -0.171309 100
1.00066 0.0405 -0.171225 100
0.999966 0.0547 -0.171107 100
1.00016 0.0689 -0.171141 100
1.00105 0.0832 -0.171293 100
1.00075 0.0974 -0.171242 100
1.00135 0.1118 -0.171343 100
1.00164 0.1262 -0.171394 100
1.00174 0.1406 -0.171411 100
1.00361 0.1554 -0.171731 100
1.0043 0.17 -0.171849 100
1.0048 0.1848 -0.171933 100
1.00696 0.1999 -0.172304 100
1.00706 0.2148 -0.172321 100
1.00687 0.2296 -0.172288 100
1.0046 0.2441 -0.1719 100
1.00687 0.2597 -0.172288 100
0.984294 -0.2399 -0.168425 1
0.987448 -0.2259 -0.168965 100
0.990504 -0.212 -0.169488 100
0.990405 -0.1974 -0.169471 100
0.991095 -0.183 -0.169589 100
0.991588 -0.1686 -0.169673 100
0.991785 -0.1543 -0.169707 100
0.992869 -0.1401 -0.169893 100
0.993757 -0.1259 -0.170044 100
0.994348 -0.1117 -0.170146 100
0.996812 -0.0978 -0.170567 100
0.998981 -0.0837 -0.170938 100
1.00105 -0.0697 -0.171293 100
1.00095 -0.0555 -0.171276 100
1.00066 -0.0413 -0.171225 100
1.00105 -0.0271 -0.171293 100
1.00903 0.0057 -0.174471 100
1.0108 0.02 -0.174777 100
1.01041 0.0344 -0.174709 100
1.00982 0.0487 -0.174607 100
1.01011 0.063 -0.174658 100
1.01011 0.0774 -0.174658 100
1.0109 0.0919 -0.174794 100
1.01051 0.1063 -0.174726 100
1.01287 0.1211 -0.175135 100
1.01602 0.136 -0.17568 100
1.01592 0.1507 -0.175663 100
1.01573 0.1654 -0.175629 100
1.01435 0.1799 -0.175391 100
1.01277 0.1945 -0.175118 100
1.01386 0.2096 -0.175306 100
1.01474 0.2248 -0.175459 100
1.01435 0.2398 -0.175391 100
1.01957 0.2563 -0.176294 100
0.989911 -0.2405 -0.171165 1
0.991192 -0.226 -0.171387 100
0.993261 -0.2118 -0.171745 100
0.995133 -0.1975 -0.172068 100
0.995823 -0.183 -0.172188 100
0.997203 -0.1687 -0.172426 100
0.996513 -0.1541 -0.172307 100
0.997597 -0.1399 -0.172494 100
0.999371 -0.1257 -0.172801 100
1.00006 -0.1115 -0.17292 100
1.00154 -0.0973 -0.173176 100
1.00174 -0.083 -0.17321 100
1.00085 -0.0687 -0.173056 100
1.00065 -0.0544 -0.173022 100
1.00134 -0.0403 -0.173142 100
1.00282 -0.0261 -0.173397 100
1.01278 0.0127 -0.157149 100
1.01407 0.0414 -0.157348 100
1.01535 0.0558 -0.157547 100
1.01644 0.0703 -0.157716 100
1.01733 0.0849 -0.157854 100
1.01703 0.0993 -0.157808 100
1.01752 0.1139 -0.157885 100
1.0198 0.1288 -0.158237 100
1.02276 0.1439 -0.158697 100
1.02365 0.1588 -0.158835 100
1.02237 0.1734 -0.158636 100
1.02078 0.188 -0.158391 100
1.02009 0.2028 -0.158283 100
1.0191 0.2176 -0.15813 100
1.01792 0.2325 -0.157946 100
1.0194 0.248 -0.158176 100
1.0031 -0.2438 -0.155646 100
1.00636 -0.2296 -0.156152 100
1.00655 -0.2148 -0.156183 100
1.00458 -0.1996 -0.155876 100
1.00527 -0.185 -0.155983 100
1.00774 -0.1707 -0.156367 100
1.00804 -0.1562 -0.156413 100
1.00912 -0.1418 -0.156581 100
1.01001 -0.1274 -0.156719 100
1.00972 -0.1129 -0.156673 100
1.0112 -0.0986 -0.156903 100
1.01239 -0.0843 -0.157087 100
1.01248 -0.0699 -0.157103 100
1.0114 -0.0555 -0.156934 100
1.01209 -0.0411 -0.157041 100
1.01347 -0.0269 -0.157256 100
1.03148 0.0058 -0.147719 100
1.03326 0.0204 -0.147974 100
1.03385 0.035 -0.14806 100
1.03623 0.0497 -0.1484 100
1.03742 0.0644 -0.14857 100
1.03742 0.0791 -0.14857 100
1.03722 0.0938 -0.148541 100
1.03583 0.1084 -0.148343 100
1.03623 0.1232 -0.1484 100
1.03732 0.1381 -0.148556 100
1.03831 0.1532 -0.148697 100
1.03662 0.1829 -0.148456 100
1.03781 0.1982 -0.148627 100
1.03989 0.2138 -0.148924 100
1.04068 0.2293 -0.149038 100
1.0393 0.2444 -0.148839 100
1.01673 -0.2366 -0.145607 100
1.0189 -0.222 -0.145919 100
1.01999 -0.2073 -0.146075 100
1.0198 -0.1923 -0.146046 100
1.02039 -0.1776 -0.146132 100
1.02178 -0.1631 -0.14633 100
1.02395 -0.1487 -0.146642 100
1.02494 -0.1341 -0.146784 100
1.02366 -0.1193 -0.146599 100
1.02029 -0.1044 -0.146117 100
1.01871 -0.0897 -0.14589 100
1.01881 -0.0753 -0.145905 100
1.0198 -0.0609 -0.146046 100
1.02247 -0.0467 -0.146429 100
1.02603 -0.0324 -0.14694 100
1.02633 -0.0179 -0.146982 100
1.03533 0.0046 -0.134282 100
1.03513 0.0191 -0.134256 100
1.03582 0.0337 -0.134346 100
1.03523 0.0483 -0.134269 100
1.03344 0.0628 -0.134038 100
1.03444 0.0775 -0.134166 100
1.03622 0.0923 -0.134398 100
1.03582 0.107 -0.134346 100
1.03622 0.1218 -0.134398 100
1.03543 0.1365 -0.134295 100
1.03642 0.1515 -0.134423 100
1.03612 0.1664 -0.134385 100
1.03771 0.1816 -0.134591 100
1.04287 0.1977 -0.135259 100
1.04485 0.2134 -0.135517 100
1.04277 0.2283 -0.135247 100
1.04237 0.2436 -0.135195 100
1.02154 -0.2459 -0.132494 8
1.01996 -0.2304 -0.132288 100
1.02115 -0.2156 -0.132443 100
1.02303 -0.201 -0.132687 100
1.02472 -0.1864 -0.132906 100
1.0262 -0.1718 -0.133099 100
1.02749 -0.1572 -0.133266 100
1.02858 -0.1426 -0.133407 100
1.02849 -0.1279 -0.133394 100
1.03017 -0.1134 -0.133613 100
1.03166 -0.0989 -0.133806 100
1.03196 -0.0843 -0.133845 100
1.03206 -0.0697 -0.133857 100
1.03285 -0.0551 -0.13396 100
1.03156 -0.0405 -0.133793 100
1.03007 -0.0259 -0.1336 100
1.04384 0.0002 -0.130758 100
1.04374 0.0149 -0.130745 100
1.04543 0.0296 -0.130956 100
1.04692 0.0444 -0.131143 100
1.04811 0.0592 -0.131292 100
1.04622 0.0739 -0.131056 100
1.04612 0.0887 -0.131043 100
1.04771 0.1037 -0.131242 100
1.05109 0.119 -0.131665 100
1.05426 0.1344 -0.132063 100
1.05525 0.1497 -0.132187 100
1.05505 0.1648 -0.132162 100
1.05367 0.1798 -0.131988 100
1.05297 0.195 -0.131901 100
1.05406 0.2106 -0.132038 100
1.05208 0.2256 -0.131789 100
1.05466 0.2417 -0.132112 100
1.02826 -0.2498 -0.128806 17
1.02876 -0.2346 -0.128868 100
1.03094 -0.2199 -0.129142 100
1.03293 -0.2052 -0.12939 100
1.03273 -0.1901 -0.129365 100
1.03233 -0.1751 -0.129316 100
1.03263 -0.1602 -0.129353 100
1.03481 -0.1457 -0.129626 100
1.0367 -0.1311 -0.129863 100
1.03739 -0.1164 -0.12995 100
1.03799 -0.1017 -0.130024 100
1.03928 -0.087 -0.130186 100
1.04037 -0.0724 -0.130322 100
1.04126 -0.0578 -0.130434 100
1.04096 -0.0431 -0.130397 100
1.04146 -0.0284 -0.130459 100
1.04313 0.0147 -0.119034 100
1.04581 0.0294 -0.11934 100
1.04631 0.0441 -0.119397 100
1.04561 0.0735 -0.119318 100
1.04651 0.0883 -0.11942 100
1.0472 0.1031 -0.119499 100
1.0476 0.118 -0.119544 100
1.04879 0.1331 -0.11968 100
1.05177 0.1485 -0.12002 100
1.05555 0.1641 -0.120451 100
1.05803 0.1798 -0.120735 100
1.05843 0.1951 -0.12078 100
1.05754 0.2103 -0.120678 100
1.05644 0.2255 -0.120553 100
1.05515 0.2408 -0.120406 100
1.05754 0.257 -0.120678 100
1.03389 -0.2357 -0.11798 100
1.03518 -0.2208 -0.118127 100
1.03717 -0.2061 -0.118354 100
1.03796 -0.1911 -0.118445 100
1.03757 -0.1761 -0.118399 100
1.03598 -0.1609 -0.118218 100
1.03707 -0.1462 -0.118343 100
1.03896 -0.1317 -0.118558 100
1.03876 -0.1169 -0.118535 100
1.03826 -0.1021 -0.118479 100
1.03856 -0.0874 -0.118513 100
1.03975 -0.0729 -0.118649 100
1.03965 -0.0582 -0.118637 100
1.04134 -0.0437 -0.11883 100
1.04184 -0.0291 -0.118887 100
1.05971 0.0143 -0.114747 100
1.06438 0.0293 -0.115253 100
1.06488 0.0443 -0.115306 100
1.06517 0.0593 -0.115339 100
1.06517 0.0743 -0.115339 100
1.06507 0.0894 -0.115328 100
1.06468 0.1044 -0.115285 100
1.06507 0.1196 -0.115328 100
1.06726 0.135 -0.115565 100
1.06925 0.1505 -0.11578 100
1.07005 0.166 -0.115866 100
1.07054 0.1815 -0.11592 100
1.07084 0.197 -0.115952 100
1.07293 0.213 -0.116178 100
1.07273 0.2287 -0.116157 100
1.07631 0.2453 -0.116544 100
1.04758 -0.2275 -0.113433 100
1.04966 -0.2126 -0.113659 100
1.05255 -0.1978 -0.113972 100
1.05414 -0.1829 -0.114144 100
1.05563 -0.1679 -0.114305 100
1.05493 -0.1526 -0.11423 100
1.05493 -0.1376 -0.11423 100
1.05672 -0.1227 -0.114424 100
1.05742 -0.1078 -0.114499 100
1.05583 -0.0927 -0.114327 100
1.05603 -0.0778 -0.114348 100
1.05593 -0.0629 -0.114338 100
1.05573 -0.048 -0.114316 100
1.05533 -0.0332 -0.114273 100
1.05762 -0.0184 -0.114521 100
1.06244 0.0017 -0.0985594 100
1.06632 0.0166 -0.0989197 100
1.06692 0.0316 -0.0989751 100
1.06841 0.0467 -0.0991136 100
1.06961 0.0618 -0.0992245 100
1.06971 0.0768 -0.0992337 100
1.0705 0.092 -0.0993076 100
1.06911 0.107 -0.0991783 100
1.06951 0.1222 -0.0992153 100
1.06961 0.1375 -0.0992245 100
1.0706 0.1529 -0.0993169 100
1.0703 0.1682 -0.0992891 100
1.06981 0.1835 -0.099243 100
1.0721 0.1994 -0.0994554 100
1.07608 0.2158 -0.0998249 100
1.07389 0.2311 -0.0996217 100
1.07548 0.2473 -0.0997695 100
1.05537 -0.2366 -0.0979036 100
1.05467 -0.221 -0.0978389 100
1.05567 -0.2058 -0.0979313 100
1.05746 -0.1908 -0.0980976 100
1.05806 -0.1756 -0.098153 100
1.05935 -0.1606 -0.0982731 100
1.05955 -0.1454 -0.0982915 100
1.05855 -0.1302 -0.0981992 100
1.05826 -0.1151 -0.0981715 100
1.05676 -0.1 -0.0980329 100
1.05507 -0.0849 -0.0978759 100
1.05617 -0.0701 -0.0979775 100
1.05607 -0.0552 -0.0979683 100
1.05766 -0.0404 -0.098116 100
1.06015 -0.0257 -0.098347 100
1.07597 0.0002 -0.0931893 100
1.07687 0.0153 -0.0932669 100
1.07856 0.0304 -0.0934136 100
1.07996 0.0456 -0.0935344 100
1.07926 0.0607 -0.093474 100
1.07926 0.0759 -0.093474 100
1.08016 0.0911 -0.0935517 100
1.08075 0.1064 -0.0936034 100
1.08115 0.1218 -0.093638 100
1.08334 0.1374 -0.0938278 100
1.08723 0.1534 -0.0941643 100
1.09092 0.1695 -0.0944836 100
1.09131 0.1853 -0.0945181 100
1.08962 0.2007 -0.0943714 100
1.08872 0.2163 -0.0942937 100
1.08852 0.2322 -0.0942765 100
1.0939 0.2494 -0.0947424 100
1.06471 -0.2341 -0.0922142 100
1.06392 -0.2184 -0.0921452 100
1.06491 -0.2031 -0.0922315 100
1.06661 -0.188 -0.0923782 100
1.0681 -0.1729 -0.0925076 100
1.0685 -0.1576 -0.0925421 100
1.0696 -0.1425 -0.092637 100
1.07049 -0.1274 -0.0927147 100
1.07019 -0.1122 -0.0926888 100
1.0696 -0.097 -0.092637 100
1.07189 -0.0821 -0.0928355 100
1.07388 -0.0672 -0.0930081 100
1.07468 -0.0521 -0.0930771 100
1.07438 -0.0371 -0.0930512 100
1.07677 -0.0221 -0.0932583 100
1.08411 0.0009 -0.0792315 100
1.08501 0.0161 -0.0792971 100
1.08471 0.0312 -0.0792752 100
1.08411 0.0463 -0.0792315 100
1.08441 0.0614 -0.0792534 100
1.08441 0.0766 -0.0792534 100
1.08421 0.0918 -0.0792388 100
1.08481 0.1071 -0.0792825 100
1.08521 0.1224 -0.0793117 100
1.0864 0.1379 -0.0793991 100
1.08929 0.1537 -0.0796105 100
1.09109 0.1695 -0.0797417 100
1.08959 0.1848 -0.0796324 100
1.0889 0.2003 -0.0795814 100
1.09089 0.2165 -0.0797271 100
1.08969 0.232 -0.0796397 100
1.09318 0.2488 -0.0798948 100
1.06646 -0.2448 -0.0779413 50
1.06685 -0.2293 -0.0779705 100
1.06895 -0.2142 -0.0781236 100
1.07084 -0.1992 -0.0782621 100
1.07254 -0.184 -0.078386 100
1.07394 -0.1689 -0.078488 100
1.07623 -0.154 -0.0786557 100
1.07822 -0.139 -0.0788014 100
1.08072 -0.1088 -0.0789837 100
1.08112 -0.0936 -0.0790128 100
1.08032 -0.0784 -0.0789545 100
1.08032 -0.0633 -0.0789545 100
1.07902 -0.0481 -0.0788598 100
1.07962 -0.0331 -0.0789035 100
1.07992 -0.0181 -0.0789254 100
1.10189 0.0102 -0.0681669 100
1.10459 0.0257 -0.0683336 100
1.10509 0.0412 -0.0683645 100
1.10539 0.0567 -0.068383 100
1.10549 0.0722 -0.0683892 100
1.10439 0.0877 -0.0683212 100
1.10509 0.1033 -0.0683645 100
1.10648 0.1191 -0.0684509 100
1.10768 0.1349 -0.068525 100
1.10768 0.1507 -0.068525 100
1.10648 0.1663 -0.0684509 100
1.10599 0.1821 -0.06842 100
1.10828 0.1984 -0.068562 100
1.11128 0.215 -0.0687473 100
1.11018 0.231 -0.0686794 100
1.11167 0.2476 -0.068772 100
1.08762 -0.2362 -0.0672839 100
1.08692 -0.2202 -0.0672407 100
1.08882 -0.2048 -0.067358 100
1.09161 -0.1895 -0.0675309 100
1.09411 -0.1742 -0.0676853 100
1.0965 -0.1589 -0.0678334 100
1.0966 -0.1433 -0.0678396 100
1.0975 -0.1278 -0.0678952 100
1.0982 -0.1124 -0.0679384 100
1.09571 -0.0966 -0.067784 100
1.09391 -0.0811 -0.0676729 100
1.09291 -0.0656 -0.0676112 100
1.09371 -0.0503 -0.0676606 100
1.09531 -0.0351 -0.0677593 100
1.0987 -0.0198 -0.0679693 100
1.10466 0.0079 -0.0544134 100
1.10446 0.0234 -0.0544036 100
1.10496 0.0388 -0.0544282 100
1.10536 0.0543 -0.0544479 100
1.10646 0.0699 -0.054502 100
1.10636 0.0855 -0.0544971 100
1.10606 0.101 -0.0544823 100
1.10556 0.1166 -0.0544577 100
1.10576 0.1323 -0.0544676 100
1.10776 0.1483 -0.054566 100
1.10516 0.1795 -0.054438 100
1.10656 0.1957 -0.0545069 100
1.10955 0.2122 -0.0546545 100
1.11135 0.2287 -0.0547431 100
1.10906 0.2445 -0.0546299 100
1.08658 -0.2351 -0.053523 100
1.08978 -0.2199 -0.0536804 100
1.09367 -0.2048 -0.0538723 100
1.09447 -0.1892 -0.0539116 100
1.09597 -0.1737 -0.0539854 100
1.09737 -0.1582 -0.0540543 100
1.09847 -0.1427 -0.0541084 100
1.09637 -0.1269 -0.0540051 100
1.09507 -0.1112 -0.0539411 100
1.09747 -0.096 -0.0540592 100
1.10067 -0.0808 -0.0542166 100
1.10077 -0.0653 -0.0542216 100
1.09957 -0.0498 -0.0541625 100
1.10116 -0.0345 -0.0542412 100
1.10346 -0.0191 -0.0543544 100
1.11117 0.0033 -0.0430751 100
1.10997 0.0188 -0.0430286 100
1.10967 0.0342 -0.043017 100
1.11007 0.0497 -0.0430325 100
1.11326 0.0654 -0.0431565 100
1.11426 0.081 -0.0431952 100
1.11496 0.0967 -0.0432223 100
1.11556 0.1124 -0.0432456 100
1.11586 0.1282 -0.0432572 100
1.11696 0.1441 -0.0432998 100
1.11876 0.1602 -0.0433695 100
1.12036 0.1763 -0.0434315 100
1.12076 0.1924 -0.043447 100
1.12196 0.2087 -0.0434935 100
1.12286 0.2251 -0.0435283 100
1.12156 0.2412 -0.043478 100
1.12296 0.2579 -0.0435322 100
1.10847 -0.2257 -0.0429705 100
1.10457 -0.2089 -0.0428195 100
1.10447 -0.193 -0.0428156 100
1.10707 -0.1776 -0.0429163 100
1.10837 -0.162 -0.0429667 100
1.10857 -0.1463 -0.0429744 100
1.10847 -0.1306 -0.0429705 100
1.10827 -0.115 -0.0429628 100
1.10967 -0.0996 -0.043017 100
1.10897 -0.0839 -0.0429899 100
1.10907 -0.0684 -0.0429938 100
1.10887 -0.0529 -0.042986 100
1.10957 -0.0375 -0.0430131 100
1.11097 -0.0221 -0.0430674 100
1.11181 0.0074 -0.0203773 100
1.11461 0.023 -0.0204286 100
1.11511 0.0386 -0.0204378 100
1.11551 0.0542 -0.0204451 100
1.11561 0.0698 -0.020447 100
1.11651 0.0856 -0.0204634 100
1.11721 0.1013 -0.0204763 100
1.12071 0.1175 -0.0205404 100
1.12491 0.1338 -0.0206174 100
1.12691 0.15 -0.020654 100
1.12661 0.1661 -0.0206485 100
1.12811 0.1824 -0.020676 100
1.12941 0.1989 -0.0206998 100
1.12951 0.2152 -0.0207017 100
1.12931 0.2315 -0.020698 100
1.13671 0.2497 -0.0208336 100
1.10012 -0.2394 -0.0201629 100
1.10231 -0.2238 -0.0202032 100
1.10441 -0.2082 -0.0202417 100
1.10621 -0.1926 -0.0202747 100
1.10781 -0.1769 -0.020304 100
1.10911 -0.1613 -0.0203278 100
1.10931 -0.1455 -0.0203315 100
1.11021 -0.1299 -0.020348 100
1.10891 -0.1141 -0.0203242 100
1.10841 -0.0984 -0.020315 100
1.10971 -0.0829 -0.0203388 100
1.11081 -0.0674 -0.020359 100
1.11161 -0.0519 -0.0203737 100
1.11321 -0.0364 -0.020403 100
1.11361 -0.0208 -0.0204103 100
1.13171 0.0041 -0.0256821 100
1.13251 0.02 -0.0257002 100
1.13411 0.0359 -0.0257365 100
1.13451 0.0518 -0.0257456 100
1.13371 0.0677 -0.0257274 100
1.13461 0.0837 -0.0257479 100
1.13531 0.0998 -0.0257637 100
1.13481 0.1157 -0.0257524 100
1.13511 0.1318 -0.0257592 100
1.13711 0.1482 -0.0258046 100
1.13691 0.1644 -0.0258 100
1.13841 0.1809 -0.0258341 100
1.14071 0.1977 -0.0258862 100
1.14271 0.2146 -0.0259316 100
1.14351 0.2313 -0.0259498 100
1.149 0.2492 -0.0260746 100
1.11831 -0.235 -0.0253781 100
1.12051 -0.2191 -0.025428 100
1.12251 -0.2032 -0.0254733 100
1.12521 -0.1875 -0.0255346 100
1.12771 -0.1717 -0.0255913 100
1.12901 -0.1558 -0.0256208 100
1.13011 -0.1399 -0.0256458 100
1.13091 -0.1239 -0.0256639 100
1.13161 -0.108 -0.0256798 100
1.13201 -0.0921 -0.0256889 100
1.13111 -0.0761 -0.0256684 100
1.13011 -0.0601 -0.0256458 100
1.12881 -0.0442 -0.0256163 100
1.13131 -0.0285 -0.025673 100
1.13288 0.0075 -0.0162146 100
1.13468 0.0234 -0.0162404 100
1.13418 0.0392 -0.0162332 100
1.13458 0.0551 -0.0162389 100
1.13568 0.0711 -0.0162547 100
1.13658 0.0871 -0.0162676 100
1.13818 0.1032 -0.0162905 100
1.14068 0.1196 -0.0163262 100
1.14088 0.1357 -0.0163291 100
1.13978 0.1518 -0.0163133 100
1.14158 0.1683 -0.0163391 100
1.14398 0.185 -0.0163735 100
1.14428 0.2015 -0.0163778 100
1.14428 0.218 -0.0163778 100
1.14558 0.2516 -0.0163964 100
1.12089 -0.2429 -0.0160429 100
1.12019 -0.2264 -0.0160329 100
1.12229 -0.2106 -0.0160629 100
1.12508 -0.1949 -0.016103 100
1.12678 -0.179 -0.0161273 100
1.12618 -0.1628 -0.0161187 100
1.12638 -0.1468 -0.0161216 100
1.12728 -0.1309 -0.0161345 100
1.12798 -0.1151 -0.0161445 100
1.12948 -0.0993 -0.0161659 100
1.12978 -0.0834 -0.0161702 100
1.12988 -0.0676 -0.0161717 100
1.13068 -0.0518 -0.0161831 100
1.13228 -0.036 -0.016206 100
1.13168 -0.0202 -0.0161974 100
1.14997 0.0106 -0.00883128 100
1.15067 0.0267 -0.00883665 100
1.15017 0.0427 -0.00883282 100
1.15047 0.0588 -0.00883512 100
1.15257 0.0751 -0.00885125 100
1.15737 0.0916 -0.00888811 100
1.15997 0.1081 -0.00890807 100
1.15927 0.1244 -0.0089027 100
1.15847 0.1406 -0.00889655 100
1.15837 0.157 -0.00889579 100
1.15807 0.1735 -0.00889348 100
1.15747 0.1899 -0.00888887 100
1.15867 0.2067 -0.00889809 100
1.15767 0.2233 -0.00889041 100
1.15927 0.2404 -0.0089027 100
1.13877 -0.2409 -0.00874527 34
1.13707 -0.224 -0.00873221 100
1.13817 -0.2078 -0.00874066 100
1.13897 -0.1916 -0.00874681 100
1.13957 -0.1754 -0.00875141 100
1.14087 -0.1593 -0.0087614 100
1.14197 -0.1433 -0.00876984 100
1.14287 -0.1272 -0.00877676 100
1.14457 -0.1113 -0.00878981 100
1.14497 -0.0952 -0.00879288 100
1.14527 -0.0792 -0.00879519 100
1.14627 -0.0632 -0.00880286 100
1.14697 -0.0472 -0.00880824 100
1.14657 -0.0312 -0.00880517 100
1.14887 0.0148 0.00761974 100
1.15057 0.0309 0.00763101 100
1.14997 0.0469 0.00762703 100
1.15327 0.0632 0.00764892 100
1.15827 0.0797 0.00768208 100
1.15897 0.096 0.00768672 100
1.15857 0.1122 0.00768407 100
1.15987 0.1287 0.00769269 100
1.15997 0.1451 0.00769335 100
1.15877 0.1614 0.0076854 100
1.15937 0.178 0.00768938 100
1.16177 0.195 0.00770529 100
1.16377 0.212 0.00771856 100
1.16367 0.2288 0.00771789 100
1.13937 -0.2383 0.00755673 100
1.14157 -0.2057 0.00757132 100
1.14237 -0.1895 0.00757663 100
1.14197 -0.1731 0.00757398 100
1.14227 -0.1569 0.00757597 100
1.14337 -0.1408 0.00758326 100
1.14417 -0.1247 0.00758857 100
1.14487 -0.1087 0.00759321 100
1.14427 -0.0925 0.00758923 100
1.14537 -0.0766 0.00759653 100
1.14737 -0.0607 0.00760979 100
1.14807 -0.0447 0.00761443 100
1.14757 -0.0286 0.00761112 100
1.16582 0.0071 0.020553 100
1.16562 0.0234 0.0205495 100
1.16712 0.0397 0.0205759 100
1.16852 0.0561 0.0206006 100
1.16862 0.0725 0.0206023 100
1.16842 0.0889 0.0205988 100
1.17012 0.1055 0.0206288 100
1.17052 0.122 0.0206358 100
1.17062 0.1386 0.0206376 100
1.17162 0.1553 0.0206552 100
1.17222 0.1721 0.0206658 100
1.17472 0.1892 0.0207099 100
1.17882 0.2068 0.0207821 100
1.18072 0.2242 0.0208156 100
1.17842 0.2408 0.0207751 100
1.17692 0.2577 0.0207486 100
1.15722 -0.2399 0.0204014 33
1.15852 -0.2233 0.0204243 100
1.16052 -0.2069 0.0204596 100
1.16032 -0.1902 0.020456 100
1.16192 -0.1739 0.0204842 100
1.16322 -0.1575 0.0205072 100
1.16332 -0.141 0.0205089 100
1.16322 -0.1245 0.0205072 100
1.16382 -0.1082 0.0205177 100
1.16422 -0.0918 0.0205248 100
1.16342 -0.0754 0.0205107 100
1.16432 -0.0592 0.0205265 100
1.16502 -0.0429 0.0205389 100
1.16652 -0.0267 0.0205653 100
1.16662 0.0016 0.0299377 100
1.16852 0.018 0.0299864 100
1.16912 0.0344 0.0300018 100
1.16852 0.0507 0.0299864 100
1.16872 0.0671 0.0299915 100
1.16862 0.0835 0.029989 100
1.16732 0.0999 0.0299556 100
1.16882 0.1165 0.0299941 100
1.17011 0.1331 0.0300275 100
1.17111 0.1499 0.0300531 100
1.17481 0.1671 0.030148 100
1.17921 0.1846 0.0302609 100
1.18051 0.2017 0.0302942 100
1.17951 0.2186 0.0302686 100
1.17731 0.2353 0.0302122 100
1.17691 0.2524 0.0302019 100
1.15742 -0.233 0.0297017 100
1.15762 -0.2162 0.0297068 100
1.15952 -0.1998 0.0297555 100
1.16022 -0.1833 0.0297735 100
1.16072 -0.1667 0.0297863 100
1.16192 -0.1504 0.0298171 100
1.16192 -0.1339 0.0298171 100
1.16272 -0.1175 0.0298376 100
1.16322 -0.1011 0.0298504 100
1.16352 -0.0848 0.0298581 100
1.16462 -0.0685 0.0298864 100
1.16542 -0.0522 0.0299069 100
1.16602 -0.0359 0.0299223 100
1.16642 -0.0196 0.0299325 100
1.18451 0.006 0.0339141 100
1.18531 0.0225 0.033937 100
1.18791 0.0392 0.0340114 100
1.19121 0.0559 0.0341058 100
1.19431 0.0728 0.0341946 100
1.19321 0.0895 0.0341631 100
1.19281 0.1062 0.0341516 100
1.19221 0.1229 0.0341345 100
1.19231 0.1398 0.0341373 100
1.19321 0.1568 0.0341631 100
1.19391 0.1738 0.0341831 100
1.19431 0.191 0.0341946 100
1.19751 0.2086 0.0342861 100
1.19641 0.2257 0.0342547 100
1.20001 0.2438 0.0343577 100
1.17432 -0.2345 0.0336222 100
1.17752 -0.2181 0.0337138 100
1.17752 -0.2011 0.0337138 100
1.17722 -0.1842 0.0337052 100
1.17472 -0.1671 0.0336336 100
1.17392 -0.1503 0.0336107 100
1.17492 -0.1338 0.0336394 100
1.17772 -0.1175 0.0337195 100
1.17922 -0.101 0.0337624 100
1.17852 -0.0844 0.0337424 100
1.17852 -0.0679 0.0337424 100
1.17942 -0.0515 0.0337681 100
1.18102 -0.035 0.0338139 100
1.18242 -0.0186 0.033854 100
1.18184 0.0035 0.0524268 100
1.18463 0.0201 0.0525509 100
1.18823 0.0368 0.0527105 100
1.19063 0.0535 0.0528168 100
1.19073 0.0702 0.0528212 100
1.18963 0.0869 0.0527725 100
1.18933 0.1036 0.0527592 100
1.18873 0.1203 0.0527326 100
1.18893 0.1372 0.0527415 100
1.18993 0.1542 0.0527858 100
1.19063 0.1712 0.0528168 100
1.19103 0.1883 0.0528345 100
1.19223 0.2056 0.0528877 100
1.19323 0.223 0.052932 100
1.20272 0.2423 0.053353 100
1.17345 -0.2406 0.0520546 34
1.17474 -0.2238 0.0521122 100
1.17674 -0.2072 0.0522008 100
1.17954 -0.1907 0.0523249 100
1.18114 -0.1741 0.0523958 100
1.18144 -0.1573 0.0524091 100
1.17954 -0.1403 0.0523249 100
1.17644 -0.1232 0.0521875 100
1.17604 -0.1066 0.0521698 100
1.17644 -0.09 0.0521875 100
1.17854 -0.0736 0.0522806 100
1.18044 -0.0572 0.0523648 100
1.18114 -0.0407 0.0523958 100
1.18164 -0.0242 0.052418 100
1.20112 0.0069 0.0671533 100
1.20192 0.0237 0.0671979 100
1.20142 0.0405 0.06717 100
1.20172 0.0574 0.0671868 100
1.20182 0.0742 0.0671923 100
1.20172 0.0911 0.0671868 100
1.20033 0.1079 0.0671086 100
1.20162 0.125 0.0671812 100
1.20372 0.1422 0.0672984 100
1.20662 0.1597 0.0674603 100
1.21021 0.1774 0.0676612 100
1.2135 0.1953 0.0678455 100
1.21261 0.2126 0.0677952 100
1.21051 0.2297 0.067678 100
1.21021 0.2472 0.0676612 100
1.18565 -0.2476 0.066288 38
1.18695 -0.2306 0.0663606 100
1.18914 -0.2138 0.0664834 100
1.19094 -0.197 0.0665839 100
1.19364 -0.1803 0.0667346 100
1.19503 -0.1635 0.0668128 100
1.19523 -0.1465 0.0668239 100
1.19414 -0.1295 0.0667625 100
1.19483 -0.1127 0.0668016 100
1.19733 -0.096 0.0669411 100
1.19853 -0.0793 0.0670081 100
1.19653 -0.0624 0.0668965 100
1.19523 -0.0456 0.0668239 100
1.19683 -0.0289 0.0669132 100
1.19827 0.0145 0.0793792 100
1.19797 0.0313 0.0793594 100
1.19837 0.0481 0.0793858 100
1.19957 0.065 0.0794651 100
1.19857 0.0818 0.079399 100
1.19937 0.0987 0.0794519 100
1.20077 0.1158 0.0795444 100
1.20506 0.1333 0.0798287 100
1.20795 0.1508 0.0800204 100
1.20775 0.168 0.0800071 100
1.21025 0.1856 0.0801724 100
1.21144 0.2032 0.0802517 100
1.21144 0.2207 0.0802517 100
1.21514 0.239 0.0804963 100
1.18271 -0.2434 0.078348 100
1.185 -0.2266 0.0785001 100
1.188 -0.21 0.0786984 100
1.18989 -0.1932 0.0788239 100
1.19139 -0.1764 0.0789231 100
1.19279 -0.1595 0.0790156 100
1.19289 -0.1425 0.0790223 100
1.19378 -0.1257 0.0790817 100
1.19548 -0.109 0.0791941 100
1.19588 -0.0921 0.0792205 100
1.19598 -0.0753 0.0792272 100
1.19598 -0.0585 0.0792272 100
1.19668 -0.0417 0.0792734 100
1.19807 -0.025 0.079366 100
1.22384 0.0011 0.087941 100
1.22374 0.0182 0.0879338 100
1.22434 0.0354 0.0879768 100
1.22474 0.0525 0.0880055 100
1.22484 0.0697 0.0880126 100
1.22474 0.0869 0.0880055 100
1.22644 0.1043 0.0881273 100
1.22684 0.1217 0.088156 100
1.22803 0.1392 0.088242 100
1.23093 0.157 0.0884498 100
1.23252 0.1748 0.0885645 100
1.23392 0.1926 0.0886649 100
1.23402 0.2104 0.088672 100
1.23651 0.2466 0.0888512 100
1.20469 -0.2376 0.0865649 100
1.20699 -0.2206 0.0867297 100
1.20988 -0.2037 0.0869376 100
1.21168 -0.1865 0.0870666 100
1.21217 -0.1693 0.0871024 100
1.21337 -0.1522 0.0871884 100
1.21537 -0.1352 0.0873318 100
1.21616 -0.1181 0.0873891 100
1.21567 -0.1009 0.0873533 100
1.21297 -0.0836 0.0871597 100
1.21307 -0.0665 0.0871669 100
1.21686 -0.0496 0.0874393 100
1.22145 -0.0327 0.087769 100
1.2234 0.0024 0.106173 100
1.2242 0.0196 0.106242 100
1.2239 0.0368 0.106216 100
1.2242 0.054 0.106242 100
1.2243 0.0712 0.106251 100
1.22619 0.0886 0.106415 100
1.22978 0.1063 0.106727 100
1.23117 0.1238 0.106848 100
1.23227 0.1415 0.106943 100
1.23217 0.159 0.106934 100
1.23277 0.1767 0.106986 100
1.23516 0.1948 0.107193 100
1.23526 0.2126 0.107202 100
1.24104 0.2316 0.107704 100
1.20826 -0.2384 0.104859 100
1.20945 -0.2211 0.104963 100
1.21145 -0.2039 0.105136 100
1.21224 -0.1866 0.105205 100
1.21374 -0.1694 0.105335 100
1.21493 -0.1522 0.105438 100
1.21603 -0.135 0.105533 100
1.21673 -0.1178 0.105594 100
1.21732 -0.1006 0.105646 100
1.21862 -0.0835 0.105758 100
1.21962 -0.0664 0.105845 100
1.22141 -0.0493 0.106 100
1.22201 -0.0322 0.106052 100
1.24057 0.0089 0.116176 100
1.24226 0.0264 0.116335 100
1.24575 0.0439 0.116661 100
1.25202 0.0617 0.117249 100
1.25282 0.097 0.117323 100
1.25033 0.1145 0.11709 100
1.24963 0.1321 0.117025 100
1.25063 0.15 0.117118 100
1.25033 0.1678 0.11709 100
1.25083 0.1858 0.117137 100
1.25113 0.2038 0.117165 100
1.25212 0.222 0.117258 100
1.25182 0.2401 0.11723 100
1.25521 0.259 0.117547 1
1.2334 -0.2357 0.115505 100
1.23559 -0.2182 0.11571 100
1.23261 -0.1999 0.11543 100
1.23131 -0.182 0.115309 100
1.23171 -0.1644 0.115347 100
1.23291 -0.147 0.115458 100
1.2338 -0.1296 0.115542 100
1.2335 -0.1121 0.115514 100
1.234 -0.0947 0.115561 100
1.2352 -0.0774 0.115673 100
1.23709 -0.0601 0.11585 100
1.23689 -0.0427 0.115831 100
1.23729 -0.0254 0.115869 100
1.23677 0.0056 0.133919 100
1.23657 0.023 0.133898 100
1.23806 0.0404 0.134059 100
1.24343 0.0581 0.134641 100
1.2484 0.0759 0.135179 100
1.2492 0.0936 0.135265 100
1.24979 0.1113 0.13533 100
1.25109 0.1292 0.13547 100
1.25109 0.147 0.13547 100
1.25099 0.1648 0.135459 100
1.25148 0.1828 0.135513 100
1.25178 0.2008 0.135545 100
1.25079 0.2187 0.135437 100
1.25258 0.2372 0.135631 100
1.23687 -0.2398 0.13393 100
1.23419 -0.2214 0.13364 100
1.23617 -0.2039 0.133855 100
1.23299 -0.1856 0.13351 100
1.2315 -0.1677 0.133349 100
1.23269 -0.1503 0.133478 100
1.23269 -0.1327 0.133478 100
1.23349 -0.1153 0.133564 100
1.23389 -0.0979 0.133607 100
1.2322 -0.0804 0.133424 100
1.23319 -0.0631 0.133532 100
1.23498 -0.0458 0.133726 100
1.23548 -0.0284 0.13378 100
1.26576 0.0151 0.134601 100
1.26745 0.033 0.134781 100
1.26785 0.0508 0.134823 100
1.26904 0.0687 0.13495 100
1.26895 0.0866 0.134939 100
1.27054 0.1047 0.135108 100
1.27292 0.1229 0.135362 100
1.27601 0.1414 0.13569 100
1.27591 0.1595 0.135679 100
1.2765 0.1779 0.135743 100
1.2769 0.1963 0.135785 100
1.27501 0.2144 0.135584 100
1.27581 0.233 0.135669 100
1.25085 -0.2423 0.133015 100
1.25214 -0.2243 0.133152 100
1.25413 -0.2065 0.133364 100
1.25492 -0.1886 0.133448 100
1.25642 -0.1708 0.133607 100
1.25671 -0.1529 0.133639 100
1.25771 -0.1351 0.133744 100
1.2585 -0.1173 0.133829 100
1.26 -0.0996 0.133987 100
1.26129 -0.0819 0.134125 100
1.26129 -0.0641 0.134125 100
1.2601 -0.0463 0.133998 100
1.2596 -0.0285 0.133945 100
1.26169 0.0064 0.161626 100
1.26149 0.0242 0.161601 100
1.261 0.0419 0.161537 100
1.26228 0.0597 0.161702 100
1.26328 0.0776 0.161829 100
1.26605 0.0956 0.162185 100
1.26863 0.1137 0.162516 100
1.27082 0.132 0.162795 100
1.2728 0.1503 0.163049 100
1.27458 0.1687 0.163278 100
1.27607 0.1871 0.163469 100
1.27726 0.2057 0.163621 100
1.27627 0.2239 0.163494 100
1.28083 0.2433 0.164079 100
1.24949 -0.2381 0.160063 31
1.2488 -0.2198 0.159974 100
1.24969 -0.2019 0.160089 100
1.25038 -0.1841 0.160178 100
1.25286 -0.1665 0.160495 100
1.25504 -0.1488 0.160775 100
1.25693 -0.1312 0.161016 100
1.25762 -0.1134 0.161105 100
1.25812 -0.0957 0.161169 100
1.25832 -0.0779 0.161194 100
1.25931 -0.0602 0.161321 100
1.25901 -0.0425 0.161283 100
1.2605 -0.0248 0.161474 100
1.28376 0.0018 0.17768 100
1.28555 0.02 0.177927 100
1.28713 0.0381 0.178146 100
1.28753 0.0563 0.178201 100
1.28763 0.0746 0.178215 100
1.28743 0.0928 0.178187 100
1.28901 0.1112 0.178407 100
1.2903 0.1297 0.178585 100
1.29228 0.1483 0.178859 100
1.29406 0.167 0.179106 100
1.29743 0.1861 0.179572 100
1.29674 0.2047 0.179476 100
1.29674 0.2235 0.179476 100
1.29931 0.2429 0.179832 100
1.27663 -0.2458 0.176693 35
1.27306 -0.2266 0.176199 100
1.27316 -0.2081 0.176213 100
1.27495 -0.19 0.17646 100
1.27643 -0.1719 0.176665 100
1.27772 -0.1537 0.176844 100
1.27871 -0.1356 0.176981 100
1.27851 -0.1173 0.176953 100
1.27901 -0.0992 0.177022 100
1.2793 -0.0811 0.177063 100
1.28129 -0.0631 0.177337 100
1.28198 -0.045 0.177433 100
1.28247 -0.0269 0.177502 100
1.28293 0.0168 0.196545 100
1.28352 0.0349 0.196636 100
1.28392 0.053 0.196697 100
1.28501 0.0713 0.196863 100
1.2859 0.0895 0.197 100
1.28649 0.1078 0.19709 100
1.28787 0.1263 0.197302 100
1.29094 0.145 0.197772 100
1.29469 0.1639 0.198347 100
1.29717 0.1829 0.198726 100
1.29647 0.2015 0.19862 100
1.29558 0.2201 0.198484 100
1.29726 0.2392 0.198741 100
1.26909 -0.2445 0.194425 100
1.2685 -0.2258 0.194334 100
1.27048 -0.2078 0.194637 100
1.27127 -0.1895 0.194758 100
1.27275 -0.1714 0.194986 100
1.27404 -0.1533 0.195182 100
1.27404 -0.1351 0.195182 100
1.27483 -0.117 0.195304 100
1.27631 -0.099 0.195531 100
1.27858 -0.0811 0.195879 100
1.28056 -0.0631 0.196182 100
1.28224 -0.045 0.196439 100
1.28273 -0.0269 0.196515 100
1.29099 0.0128 0.215805 100
1.29957 0.0313 0.21724 100
1.30203 0.0498 0.217652 100
1.30312 0.0683 0.217833 100
1.30499 0.087 0.218147 100
1.3047 0.1055 0.218097 100
1.30608 0.1243 0.218328 100
1.30914 0.1433 0.218839 100
1.30992 0.1622 0.218971 100
1.30953 0.181 0.218905 100
1.30785 0.1997 0.218625 100
1.30894 0.2188 0.218806 100
1.31259 0.2386 0.219416 100
1.28803 -0.2414 0.215311 100
1.28832 -0.2227 0.21536 100
1.2903 -0.2042 0.21569 100
1.28901 -0.1854 0.215476 100
1.28655 -0.1665 0.215064 100
1.28872 -0.1482 0.215426 100
1.29168 -0.1301 0.215921 100
1.28941 -0.1114 0.215542 100
1.28684 -0.0929 0.215113 100
1.28803 -0.0746 0.215311 100
1.28892 -0.0564 0.215459 100
1.29049 -0.0382 0.215723 100
1.29089 -0.0199 0.215789 100
1.29626 0.0156 0.220642 100
1.29596 0.034 0.220591 100
1.29931 0.0525 0.221162 100
1.30237 0.0711 0.221682 100
1.30326 0.0897 0.221833 100
1.30286 0.1082 0.221766 100
1.30316 0.1269 0.221816 100
1.30424 0.1457 0.222001 100
1.30503 0.1645 0.222135 100
1.30464 0.1833 0.222068 100
1.30779 0.2026 0.222605 100
1.30779 0.2216 0.222605 100
1.3143 0.2419 0.223713 100
1.28886 -0.2384 0.219383 32
1.28719 -0.2193 0.219098 100
1.28817 -0.2007 0.219266 100
1.28886 -0.1822 0.219383 100
1.28926 -0.1637 0.21945 100
1.28847 -0.1451 0.219316 100
1.28995 -0.1083 0.219568 100
1.29034 -0.09 0.219635 100
1.28945 -0.0716 0.219484 100
1.29034 -0.0533 0.219635 100
1.29192 -0.035 0.219903 100
