0.90486 0.0062 -0.243303 100
0.905633 0.0193 -0.243511 100
0.907178 0.0324 -0.243926 100
0.908627 0.0456 -0.244316 100
0.910848 0.0589 -0.244913 100
0.913745 0.0723 -0.245692 100
0.912683 0.0855 -0.245406 100
0.91249 0.0987 -0.245355 100
0.912007 0.112 -0.245225 100
0.910365 0.1251 -0.244783 100
0.909593 0.1384 -0.244576 100
0.908627 0.1516 -0.244316 100
0.908337 0.1651 -0.244238 100
0.906985 0.1783 -0.243874 100
0.90544 0.1916 -0.243459 100
0.903702 0.2049 -0.242992 100
0.903702 0.2185 -0.242992 100
0.905343 0.2328 -0.243433 100
0.905923 0.2468 -0.243589 100
0.910848 0.2623 -0.244913 100
0.953628 0.2894 -0.256416 100
0.917994 -0.1982 -0.246835 28
0.90824 -0.1825 -0.244212 100
0.906792 -0.1687 -0.243823 100
0.907082 -0.1553 -0.2439 100
0.908047 -0.142 -0.24416 100
0.908916 -0.1288 -0.244394 100
0.909593 -0.1155 -0.244576 100
0.910172 -0.1023 -0.244731 100
0.910462 -0.0891 -0.244809 100
0.909689 -0.0758 -0.244601 100
0.907661 -0.0624 -0.244056 100
0.908434 -0.0494 -0.244264 100
0.908047 -0.0362 -0.24416 100
0.907468 -0.0231 -0.244004 100
0.905699 0.0033 -0.244037 100
0.906568 0.0164 -0.244271 100
0.907147 0.0295 -0.244427 100
0.90763 0.0427 -0.244557 100
0.908885 0.0559 -0.244896 100
0.908112 0.069 -0.244688 100
0.908981 0.0823 -0.244922 100
0.910719 0.0958 -0.24539 100
0.910237 0.109 -0.24526 100
0.909657 0.1223 -0.245104 100
0.908885 0.1356 -0.244896 100
0.907919 0.1489 -0.244635 100
0.905409 0.1754 -0.243959 100
0.904926 0.1889 -0.243829 100
0.904154 0.2024 -0.243621 100
0.903188 0.2159 -0.243361 100
0.902126 0.2294 -0.243074 100
0.903574 0.2436 -0.243465 100
0.902995 0.2575 -0.243309 100
0.905892 0.2725 -0.244089 100
0.905892 -0.1988 -0.244089 38
0.903671 -0.1847 -0.243491 100
0.905119 -0.1715 -0.243881 100
0.906471 -0.1582 -0.244245 100
0.907533 -0.1449 -0.244531 100
0.908402 -0.1317 -0.244766 100
0.908209 -0.1183 -0.244714 100
0.908788 -0.105 -0.24487 100
0.908112 -0.0917 -0.244688 100
0.906374 -0.0783 -0.244219 100
0.904443 -0.065 -0.243699 100
0.905312 -0.0519 -0.243933 100
0.904926 -0.0388 -0.243829 100
0.905312 -0.0257 -0.243933 100
0.910114 0.0072 -0.243013 100
0.907989 0.0203 -0.242446 100
0.909535 0.0335 -0.242859 100
0.91282 0.0468 -0.243736 100
0.914076 0.0601 -0.244071 100
0.913206 0.0733 -0.243839 100
0.911081 0.0864 -0.243271 100
0.909921 0.0996 -0.242962 100
0.909438 0.1128 -0.242833 100
0.909728 0.1262 -0.24291 100
0.908859 0.1395 -0.242678 100
0.907892 0.1528 -0.24242 100
0.906636 0.166 -0.242085 100
0.90625 0.1795 -0.241982 100
0.905574 0.1929 -0.241801 100
0.904801 0.2064 -0.241595 100
0.904801 0.2202 -0.241595 100
0.905477 0.2342 -0.241775 100
0.904994 0.248 -0.241646 100
0.910887 0.2637 -0.24322 100
0.951756 0.2904 -0.254132 100
0.923834 -0.2003 -0.246677 25
0.90654 -0.1829 -0.242059 100
0.906057 -0.1693 -0.24193 100
0.908279 -0.1562 -0.242523 100
0.907409 -0.1426 -0.242291 100
0.908279 -0.1294 -0.242523 100
0.910018 -0.1162 -0.242988 100
0.910501 -0.103 -0.243117 100
0.909825 -0.0896 -0.242936 100
0.91195 -0.0766 -0.243504 100
0.91195 -0.0633 -0.243504 100
0.910791 -0.05 -0.243194 100
0.909438 -0.0368 -0.242833 100
0.908859 -0.0236 -0.242678 100
0.913894 0.0058 -0.244364 100
0.913701 0.019 -0.244313 100
0.913411 0.0322 -0.244235 100
0.912831 0.0454 -0.24408 100
0.913121 0.0586 -0.244158 100
0.913218 0.0719 -0.244184 100
0.913121 0.0851 -0.244158 100
0.913797 0.0985 -0.244339 100
0.91428 0.1119 -0.244468 100
0.91457 0.1254 -0.244545 100
0.914763 0.1389 -0.244597 100
0.913701 0.1522 -0.244313 100
0.912541 0.1656 -0.244003 100
0.911189 0.1789 -0.243641 100
0.910513 0.1925 -0.24346 100
0.90974 0.206 -0.243254 100
0.910706 0.2201 -0.243512 100
0.914184 0.2349 -0.244442 100
0.914667 0.2491 -0.244571 100
0.915826 0.2636 -0.244881 100
0.925197 0.2807 -0.247387 100
0.916889 -0.2004 -0.245165 27
0.91003 -0.1852 -0.243331 100
0.909547 -0.1715 -0.243202 100
0.909836 -0.158 -0.243279 100
0.910996 -0.1447 -0.243589 100
0.911865 -0.1314 -0.243822 100
0.912541 -0.1181 -0.244003 100
0.913121 -0.1048 -0.244158 100
0.914474 -0.0916 -0.244519 100
0.914667 -0.0783 -0.244571 100
0.912735 -0.0649 -0.244054 100
0.911575 -0.0516 -0.243744 100
0.911189 -0.0384 -0.243641 100
0.908774 -0.0251 -0.242995 100
0.917624 0.0132 -0.237656 100
0.918302 0.0265 -0.237831 100
0.918883 0.0397 -0.237981 100
0.918205 0.0529 -0.237806 100
0.918399 0.0662 -0.237856 100
0.918399 0.0795 -0.237856 100
0.918205 0.0928 -0.237806 100
0.91685 0.106 -0.237455 100
0.917237 0.1194 -0.237555 100
0.915591 0.1326 -0.237129 100
0.914623 0.1459 -0.236878 100
0.914526 0.1594 -0.236853 100
0.913171 0.1727 -0.236502 100
0.912687 0.1862 -0.236377 100
0.912881 0.1999 -0.236427 100
0.912978 0.2137 -0.236452 100
0.912784 0.2275 -0.236402 100
0.916269 0.2424 -0.237305 100
0.913849 0.2558 -0.236678 100
0.916753 0.2708 -0.23743 100
0.913074 -0.1895 -0.236477 100
0.911719 -0.1756 -0.236126 100
0.912978 -0.1623 -0.236452 100
0.914139 -0.149 -0.236753 100
0.914139 -0.1355 -0.236753 100
0.914914 -0.1223 -0.236954 100
0.914623 -0.1088 -0.236878 100
0.915979 -0.0957 -0.237229 100
0.916172 -0.0824 -0.237279 100
0.916269 -0.0692 -0.237305 100
0.916075 -0.0559 -0.237254 100
0.916753 -0.0427 -0.23743 100
0.916269 -0.0295 -0.237305 100
0.91472 -0.0163 -0.236903 100
0.92407 0.0068 -0.237089 100
0.922907 0.0201 -0.236791 100
0.92252 0.0334 -0.236691 100
0.923004 0.0468 -0.236815 100
0.922229 0.0601 -0.236617 100
0.922326 0.0735 -0.236642 100
0.922132 0.0869 -0.236592 100
0.921842 0.1003 -0.236517 100
0.922326 0.1138 -0.236642 100
0.922617 0.1273 -0.236716 100
0.924651 0.1412 -0.237238 100
0.925523 0.155 -0.237462 100
0.926201 0.1689 -0.237636 100
0.926685 0.1828 -0.23776 100
0.930753 0.1975 -0.238804 100
0.929881 0.2114 -0.23858 100
0.927847 0.225 -0.238058 100
0.926588 0.2388 -0.237735 100
0.924263 0.2524 -0.237139 100
0.922617 0.2807 -0.236716 100
0.915546 -0.2043 -0.234902 100
0.916321 -0.1907 -0.235101 100
0.918742 -0.1774 -0.235722 100
0.918258 -0.1637 -0.235598 100
0.918452 -0.1501 -0.235647 100
0.91942 -0.1367 -0.235896 100
0.919227 -0.1232 -0.235846 100
0.918936 -0.1097 -0.235772 100
0.919324 -0.0963 -0.235871 100
0.920583 -0.083 -0.236194 100
0.92068 -0.0697 -0.236219 100
0.920486 -0.0563 -0.236169 100
0.921164 -0.043 -0.236343 100
0.92068 -0.0297 -0.236219 100
0.921067 -0.0164 -0.236318 100
0.927055 0.0018 -0.225135 100
0.926957 0.0152 -0.225111 100
0.926666 0.0285 -0.22504 100
0.92618 0.0419 -0.224922 100
0.927443 0.0553 -0.225229 100
0.928512 0.0688 -0.225489 100
0.928512 0.0822 -0.225489 100
0.927249 0.0956 -0.225182 100
0.925889 0.1089 -0.224851 100
0.925306 0.1224 -0.22471 100
0.925403 0.136 -0.224733 100
0.921418 0.1625 -0.223766 100
0.922876 0.1765 -0.22412 100
0.928026 0.1914 -0.225371 100
0.930067 0.2058 -0.225866 100
0.928124 0.2193 -0.225394 100
0.926957 0.2332 -0.225111 100
0.926569 0.2472 -0.225017 100
0.925889 0.2613 -0.224851 100
0.927832 0.2763 -0.225323 100
0.941631 0.2952 -0.228675 100
0.925597 -0.2034 -0.224781 100
0.924528 -0.1892 -0.224521 100
0.923168 -0.1752 -0.224191 100
0.923556 -0.1616 -0.224285 100
0.923751 -0.1479 -0.224332 100
0.925597 -0.1346 -0.224781 100
0.926374 -0.1212 -0.224969 100
0.925111 -0.1075 -0.224663 100
0.9255 -0.0941 -0.224757 100
0.925694 -0.0806 -0.224804 100
0.925694 -0.0672 -0.224804 100
0.926569 -0.0539 -0.225017 100
0.92618 -0.0405 -0.224922 100
0.925694 -0.0272 -0.224804 100
0.925014 -0.0138 -0.224639 100
0.93219 0.0023 -0.220876 100
0.93112 0.0157 -0.220622 100
0.930828 0.0291 -0.220553 100
0.930341 0.0425 -0.220438 100
0.930633 0.0559 -0.220507 100
0.93073 0.0693 -0.22053 100
0.930633 0.0828 -0.220507 100
0.929465 0.0961 -0.22023 100
0.928979 0.1096 -0.220115 100
0.929368 0.1232 -0.220207 100
0.929563 0.1368 -0.220253 100
0.931411 0.1508 -0.220691 100
0.935012 0.1651 -0.221544 100
0.935596 0.1791 -0.221683 100
0.934914 0.1929 -0.221521 100
0.934136 0.2068 -0.221337 100
0.934039 0.2208 -0.221314 100
0.932871 0.2347 -0.221037 100
0.932384 0.2488 -0.220922 100
0.930828 0.2627 -0.220553 100
0.929952 0.2769 -0.220345 100
0.932871 -0.2079 -0.221037 25
0.931801 -0.1937 -0.220784 100
0.934331 -0.1803 -0.221383 100
0.933844 -0.1663 -0.221268 100
0.935985 -0.1529 -0.221775 100
0.933163 -0.1387 -0.221106 100
0.929173 -0.1245 -0.220161 100
0.928881 -0.1109 -0.220092 100
0.929271 -0.0975 -0.220184 100
0.929563 -0.084 -0.220253 100
0.930633 -0.0707 -0.220507 100
0.930536 -0.0572 -0.220484 100
0.931217 -0.0438 -0.220645 100
0.929757 -0.0304 -0.220299 100
0.930049 -0.017 -0.220369 100
0.933484 0.0002 -0.21534 100
0.935336 0.0135 -0.215767 100
0.936018 0.0269 -0.215925 100
0.935628 0.0403 -0.215835 100
0.934946 0.0537 -0.215677 100
0.934166 0.067 -0.215498 100
0.935043 0.0805 -0.2157 100
0.9329 0.0938 -0.215205 100
0.931535 0.1071 -0.214891 100
0.930951 0.1206 -0.214756 100
0.931146 0.1341 -0.214801 100
0.93212 0.1479 -0.215025 100
0.936797 0.1623 -0.216104 100
0.938356 0.1764 -0.216464 100
0.936797 0.19 -0.216104 100
0.936018 0.2038 -0.215925 100
0.935043 0.2176 -0.2157 100
0.934848 0.2317 -0.215655 100
0.934459 0.2457 -0.215565 100
0.9329 0.2596 -0.215205 100
0.933971 0.2743 -0.215453 100
0.933679 -0.2054 -0.215385 41
0.935433 -0.1918 -0.21579 100
0.936992 -0.1783 -0.216149 100
0.936407 -0.1644 -0.216015 100
0.933776 -0.1502 -0.215408 100
0.933776 -0.1365 -0.215408 100
0.933582 -0.1229 -0.215363 100
0.934264 -0.1095 -0.21552 100
0.933679 -0.0959 -0.215385 100
0.933971 -0.0825 -0.215453 100
0.933971 -0.069 -0.215453 100
0.934848 -0.0557 -0.215655 100
0.933582 -0.0422 -0.215363 100
0.934069 -0.0289 -0.215475 100
0.934361 -0.0155 -0.215542 100
0.946082 0.0003 -0.214077 100
0.947935 0.014 -0.214496 100
0.950569 0.0277 -0.215092 100
0.953982 0.0415 -0.215864 100
0.95525 0.0554 -0.216151 100
0.95447 0.0691 -0.215975 100
0.953397 0.0828 -0.215732 100
0.953104 0.0966 -0.215666 100
0.952714 0.1104 -0.215577 100
0.952032 0.1242 -0.215423 100
0.949203 0.1517 -0.214783 100
0.949008 0.1657 -0.214739 100
0.946667 0.1793 -0.214209 100
0.945985 0.1933 -0.214054 100
0.94618 0.2075 -0.214099 100
0.946082 0.2218 -0.214077 100
0.944814 0.2358 -0.21379 100
0.944326 0.2501 -0.213679 100
0.944619 0.2647 -0.213745 100
0.951154 0.2813 -0.215224 100
0.942571 -0.2056 -0.213282 100
0.943351 -0.1916 -0.213459 100
0.943936 -0.1777 -0.213591 100
0.945302 -0.1639 -0.2139 100
0.945594 -0.15 -0.213966 100
0.947545 -0.1364 -0.214408 100
0.948325 -0.1226 -0.214584 100
0.948911 -0.1089 -0.214717 100
0.947448 -0.0949 -0.214386 100
0.943741 -0.0809 -0.213547 100
0.943839 -0.0672 -0.213569 100
0.944619 -0.0537 -0.213745 100
0.944326 -0.04 -0.213679 100
0.941791 -0.0264 -0.213105 100
0.953354 0.011 -0.198992 100
0.955116 0.0247 -0.19936 100
0.954626 0.0383 -0.199258 100
0.955997 0.052 -0.199544 100
0.955214 0.0656 -0.199381 100
0.955214 0.0792 -0.199381 100
0.955018 0.0929 -0.19934 100
0.953647 0.1065 -0.199054 100
0.954039 0.1203 -0.199135 100
0.953256 0.134 -0.198972 100
0.952277 0.1477 -0.198768 100
0.953158 0.1618 -0.198951 100
0.952766 0.1757 -0.19887 100
0.9512 0.1894 -0.198543 100
0.950417 0.2033 -0.198379 100
0.951396 0.2177 -0.198584 100
0.95306 0.2324 -0.198931 100
0.953647 0.2469 -0.199054 100
0.952962 0.2613 -0.198911 100
0.956878 0.277 -0.199728 100
0.948851 -0.2062 -0.198052 24
0.949634 -0.1922 -0.198216 100
0.952179 -0.1787 -0.198747 100
0.95169 -0.1646 -0.198645 100
0.951885 -0.1508 -0.198686 100
0.951885 -0.1369 -0.198686 100
0.953647 -0.1234 -0.199054 100
0.955214 -0.1098 -0.199381 100
0.955703 -0.0961 -0.199483 100
0.956878 -0.0824 -0.199728 100
0.957955 -0.0688 -0.199953 100
0.957759 -0.0551 -0.199912 100
0.956486 -0.0414 -0.199646 100
0.954039 -0.0277 -0.199135 100
0.951396 -0.0141 -0.198584 100
0.963511 0.0086 -0.204625 100
0.964196 0.0224 -0.20477 100
0.963805 0.0361 -0.204687 100
0.963218 0.0498 -0.204563 100
0.963413 0.0636 -0.204604 100
0.963511 0.0774 -0.204625 100
0.963315 0.0913 -0.204583 100
0.962924 0.1051 -0.2045 100
0.964294 0.1192 -0.204791 100
0.963609 0.133 -0.204646 100
0.962631 0.1469 -0.204438 100
0.963413 0.1611 -0.204604 100
0.963022 0.1752 -0.204521 100
0.964391 0.1896 -0.204812 100
0.967522 0.2046 -0.205477 100
0.968402 0.2192 -0.205664 100
0.967228 0.2335 -0.205414 100
0.966837 0.2479 -0.205331 100
0.964294 0.262 -0.204791 100
0.963413 0.2765 -0.204604 100
0.958033 -0.207 -0.203462 21
0.958816 -0.193 -0.203628 100
0.961359 -0.1793 -0.204168 100
0.960772 -0.1651 -0.204043 100
0.959109 -0.1507 -0.20369 100
0.958131 -0.1366 -0.203482 100
0.957935 -0.1227 -0.203441 100
0.959598 -0.109 -0.203794 100
0.959011 -0.0952 -0.203669 100
0.959207 -0.0814 -0.203711 100
0.961261 -0.0678 -0.204147 100
0.961066 -0.054 -0.204106 100
0.960772 -0.0403 -0.204043 100
0.961163 -0.0266 -0.204126 100
0.96958 0.0133 -0.184081 100
0.968303 0.027 -0.183838 100
0.968893 0.0408 -0.18395 100
0.969187 0.0546 -0.184006 100
0.968303 0.0684 -0.183838 100
0.967321 0.0821 -0.183652 100
0.967026 0.096 -0.183596 100
0.967615 0.1099 -0.183708 100
0.96791 0.1239 -0.183763 100
0.967124 0.1378 -0.183614 100
0.968107 0.152 -0.183801 100
0.966829 0.1659 -0.183558 100
0.966436 0.1799 -0.183484 100
0.968696 0.1946 -0.183913 100
0.971644 0.2096 -0.184472 100
0.972528 0.2243 -0.18464 100
0.970366 0.2383 -0.18423 100
0.969777 0.2528 -0.184118 100
0.968107 0.2671 -0.183801 100
0.969089 0.2822 -0.183987 100
0.966142 -0.1975 -0.183428 100
0.965847 -0.1832 -0.183372 100
0.966338 -0.1691 -0.183465 100
0.966633 -0.1551 -0.183521 100
0.967615 -0.1412 -0.183708 100
0.9685 -0.1273 -0.183875 100
0.967222 -0.1132 -0.183633 100
0.967714 -0.0993 -0.183726 100
0.968008 -0.0855 -0.183782 100
0.968107 -0.0716 -0.183801 100
0.969973 -0.0579 -0.184155 100
0.970661 -0.0442 -0.184286 100
0.97017 -0.0303 -0.184192 100
0.96958 -0.0165 -0.184081 100
0.980778 0.0056 -0.173467 100
0.981566 0.0195 -0.173606 100
0.982156 0.0334 -0.173711 100
0.981664 0.0473 -0.173624 100
0.981861 0.0613 -0.173659 100
0.98196 0.0753 -0.173676 100
0.980778 0.0892 -0.173467 100
0.980482 0.1032 -0.173415 100
0.980876 0.1173 -0.173485 100
0.980187 0.1313 -0.173363 100
0.979202 0.1453 -0.173188 100
0.981073 0.1598 -0.173519 100
0.983634 0.1745 -0.173972 100
0.983043 0.1888 -0.173868 100
0.98127 0.2029 -0.173554 100
0.98127 0.2175 -0.173554 100
0.983043 0.2325 -0.173868 100
0.981664 0.2469 -0.173624 100
0.980089 0.2612 -0.173345 100
0.984027 0.2772 -0.174042 100
0.979596 -0.1966 -0.173258 100
0.982156 -0.1827 -0.173711 100
0.983634 -0.1686 -0.173972 100
0.98196 -0.1541 -0.173676 100
0.979104 -0.1394 -0.173171 100
0.977922 -0.1252 -0.172962 100
0.977627 -0.1111 -0.17291 100
0.977134 -0.097 -0.172823 100
0.978316 -0.0832 -0.173032 100
0.979399 -0.0693 -0.173223 100
0.98127 -0.0555 -0.173554 100
0.981861 -0.0416 -0.173659 100
0.982353 -0.0277 -0.173746 100
0.978938 0.0123 -0.165926 100
0.980712 0.0263 -0.166227 100
0.981205 0.0403 -0.166311 100
0.979529 0.0542 -0.166027 100
0.979726 0.0682 -0.16606 100
0.9816 0.0824 -0.166378 100
0.98229 0.0966 -0.166495 100
0.982881 0.1108 -0.166595 100
0.985149 0.1253 -0.166979 100
0.989191 0.1401 -0.167664 100
0.990079 0.1547 -0.167815 100
0.988797 0.1689 -0.167598 100
0.987318 0.1832 -0.167347 100
0.985642 0.1974 -0.167063 100
0.984755 0.2119 -0.166912 100
0.98367 0.2263 -0.166729 100
0.984262 0.2412 -0.166829 100
0.982684 0.2557 -0.166561 100
0.985741 0.2715 -0.167079 100
0.984853 -0.2062 -0.166929 100
0.985741 -0.1918 -0.167079 100
0.987318 -0.1776 -0.167347 100
0.984755 -0.1627 -0.166912 100
0.981107 -0.1478 -0.166294 100
0.980121 -0.1334 -0.166127 100
0.980909 -0.1193 -0.166261 100
0.980515 -0.1051 -0.166194 100
0.979825 -0.0909 -0.166077 100
0.980022 -0.0769 -0.16611 100
0.980022 -0.0629 -0.16611 100
0.980811 -0.0489 -0.166244 100
0.979431 -0.0349 -0.16601 100
0.978839 -0.0209 -0.16591 100
0.997176 0.0016 -0.160436 100
0.992141 0.0156 -0.159626 100
0.98987 0.0296 -0.15926 100
0.990364 0.0436 -0.15934 100
0.993523 0.0578 -0.159848 100
0.995596 0.0721 -0.160182 100
0.996485 0.0863 -0.160325 100
0.997176 0.1006 -0.160436 100
0.996683 0.1148 -0.160356 100
0.995004 0.1288 -0.160086 100
0.994115 0.143 -0.159943 100
0.995004 0.1575 -0.160086 100
0.995596 0.1721 -0.160182 100
0.994115 0.1863 -0.159943 100
0.994412 0.2009 -0.159991 100
0.994412 0.2156 -0.159991 100
0.993227 0.2301 -0.1598 100
0.993819 0.245 -0.159896 100
0.994214 0.2601 -0.159959 100
0.994313 0.2751 -0.159975 100
0.998953 0.2917 -0.160722 100
0.993227 -0.2014 -0.1598 52
0.994017 -0.187 -0.159928 100
0.995498 -0.1728 -0.160166 100
0.995794 -0.1584 -0.160213 100
0.995991 -0.144 -0.160245 100
0.995893 -0.1297 -0.160229 100
0.995596 -0.1154 -0.160182 100
0.99609 -0.1012 -0.160261 100
0.996485 -0.087 -0.160325 100
0.994609 -0.0727 -0.160023 100
0.991549 -0.0584 -0.15953 100
0.989278 -0.0442 -0.159165 100
0.989771 -0.0303 -0.159245 100
0.990166 -0.0163 -0.159308 100
0.990629 0.003 -0.150526 100
0.991519 0.0169 -0.150661 100
0.992112 0.0309 -0.150751 100
0.995572 0.0451 -0.151277 100
1.00081 0.0595 -0.152073 100
1.0018 0.0737 -0.152224 100
1.0017 0.0879 -0.152209 100
1.00042 0.102 -0.152013 100
0.999824 0.1162 -0.151923 100
0.999131 0.1304 -0.151818 100
0.99923 0.1447 -0.151833 100
0.997154 0.1588 -0.151518 100
0.996759 0.1731 -0.151457 100
0.997253 0.1877 -0.151533 100
0.996462 0.2021 -0.151412 100
0.993397 0.2308 -0.150947 100
0.994979 0.246 -0.151187 100
0.998143 0.2617 -0.151668 100
0.994485 0.2757 -0.151112 100
0.993397 0.2906 -0.150947 1
0.996165 -0.1988 -0.151367 100
0.997846 -0.1846 -0.151623 100
0.99834 -0.1702 -0.151698 100
0.997648 -0.1556 -0.151593 100
0.996759 -0.1412 -0.151457 100
0.996561 -0.1269 -0.151427 100
0.996264 -0.1126 -0.151382 100
0.996759 -0.0985 -0.151457 100
0.999033 -0.0845 -0.151803 100
0.999131 -0.0703 -0.151818 100
0.999922 -0.0563 -0.151938 100
0.997648 -0.042 -0.151593 100
0.9932 -0.0278 -0.150917 100
1.01083 0.0002 -0.136489 100
1.01172 0.0144 -0.13661 100
1.01241 0.0287 -0.136704 100
1.01192 0.043 -0.136637 100
1.01122 0.0572 -0.136543 100
1.01033 0.0714 -0.136423 100
1.00924 0.0857 -0.136275 100
1.00795 0.0999 -0.136101 100
1.00944 0.1144 -0.136302 100
1.01073 0.129 -0.136476 100
1.01083 0.1435 -0.136489 100
1.00964 0.1579 -0.136329 100
1.00934 0.1724 -0.136289 100
1.00984 0.1871 -0.136356 100
1.01202 0.2023 -0.13665 100
1.01102 0.217 -0.136516 100
1.00884 0.2314 -0.136222 100
1.00944 0.2465 -0.136302 100
1.00884 0.2615 -0.136222 100
1.00795 0.2764 -0.136101 100
1.01073 0.2925 -0.136476 1
1.01162 -0.2039 -0.136597 33
1.00855 -0.1886 -0.136182 100
1.00904 -0.174 -0.136249 100
1.00944 -0.1595 -0.136302 100
1.00954 -0.1449 -0.136316 100
1.01053 -0.1306 -0.136449 100
1.01122 -0.1162 -0.136543 100
1.01073 -0.1018 -0.136476 100
1.00914 -0.0873 -0.136262 100
1.00825 -0.0729 -0.136142 100
1.00815 -0.0586 -0.136128 100
1.00884 -0.0444 -0.136222 100
1.00944 -0.0302 -0.136302 100
1.00875 -0.016 -0.136208 100
1.00834 0.0131 -0.131676 100
1.01002 0.0273 -0.131896 100
1.01062 0.0416 -0.131974 100
1.00993 0.0558 -0.131883 100
1.01002 0.07 -0.131896 100
1.01092 0.0843 -0.132013 100
1.01161 0.0987 -0.132104 100
1.01211 0.1131 -0.132168 100
1.01151 0.1275 -0.132091 100
1.0126 0.1421 -0.132233 100
1.0125 0.1566 -0.13222 100
1.01221 0.1711 -0.132181 100
1.01459 0.1862 -0.132492 100
1.01677 0.2014 -0.132777 100
1.01587 0.2161 -0.13266 100
1.01369 0.2305 -0.132375 100
1.0124 0.2452 -0.132207 100
1.01082 0.2599 -0.132 100
1.0129 0.2756 -0.132272 100
1.01082 -0.2059 -0.132 100
1.00774 -0.1906 -0.131599 100
1.00933 -0.1762 -0.131806 100
1.00864 -0.1616 -0.131715 100
1.00784 -0.147 -0.131611 100
1.00883 -0.1327 -0.131741 100
1.00764 -0.1182 -0.131586 100
1.00814 -0.1039 -0.13165 100
1.00953 -0.0897 -0.131832 100
1.00963 -0.0755 -0.131845 100
1.00963 -0.0612 -0.131845 100
1.01032 -0.047 -0.131935 100
1.01191 -0.0329 -0.132142 100
1.0132 -0.0187 -0.132311 100
1.02642 0.0125 -0.132216 100
1.02721 0.0269 -0.132318 100
1.0287 0.0414 -0.13251 100
1.03098 0.056 -0.132803 100
1.03306 0.0707 -0.133072 100
1.03098 0.0851 -0.132803 100
1.0287 0.0995 -0.13251 100
1.03019 0.1142 -0.132701 100
1.03049 0.1289 -0.13274 100
1.0286 0.1434 -0.132497 100
1.0285 0.1581 -0.132484 100
1.0282 0.1729 -0.132446 100
1.02672 0.1875 -0.132254 100
1.02692 0.2024 -0.13228 100
1.02791 0.2176 -0.132407 100
1.02771 0.2327 -0.132382 100
1.02731 0.2478 -0.132331 100
1.02662 0.263 -0.132241 100
1.03059 0.2794 -0.132752 100
1.02354 -0.209 -0.131845 21
1.02344 -0.1941 -0.131833 100
1.02503 -0.1795 -0.132037 100
1.02543 -0.1648 -0.132088 100
1.02672 -0.1502 -0.132254 100
1.02771 -0.1357 -0.132382 100
1.02652 -0.1209 -0.132229 100
1.02414 -0.1061 -0.131922 100
1.02354 -0.0915 -0.131845 100
1.02364 -0.077 -0.131858 100
1.02463 -0.0627 -0.131986 100
1.02543 -0.0483 -0.132088 100
1.02493 -0.0338 -0.132024 100
1.02533 -0.0195 -0.132075 100
1.02417 0.0139 -0.117595 100
1.02685 0.0283 -0.117903 100
1.02735 0.0428 -0.11796 100
1.02864 0.0573 -0.118108 100
1.02973 0.0718 -0.118234 100
1.02964 0.0864 -0.118222 100
1.03132 0.1011 -0.118416 100
1.03182 0.1158 -0.118473 100
1.03103 0.1304 -0.118382 100
1.03113 0.1451 -0.118393 100
1.03003 0.1597 -0.118268 100
1.02964 0.1745 -0.118222 100
1.02814 0.1891 -0.118051 100
1.02735 0.2039 -0.11796 100
1.02834 0.2191 -0.118074 100
1.03103 0.2348 -0.118382 100
1.03341 0.2507 -0.118656 100
1.03271 0.2659 -0.118576 100
1.0357 0.2822 -0.118918 100
1.02507 -0.2001 -0.117698 100
1.02675 -0.1855 -0.117892 100
1.02725 -0.1707 -0.117949 100
1.02954 -0.1563 -0.118211 100
1.03063 -0.1417 -0.118336 100
1.03142 -0.1271 -0.118428 100
1.02914 -0.1122 -0.118165 100
1.02566 -0.0973 -0.117766 100
1.02397 -0.0826 -0.117572 100
1.02397 -0.0682 -0.117572 100
1.02487 -0.0538 -0.117675 100
1.02546 -0.0394 -0.117743 100
1.02497 -0.025 -0.117686 100
1.04193 0.0015 -0.112638 100
1.04282 0.0161 -0.112735 100
1.04243 0.0308 -0.112692 100
1.04193 0.0454 -0.112638 100
1.04223 0.0601 -0.11267 100
1.04123 0.0747 -0.112563 100
1.04113 0.0894 -0.112552 100
1.03974 0.1041 -0.112401 100
1.04123 0.119 -0.112563 100
1.04342 0.1341 -0.112799 100
1.04441 0.1492 -0.112906 100
1.04511 0.1643 -0.112982 100
1.04471 0.1793 -0.112939 100
1.04601 0.1947 -0.113078 100
1.04809 0.2104 -0.113304 100
1.04799 0.2257 -0.113293 100
1.0477 0.2411 -0.113261 100
1.04809 0.2567 -0.113304 100
1.0463 0.2719 -0.113111 100
1.04819 0.2882 -0.113315 100
1.03656 -0.2018 -0.112057 100
1.03835 -0.1871 -0.112251 100
1.03885 -0.1721 -0.112305 100
1.03825 -0.1571 -0.11224 100
1.03736 -0.1421 -0.112143 100
1.03925 -0.1275 -0.112348 100
1.03885 -0.1126 -0.112305 100
1.03934 -0.0979 -0.112358 100
1.03964 -0.0833 -0.112391 100
1.04074 -0.0686 -0.112509 100
1.04054 -0.054 -0.112487 100
1.04024 -0.0393 -0.112455 100
1.04064 -0.0247 -0.112498 100
1.04337 0.0064 -0.0984434 100
1.04317 0.021 -0.0984246 100
1.04277 0.0357 -0.098387 100
1.04317 0.0503 -0.0984246 100
1.04337 0.065 -0.0984434 100
1.04337 0.0797 -0.0984434 100
1.04217 0.0944 -0.0983307 100
1.04167 0.1091 -0.0982837 100
1.04108 0.1238 -0.0982274 100
1.04128 0.1386 -0.0982461 100
1.04217 0.1537 -0.0983307 100
1.04088 0.1684 -0.0982086 100
1.04038 0.1834 -0.0981616 100
1.04267 0.1989 -0.0983777 100
1.04755 0.2151 -0.0988379 100
1.04934 0.2308 -0.099007 100
1.04795 0.246 -0.0988755 100
1.04735 0.2614 -0.0988192 100
1.04556 0.2765 -0.0986501 100
1.04924 0.2933 -0.0989976 100
1.04347 -0.1998 -0.0984528 33
1.04327 -0.1846 -0.098434 100
1.04476 -0.1698 -0.0985749 100
1.04496 -0.1548 -0.0985937 100
1.04506 -0.1399 -0.0986031 100
1.04496 -0.125 -0.0985937 100
1.04357 -0.11 -0.0984622 100
1.04406 -0.0953 -0.0985092 100
1.04426 -0.0805 -0.098528 100
1.04327 -0.0658 -0.098434 100
1.04416 -0.0511 -0.0985186 100
1.04476 -0.0365 -0.0985749 100
1.04317 -0.0218 -0.0984246 100
1.05663 0.0069 -0.0961612 100
1.05643 0.0217 -0.096143 100
1.05504 0.0364 -0.0960161 100
1.05345 0.0512 -0.0958711 100
1.05454 0.066 -0.0959708 100
1.05554 0.081 -0.0960615 100
1.05733 0.096 -0.0962246 100
1.05982 0.1112 -0.0964512 100
1.06211 0.1265 -0.0966596 100
1.06121 0.1415 -0.0965781 100
1.06111 0.1567 -0.096569 100
1.06181 0.172 -0.0966325 100
1.0642 0.1877 -0.09685 100
1.0654 0.2034 -0.0969587 100
1.0645 0.2187 -0.0968772 100
1.06331 0.234 -0.0967684 100
1.06181 0.2494 -0.0966325 100
1.06211 0.2652 -0.0966596 100
1.06898 0.2828 -0.097285 100
1.06161 -0.2077 -0.0966143 32
1.05753 -0.1915 -0.0962427 100
1.05813 -0.1764 -0.0962971 100
1.05843 -0.1612 -0.0963243 100
1.05962 -0.1462 -0.0964331 100
1.06052 -0.1313 -0.0965146 100
1.05733 -0.1158 -0.0962246 100
1.05484 -0.1006 -0.095998 100
1.05514 -0.0858 -0.0960252 100
1.05624 -0.071 -0.0961249 100
1.05614 -0.0561 -0.0961158 100
1.05584 -0.0413 -0.0960886 100
1.05534 -0.0264 -0.0960433 100
1.05858 0.007 -0.0851713 100
1.05738 0.0218 -0.085075 100
1.05698 0.0366 -0.0850429 100
1.05738 0.0514 -0.085075 100
1.05748 0.0663 -0.085083 100
1.05948 0.0813 -0.0852434 100
1.06217 0.0964 -0.08546 100
1.06476 0.1117 -0.0856685 100
1.06606 0.1269 -0.0857728 100
1.06615 0.1421 -0.0857808 100
1.06705 0.1574 -0.085853 100
1.06675 0.1726 -0.0858289 100
1.06615 0.1879 -0.0857808 100
1.06635 0.2033 -0.0857968 100
1.06546 0.2186 -0.0857246 100
1.06516 0.2341 -0.0857006 100
1.06675 0.2502 -0.0858289 100
1.06506 0.2655 -0.0856926 100
1.06496 0.2973 -0.0856845 100
1.05698 -0.1994 -0.0850429 100
1.05868 -0.1845 -0.0851793 100
1.06017 -0.1695 -0.0852996 100
1.05948 -0.1542 -0.0852434 100
1.05948 -0.1391 -0.0852434 100
1.05938 -0.1241 -0.0852354 100
1.05698 -0.1088 -0.0850429 100
1.05738 -0.094 -0.085075 100
1.05868 -0.0792 -0.0851793 100
1.05868 -0.0643 -0.0851793 100
1.05838 -0.0494 -0.0851552 100
1.05997 -0.0347 -0.0852835 100
1.06037 -0.0198 -0.0853156 100
1.07636 0.0117 -0.0739453 100
1.07517 0.0267 -0.073863 100
1.07566 0.0418 -0.0738973 100
1.07596 0.057 -0.0739179 100
1.07706 0.0722 -0.0739933 100
1.07896 0.0875 -0.0741235 100
1.07956 0.1028 -0.0741646 100
1.08005 0.1182 -0.0741989 100
1.08025 0.1335 -0.0742126 100
1.07926 0.1488 -0.0741441 100
1.07806 0.1641 -0.0740618 100
1.07666 0.1793 -0.0739659 100
1.07606 0.1948 -0.0739247 100
1.07706 0.2106 -0.0739933 100
1.07995 0.2269 -0.074192 100
1.08055 0.2429 -0.0742331 100
1.07806 0.2583 -0.0740618 100
1.07816 0.2743 -0.0740687 100
1.06928 -0.2038 -0.0734587 100
1.07008 -0.1885 -0.0735135 100
1.07157 -0.1733 -0.0736163 100
1.07387 -0.1583 -0.073774 100
1.07407 -0.1429 -0.0737877 100
1.07297 -0.1275 -0.0737123 100
1.07367 -0.1123 -0.0737602 100
1.07507 -0.0973 -0.0738562 100
1.07437 -0.082 -0.0738082 100
1.07437 -0.0669 -0.0738082 100
1.07327 -0.0518 -0.0737328 100
1.07387 -0.0367 -0.073774 100
1.07527 -0.0217 -0.0738699 100
1.07602 0.0021 -0.0652469 100
1.07792 0.0171 -0.0653619 100
1.07752 0.0322 -0.0653377 100
1.07702 0.0472 -0.0653075 100
1.07722 0.0623 -0.0653196 100
1.07622 0.0774 -0.065259 100
1.07602 0.0925 -0.0652469 100
1.07562 0.1076 -0.0652227 100
1.07602 0.1229 -0.0652469 100
1.07722 0.1383 -0.0653196 100
1.07612 0.1535 -0.065253 100
1.07493 0.1686 -0.0651804 100
1.07443 0.184 -0.0651501 100
1.07572 0.1997 -0.0652288 100
1.07772 0.2157 -0.0653498 100
1.08141 0.2322 -0.0655738 100
1.08101 0.2479 -0.0655496 100
1.07942 0.2635 -0.0654527 100
1.08141 0.28 -0.0655738 100
1.07692 -0.2038 -0.0653014 28
1.07373 -0.1877 -0.0651077 100
1.07532 -0.1725 -0.0652046 100
1.07463 -0.1571 -0.0651622 100
1.07473 -0.1418 -0.0651682 100
1.07562 -0.1266 -0.0652227 100
1.07532 -0.1114 -0.0652046 100
1.07473 -0.0962 -0.0651682 100
1.07503 -0.0811 -0.0651864 100
1.07503 -0.066 -0.0651864 100
1.07483 -0.0509 -0.0651743 100
1.07542 -0.0359 -0.0652106 100
1.07582 -0.0209 -0.0652348 100
1.09281 0.0101 -0.0509623 100
1.09151 0.0253 -0.0509017 100
1.09201 0.0406 -0.050925 100
1.09141 0.0559 -0.0508971 100
1.09051 0.0711 -0.0508551 100
1.09241 0.0865 -0.0509436 100
1.09601 0.1022 -0.0511113 100
1.09551 0.1176 -0.051088 100
1.09481 0.133 -0.0510554 100
1.09581 0.1487 -0.051102 100
1.09461 0.1641 -0.0510461 100
1.09511 0.1799 -0.0510694 100
1.09451 0.1955 -0.0510415 100
1.09361 0.2111 -0.0509995 100
1.09351 0.227 -0.0509949 100
1.09421 0.2431 -0.0510275 100
1.09361 0.259 -0.0509995 100
1.1005 0.2769 -0.051321 100
1.09461 -0.2006 -0.0510461 100
1.09431 -0.1848 -0.0510321 100
1.09481 -0.1692 -0.0510554 100
1.09411 -0.1535 -0.0510228 100
1.09121 -0.1376 -0.0508877 100
1.09101 -0.1222 -0.0508784 100
1.09061 -0.1067 -0.0508598 100
1.09002 -0.0913 -0.0508318 100
1.08922 -0.076 -0.0507946 100
1.08912 -0.0607 -0.0507899 100
1.09091 -0.0455 -0.0508738 100
1.09141 -0.0303 -0.0508971 100
1.09309 0.0153 -0.0419924 100
1.09379 0.0306 -0.0420193 100
1.09319 0.0458 -0.0419963 100
1.09249 0.0611 -0.0419694 100
1.09249 0.0764 -0.0419694 100
1.09439 0.0918 -0.0420423 100
1.09789 0.1076 -0.0421767 100
1.09929 0.1232 -0.0422304 100
1.09949 0.1388 -0.0422381 100
1.09739 0.1541 -0.0421575 100
1.09519 0.1694 -0.042073 100
1.09469 0.185 -0.0420538 100
1.09589 0.201 -0.0420999 100
1.09689 0.217 -0.0421383 100
1.09679 0.2329 -0.0421345 100
1.09729 0.2491 -0.0421537 100
1.09659 0.2651 -0.0421268 100
1.10059 0.2824 -0.0422803 100
1.09289 -0.1955 -0.0419847 100
1.09449 -0.1801 -0.0420462 100
1.09489 -0.1645 -0.0420615 100
1.09409 -0.1488 -0.0420308 100
1.09209 -0.133 -0.041954 100
1.0909 -0.1175 -0.041908 100
1.0904 -0.1021 -0.0418888 100
1.0908 -0.0867 -0.0419041 100
1.0909 -0.0715 -0.041908 100
1.0908 -0.0562 -0.0419041 100
1.0904 -0.0409 -0.0418888 100
1.0899 -0.0257 -0.0418696 100
1.1103 0.001 -0.0393547 100
1.1112 0.0165 -0.0393866 100
1.1098 0.032 -0.039337 100
1.1093 0.0476 -0.0393193 100
1.1095 0.0631 -0.0393264 100
1.1095 0.0787 -0.0393264 100
1.1093 0.0943 -0.0393193 100
1.1079 0.1098 -0.0392697 100
1.1082 0.1256 -0.0392803 100
1.1073 0.1412 -0.0392484 100
1.1082 0.1571 -0.0392803 100
1.1119 0.1735 -0.0394114 100
1.1133 0.1897 -0.039461 100
1.1125 0.2056 -0.0394326 100
1.1124 0.2218 -0.0394291 100
1.1131 0.2381 -0.0394539 100
1.1116 0.2541 -0.0394007 100
1.1089 0.2699 -0.0393051 100
1.1089 0.2864 -0.0393051 100
1.1098 -0.1919 -0.039337 100
1.10651 -0.1754 -0.0392201 100
1.1069 -0.1596 -0.0392343 100
1.107 -0.1439 -0.0392378 100
1.1069 -0.1282 -0.0392343 100
1.1076 -0.1126 -0.0392591 100
1.1081 -0.097 -0.0392768 100
1.1083 -0.0814 -0.0392838 100
1.1074 -0.0657 -0.039252 100
1.1082 -0.0502 -0.0392803 100
1.1098 -0.0348 -0.039337 100
1.1101 -0.0192 -0.0393476 100
1.10964 0.0134 -0.0242123 100
1.11134 0.0289 -0.0242494 100
1.11284 0.0445 -0.0242821 100
1.11413 0.0602 -0.0243105 100
1.11413 0.0758 -0.0243105 100
1.11403 0.0915 -0.0243083 100
1.11264 0.1071 -0.0242778 100
1.11204 0.1227 -0.0242647 100
1.11214 0.1385 -0.0242669 100
1.11303 0.1544 -0.0242865 100
1.11274 0.1703 -0.02428 100
1.11423 0.1865 -0.0243127 100
1.11643 0.2029 -0.0243607 100
1.11643 0.2191 -0.0243607 100
1.11523 0.2351 -0.0243345 100
1.11014 0.2666 -0.0242232 100
1.10734 0.2824 -0.0241622 100
1.10904 0.2994 -0.0241993 100
1.10904 -0.1988 -0.0241993 100
1.10784 -0.1826 -0.0241731 100
1.10924 -0.167 -0.0242036 100
1.10954 -0.1512 -0.0242102 100
1.10854 -0.1353 -0.0241883 100
1.10834 -0.1196 -0.024184 100
1.10884 -0.104 -0.0241949 100
1.10824 -0.0883 -0.0241818 100
1.10834 -0.0727 -0.024184 100
1.10924 -0.0572 -0.0242036 100
1.10894 -0.0417 -0.0241971 100
1.10844 -0.0261 -0.0241862 100
1.12585 0.0026 -0.0180794 100
1.12575 0.0183 -0.0180778 100
1.12535 0.034 -0.0180714 100
1.12475 0.0497 -0.0180618 100
1.12695 0.0656 -0.0180971 100
1.13095 0.0816 -0.0181613 100
1.13165 0.0976 -0.0181726 100
1.13015 0.1134 -0.0181485 100
1.13045 0.1294 -0.0181533 100
1.12955 0.1453 -0.0181388 100
1.12745 0.161 -0.0181051 100
1.12605 0.1769 -0.0180827 100
1.12645 0.1931 -0.0180891 100
1.12655 0.2094 -0.0180907 100
1.12845 0.226 -0.0181212 100
1.13005 0.2428 -0.0181469 100
1.12945 0.2592 -0.0181372 100
1.13255 0.2766 -0.018187 100
1.12485 -0.1904 -0.0180634 100
1.12645 -0.1745 -0.0180891 100
1.12675 -0.1585 -0.0180939 100
1.12785 -0.1426 -0.0181116 100
1.12675 -0.1266 -0.0180939 100
1.12346 -0.1103 -0.0180409 100
1.12186 -0.0944 -0.0180152 100
1.12206 -0.0786 -0.0180184 100
1.12206 -0.0629 -0.0180184 100
1.12286 -0.0472 -0.0180313 100
1.12346 -0.0316 -0.0180409 100
1.12276 -0.0159 -0.0180297 100
1.1229 0.0127 -0.00176385 100
1.1226 0.0284 -0.00176338 100
1.1231 0.0441 -0.00176416 100
1.1234 0.0598 -0.00176463 100
1.1245 0.0756 -0.00176636 100
1.1263 0.0915 -0.00176919 100
1.1279 0.1075 -0.0017717 100
1.1283 0.1234 -0.00177233 100
1.1294 0.1395 -0.00177406 100
1.1303 0.1556 -0.00177547 100
1.13 0.1717 -0.001775 100
1.1295 0.1877 -0.00177421 100
1.1287 0.2038 -0.00177296 100
1.1268 0.2197 -0.00176997 100
1.1265 0.236 -0.0017695 100
1.127 0.2526 -0.00177029 100
1.1254 0.2687 -0.00176777 100
1.1302 0.2866 -0.00177531 100
1.1273 -0.1886 -0.00177076 100
1.1269 -0.1724 -0.00177013 100
1.1292 -0.1567 -0.00177374 100
1.1283 -0.1405 -0.00177233 100
1.1291 -0.1247 -0.00177359 100
1.1278 -0.1086 -0.00177154 100
1.1242 -0.0925 -0.00176589 100
1.1234 -0.0767 -0.00176463 100
1.1233 -0.061 -0.00176447 100
1.1221 -0.0452 -0.00176259 100
1.1226 -0.0296 -0.00176338 100
1.14281 0.0154 0.0145612 100
1.14451 0.0313 0.0145828 100
1.14491 0.0473 0.0145879 100
1.14421 0.0633 0.014579 100
1.14421 0.0793 0.014579 100
1.14491 0.0954 0.0145879 100
1.14551 0.1116 0.0145956 100
1.14581 0.1277 0.0145994 100
1.14591 0.144 0.0146007 100
1.14581 0.1602 0.0145994 100
1.14741 0.1768 0.0146198 100
1.15071 0.1937 0.0146618 100
1.15181 0.2105 0.0146759 100
1.15071 0.2269 0.0146618 100
1.15041 0.2436 0.014658 100
1.14791 0.2598 0.0146262 100
1.14901 0.2769 0.0146402 100
1.14851 -0.2062 0.0146338 100
1.14141 -0.1885 0.0145433 100
1.14101 -0.1721 0.0145383 100
1.14031 -0.1558 0.0145293 100
1.14141 -0.1398 0.0145433 100
1.14121 -0.1236 0.0145408 100
1.14181 -0.1076 0.0145484 100
1.14321 -0.0917 0.0145663 100
1.14341 -0.0757 0.0145688 100
1.14331 -0.0597 0.0145676 100
1.14511 -0.0437 0.0145905 100
1.14461 -0.0278 0.0145841 100
1.1457 0.0028 0.0263996 100
1.1455 0.0187 0.026395 100
1.1462 0.0347 0.0264111 100
1.1476 0.0507 0.0264434 100
1.1478 0.0667 0.026448 100
1.1457 0.0826 0.0263996 100
1.1445 0.0985 0.026372 100
1.144 0.1145 0.0263604 100
1.1453 0.1308 0.0263904 100
1.1453 0.1469 0.0263904 100
1.1471 0.1634 0.0264319 100
1.15069 0.1803 0.0265148 100
1.15199 0.1969 0.0265447 100
1.15109 0.2133 0.026524 100
1.14999 0.2296 0.0264987 100
1.14959 0.2462 0.0264894 100
1.1471 0.2624 0.0264319 100
1.1472 0.2793 0.0264342 100
1.15009 -0.2076 0.026501 36
1.145 -0.1902 0.0263835 100
1.1446 -0.1738 0.0263743 100
1.1429 -0.1574 0.0263351 100
1.143 -0.1412 0.0263374 100
1.1439 -0.1252 0.0263581 100
1.1435 -0.1091 0.0263489 100
1.1429 -0.093 0.0263351 100
1.1431 -0.0771 0.0263397 100
1.1431 -0.0611 0.0263397 100
1.1438 -0.0452 0.0263558 100
1.1443 -0.0293 0.0263674 100
1.15841 0.0101 0.0370116 100
1.16111 0.0264 0.0370978 100
1.16361 0.0427 0.0371777 100
1.16291 0.059 0.0371553 100
1.16301 0.0753 0.0371585 100
1.16281 0.0916 0.0371521 100
1.16241 0.108 0.0371394 100
1.16181 0.1243 0.0371202 100
1.16191 0.1408 0.0371234 100
1.16081 0.1572 0.0370883 100
1.16151 0.1738 0.0371106 100
1.16191 0.1905 0.0371234 100
1.16111 0.2071 0.0370978 100
1.16101 0.2239 0.0370946 100
1.16271 0.2411 0.0371489 100
1.16211 0.258 0.0371298 100
1.16521 0.2758 0.0372288 100
1.15601 -0.1956 0.036935 100
1.15761 -0.1792 0.0369861 100
1.15901 -0.1629 0.0370308 100
1.16021 -0.1465 0.0370691 100
1.16011 -0.1301 0.0370659 100
1.16081 -0.1138 0.0370883 100
1.16131 -0.0974 0.0371042 100
1.16161 -0.0811 0.0371138 100
1.16261 -0.0649 0.0371457 100
1.16341 -0.0486 0.0371713 100
1.16301 -0.0323 0.0371585 100
1.1599 0.0116 0.0482086 100
1.1627 0.0278 0.0483248 100
1.1632 0.044 0.0483456 100
1.1634 0.0602 0.0483539 100
1.1635 0.0765 0.0483581 100
1.1623 0.0927 0.0483082 100
1.1609 0.1089 0.0482501 100
1.1603 0.1251 0.0482252 100
1.1594 0.1414 0.0481878 100
1.1593 0.1578 0.0481837 100
1.161 0.1745 0.0482542 100
1.1614 0.1911 0.0482709 100
1.1606 0.2076 0.0482376 100
1.1605 0.2244 0.0482335 100
1.1622 0.2415 0.0483041 100
1.16559 0.2592 0.0484453 100
1.1618 0.2754 0.0482875 100
1.1618 0.2925 0.0482875 100
1.1579 -0.1939 0.0481255 100
1.1595 -0.1776 0.048192 100
1.1628 -0.1616 0.048329 100
1.162 -0.145 0.0482958 100
1.1609 -0.1285 0.0482501 100
1.1616 -0.1122 0.0482792 100
1.162 -0.0959 0.0482958 100
1.1633 -0.0797 0.0483498 100
1.16429 -0.0635 0.0483913 100
1.16499 -0.0473 0.0484204 100
1.16459 -0.0311 0.0484037 100
1.18099 0.0019 0.0689227 100
1.18089 0.0184 0.0689169 100
1.17949 0.0348 0.0688353 100
1.17889 0.0513 0.0688004 100
1.17909 0.0678 0.068812 100
1.17899 0.0844 0.0688062 100
1.17869 0.1009 0.0687887 100
1.1782 0.1175 0.0687596 100
1.17839 0.1342 0.0687713 100
1.18139 0.1513 0.068946 100
1.18309 0.1683 0.0690451 100
1.18259 0.1852 0.069016 100
1.18289 0.2022 0.0690334 100
1.18089 0.2189 0.0689169 100
1.17969 0.2357 0.068847 100
1.17919 0.2528 0.0688179 100
1.1776 0.2697 0.0687247 100
1.17949 0.2876 0.0688353 100
1.18339 -0.1868 0.0690626 100
1.18089 -0.1695 0.0689169 100
1.18219 -0.1529 0.0689927 100
1.17919 -0.1357 0.0688179 100
1.17899 -0.119 0.0688062 100
1.17859 -0.1024 0.0687829 100
1.1779 -0.0858 0.0687421 100
1.177 -0.0692 0.0686897 100
1.1768 -0.0527 0.0686781 100
1.1774 -0.0362 0.068713 100
1.1778 -0.0198 0.0687363 100
1.17749 0.0109 0.0753196 100
1.17729 0.0274 0.0753069 100
1.1768 0.0438 0.075275 100
1.1761 0.0603 0.0752303 100
1.17709 0.0768 0.0752941 100
1.17689 0.0933 0.0752813 100
1.1765 0.1099 0.0752558 100
1.17979 0.1268 0.0754665 100
1.18388 0.144 0.0757282 100
1.18468 0.161 0.0757793 100
1.18238 0.1775 0.0756324 100
1.18079 0.1942 0.0755303 100
1.17889 0.2108 0.075409 100
1.17879 0.2278 0.0754026 100
1.18039 0.2453 0.0755048 100
1.17789 0.262 0.0753452 100
1.17989 0.2798 0.0754728 100
1.18019 -0.1979 0.075492 39
1.17879 -0.1808 0.0754026 100
1.18029 -0.1641 0.0754984 100
1.17749 -0.147 0.0753196 100
1.1754 -0.1301 0.0751856 100
1.1751 -0.1135 0.0751664 100
1.1756 -0.097 0.0751984 100
1.1759 -0.0805 0.0752175 100
1.1759 -0.064 0.0752175 100
1.1756 -0.0475 0.0751984 100
1.1762 -0.031 0.0752366 100
1.19694 0.008 0.085588 100
1.19664 0.0247 0.0855666 100
1.19625 0.0414 0.0855381 100
1.19555 0.0581 0.0854882 100
1.19565 0.0749 0.0854953 100
1.19645 0.0918 0.0855524 100
1.19804 0.1087 0.0856665 100
1.19734 0.1256 0.0856166 100
1.19654 0.1424 0.0855595 100
1.19645 0.1594 0.0855524 100
1.19605 0.1764 0.0855238 100
1.19844 0.1939 0.085695 100
1.20343 0.212 0.0860516 100
1.20532 0.2297 0.0861871 100
1.20592 0.2474 0.0862299 100
1.20233 0.2642 0.0859732 100
1.19854 0.281 0.0857021 1
1.19156 -0.2046 0.0852029 39
1.19236 -0.1876 0.0852599 100
1.19485 -0.1709 0.0854383 100
1.19515 -0.1539 0.0854596 100
1.19515 -0.137 0.0854596 100
1.19595 -0.1201 0.0855167 100
1.19654 -0.1033 0.0855595 100
1.19585 -0.0864 0.0855096 100
1.19694 -0.0697 0.085588 100
1.19874 -0.053 0.0857164 100
1.20044 -0.0363 0.0858377 100
1.20073 -0.0195 0.0858591 100
1.19671 0.0136 0.10028 100
1.1974 0.0304 0.100338 100
1.1989 0.0471 0.100464 100
1.1991 0.0639 0.10048 100
1.1991 0.0807 0.10048 100
1.1989 0.0975 0.100464 100
1.1974 0.1143 0.100338 100
1.19671 0.1311 0.10028 100
1.19671 0.148 0.10028 100
1.1975 0.1651 0.100347 100
1.1971 0.1821 0.100313 100
1.1984 0.1994 0.100422 100
1.20039 0.217 0.100589 100
1.20119 0.2345 0.100656 100
1.1998 0.2517 0.100539 100
1.1981 0.2689 0.100397 100
1.1981 0.2865 0.100397 100
1.19322 -0.1999 0.0999876 40
1.19192 -0.1826 0.099879 100
1.19342 -0.1658 0.100004 100
1.19362 -0.1489 0.100021 100
1.19451 -0.1321 0.100096 100
1.19531 -0.1153 0.100163 100
1.19481 -0.0985 0.100121 100
1.19501 -0.0817 0.100138 100
1.19601 -0.065 0.100221 100
1.19681 -0.0483 0.100288 100
1.19541 -0.0316 0.100171 100
1.21138 0.0019 0.116856 100
1.21327 0.0189 0.117038 100
1.21387 0.0359 0.117096 100
1.21815 0.0531 0.117509 100
1.21834 0.0702 0.117528 100
1.21725 0.0872 0.117422 100
1.21695 0.1043 0.117393 100
1.21536 0.1213 0.11724 100
1.21655 0.1386 0.117355 100
1.21844 0.1562 0.117537 100
1.21914 0.1736 0.117605 100
1.21854 0.191 0.117547 100
1.21775 0.2083 0.11747 100
1.21765 0.2259 0.117461 100
1.21735 0.2435 0.117432 100
1.21974 0.2617 0.117662 100
1.22083 0.2799 0.117768 100
1.2284 0.2998 0.118498 100
1.21277 -0.2079 0.11699 100
1.20959 -0.19 0.116683 100
1.21247 -0.1558 0.116961 100
1.21546 -0.139 0.117249 100
1.21824 -0.122 0.117518 100
1.21984 -0.105 0.117672 100
1.22024 -0.0878 0.11771 100
1.21934 -0.0707 0.117624 100
1.21815 -0.0535 0.117509 100
1.21785 -0.0364 0.11748 100
1.21914 -0.0194 0.117605 100
1.21137 0.0055 0.126893 100
1.21515 0.0225 0.127289 100
1.21873 0.0396 0.127664 100
1.22002 0.0568 0.127799 100
1.22012 0.0739 0.12781 100
1.21993 0.091 0.127789 100
1.21853 0.108 0.127643 100
1.21794 0.1252 0.12758 100
1.21714 0.1423 0.127497 100
1.21694 0.1595 0.127476 100
1.21664 0.1768 0.127445 100
1.21605 0.1941 0.127382 100
1.21515 0.2114 0.127289 100
1.21505 0.229 0.127278 100
1.21764 0.2471 0.127549 100
1.21893 0.2652 0.127685 100
1.22589 0.2846 0.128414 100
1.21416 -0.1995 0.127185 34
1.21187 -0.1818 0.126945 100
1.21326 -0.1647 0.127091 100
1.21446 -0.1476 0.127216 100
1.21545 -0.1305 0.12732 100
1.21615 -0.1134 0.127393 100
1.21654 -0.0963 0.127435 100
1.21575 -0.0792 0.127351 100
1.21475 -0.0621 0.127247 100
1.21455 -0.0451 0.127226 100
1.21704 -0.0281 0.127487 100
1.23222 0.0134 0.146497 100
1.23292 0.0308 0.14658 100
1.23242 0.0481 0.146521 100
1.23262 0.0655 0.146545 100
1.23153 0.0828 0.146415 100
1.23133 0.1002 0.146391 100
1.23173 0.1176 0.146438 100
1.23202 0.1352 0.146474 100
1.2349 0.1531 0.146816 100
1.23858 0.1712 0.147253 100
1.23907 0.1891 0.147312 100
1.23828 0.2068 0.147218 100
1.23818 0.2247 0.147206 100
1.23987 0.243 0.147406 100
1.23729 0.2607 0.147099 100
1.23848 0.2791 0.147241 100
1.23331 -0.1997 0.146627 100
1.23699 -0.1825 0.147064 100
1.24036 -0.1653 0.147465 100
1.2347 -0.1469 0.146793 100
1.23163 -0.129 0.146427 100
1.23331 -0.1117 0.146627 100
1.2347 -0.0943 0.146793 100
1.23391 -0.0768 0.146698 100
1.23292 -0.0594 0.14658 100
1.23262 -0.042 0.146545 100
1.23212 -0.0247 0.146486 100
1.2302 0.0071 0.155628 100
1.23198 0.0245 0.155854 100
1.23148 0.0418 0.155791 100
1.23079 0.0591 0.155703 100
1.23079 0.0764 0.155703 100
1.23069 0.0938 0.155691 100
1.2302 0.1112 0.155628 100
1.23049 0.1287 0.155666 100
1.23258 0.1464 0.155929 100
1.23635 0.1645 0.156406 100
1.23883 0.1826 0.15672 100
1.23912 0.2005 0.156757 100
1.23823 0.2182 0.156645 100
1.23704 0.236 0.156494 100
1.23654 0.2539 0.156431 100
1.23773 0.2724 0.156582 100
1.23883 -0.196 0.15672 100
1.23258 -0.1773 0.155929 100
1.23099 -0.1594 0.155728 100
1.2291 -0.1416 0.15549 100
1.23 -0.1242 0.155603 100
1.23059 -0.1069 0.155678 100
1.23198 -0.0896 0.155854 100
1.23208 -0.0722 0.155866 100
1.23198 -0.0548 0.155854 100
1.23258 -0.0375 0.155929 100
1.23297 -0.0202 0.155979 100
1.25095 0.0031 0.181156 100
1.25174 0.0207 0.181271 100
1.25234 0.0384 0.181357 100
1.25273 0.0561 0.181414 100
1.25283 0.0738 0.181429 100
1.25164 0.0914 0.181257 100
1.25026 0.109 0.181056 100
1.25065 0.1268 0.181113 100
1.25065 0.1447 0.181113 100
1.25154 0.1627 0.181242 100
1.25214 0.1807 0.181328 100
1.25145 0.1986 0.181228 100
1.25244 0.2169 0.181371 100
1.25521 0.2356 0.181773 100
1.2557 0.2541 0.181844 100
1.25402 0.2722 0.181601 100
1.25402 0.2907 0.181601 100
1.24858 -0.2038 0.180812 36
1.25036 -0.1861 0.18107 100
1.25184 -0.1683 0.181285 100
1.25204 -0.1504 0.181314 100
1.25204 -0.1326 0.181314 100
1.25273 -0.1148 0.181414 100
1.25323 -0.0971 0.181486 100
1.25343 -0.0794 0.181515 100
1.25343 -0.0616 0.181515 100
1.25313 -0.0439 0.181472 100
1.25263 -0.0263 0.1814 100
1.25041 0.0038 0.184867 100
1.25021 0.0214 0.184838 100
1.24981 0.039 0.184779 100
1.25011 0.0566 0.184823 100
1.24922 0.0742 0.184692 100
1.25011 0.0919 0.184823 100
1.25061 0.1097 0.184896 100
1.25199 0.1276 0.185101 100
1.25209 0.1454 0.185116 100
1.2509 0.1632 0.18494 100
1.25051 0.1811 0.184882 100
1.2508 0.1991 0.184926 100
1.25189 0.2174 0.185087 100
1.25555 0.2363 0.185628 100
1.25318 0.2542 0.185277 100
1.25436 0.2728 0.185452 100
1.25001 -0.1916 0.184809 100
1.24952 -0.1736 0.184736 100
1.2508 -0.1558 0.184926 100
1.2509 -0.138 0.18494 100
1.24972 -0.1201 0.184765 100
1.25031 -0.1024 0.184853 100
1.2516 -0.0848 0.185043 100
1.25061 -0.067 0.184896 100
1.2514 -0.0494 0.185013 100
1.25199 -0.0318 0.185101 100
1.27521 0.0165 0.206996 100
1.2758 0.0346 0.207092 100
1.27521 0.0526 0.206996 100
1.27442 0.0707 0.206867 100
1.27521 0.0889 0.206996 100
1.27491 0.107 0.206948 100
1.27521 0.1253 0.206996 100
1.27531 0.1436 0.207012 100
1.27422 0.1617 0.206835 100
1.27383 0.1801 0.206771 100
1.27412 0.1985 0.206819 100
1.2761 0.2174 0.20714 100
1.28074 0.2369 0.207893 100
1.2832 0.2562 0.208293 100
1.28241 0.275 0.208165 100
1.28429 0.2944 0.20847 100
1.27501 -0.2056 0.206964 39
1.27185 -0.1867 0.206451 100
1.27235 -0.1684 0.206531 100
1.27264 -0.1501 0.206579 100
1.27363 -0.132 0.206739 100
1.27432 -0.1138 0.206851 100
1.27481 -0.0957 0.206932 100
1.276 -0.0776 0.207124 100
1.2759 -0.0595 0.207108 100
1.27462 -0.0413 0.2069 100
1.27511 -0.0233 0.20698 100
1.27619 0.0147 0.213332 100
1.2759 0.0327 0.213283 100
1.27432 0.0507 0.213019 100
1.27353 0.0687 0.212887 100
1.27343 0.0867 0.212871 100
1.27402 0.1049 0.21297 100
1.27353 0.123 0.212887 100
1.27363 0.1412 0.212904 100
1.27452 0.1595 0.213052 100
1.27313 0.1777 0.212821 100
1.27254 0.1959 0.212722 100
1.27461 0.2147 0.213069 100
1.2754 0.2334 0.2132 100
1.27688 0.2524 0.213448 100
1.27619 0.271 0.213332 100
1.28004 0.2907 0.213975 100
1.27195 -0.2002 0.212623 34
1.27067 -0.1816 0.212409 100
1.27205 -0.1635 0.21264 100
1.27215 -0.1453 0.212656 100
1.27304 -0.1272 0.212805 100
1.27274 -0.1091 0.212755 100
1.27313 -0.091 0.212821 100
1.27323 -0.0729 0.212838 100
1.27412 -0.0549 0.212986 100
1.27481 -0.0369 0.213102 100
1.27521 -0.0189 0.213167 100
1.28553 0.0011 0.235939 100
1.28445 0.0194 0.23574 100
1.28405 0.0377 0.235668 100
1.28533 0.056 0.235902 100
1.28641 0.0744 0.236101 100
1.2872 0.0928 0.236245 100
1.28779 0.1112 0.236354 100
1.29005 0.1299 0.236769 100
1.293 0.1488 0.23731 100
1.29379 0.1676 0.237455 100
1.2933 0.1862 0.237365 100
1.29251 0.2049 0.23722 100
1.29251 0.2238 0.23722 100
1.29409 0.243 0.237509 100
1.29261 0.2618 0.237238 100
1.29556 0.2816 0.23778 100
1.29261 -0.1908 0.237238 100
1.29123 -0.1719 0.236986 100
1.29349 -0.1535 0.237401 100
1.28858 -0.1344 0.236498 100
1.28641 -0.1157 0.236101 100
1.2869 -0.0974 0.236191 100
1.2871 -0.079 0.236227 100
1.28809 -0.0607 0.236408 100
1.28779 -0.0423 0.236354 100
1.2873 -0.024 0.236263 100
1.28341 0.0148 0.241342 100
1.28606 0.0332 0.241841 100
1.28743 0.0515 0.2421 100
1.2895 0.07 0.242488 100
1.29038 0.0885 0.242654 100
1.29009 0.1069 0.242599 100
1.29333 0.1257 0.243209 100
1.29638 0.1447 0.243782 100
1.29618 0.1633 0.243745 100
1.29382 0.1818 0.243301 100
1.29215 0.2003 0.242987 100
1.29313 0.2193 0.243172 100
1.29294 0.2382 0.243135 100
1.29245 0.2572 0.243042 100
1.30031 0.278 0.244521 100
1.28901 -0.1947 0.242396 100
1.29156 -0.1763 0.242876 100
1.28999 -0.1574 0.24258 100
1.28911 -0.1387 0.242414 100
1.28891 -0.1202 0.242377 100
1.28753 -0.1016 0.242118 100
1.28488 -0.083 0.241619 100
1.2839 -0.0647 0.241435 100
1.2837 -0.0464 0.241398 100
1.28419 -0.0281 0.24149 100
