0.423468 0.0032 -0.126644 100
0.423372 0.0093 -0.126615 100
0.423181 0.0155 -0.126558 100
0.423947 0.0217 -0.126787 100
0.424522 0.0279 -0.126959 100
0.42366 0.0402 -0.126701 0
0.423085 0.0464 -0.126529 100
0.423372 0.0527 -0.126615 100
0.423564 0.059 -0.126673 100
0.422702 0.0651 -0.126415 100
0.421839 0.0713 -0.126157 0
0.42366 0.0779 -0.126701 100
0.426342 0.0848 -0.127503 100
0.428929 0.0918 -0.128277 100
0.429504 0.0985 -0.128449 100
0.429121 0.1049 -0.128334 100
0.429504 0.1116 -0.128449 100
0.428929 0.1181 -0.128277 100
0.428259 0.1246 -0.128076 100
0.427396 0.1311 -0.127819 100
0.427492 0.1379 -0.127847 100
0.425576 -0.0838 -0.127274 100
0.424714 -0.0772 -0.127016 100
0.421935 -0.0704 -0.126185 100
0.421935 -0.0641 -0.126185 0
0.422702 -0.058 -0.126415 100
0.42251 -0.0517 -0.126357 0
0.422223 -0.0455 -0.126271 100
0.421839 -0.0392 -0.126157 100
0.422319 -0.0331 -0.1263 100
0.42366 -0.027 -0.126701 0
0.422989 -0.0208 -0.126501 100
0.423277 -0.0146 -0.126587 100
0.423372 -0.0085 -0.126615 100
0.422311 0.0014 -0.127021 100
0.423077 0.0137 -0.127251 100
0.422886 0.0198 -0.127194 0
0.42346 0.026 -0.127366 0
0.423077 0.0321 -0.127251 100
0.422598 0.0383 -0.127107 100
0.42212 0.0444 -0.126963 100
0.422407 0.0506 -0.12705 0
0.422694 0.0569 -0.127136 100
0.421832 0.063 -0.126877 0
0.423843 0.0696 -0.127482 100
0.425663 0.0762 -0.128029 100
0.425567 0.0826 -0.128 100
0.426333 0.0891 -0.128231 100
0.428823 0.0961 -0.128979 100
0.429398 0.1028 -0.129152 100
0.428919 0.1092 -0.129008 100
0.429206 0.116 -0.129095 100
0.429493 0.1227 -0.129181 100
0.428727 0.1292 -0.128951 100
0.427003 0.1354 -0.128432 100
0.422598 -0.088 -0.127107 100
0.42279 -0.0816 -0.127165 100
0.421928 -0.0752 -0.126906 100
0.421066 -0.0687 -0.126646 100
0.421928 -0.0626 -0.126906 100
0.421737 -0.0564 -0.126848 100
0.422407 -0.0502 -0.12705 100
0.42212 -0.044 -0.126963 100
0.421737 -0.0378 -0.126848 100
0.422215 -0.0317 -0.126992 100
0.423556 -0.0256 -0.127395 100
0.423843 -0.0195 -0.127482 100
0.424035 -0.0133 -0.127539 100
0.423173 -0.0071 -0.12728 100
0.42318 0.0005 -0.127604 100
0.424137 0.0066 -0.127893 100
0.423946 0.0128 -0.127835 100
0.423754 0.0189 -0.127778 100
0.423467 0.0251 -0.127691 100
0.423084 0.0312 -0.127575 100
0.422605 0.0373 -0.127431 100
0.422127 0.0435 -0.127287 100
0.422414 0.0497 -0.127373 100
0.421744 0.0558 -0.127171 100
0.421839 0.0621 -0.1272 100
0.422893 0.0685 -0.127518 100
0.424807 0.0751 -0.128095 100
0.427488 0.082 -0.128903 100
0.428254 0.0886 -0.129134 100
0.427967 0.095 -0.129048 100
0.427584 0.1014 -0.128932 100
0.42902 0.1083 -0.129365 100
0.428446 0.1148 -0.129192 100
0.428733 0.1215 -0.129279 100
0.427967 0.128 -0.129048 100
0.428063 0.1348 -0.129077 100
0.424424 -0.0883 -0.12798 100
0.421744 -0.0814 -0.127171 100
0.42002 -0.0748 -0.126652 100
0.420978 -0.0687 -0.12694 100
0.421839 -0.0626 -0.1272 100
0.421648 -0.0563 -0.127142 100
0.421456 -0.0501 -0.127085 100
0.422031 -0.0439 -0.127258 100
0.423563 -0.0379 -0.12772 100
0.423084 -0.0317 -0.127575 0
0.42251 -0.0255 -0.127402 100
0.421839 -0.0193 -0.1272 0
0.423084 -0.0071 -0.127575 100
0.424315 0.0002 -0.127301 100
0.424315 0.0063 -0.127301 0
0.423166 0.0125 -0.126956 100
0.423932 0.0187 -0.127186 0
0.423645 0.0248 -0.1271 100
0.42422 0.0311 -0.127272 0
0.423741 0.0373 -0.127128 100
0.423262 0.0434 -0.126985 0
0.423549 0.0497 -0.127071 100
0.422879 0.0558 -0.12687 0
0.423932 0.0623 -0.127186 0
0.424986 0.0751 -0.127502 0
0.42489 0.0815 -0.127473 100
0.425656 0.088 -0.127703 100
0.426327 0.0946 -0.127904 100
0.427764 0.1015 -0.128335 100
0.4292 0.1084 -0.128766 100
0.428626 0.1149 -0.128594 100
0.428913 0.1216 -0.12868 100
0.428147 0.1282 -0.12845 100
0.426423 0.1344 -0.127933 100
0.426997 -0.0857 -0.128105 100
0.425273 -0.0789 -0.127588 100
0.422591 -0.0721 -0.126783 100
0.421538 -0.0656 -0.126467 100
0.4224 -0.0595 -0.126726 100
0.423166 -0.0533 -0.126956 100
0.423836 -0.0471 -0.127157 100
0.423453 -0.0409 -0.127042 100
0.423932 -0.0347 -0.127186 0
0.423453 -0.0285 -0.127042 100
0.423741 -0.0223 -0.127128 100
0.42307 -0.0161 -0.126927 100
0.423262 -0.0099 -0.126985 100
0.423247 0.0041 -0.127383 100
0.424108 0.0103 -0.127642 0
0.423917 0.0165 -0.127585 100
0.42363 0.0226 -0.127498 0
0.423342 0.0288 -0.127412 100
0.422863 0.035 -0.127267 100
0.422385 0.0411 -0.127123 100
0.42181 0.0473 -0.12695 100
0.423055 0.0536 -0.127325 0
0.423247 0.0599 -0.127383 100
0.4243 0.0664 -0.1277 100
0.426119 0.073 -0.128247 100
0.427077 0.0796 -0.128536 100
0.427843 0.0862 -0.128766 100
0.428513 0.0928 -0.128968 100
0.42813 0.0993 -0.128853 100
0.427747 0.1057 -0.128737 100
0.42813 0.1124 -0.128853 100
0.428417 0.1192 -0.128939 100
0.427747 0.1257 -0.128737 100
0.426885 0.1322 -0.128478 100
0.426023 0.1387 -0.128219 100
0.422002 -0.0859 -0.127008 100
0.423151 -0.0797 -0.127354 100
0.422289 -0.0732 -0.127095 100
0.421331 -0.0668 -0.126806 100
0.421236 -0.0605 -0.126778 100
0.422002 -0.0544 -0.127008 100
0.422672 -0.0482 -0.12721 100
0.422863 -0.0358 -0.127267 0
0.423247 -0.0296 -0.127383 100
0.42363 -0.0235 -0.127498 100
0.423917 -0.0173 -0.127585 100
0.424108 -0.0111 -0.127642 100
0.424039 0.0006 -0.124721 100
0.424902 0.0068 -0.124975 100
0.425765 0.013 -0.125229 100
0.425574 0.0192 -0.125172 100
0.425286 0.0254 -0.125088 100
0.425861 0.0317 -0.125257 100
0.424422 0.0378 -0.124834 100
0.423847 0.044 -0.124664 100
0.42423 0.0503 -0.124777 100
0.423463 0.0564 -0.124552 100
0.425478 0.063 -0.125144 100
0.427492 0.0697 -0.125737 0
0.427492 0.0761 -0.125737 100
0.42826 0.0826 -0.125962 100
0.429987 0.0894 -0.12647 100
0.429603 0.0959 -0.126358 100
0.429219 0.1024 -0.126245 100
0.429699 0.1091 -0.126386 100
0.429123 0.1156 -0.126216 100
0.428452 0.1221 -0.126019 100
0.428643 0.1289 -0.126075 100
0.429603 0.136 -0.126358 100
0.426725 -0.0856 -0.125511 100
0.426917 -0.0792 -0.125567 100
0.426053 -0.0726 -0.125313 100
0.424134 -0.066 -0.124749 100
0.423079 -0.0595 -0.124439 100
0.422887 -0.0532 -0.124382 100
0.423559 -0.0471 -0.12458 100
0.423175 -0.0408 -0.124467 100
0.423655 -0.0346 -0.124608 100
0.424134 -0.0285 -0.124749 100
0.425382 -0.0223 -0.125116 100
0.425669 -0.0161 -0.125201 0
0.424902 -0.0099 -0.124975 100
0.425647 0.006 -0.122776 100
0.426415 0.0122 -0.122998 100
0.426223 0.0184 -0.122942 100
0.425935 0.0245 -0.122859 100
0.425551 0.0307 -0.122748 100
0.425166 0.0368 -0.122638 100
0.42459 0.043 -0.122471 100
0.424974 0.0492 -0.122582 0
0.424205 0.0554 -0.12236 100
0.424398 0.0616 -0.122416 100
0.424494 0.0742 -0.122444 100
0.426319 0.0809 -0.12297 100
0.429009 0.0878 -0.123746 100
0.430547 0.0946 -0.12419 100
0.429298 0.1008 -0.123829 100
0.429778 0.1075 -0.123968 100
0.429202 0.1139 -0.123802 100
0.42949 0.1206 -0.123885 100
0.428817 0.1271 -0.123691 100
0.428913 0.1339 -0.123718 100
0.426704 -0.084 -0.123081 100
0.427857 -0.0778 -0.123414 100
0.427857 -0.0714 -0.123414 100
0.425935 -0.0648 -0.122859 100
0.423917 -0.0582 -0.122277 100
0.423629 -0.052 -0.122194 100
0.424301 -0.0459 -0.122388 100
0.423917 -0.0396 -0.122277 100
0.424398 -0.0335 -0.122416 100
0.424878 -0.0274 -0.122554 100
0.425166 -0.0212 -0.122638 0
0.425358 -0.0151 -0.122693 100
0.426511 -0.009 -0.123026 100
0.426151 0.0002 -0.117301 100
0.427115 0.0064 -0.117567 100
0.426922 0.0126 -0.117514 100
0.426729 0.0188 -0.117461 100
0.427404 0.0251 -0.117646 0
0.426054 0.0312 -0.117275 0
0.425572 0.0374 -0.117142 100
0.425958 0.0437 -0.117248 0
0.426343 0.05 -0.117355 100
0.425765 0.0625 -0.117195 0
0.424897 0.0686 -0.116956 0
0.426729 0.0753 -0.117461 0
0.428561 0.082 -0.117965 100
0.429332 0.0887 -0.118177 100
0.429043 0.0951 -0.118098 100
0.429525 0.1018 -0.11823 100
0.430971 0.1087 -0.118628 100
0.431261 0.1154 -0.118708 100
0.430682 0.1219 -0.118549 100
0.430779 0.1287 -0.118575 0
0.429043 0.135 -0.118098 100
0.424897 -0.0859 -0.116956 100
0.423162 -0.0792 -0.116479 100
0.423258 -0.0729 -0.116505 100
0.424222 -0.0667 -0.116771 100
0.424126 -0.0604 -0.116744 100
0.424897 -0.0542 -0.116956 100
0.424608 -0.048 -0.116877 0
0.425187 -0.0418 -0.117036 100
0.424801 -0.0355 -0.11693 100
0.425187 -0.0294 -0.117036 0
0.425572 -0.0232 -0.117142 0
0.425861 -0.017 -0.117222 100
0.427018 -0.0108 -0.11754 100
0.428025 0.0026 -0.114209 100
0.426962 0.0088 -0.113925 100
0.426769 0.0149 -0.113874 0
0.426576 0.0211 -0.113822 100
0.427252 0.0273 -0.114002 100
0.427735 0.0335 -0.114131 0
0.427252 0.0397 -0.114002 100
0.427639 0.0459 -0.114106 0
0.426962 0.0521 -0.113925 0
0.427252 0.0583 -0.114002 100
0.429281 0.0649 -0.114544 100
0.430247 0.0778 -0.114802 100
0.43102 0.0843 -0.115008 100
0.430827 0.0908 -0.114956 100
0.43044 0.0972 -0.114853 100
0.43102 0.1038 -0.115008 100
0.432373 0.1107 -0.115369 100
0.432759 0.1174 -0.115472 100
0.431986 0.1239 -0.115266 100
0.431213 0.1304 -0.115059 100
0.430344 0.1369 -0.114827 100
0.428508 -0.0875 -0.114338 100
0.425803 -0.0806 -0.113616 100
0.424933 -0.0741 -0.113384 100
0.425899 -0.068 -0.113641 100
0.426769 -0.0618 -0.113874 100
0.426576 -0.0555 -0.113822 100
0.427349 -0.0494 -0.114028 0
0.426962 -0.0431 -0.113925 100
0.427542 -0.037 -0.11408 100
0.426962 -0.0307 -0.113925 100
0.426382 -0.0245 -0.11377 100
0.427639 -0.0184 -0.114106 100
0.426866 -0.0122 -0.113899 0
0.428381 0.0034 -0.108875 100
0.429253 0.0096 -0.109096 100
0.42809 0.0157 -0.108801 100
0.428866 0.0219 -0.108998 100
0.429447 0.0281 -0.109145 100
0.429059 0.0343 -0.109047 100
0.429447 0.0406 -0.109145 0
0.428187 0.0529 -0.108825 100
0.42654 0.0589 -0.108407 0
0.426637 0.0652 -0.108431 0
0.427606 0.0716 -0.108677 0
0.428478 0.0781 -0.108899 100
0.431192 0.085 -0.109589 0
0.432936 0.0918 -0.110032 100
0.433518 0.0985 -0.11018 100
0.434002 0.1052 -0.110303 100
0.43439 0.1119 -0.110402 100
0.432839 0.1181 -0.110008 100
0.432161 0.1246 -0.109835 100
0.432355 0.1314 -0.109884 100
0.431386 0.1379 -0.109638 100
0.431289 -0.0899 -0.109613 100
0.428672 -0.0829 -0.108948 100
0.42683 -0.0763 -0.10848 100
0.427896 -0.0701 -0.108751 100
0.4278 -0.0638 -0.108727 100
0.427703 -0.0575 -0.108702 100
0.427412 -0.0512 -0.108628 100
0.42809 -0.0451 -0.108801 100
0.428672 -0.0389 -0.108948 100
0.428187 -0.0327 -0.108825 100
0.428575 -0.0265 -0.108924 100
0.428866 -0.0204 -0.108998 100
0.429156 -0.0142 -0.109072 100
0.429253 -0.008 -0.109096 100
0.429369 0.0043 -0.109046 100
0.430242 0.0105 -0.109267 100
0.430048 0.0167 -0.109218 100
0.429757 0.0229 -0.109144 100
0.429369 0.0291 -0.109046 0
0.428982 0.0352 -0.108947 100
0.427528 0.0413 -0.108578 100
0.426849 0.0475 -0.108406 0
0.42714 0.0538 -0.10848 100
0.428303 0.0602 -0.108775 100
0.427431 0.0663 -0.108554 100
0.4284 0.0728 -0.1088 100
0.430242 0.0795 -0.109267 0
0.432955 0.0865 -0.109957 0
0.433634 0.0931 -0.110129 100
0.434215 0.0998 -0.110277 100
0.4347 0.1065 -0.1104 100
0.434215 0.113 -0.110277 100
0.433537 0.1195 -0.110104 100
0.431986 0.1325 -0.109711 100
0.431986 0.1393 -0.109711 100
0.426849 -0.0874 -0.108406 100
0.426074 -0.0809 -0.108209 100
0.426171 -0.0746 -0.108234 100
0.42714 -0.0684 -0.10848 100
0.428012 -0.0623 -0.108701 100
0.427915 -0.056 -0.108677 100
0.427625 -0.0497 -0.108603 100
0.428303 -0.0435 -0.108775 100
0.427819 -0.0372 -0.108652 100
0.427334 -0.031 -0.108529 100
0.428691 -0.0249 -0.108874 100
0.428982 -0.0187 -0.108947 0
0.429175 -0.0125 -0.108997 100
0.432251 0.0059 -0.101463 100
0.432057 0.0121 -0.101418 0
0.432835 0.0183 -0.1016 0
0.432543 0.0245 -0.101532 100
0.43118 0.0307 -0.101212 100
0.430791 0.0369 -0.10112 100
0.43118 0.0431 -0.101212 0
0.430596 0.0493 -0.101075 100
0.430791 0.0556 -0.10112 0
0.430986 0.0619 -0.101166 0
0.431083 0.0682 -0.101189 0
0.43011 0.0744 -0.10096 100
0.430986 0.0809 -0.101166 0
0.432641 0.0877 -0.101555 100
0.434296 0.0945 -0.101943 0
0.43488 0.1012 -0.10208 100
0.435367 0.1079 -0.102194 100
0.435756 0.1146 -0.102286 100
0.435951 0.1214 -0.102332 100
0.436146 0.1282 -0.102377 100
0.436243 0.135 -0.1024 100
0.431667 -0.0875 -0.101326 100
0.430012 -0.0808 -0.100938 100
0.43011 -0.0744 -0.10096 100
0.431083 -0.0682 -0.101189 100
0.430986 -0.0619 -0.101166 0
0.430791 -0.0556 -0.10112 0
0.430596 -0.0493 -0.101075 0
0.430207 -0.043 -0.100983 0
0.430791 -0.0369 -0.10112 100
0.430207 -0.0306 -0.100983 100
0.430596 -0.0244 -0.101075 0
0.431862 -0.0183 -0.101372 100
0.432057 -0.0121 -0.101418 100
0.432533 0.0015 -0.100256 100
0.432338 0.014 -0.100211 0
0.432046 0.0202 -0.100143 100
0.430779 0.0263 -0.0998493 100
0.43039 0.0325 -0.099759 0
0.430877 0.0387 -0.0998719 100
0.431267 0.045 -0.0999622 0
0.430585 0.0512 -0.0998042 0
0.430877 0.0575 -0.0998719 0
0.430974 0.0638 -0.0998945 100
0.431072 0.0702 -0.0999171 0
0.432923 0.0769 -0.100346 100
0.43565 0.0838 -0.100978 100
0.43643 0.0904 -0.101159 100
0.437014 0.0971 -0.101294 100
0.436624 0.1036 -0.101204 100
0.437014 0.1103 -0.101294 100
0.43643 0.1168 -0.101159 100
0.436722 0.1236 -0.101227 100
0.435943 0.1302 -0.101046 100
0.434968 0.1367 -0.10082 100
0.427857 -0.0883 -0.0991719 100
0.429026 -0.0821 -0.0994429 100
0.430098 -0.076 -0.0996913 0
0.429221 -0.0695 -0.099488 100
0.430098 -0.0633 -0.0996913 100
0.429903 -0.057 -0.0996461 0
0.429708 -0.0507 -0.0996009 100
0.431364 -0.0446 -0.0999848 100
0.430877 -0.0384 -0.0998719 0
0.431364 -0.0322 -0.0999848 100
0.430779 -0.0259 -0.0998493 100
0.431169 -0.0197 -0.0999396 100
0.431364 -0.0135 -0.0999848 100
0.431461 -0.0074 -0.100007 100
0.433825 0 -0.0945098 0
0.433825 0.0062 -0.0945098 0
0.433629 0.0123 -0.0944672 100
0.433434 0.0185 -0.0944246 0
0.433141 0.0246 -0.0943608 100
0.43275 0.0308 -0.0942756 0
0.432359 0.0369 -0.0941905 0
0.431773 0.043 -0.0940628 100
0.431187 0.0492 -0.0939351 0
0.432359 0.0555 -0.0941905 0
0.432555 0.0618 -0.0942331 100
0.431675 0.0679 -0.0940415 0
0.432652 0.0744 -0.0942543 0
0.434509 0.0811 -0.0946588 0
0.436267 0.0878 -0.0950419 100
0.436854 0.0944 -0.0951696 0
0.438417 0.1012 -0.0955102 0
0.437928 0.1077 -0.0954038 100
0.438319 0.1144 -0.0954889 0
0.438612 0.1211 -0.0955528 100
0.436951 0.1273 -0.0951909 0
0.43617 0.1338 -0.0950206 0
0.432359 -0.0873 -0.0941905 100
0.4306 -0.0806 -0.0938073 100
0.430698 -0.0744 -0.0938286 0
0.430698 -0.0681 -0.0938286 100
0.431577 -0.062 -0.0940202 100
0.431382 -0.0557 -0.0939776 100
0.431089 -0.0495 -0.0939138 100
0.431773 -0.0433 -0.0940628 100
0.432261 -0.0372 -0.0941692 0
0.43275 -0.0311 -0.0942756 100
0.432164 -0.0249 -0.0941479 100
0.432652 -0.0126 -0.0942543 100
0.432848 -0.0065 -0.0942969 0
0.43319 0.0051 -0.0927098 0
0.43407 0.0113 -0.0928982 0
0.433875 0.0175 -0.0928563 0
0.433582 0.0236 -0.0927935 0
0.434168 0.0298 -0.0929191 0
0.433679 0.036 -0.0928145 0
0.432213 0.0421 -0.0925005 0
0.431626 0.0482 -0.092375 0
0.431919 0.0545 -0.0924378 0
0.432017 0.0607 -0.0924587 100
0.433093 0.0672 -0.0926889 0
0.433093 0.0735 -0.0926889 100
0.432897 0.0861 -0.092647 100
0.435537 0.0931 -0.0932121 0
0.437102 0.0999 -0.0935469 100
0.437591 0.1066 -0.0936516 100
0.437004 0.1131 -0.093526 100
0.436417 0.1195 -0.0934004 100
0.436613 0.1262 -0.0934423 0
0.436711 0.133 -0.0934632 100
0.436711 0.1398 -0.0934632 100
0.431332 -0.0888 -0.0923122 0
0.430648 -0.0823 -0.0921657 0
0.430746 -0.076 -0.0921866 100
0.431724 -0.0699 -0.0923959 0
0.432604 -0.0638 -0.0925843 0
0.432506 -0.0575 -0.0925633 100
0.432213 -0.0512 -0.0925005 0
0.431919 -0.045 -0.0924378 0
0.431528 -0.0387 -0.0923541 100
0.432995 -0.0327 -0.092668 100
0.433386 -0.0265 -0.0927517 100
0.433679 -0.0204 -0.0928145 0
0.433973 -0.0142 -0.0928772 0
0.433093 -0.008 -0.0926889 100
0.436374 0.0042 -0.087196 0
0.436275 0.0104 -0.0871764 100
0.435099 0.0166 -0.0869413 0
0.434805 0.0228 -0.0868825 0
0.435491 0.029 -0.0870197 0
0.435981 0.0353 -0.0871176 0
0.43451 0.0414 -0.0868237 0
0.433824 0.0476 -0.0866866 100
0.434118 0.0539 -0.0867454 100
0.435295 0.0604 -0.0869805 0
0.435393 0.0667 -0.0870001 0
0.436374 0.0732 -0.087196 0
0.439217 0.0801 -0.0877643 0
0.440982 0.087 -0.088117 0
0.440688 0.0934 -0.0880582 0
0.440296 0.0999 -0.0879798 100
0.439806 0.1064 -0.0878818 100
0.440296 0.1132 -0.0879798 100
0.44059 0.1199 -0.0880386 100
0.439806 0.1265 -0.0878818 100
0.439021 0.133 -0.0877251 100
0.438041 0.1396 -0.0875291 100
0.435687 -0.0885 -0.0870589 100
0.433922 -0.0817 -0.0867062 100
0.433039 -0.0752 -0.0865298 0
0.43402 -0.069 -0.0867258 0
0.433039 -0.0626 -0.0865298 100
0.432843 -0.0563 -0.0864906 0
0.433628 -0.0501 -0.0866474 100
0.434216 -0.0439 -0.0867649 100
0.434805 -0.0377 -0.0868825 0
0.435295 -0.0315 -0.0869805 100
0.434706 -0.0253 -0.0868629 100
0.435001 -0.0191 -0.0869217 100
0.435197 -0.0129 -0.0869609 100
0.434412 -0.0067 -0.0868041 100
0.435739 0.0028 -0.0852516 100
0.437603 0.009 -0.0856164 0
0.437407 0.0152 -0.085578 0
0.437211 0.0214 -0.0855396 0
0.436818 0.0276 -0.0854628 0
0.435444 0.0337 -0.085194 0
0.434954 0.0399 -0.085098 0
0.434365 0.0461 -0.0849828 0
0.434659 0.0524 -0.0850404 100
0.434855 0.0587 -0.0850788 100
0.436033 0.0651 -0.0853092 100
0.437996 0.0718 -0.0856932 0
0.43986 0.0785 -0.086058 0
0.441627 0.0853 -0.0864037 0
0.441333 0.0917 -0.0863461 0
0.441038 0.0982 -0.0862885 100
0.440646 0.1047 -0.0862117 100
0.440057 0.1112 -0.0860965 100
0.440449 0.1179 -0.0861733 0
0.439664 0.1244 -0.0860197 0
0.438879 0.1309 -0.085866 100
0.438977 0.1377 -0.0858852 0
0.43829 -0.0868 -0.0857508 100
0.433678 -0.0795 -0.0848484 100
0.432794 -0.0731 -0.0846756 0
0.433776 -0.0669 -0.0848676 0
0.434659 -0.0607 -0.0850404 0
0.435444 -0.0546 -0.085194 0
0.43515 -0.0483 -0.0851364 0
0.435739 -0.0421 -0.0852516 100
0.435346 -0.0358 -0.0851748 0
0.435739 -0.0297 -0.0852516 100
0.43515 -0.0234 -0.0851364 0
0.435444 -0.0172 -0.085194 100
0.436622 -0.0111 -0.0854244 100
0.438771 0.0044 -0.0799755 0
0.438673 0.0107 -0.0799576 0
0.438476 0.0169 -0.0799217 0
0.438181 0.0231 -0.079868 0
0.436803 0.0293 -0.0796169 0
0.43641 0.0354 -0.0795452 0
0.43582 0.0416 -0.0794376 0
0.437197 0.048 -0.0796886 0
0.438673 0.0608 -0.0799576 0
0.439755 0.0673 -0.0801549 100
0.439755 0.0737 -0.0801549 100
0.441526 0.0805 -0.0804776 0
0.442313 0.0871 -0.0806211 100
0.442116 0.0936 -0.0805852 0
0.442706 0.1003 -0.0806928 100
0.442214 0.1068 -0.0806032 0
0.442608 0.1136 -0.0806749 0
0.442903 0.1203 -0.0807287 100
0.442116 0.1269 -0.0805852 100
0.441329 0.1334 -0.0804418 100
0.440345 0.14 -0.0802625 100
0.438869 -0.0844 -0.0799935 100
0.436115 -0.0774 -0.0794914 0
0.435229 -0.0709 -0.07933 0
0.436115 -0.0647 -0.0794914 0
0.436016 -0.0584 -0.0794735 100
0.435721 -0.0521 -0.0794197 0
0.437394 -0.046 -0.0797245 0
0.437984 -0.0398 -0.0798321 0
0.437492 -0.0335 -0.0797424 0
0.437984 -0.0273 -0.0798321 0
0.437295 -0.021 -0.0797066 0
0.43759 -0.0148 -0.0797604 100
0.437689 -0.0086 -0.0797783 0
0.437548 0.0057 -0.0810948 0
0.437352 0.012 -0.0810584 0
0.437155 0.0182 -0.0810219 0
0.43686 0.0244 -0.0809672 0
0.436467 0.0306 -0.0808943 0
0.436074 0.0368 -0.0808215 0
0.436467 0.0431 -0.0808943 0
0.43686 0.0494 -0.0809672 0
0.437057 0.0558 -0.0810037 0
0.437253 0.0621 -0.0810401 0
0.43922 0.0688 -0.0814046 100
0.44217 0.0757 -0.0819513 0
0.442071 0.0821 -0.0819331 0
0.441776 0.0886 -0.0818784 0
0.442465 0.0953 -0.082006 100
0.442071 0.1018 -0.0819331 100
0.442563 0.1086 -0.0820242 100
0.442956 0.1153 -0.0820971 100
0.443153 0.1222 -0.0821336 0
0.44335 0.129 -0.08217 100
0.442465 0.1356 -0.082006 0
0.436664 -0.0839 -0.0809308 0
0.434894 -0.0772 -0.0806028 0
0.434992 -0.0708 -0.080621 100
0.435877 -0.0646 -0.080785 0
0.435779 -0.0583 -0.0807668 100
0.435582 -0.052 -0.0807303 0
0.436172 -0.0458 -0.0808397 100
0.436762 -0.0396 -0.080949 0
0.436369 -0.0333 -0.0808761 0
0.436762 -0.0271 -0.080949 0
0.436074 -0.0208 -0.0808215 0
0.436369 -0.0146 -0.0808761 100
0.436467 -0.0084 -0.0808943 100
0.440087 0.0005 -0.0723826 0
0.43989 0.0129 -0.0723501 0
0.439693 0.0191 -0.0723177 0
0.440383 0.0254 -0.0724313 100
0.439989 0.0316 -0.0723663 100
0.439495 0.0378 -0.0722852 0
0.438903 0.044 -0.0721878 0
0.438311 0.0502 -0.0720904 0
0.440482 0.0567 -0.0724475 100
0.444528 0.0636 -0.0731129 0
0.445613 0.0702 -0.0732914 100
0.446501 0.0768 -0.0734375 0
0.446402 0.0833 -0.0734212 0
0.445218 0.0896 -0.0732265 0
0.444922 0.0961 -0.0731778 100
0.445416 0.1028 -0.073259 100
0.444922 0.1093 -0.0731778 100
0.44433 0.1158 -0.0730804 100
0.444626 0.1226 -0.0731291 100
0.443837 0.1292 -0.0729993 100
0.443936 0.136 -0.0730155 0
0.44137 -0.0885 -0.0725935 0
0.440581 -0.0819 -0.0724637 0
0.438804 -0.0752 -0.0721716 0
0.437818 -0.0687 -0.0720093 0
0.437719 -0.0624 -0.0719931 0
0.438607 -0.0562 -0.0721391 100
0.438311 -0.0499 -0.0720904 0
0.438015 -0.0436 -0.0720417 100
0.437522 -0.0373 -0.0719606 0
0.438015 -0.0311 -0.0720417 100
0.439397 -0.025 -0.072269 0
0.439693 -0.0188 -0.0723177 0
0.440877 -0.0126 -0.0725124 0
0.441074 -0.0064 -0.0725449 0
0.441125 0.0023 -0.0722369 0
0.441026 0.0086 -0.0722208 0
0.43994 0.0148 -0.072043 0
0.439644 0.021 -0.0719945 0
0.439348 0.0273 -0.071946 0
0.439842 0.0336 -0.0720268 0
0.440335 0.0399 -0.0721076 0
0.44073 0.0462 -0.0721723 0
0.442013 0.0527 -0.0723824 0
0.444184 0.0593 -0.0727379 0
0.445269 0.0659 -0.0729156 0
0.447243 0.0727 -0.0732389 0
0.448131 0.0794 -0.0733843 100
0.447046 0.0857 -0.0732065 0
0.445467 0.0985 -0.072948 100
0.44596 0.1053 -0.0730288 100
0.445467 0.1118 -0.072948 0
0.445763 0.1186 -0.0729964 0
0.444973 0.1252 -0.0728672 100
0.444184 0.1318 -0.0727379 100
0.443296 0.1384 -0.0725924 100
0.442309 -0.0893 -0.0724308 0
0.440532 -0.0825 -0.0721399 100
0.438756 -0.0758 -0.0718491 100
0.438756 -0.0694 -0.0718491 0
0.438756 -0.063 -0.0718491 0
0.439546 -0.0568 -0.0719783 0
0.43925 -0.0505 -0.0719299 0
0.438953 -0.0441 -0.0718814 0
0.438559 -0.0378 -0.0718167 0
0.438065 -0.0315 -0.0717359 0
0.43846 -0.0253 -0.0718006 0
0.439743 -0.0192 -0.0720107 0
0.440927 -0.013 -0.0722046 0
0.441026 -0.0067 -0.0722208 100
0.441451 0.0026 -0.0635355 0
0.442342 0.0089 -0.0636637 0
0.443134 0.0152 -0.0637776 0
0.442936 0.0214 -0.0637491 0
0.44254 0.0277 -0.0636922 0
0.442144 0.0339 -0.0636352 0
0.442639 0.0402 -0.0637064 0
0.442045 0.0465 -0.0636209 0
0.442342 0.0528 -0.0636637 100
0.445509 0.0596 -0.0641195 0
0.447588 0.0663 -0.0644187 100
0.447588 0.0728 -0.0644187 0
0.447489 0.0792 -0.0644044 0
0.448281 0.0859 -0.0645184 0
0.448974 0.0926 -0.0646181 100
0.448677 0.0992 -0.0645754 100
0.448182 0.1057 -0.0645042 100
0.447687 0.1123 -0.0644329 0
0.446994 0.1188 -0.0643332 0
0.446301 0.1254 -0.0642335 100
0.4464 0.1322 -0.0642477 100
0.4464 0.1391 -0.0642477 100
0.444322 -0.0858 -0.0639486 100
0.44155 -0.0788 -0.0635497 0
0.44353 -0.0728 -0.0638346 100
0.44452 -0.0665 -0.0639771 100
0.441451 -0.0597 -0.0635355 100
0.441253 -0.0533 -0.063507 100
0.441946 -0.0471 -0.0636067 0
0.44155 -0.0408 -0.0635497 0
0.442144 -0.0345 -0.0636352 0
0.44155 -0.0282 -0.0635497 100
0.442144 -0.0158 -0.0636352 0
0.443332 -0.0095 -0.0638061 0
0.445128 0.0041 -0.0588393 0
0.445029 0.0103 -0.0588262 0
0.444831 0.0166 -0.0588 0
0.443542 0.0228 -0.0586297 0
0.443244 0.0291 -0.0585904 0
0.44374 0.0354 -0.0586559 0
0.445227 0.0419 -0.0588524 0
0.447507 0.0484 -0.0591538 0
0.449787 0.0551 -0.0594553 0
0.449887 0.0616 -0.0594684 0
0.449986 0.0681 -0.0594815 0
0.448994 0.0744 -0.0593504 0
0.447904 0.0807 -0.0592063 0
0.448697 0.0874 -0.0593111 0
0.4484 0.0939 -0.0592718 100
0.448102 0.1005 -0.0592325 0
0.448598 0.1072 -0.059298 0
0.448994 0.114 -0.0593504 0
0.449292 0.1209 -0.0593897 0
0.449391 0.1277 -0.0594028 100
0.448598 0.1343 -0.059298 100
0.447507 -0.0886 -0.0591538 0
0.447706 -0.0822 -0.0591801 0
0.447805 -0.0757 -0.0591932 0
0.447805 -0.0692 -0.0591932 0
0.446813 -0.0626 -0.0590621 0
0.444632 -0.0559 -0.0587738 0
0.443443 -0.0494 -0.0586166 0
0.443046 -0.0431 -0.0585641 0
0.44265 -0.0367 -0.0585117 0
0.443145 -0.0305 -0.0585772 0
0.443443 -0.0242 -0.0586166 0
0.44374 -0.018 -0.0586559 0
0.443938 -0.0117 -0.0586821 0
0.444718 0.0038 -0.0541318 0
0.444618 0.01 -0.0541197 0
0.44442 0.0163 -0.0540955 0
0.443129 0.0225 -0.0539385 0
0.443824 0.0288 -0.054023 0
0.445313 0.0352 -0.0542043 0
0.446802 0.0417 -0.0543855 0
0.4471 0.0481 -0.0544218 0
0.446405 0.0543 -0.0543372 0
0.448589 0.061 -0.054603 0
0.449681 0.0676 -0.0547359 0
0.448688 0.074 -0.0546151 0
0.449582 0.0806 -0.0547239 0
0.449383 0.0871 -0.0546997 0
0.451071 0.0941 -0.0549051 0
0.450674 0.1006 -0.0548568 0
0.450177 0.1072 -0.0547964 0
0.449582 0.1138 -0.0547239 100
0.448986 0.1204 -0.0546514 0
0.449185 0.1272 -0.0546755 0
0.448291 0.1338 -0.0545668 100
0.446405 -0.0871 -0.0543372 0
0.446504 -0.0806 -0.0543493 100
0.445611 -0.074 -0.0542405 0
0.442732 -0.0671 -0.0538901 0
0.44164 -0.0606 -0.0537572 0
0.442434 -0.0543 -0.0538539 0
0.443129 -0.0481 -0.0539385 0
0.443725 -0.0418 -0.054011 0
0.444321 -0.0356 -0.0540835 0
0.444122 -0.023 -0.0540593 0
0.443427 -0.0167 -0.0539747 100
0.443626 -0.0105 -0.0539989 0
0.447334 0.0061 -0.048912 0
0.447135 0.0124 -0.0488903 0
0.446936 0.0187 -0.0488685 0
0.446638 0.0249 -0.0488359 0
0.445246 0.0311 -0.0486838 0
0.444749 0.0373 -0.0486294 0
0.447234 0.0439 -0.0489012 0
0.449521 0.0505 -0.0491511 0
0.450714 0.057 -0.0492816 0
0.449918 0.0633 -0.0491946 0
0.450913 0.0699 -0.0493033 0
0.450913 0.0764 -0.0493033 0
0.450813 0.0829 -0.0492924 0
0.451509 0.0896 -0.0493685 0
0.452205 0.0963 -0.0494446 0
0.451807 0.1029 -0.0494011 0
0.45131 0.1094 -0.0493468 0
0.452602 0.1165 -0.0494881 0
0.451907 0.1231 -0.049412 0
0.451111 0.1297 -0.0493251 0
0.451211 0.1366 -0.0493359 0
0.44962 -0.0892 -0.049162 0
0.448825 -0.0825 -0.0490751 0
0.449918 -0.0762 -0.0491946 0
0.450018 -0.0698 -0.0492055 0
0.450913 -0.0635 -0.0493033 0
0.44972 -0.0569 -0.0491729 0
0.446539 -0.0501 -0.0488251 0
0.444252 -0.0436 -0.0485751 0
0.444749 -0.0373 -0.0486294 0
0.444252 -0.031 -0.0485751 0
0.44465 -0.0248 -0.0486185 0
0.445942 -0.0186 -0.0487598 0
0.447759 0.0002 -0.0448502 0
0.448754 0.0065 -0.0449499 0
0.448555 0.0128 -0.0449299 0
0.448356 0.0191 -0.04491 0
0.449053 0.0255 -0.0449798 0
0.450645 0.0319 -0.0451392 0
0.449152 0.0381 -0.0449897 0
0.44955 0.0445 -0.0450296 0
0.451839 0.0512 -0.0452588 0
0.453132 0.0577 -0.0453884 0
0.453232 0.0642 -0.0453984 0
0.453232 0.0707 -0.0453984 0
0.452237 0.0771 -0.0452987 0
0.452137 0.0836 -0.0452887 0
0.451839 0.0901 -0.0452588 0
0.452536 0.0969 -0.0453286 0
0.453132 0.1037 -0.0453884 0
0.452536 0.1102 -0.0453286 0
0.451938 0.1168 -0.0452688 0
0.451242 0.1234 -0.045199 0
0.451441 0.1303 -0.045219 0
0.451441 0.1372 -0.045219 0
0.449948 -0.0841 -0.0450695 0
0.451142 -0.0778 -0.0451891 0
0.453132 -0.0651 -0.0453884 0
0.452933 -0.0586 -0.0453685 0
0.451739 -0.052 -0.0452489 0
0.449451 -0.0454 -0.0450196 0
0.447063 -0.0388 -0.0447804 0
0.44557 -0.0324 -0.0446309 0
0.445968 -0.0261 -0.0446708 100
0.448356 -0.02 -0.04491 0
0.450545 -0.0137 -0.0451293 0
0.44965 -0.0074 -0.0450396 0
0.452124 0.0027 -0.0412261 0
0.451029 0.009 -0.0411262 0
0.45083 0.0153 -0.0411081 0
0.451626 0.0217 -0.0411807 100
0.452224 0.0281 -0.0412352 0
0.452821 0.0345 -0.0412897 0
0.452323 0.0408 -0.0412443 0
0.452622 0.0473 -0.0412715 0
0.452921 0.0537 -0.0412988 0
0.45312 0.0602 -0.0413169 0
0.45322 0.0667 -0.041326 0
0.453319 0.0732 -0.0413351 0
0.454216 0.0799 -0.0414168 0
0.454016 0.0864 -0.0413986 0
0.453718 0.093 -0.0413714 0
0.454315 0.0998 -0.0414259 0
0.454813 0.1066 -0.0414713 0
0.455212 0.1134 -0.0415076 0
0.454614 0.12 -0.0414531 100
0.453817 0.1267 -0.0413805 0
0.453021 0.1333 -0.0413078 0
0.450133 0.1393 -0.0410445 0
0.451626 -0.0881 -0.0411807 0
0.45083 -0.0814 -0.0411081 0
0.450929 -0.0749 -0.0411171 0
0.452921 -0.0688 -0.0412988 0
0.452921 -0.0623 -0.0412988 0
0.452722 -0.0558 -0.0412806 0
0.454415 -0.0496 -0.041435 0
0.45312 -0.043 -0.0413169 0
0.448639 -0.0362 -0.0409083 0
0.448141 -0.0299 -0.0408629 0
0.451527 -0.0238 -0.0411716 0
0.453817 -0.0175 -0.0413805 0
0.453021 -0.0111 -0.0413078 0
0.451483 0.0047 -0.0370393 0
0.450387 0.011 -0.0369494 0
0.448194 0.0173 -0.0367695 0
0.447895 0.0236 -0.036745 0
0.448493 0.0299 -0.0367941 0
0.449988 0.0363 -0.0369167 0
0.450487 0.0427 -0.0369576 0
0.451782 0.0493 -0.0370639 0
0.452081 0.0557 -0.0370884 0
0.453178 0.0623 -0.0371783 0
0.454274 0.069 -0.0372683 0
0.45527 0.0757 -0.0373501 0
0.454174 0.082 -0.0372601 0
0.453975 0.0886 -0.0372438 100
0.455569 0.0955 -0.0373746 0
0.455171 0.1021 -0.0373419 0
0.454672 0.1087 -0.037301 0
0.455071 0.1156 -0.0373337 0
0.454374 0.1222 -0.0372765 100
0.45258 0.1286 -0.0371293 0
0.452679 0.1355 -0.0371375 100
0.452879 -0.0835 -0.0371538 0
0.452978 -0.077 -0.037162 0
0.453078 -0.0705 -0.0371702 0
0.452978 -0.064 -0.037162 0
0.452879 -0.0575 -0.0371538 0
0.453576 -0.0512 -0.0372111 0
0.454274 -0.0448 -0.0372683 0
0.452879 -0.0383 -0.0371538 0
0.44939 -0.0316 -0.0368676 0
0.447796 -0.0252 -0.0367368 0
0.449091 -0.019 -0.0368431 0
0.451284 -0.0127 -0.037023 0
0.456699 0.0032 -0.0344997 0
0.457596 0.0096 -0.0345675 0
0.4564 0.016 -0.0344771 0
0.454206 0.0223 -0.0343114 0
0.453807 0.0286 -0.0342812 0
0.454405 0.035 -0.0343264 0
0.454804 0.0415 -0.0343566 0
0.455203 0.0479 -0.0343867 0
0.454505 0.0543 -0.034334 0
0.454704 0.0608 -0.034349 0
0.454804 0.0673 -0.0343566 0
0.455801 0.074 -0.0344319 0
0.456599 0.0807 -0.0344921 0
0.456499 0.0873 -0.0344846 0
0.4562 0.0938 -0.034462 0
0.456798 0.1006 -0.0345072 0
0.4563 0.1073 -0.0344695 100
0.455702 0.1139 -0.0344243 0
0.455103 0.1205 -0.0343792 0
0.455303 0.1274 -0.0343942 0
0.455402 0.1343 -0.0344018 0
0.452212 -0.0884 -0.0341607 100
0.453408 -0.0821 -0.0342511 0
0.454505 -0.0757 -0.034334 100
0.454505 -0.0692 -0.034334 0
0.455402 -0.0628 -0.0344018 0
0.455203 -0.0563 -0.0343867 0
0.455004 -0.0499 -0.0343716 0
0.453608 -0.0433 -0.0342662 0
0.452212 -0.0368 -0.0341607 0
0.451713 -0.0304 -0.034123 0
0.454106 -0.0242 -0.0343038 0
0.454405 -0.0178 -0.0343264 0
0.454605 -0.0115 -0.0343415 0
0.456037 0.0038 -0.0296505 100
0.456935 0.0103 -0.0297088 0
0.457734 0.0167 -0.0297608 0
0.456436 0.0231 -0.0296764 0
0.456037 0.0295 -0.0296505 0
0.456636 0.036 -0.0296894 0
0.455039 0.0423 -0.0295856 0
0.453443 0.0486 -0.0294818 0
0.453742 0.055 -0.0295012 0
0.45484 0.0617 -0.0295726 0
0.455937 0.0684 -0.029644 0
0.455937 0.0749 -0.029644 0
0.45484 0.0813 -0.0295726 0
0.455638 0.0881 -0.0296245 0
0.456336 0.0949 -0.0296699 0
0.456835 0.1017 -0.0297024 100
0.456336 0.1083 -0.0296699 0
0.455838 0.115 -0.0296375 0
0.456037 0.1219 -0.0296505 100
0.456237 0.1288 -0.0296634 0
0.455339 0.1355 -0.029605 0
0.453443 -0.089 -0.0294818 0
0.45464 -0.0826 -0.0295596 0
0.45474 -0.076 -0.0295661 100
0.455738 -0.0696 -0.029631 0
0.455738 -0.0631 -0.029631 0
0.45454 -0.0564 -0.0295531 0
0.454341 -0.0499 -0.0295402 0
0.454939 -0.0436 -0.0295791 0
0.455538 -0.0372 -0.029618 0
0.455039 -0.0307 -0.0295856 0
0.456436 -0.0244 -0.0296764 0
0.456636 -0.0179 -0.0296894 0
0.456935 -0.0115 -0.0297088 0
0.457689 0.0016 -0.0168627 0
0.45759 0.008 -0.016859 0
0.45749 0.0144 -0.0168553 0
0.45619 0.0207 -0.0168075 0
0.45689 0.0272 -0.0168332 0
0.45749 0.0336 -0.0168553 0
0.45699 0.04 -0.0168369 0
0.45629 0.0464 -0.0168112 0
0.455691 0.0528 -0.0167891 0
0.45689 0.0594 -0.0168332 0
0.457989 0.0661 -0.0168737 0
0.45699 0.0725 -0.0168369 0
0.45689 0.079 -0.0168332 0
0.457689 0.0858 -0.0168627 0
0.459388 0.0928 -0.0169253 0
0.459089 0.0994 -0.0169142 100
0.45759 0.1058 -0.016859 100
0.45709 0.1124 -0.0168406 0
0.45739 0.1193 -0.0168517 0
0.45669 0.126 -0.0168259 0
0.45679 0.1329 -0.0168296 100
0.454891 0.1393 -0.0167596 0
0.454692 -0.0858 -0.0167522 0
0.454791 -0.0793 -0.0167559 0
0.454891 -0.0727 -0.0167596 100
0.45689 -0.0665 -0.0168332 0
0.458789 -0.0602 -0.0169032 0
0.458589 -0.0537 -0.0168958 0
0.45729 -0.0471 -0.016848 0
0.45689 -0.0406 -0.0168332 0
0.45639 -0.0341 -0.0168148 0
0.455891 -0.0277 -0.0167964 0
0.45619 -0.0213 -0.0168075 0
0.45649 -0.0149 -0.0168185 0
0.45759 -0.0086 -0.016859 0
0.45862 0.0058 -0.0186606 0
0.45942 0.0122 -0.0186932 0
0.458221 0.0186 -0.0186444 0
0.456922 0.0249 -0.0185915 0
0.455523 0.0313 -0.0185346 0
0.455023 0.0376 -0.0185143 0
0.455523 0.0441 -0.0185346 0
0.455823 0.0506 -0.0185468 0
0.456023 0.0571 -0.0185549 0
0.457222 0.0637 -0.0186037 0
0.457222 0.0702 -0.0186037 0
0.457222 0.0768 -0.0186037 0
0.458021 0.0835 -0.0186362 0
0.45882 0.0903 -0.0186688 0
0.458521 0.0969 -0.0186566 0
0.45902 0.1038 -0.0186769 0
0.456922 0.1168 -0.0185915 0
0.456223 0.1235 -0.0185631 0
0.456422 0.1304 -0.0185712 100
0.456422 0.1373 -0.0185712 0
0.455123 -0.0884 -0.0185183 0
0.455323 -0.0818 -0.0185265 0
0.455423 -0.0753 -0.0185305 0
0.456422 -0.0689 -0.0185712 0
0.457422 -0.0625 -0.0186118 0
0.457222 -0.056 -0.0186037 0
0.457921 -0.0496 -0.0186322 0
0.456622 -0.043 -0.0185793 0
0.456123 -0.0365 -0.018559 100
0.455623 -0.0301 -0.0185387 0
0.456023 -0.0237 -0.0185549 0
0.456322 -0.0173 -0.0185671 0
0.456522 -0.0109 -0.0185753 0
0.458776 0.0005 -0.0143375 0
0.458676 0.0069 -0.0143343 0
0.457577 0.0133 -0.0143 0
0.458376 0.0197 -0.014325 0
0.460075 0.0262 -0.0143781 0
0.459576 0.0326 -0.0143625 0
0.458076 0.039 -0.0143156 100
0.458576 0.0455 -0.0143312 0
0.458876 0.052 -0.0143406 0
0.459076 0.0585 -0.0143468 0
0.458276 0.0715 -0.0143218 0
0.459176 0.0782 -0.01435 0
0.458976 0.0848 -0.0143437 0
0.458776 0.0914 -0.0143375 0
0.458376 0.098 -0.014325 0
0.458976 0.1048 -0.0143437 0
0.459376 0.1117 -0.0143562 100
0.458776 0.1184 -0.0143375 0
0.458976 0.1253 -0.0143437 0
0.458176 0.132 -0.0143187 0
0.456277 0.1384 -0.0142594 0
0.456077 -0.0894 -0.0142531 0
0.456277 -0.0828 -0.0142594 0
0.456477 -0.0763 -0.0142656 0
0.457477 -0.0699 -0.0142969 0
0.457377 -0.0633 -0.0142937 0
0.458276 -0.057 -0.0143218 0
0.457976 -0.0504 -0.0143125 0
0.458676 -0.044 -0.0143343 0
0.459276 -0.0376 -0.0143531 0
0.458676 -0.0311 -0.0143343 100
0.458076 -0.0247 -0.0143156 0
0.458376 -0.0183 -0.014325 0
0.458576 -0.0119 -0.0143312 0
0.460856 0.0048 -0.0115045 0
0.460756 0.0113 -0.011502 0
0.458557 0.0176 -0.0114471 0
0.457258 0.024 -0.0114147 0
0.456858 0.0304 -0.0114047 0
0.457358 0.0368 -0.0114172 0
0.457857 0.0433 -0.0114297 0
0.458157 0.0498 -0.0114372 0
0.458457 0.0563 -0.0114446 0
0.458557 0.0629 -0.0114471 0
0.457657 0.0693 -0.0114247 0
0.458557 0.076 -0.0114471 0
0.458457 0.0826 -0.0114446 0
0.457258 0.089 -0.0114147 0
0.457957 0.0958 -0.0114322 0
0.459457 0.1028 -0.0114696 0
0.459957 0.1097 -0.0114821 100
0.459357 0.1164 -0.0114671 100
0.459657 0.1233 -0.0114746 0
0.458857 0.13 -0.0114546 0
0.456958 0.1364 -0.0114072 0
0.456358 -0.0832 -0.0113922 0
0.456458 -0.0766 -0.0113947 0
0.457457 -0.0702 -0.0114197 0
0.458457 -0.0638 -0.0114446 0
0.459257 -0.0574 -0.0114646 0
0.459057 -0.0509 -0.0114596 0
0.458757 -0.0444 -0.0114521 0
0.458257 -0.0379 -0.0114397 0
0.458757 -0.0315 -0.0114521 0
0.459157 -0.0251 -0.0114621 0
0.458457 -0.0186 -0.0114446 0
0.458657 -0.0122 -0.0114496 0
0.460953 0.0063 -0.00659747 0
0.461753 0.0127 -0.00660892 0
0.460553 0.0192 -0.00659174 0
0.460253 0.0256 -0.00658745 0
0.460853 0.0321 -0.00659604 0
0.460353 0.0386 -0.00658888 0
0.460753 0.0451 -0.00659461 0
0.462053 0.0517 -0.00661321 0
0.461253 0.0582 -0.00660176 0
0.460453 0.0647 -0.00659031 0
0.459453 0.0711 -0.006576 0
0.460453 0.0778 -0.00659031 0
0.461253 0.0846 -0.00660176 0
0.461953 0.0915 -0.00661178 0
0.462653 0.0983 -0.0066218 0
0.463153 0.1052 -0.00662895 0
0.461653 0.1117 -0.00660749 0
0.460953 0.1184 -0.00659747 100
0.460253 0.1251 -0.00658745 0
0.458453 0.1315 -0.00656169 100
0.458453 0.1385 -0.00656169 0
0.458953 -0.086 -0.00656885 0
0.460153 -0.0796 -0.00658602 0
0.460153 -0.073 -0.00658602 0
0.461153 -0.0666 -0.00660033 0
0.461053 -0.06 -0.0065989 0
0.460853 -0.0534 -0.00659604 0
0.460553 -0.0469 -0.00659174 0
0.460153 -0.0403 -0.00658602 0
0.459753 -0.0338 -0.0065803 0
0.460153 -0.0274 -0.00658602 0
0.460453 -0.0209 -0.00659031 0
0.461753 -0.0145 -0.00660892 0
0.461853 -0.0081 -0.00661035 0
0.461995 0.0046 -0.00209648 0
0.461895 0.011 -0.00209603 0
0.461695 0.0175 -0.00209512 0
0.460395 0.0239 -0.00208922 0
0.459995 0.0303 -0.00208741 0
0.459495 0.0367 -0.00208514 0
0.460995 0.0433 -0.00209194 0
0.461295 0.0498 -0.00209331 0
0.461595 0.0564 -0.00209467 0
0.462695 0.0631 -0.00209966 0
0.461795 0.0695 -0.00209557 0
0.460795 0.0759 -0.00209104 0
0.460695 0.0825 -0.00209058 0
0.461395 0.0893 -0.00209376 0
0.461095 0.0959 -0.0020924 0
0.461695 0.1028 -0.00209512 0
0.462195 0.1097 -0.00209739 0
0.462495 0.1166 -0.00209875 100
0.461795 0.1233 -0.00209557 0
0.460995 0.13 -0.00209194 0
0.459195 0.1364 -0.00208378 0
0.458395 -0.0837 -0.00208015 0
0.458595 -0.0771 -0.00208105 0
0.458595 -0.0706 -0.00208105 0
0.459495 -0.0642 -0.00208514 0
0.460395 -0.0578 -0.00208922 0
0.461195 -0.0513 -0.00209285 0
0.460795 -0.0448 -0.00209104 0
0.460395 -0.0383 -0.00208922 0
0.460895 -0.0319 -0.00209149 0
0.461295 -0.0254 -0.00209331 0
0.460595 -0.019 -0.00209013 0
0.460795 -0.0125 -0.00209104 0
0.463986 0.0034 0.00356323 0
0.464886 0.0099 0.00357014 0
0.463686 0.0164 0.00356093 0
0.464086 0.0294 0.003564 0
0.464586 0.036 0.00356784 0
0.464086 0.0425 0.003564 0
0.463386 0.049 0.00355862 0
0.463686 0.0556 0.00356093 0
0.462886 0.0621 0.00355478 0
0.462886 0.0687 0.00355478 0
0.463886 0.0755 0.00356246 0
0.463786 0.0821 0.00356169 0
0.464586 0.089 0.00356784 0
0.464186 0.0957 0.00356476 0
0.462886 0.1022 0.00355478 100
0.462386 0.1089 0.00355094 0
0.462686 0.1158 0.00355325 0
0.461986 0.1225 0.00354787 0
0.461186 0.1292 0.00354173 100
0.463186 0.1368 0.00355709 100
0.459686 -0.0878 0.00353021 0
0.460886 -0.0814 0.00353942 0
0.460986 -0.0747 0.00354019 0
0.460986 -0.0681 0.00354019 0
0.461886 -0.0617 0.0035471 0
0.462686 -0.0552 0.00355325 0
0.463386 -0.0487 0.00355862 0
0.463086 -0.0421 0.00355632 0
0.462586 -0.0356 0.00355248 0
0.463086 -0.0291 0.00355632 0
0.463386 -0.0226 0.00355862 0
0.462686 -0.0161 0.00355325 0
0.462886 -0.0096 0.00355478 0
0.463943 0.0032 0.00728819 0
0.462843 0.0097 0.00727092 0
0.463643 0.0162 0.00728348 0
0.462343 0.0227 0.00726306 0
0.462043 0.0291 0.00725835 100
0.462543 0.0357 0.0072662 0
0.463043 0.0422 0.00727406 0
0.464343 0.0489 0.00729448 0
0.464643 0.0555 0.00729919 0
0.464843 0.0622 0.00730233 0
0.463843 0.0687 0.00728662 0
0.463843 0.0753 0.00728662 0
0.462543 0.0885 0.0072662 0
0.463243 0.0953 0.0072772 0
0.462843 0.102 0.00727092 0
0.463343 0.109 0.00727877 0
0.462743 0.1157 0.00726935 100
0.462043 0.1224 0.00725835 100
0.461243 0.1291 0.00724578 100
0.460343 0.1358 0.00723165 0
0.460743 -0.0873 0.00723793 0
0.461943 -0.0808 0.00725678 0
0.462043 -0.0742 0.00725835 0
0.463043 -0.0677 0.00727406 0
0.462943 -0.0611 0.00727249 0
0.462743 -0.0545 0.00726935 0
0.461443 -0.0478 0.00724893 0
0.462143 -0.0413 0.00725992 0
0.462643 -0.0349 0.00726778 0
0.464043 -0.0285 0.00728977 0
0.464443 -0.022 0.00729605 0
0.463643 -0.0154 0.00728348 0
0.462843 -0.0089 0.00727092 0
0.466757 0.0049 0.0150762 0
0.466657 0.0114 0.0150729 0
0.466457 0.0179 0.0150665 0
0.467156 0.0245 0.0150891 0
0.465757 0.031 0.0150439 0
0.464258 0.0374 0.0149954 0
0.463658 0.0439 0.0149761 100
0.464058 0.0505 0.014989 0
0.465257 0.0572 0.0150277 0
0.466357 0.064 0.0150632 0
0.466457 0.0706 0.0150665 0
0.466357 0.0773 0.0150632 0
0.466257 0.084 0.01506 0
0.466057 0.0907 0.0150536 0
0.464658 0.0972 0.0150084 100
0.464258 0.1039 0.0149954 100
0.463758 0.1106 0.0149793 0
0.463158 0.1174 0.0149599 0
0.462459 0.1241 0.0149373 0
0.464458 0.1316 0.0150019 0
0.467356 0.1395 0.0150955 100
0.461159 -0.0838 0.0148954 0
0.462359 -0.0774 0.0149341 100
0.464358 -0.0644 0.0149987 0
0.464158 -0.0578 0.0149922 0
0.463958 -0.0512 0.0149858 0
0.463658 -0.0446 0.0149761 0
0.465157 -0.0382 0.0150245 0
0.465657 -0.0317 0.0150406 0
0.466057 -0.0252 0.0150536 0
0.465357 -0.0186 0.015031 0
0.465557 -0.0121 0.0150374 0
0.465666 0 0.0176449 0
0.466665 0.0065 0.0176828 0
0.465466 0.013 0.0176373 0
0.464267 0.0195 0.0175919 0
0.464966 0.0261 0.0176184 0
0.465566 0.0327 0.0176411 0
0.465066 0.0392 0.0176222 100
0.465466 0.0458 0.0176373 0
0.466765 0.0525 0.0176866 0
0.466965 0.0592 0.0176941 0
0.467065 0.0659 0.0176979 0
0.467065 0.0726 0.0176979 0
0.466965 0.0793 0.0176941 0
0.466865 0.086 0.0176903 100
0.465566 0.0925 0.0176411 0
0.463767 0.1057 0.017573 0
0.464167 0.1127 0.0175881 100
0.464467 0.1197 0.0175995 0
0.463767 0.1264 0.017573 0
0.464866 0.1337 0.0176146 100
0.463068 -0.0841 0.0175465 0
0.463268 -0.0774 0.017554 0
0.463268 -0.0708 0.017554 0
0.464267 -0.0643 0.0175919 0
0.464067 -0.0577 0.0175843 0
0.463867 -0.051 0.0175767 0
0.463567 -0.0444 0.0175654 0
0.464167 -0.0379 0.0175881 0
0.464567 -0.0314 0.0176032 0
0.464966 -0.0249 0.0176184 0
0.465266 -0.0184 0.0176298 0
0.464467 -0.0119 0.0175995 0
0.46825 0.0044 0.0265072 0
0.46815 0.011 0.0265015 0
0.467951 0.0175 0.0264902 0
0.46825 0.0307 0.0265072 0
0.467751 0.0373 0.0264789 0
0.466254 0.0437 0.0263942 100
0.466553 0.0503 0.0264111 0
0.466753 0.057 0.0264224 0
0.466952 0.0637 0.0264337 0
0.466952 0.0703 0.0264337 0
0.466952 0.077 0.0264337 0
0.467751 0.0839 0.0264789 0
0.466553 0.0905 0.0264111 0
0.466254 0.0972 0.0263942 0
0.465854 0.1039 0.0263715 0
0.465255 0.1107 0.0263376 0
0.467551 0.1182 0.0264676 0
0.471645 0.1263 0.0266994 0
0.473742 0.1339 0.026818 0
0.464656 -0.0898 0.0263037 0
0.464856 -0.0831 0.026315 0
0.465055 -0.0765 0.0263263 0
0.466054 -0.0699 0.0263829 100
0.465954 -0.0633 0.0263772 0
0.465854 -0.0566 0.0263715 0
0.466553 -0.0501 0.0264111 0
0.467252 -0.0436 0.0264507 0
0.467751 -0.037 0.0264789 100
0.467252 -0.0304 0.0264507 0
0.467651 -0.0238 0.0264733 0
0.467951 -0.0173 0.0264902 0
0.46815 -0.0107 0.0265015 0
0.469093 0.0013 0.0291841 0
0.467995 0.0079 0.0291158 0
0.467895 0.0144 0.0291096 0
0.467596 0.021 0.0290909 0
0.468295 0.0276 0.0291344 0
0.467895 0.0342 0.0291096 0
0.467297 0.0407 0.0290723 0
0.466698 0.0473 0.029035 0
0.466997 0.0539 0.0290537 0
0.468195 0.0607 0.0291282 0
0.468295 0.0674 0.0291344 0
0.467297 0.074 0.0290723 0
0.467197 0.0807 0.0290661 0
0.466997 0.0874 0.0290537 0
0.466698 0.0941 0.029035 100
0.467297 0.1011 0.0290723 0
0.466797 0.1079 0.0290412 0
0.469193 0.1153 0.0291903 100
0.472287 0.1232 0.0293828 100
0.472486 0.1375 0.0293952 0
0.466398 -0.0853 0.0290164 0
0.4656 -0.0784 0.0289667 0
0.4656 -0.0717 0.0289667 0
0.4656 -0.065 0.0289667 0
0.4655 -0.0584 0.0289605 0
0.466199 -0.0518 0.029004 0
0.466897 -0.0453 0.0290475 0
0.467496 -0.0387 0.0290847 0
0.467995 -0.0322 0.0291158 0
0.468394 -0.0256 0.0291406 0
0.468694 -0.0191 0.0291592 100
0.468893 -0.0125 0.0291716 100
0.468844 0.0044 0.0329492 100
0.469741 0.011 0.0330123 0
0.469542 0.0176 0.0329983 0
0.469243 0.0242 0.0329772 0
0.469841 0.0308 0.0330193 0
0.469342 0.0374 0.0329843 0
0.468744 0.0439 0.0329422 0
0.469143 0.0506 0.0329702 100
0.469342 0.0573 0.0329843 100
0.468544 0.0639 0.0329282 0
0.467547 0.0704 0.0328581 0
0.468544 0.0773 0.0329282 0
0.469342 0.0842 0.0329843 0
0.469143 0.091 0.0329702 0
0.469741 0.0979 0.0330123 100
0.47034 0.1049 0.0330544 100
0.473632 0.1127 0.0332857 100
0.474929 0.12 0.0333768 0
0.475128 0.1272 0.0333909 100
0.47433 0.1341 0.0333348 100
0.465951 -0.0863 0.0327459 100
0.467148 -0.0797 0.03283 100
0.467148 -0.073 0.03283 100
0.468145 -0.0665 0.0329001 100
0.469043 -0.0599 0.0329632 0
0.469841 -0.0534 0.0330193 0
0.469542 -0.0467 0.0329983 0
0.469143 -0.04 0.0329702 0
0.469642 -0.0334 0.0330053 0
0.470041 -0.0269 0.0330333 100
0.469442 -0.0202 0.0329913 0
0.469642 -0.0137 0.0330053 0
0.470739 -0.0071 0.0330824 0
0.470532 0.0031 0.0371969 0
0.470432 0.0097 0.0371891 0
0.470233 0.0163 0.0371733 0
0.469934 0.0229 0.0371497 100
0.469635 0.0295 0.037126 100
0.469136 0.0361 0.0370866 0
0.468638 0.0426 0.0370472 0
0.468937 0.0493 0.0370709 100
0.469336 0.0627 0.0371024 0
0.469435 0.0694 0.0371103 0
0.468439 0.076 0.0370314 0
0.468339 0.0827 0.0370236 0
0.468139 0.0895 0.0370078 0
0.466844 0.096 0.0369054 100
0.468339 0.1032 0.0370236 0
0.472725 0.1111 0.0373703 100
0.474918 0.1187 0.0375437 100
0.474221 0.1256 0.0374885 100
0.47432 0.1328 0.0374964 100
0.47432 0.1399 0.0374964 0
0.466345 -0.0878 0.0368659 100
0.466544 -0.0811 0.0368817 0
0.466644 -0.0744 0.0368896 0
0.467641 -0.0678 0.0369684 100
0.467541 -0.0611 0.0369605 0
0.469336 -0.0547 0.0371024 100
0.470133 -0.0481 0.0371654 0
0.469735 -0.0414 0.0371339 0
0.469236 -0.0348 0.0370945 0
0.468738 -0.0281 0.0370551 0
0.470034 -0.0216 0.0371575 100
0.469336 -0.015 0.0371024 100
0.469435 -0.0084 0.0371103 0
0.472837 0.004 0.0452792 0
0.472737 0.0106 0.0452696 0
0.472538 0.0173 0.0452506 0
0.471842 0.0305 0.0451838 100
0.471344 0.0372 0.0451362 100
0.470846 0.0438 0.0450885 0
0.470149 0.0504 0.0450218 100
0.471443 0.0572 0.0451457 0
0.471543 0.064 0.0451552 0
0.471543 0.0708 0.0451552 0
0.470547 0.0774 0.0450599 0
0.470448 0.0842 0.0450504 0
0.473136 0.0915 0.0453078 100
0.47662 0.0992 0.0456414 0
0.478113 0.1065 0.0457844 100
0.478511 0.1137 0.0458225 0
0.47881 0.1209 0.0458511 100
0.478113 0.1279 0.0457844 100
0.477217 0.1348 0.0456986 100
0.468457 -0.0836 0.0448597 100
0.468656 -0.0768 0.0448788 100
0.468656 -0.0701 0.0448788 100
0.469552 -0.0635 0.0449646 100
0.470448 -0.0569 0.0450504 0
0.471145 -0.0503 0.0451171 100
0.470846 -0.0435 0.0450885 0
0.471443 -0.0369 0.0451457 0
0.471842 -0.0303 0.0451838 100
0.47224 -0.0237 0.045222 100
0.470547 -0.0169 0.0450599 100
0.470747 -0.0103 0.045079 0
0.471582 0.0015 0.0478184 0
0.471482 0.0081 0.0478083 100
0.472378 0.0148 0.0478991 0
0.471084 0.0213 0.0477679 0
0.470786 0.0279 0.0477377 100
0.470288 0.0345 0.0476872 0
0.470786 0.0412 0.0477377 100
0.470189 0.0478 0.0476771 0
0.470487 0.0545 0.0477074 100
0.470587 0.0613 0.0477175 0
0.470686 0.068 0.0477276 100
0.470686 0.0748 0.0477276 0
0.470587 0.0815 0.0477175 100
0.473373 0.0889 0.048 0
0.478845 0.0969 0.0485548 100
0.480436 0.1042 0.0487162 100
0.479939 0.1112 0.0486658 100
0.479243 0.1181 0.0485952 0
0.479541 0.1253 0.0486254 100
0.478646 0.1323 0.0485346 100
0.47775 0.1393 0.0484439 100
0.468 -0.0851 0.0474552 100
0.469095 -0.0786 0.0475662 100
0.469194 -0.0718 0.0475763 100
0.469095 -0.0651 0.0475662 0
0.468995 -0.0584 0.0475561 0
0.469791 -0.0518 0.0476368 100
0.470388 -0.0452 0.0476973 100
0.470985 -0.0386 0.0477578 100
0.470487 -0.0319 0.0477074 100
0.47188 -0.0254 0.0478486 100
0.472179 -0.0187 0.0478789 0
0.471383 -0.0121 0.0477982 100
0.473839 0.0027 0.054825 0
0.473739 0.0093 0.0548135 100
0.475528 0.0161 0.0550204 100
0.476322 0.0228 0.0551124 100
0.474932 0.0294 0.0549515 100
0.473938 0.0428 0.0548365 100
0.473243 0.0494 0.0547561 0
0.472547 0.0561 0.0546756 0
0.473739 0.063 0.0548135 100
0.477713 0.0704 0.0552733 100
0.4796 0.0775 0.0554917 100
0.480494 0.0846 0.0555951 100
0.48119 0.0917 0.0556756 0
0.481786 0.0989 0.0557445 100
0.481388 0.1059 0.0556985 0
0.481786 0.1131 0.0557445 0
0.48109 0.1201 0.0556641 0
0.480395 0.1271 0.0555836 100
0.479501 0.1341 0.0554802 100
0.472647 -0.0831 0.0546871 0
0.471753 -0.0761 0.0545837 0
0.470859 -0.0692 0.0544802 100
0.471753 -0.0626 0.0545837 100
0.471554 -0.0558 0.0545607 100
0.471355 -0.0491 0.0545377 0
0.471951 -0.0424 0.0546066 100
0.473541 -0.0359 0.0547905 100
0.473938 -0.0292 0.0548365 100
0.474335 -0.0225 0.0548825 0
0.474534 -0.0159 0.0549055 0
0.475726 -0.0092 0.0550434 0
0.474437 0.0015 0.0582535 100
0.474338 0.0082 0.0582414 100
0.474239 0.0149 0.0582292 0
0.474933 0.0216 0.0583145 0
0.474636 0.0283 0.0582779 100
0.473147 0.0349 0.0580951 0
0.47265 0.0416 0.0580342 100
0.473047 0.0483 0.0580829 100
0.472253 0.055 0.0579854 0
0.474437 0.062 0.0582535 100
0.477415 0.0693 0.0586192 100
0.4794 0.0765 0.0588629 0
0.480194 0.0836 0.0589604 100
0.48198 0.0909 0.0591798 100
0.482576 0.0981 0.0592529 100
0.482179 0.1051 0.0592041 100
0.481583 0.1121 0.059131 100
0.480988 0.1191 0.0590579 100
0.480194 0.1261 0.0589604 100
0.480293 0.1334 0.0589726 0
0.475628 -0.0867 0.0583998 100
0.472849 -0.0793 0.0580586 0
0.470963 -0.0722 0.057827 0
0.471956 -0.0655 0.0579489 100
0.471856 -0.0587 0.0579367 0
0.471658 -0.052 0.0579123 100
0.472253 -0.0453 0.0579854 100
0.472849 -0.0387 0.0580586 100
0.473345 -0.032 0.0581195 100
0.47275 -0.0253 0.0580464 100
0.473047 -0.0186 0.0580829 0
0.474338 -0.0119 0.0582414 0
0.473441 0.0048 0.0658638 0
0.474332 0.0115 0.0659878 0
0.475124 0.0183 0.066098 100
0.474827 0.025 0.0660567 100
0.474431 0.0317 0.0660015 0
0.473936 0.0383 0.0659327 100
0.473341 0.045 0.06585 0
0.474629 0.0519 0.0660291 100
0.477799 0.0591 0.06647 100
0.480869 0.0663 0.0668972 0
0.481859 0.0734 0.067035 100
0.48176 0.0804 0.0670212 100
0.482553 0.0875 0.0671314 0
0.482256 0.0945 0.0670901 100
0.481859 0.1015 0.067035 100
0.481364 0.1085 0.0669661 100
0.48176 0.1157 0.0670212 100
0.482058 0.123 0.0670625 100
0.482256 0.1303 0.0670901 100
0.482256 0.1376 0.0670901 100
0.479086 -0.0899 0.0666492 100
0.476412 -0.0824 0.0662771 100
0.47354 -0.0751 0.0658775 0
0.472648 -0.0681 0.0657535 100
0.472549 -0.0613 0.0657398 100
0.473341 -0.0546 0.06585 0
0.474035 -0.048 0.0659464 100
0.473639 -0.0412 0.0658913 100
0.474233 -0.0345 0.065974 100
0.473639 -0.0277 0.0658913 100
0.473936 -0.0211 0.0659327 0
0.474233 -0.0144 0.065974 0
0.474332 -0.0077 0.0659878 0
0.473371 0.0023 0.0663595 0
0.474263 0.009 0.0664845 100
0.475055 0.0157 0.0665955 100
0.474857 0.0224 0.0665677 100
0.474461 0.0291 0.0665122 100
0.474065 0.0358 0.0664567 0
0.474461 0.0426 0.0665122 0
0.475847 0.0495 0.0667066 100
0.480006 0.0567 0.0672897 0
0.481096 0.0638 0.0674424 0
0.482185 0.0709 0.0675951 100
0.483076 0.078 0.06772 0
0.482977 0.0849 0.0677061 0
0.483671 0.0921 0.0678033 100
0.483274 0.0991 0.0677478 100
0.482878 0.1062 0.0676923 100
0.482284 0.1132 0.067609 100
0.48169 0.1202 0.0675257 100
0.480006 0.1343 0.0672897 100
0.478125 -0.0895 0.0670259 100
0.476342 -0.0822 0.066776 100
0.475451 -0.0752 0.066651 100
0.477432 -0.0686 0.0669287 0
0.477432 -0.0617 0.0669287 0
0.474263 -0.0545 0.0664845 100
0.472975 -0.0476 0.066304 100
0.472678 -0.0409 0.0662623 0
0.473173 -0.0342 0.0663317 0
0.473569 -0.0275 0.0663873 100
0.473866 -0.0208 0.0664289 100
0.474164 -0.0141 0.0664706 100
0.474263 -0.0074 0.0664845 0
0.474337 0.0008 0.073516 100
0.475226 0.0075 0.0736538 100
0.475127 0.0142 0.0736385 100
0.474831 0.0209 0.0735926 0
0.475523 0.0277 0.0736998 100
0.47908 0.0347 0.0742512 0
0.481452 0.0417 0.0746187 100
0.481847 0.0486 0.07468 100
0.482144 0.0555 0.0747259 0
0.482242 0.0624 0.0747413 100
0.481353 0.0692 0.0746034 0
0.481353 0.0762 0.0746034 100
0.482144 0.0833 0.0747259 0
0.481946 0.0903 0.0746953 100
0.480266 0.1041 0.0744349 100
0.480661 0.1113 0.0744962 100
0.480068 0.1183 0.0744043 100
0.480266 0.1256 0.0744349 100
0.479475 0.1326 0.0743124 100
0.479475 0.1399 0.0743124 100
0.47829 -0.0884 0.0741286 100
0.477499 -0.0813 0.0740061 100
0.478586 -0.0745 0.0741746 100
0.479574 -0.0678 0.0743277 100
0.477499 -0.0606 0.0740061 100
0.474337 -0.0534 0.073516 0
0.47404 -0.0466 0.07347 100
0.47661 -0.0401 0.0738683 0
0.475226 -0.0332 0.0736538 100
0.473645 -0.0264 0.0734088 100
0.471965 -0.0196 0.0731484 100
0.473151 -0.013 0.0733322 100
0.474272 0.0008 0.0739299 0
0.474174 0.0075 0.0739145 100
0.476051 0.0143 0.0742071 0
0.480695 0.0212 0.074931 100
0.482375 0.0281 0.0751929 0
0.481979 0.0349 0.0751313 100
0.482375 0.0418 0.0751929 100
0.481782 0.0486 0.0751005 100
0.48109 0.0554 0.0749926 0
0.482177 0.0625 0.0751621 100
0.482276 0.0694 0.0751775 0
0.482276 0.0763 0.0751775 0
0.483066 0.0835 0.0753007 0
0.483857 0.0907 0.0754239 0
0.483461 0.0977 0.0753623 100
0.484054 0.1049 0.0754547 100
0.48356 0.112 0.0753777 100
0.482869 0.119 0.0752699 100
0.482177 0.1261 0.0751621 100
0.481288 0.1331 0.0750234 100
0.480893 -0.0846 0.0749618 100
0.480991 -0.0776 0.0749772 100
0.48109 -0.0707 0.0749926 0
0.480991 -0.0638 0.0749772 100
0.477928 -0.0565 0.0744998 100
0.474766 -0.0493 0.0740069 100
0.473383 -0.0425 0.0737913 100
0.472988 -0.0357 0.0737297 100
0.473383 -0.029 0.0737913 100
0.473778 -0.0223 0.0738529 100
0.473976 -0.0156 0.0738837 0
0.475162 -0.009 0.0740685 0
0.481674 0.0054 0.0843256 100
0.481477 0.0122 0.0842911 100
0.482265 0.0191 0.084429 100
0.48394 0.026 0.0847222 100
0.483546 0.0329 0.0846532 100
0.482068 0.0397 0.0843945 100
0.481477 0.0465 0.0842911 100
0.481773 0.0534 0.0843428 0
0.480985 0.0602 0.0842048 100
0.481083 0.0672 0.0842221 0
0.481083 0.0742 0.0842221 100
0.48197 0.0813 0.0843773 100
0.481773 0.0883 0.0843428 100
0.482462 0.0955 0.0844635 100
0.482955 0.1028 0.0845497 100
0.483447 0.11 0.084636 100
0.481871 0.1169 0.08436 100
0.482167 0.1242 0.0844118 100
0.482265 0.1315 0.084429 100
0.481379 0.1386 0.0842738 100
0.480591 -0.0894 0.0841359 100
0.479803 -0.0823 0.0839979 100
0.480886 -0.0754 0.0841876 100
0.480886 -0.0685 0.0841876 100
0.481773 -0.0616 0.0843428 100
0.481674 -0.0547 0.0843256 100
0.482364 -0.0479 0.0844463 0
0.482955 -0.041 0.0845497 100
0.483447 -0.0342 0.084636 100
0.482856 -0.0272 0.0845325 100
0.482265 -0.0204 0.084429 100
0.481477 -0.0135 0.0842911 0
0.484361 0.0013 0.086365 100
0.485247 0.0082 0.086523 100
0.484164 0.0151 0.0863299 100
0.483868 0.0219 0.0862772 100
0.483573 0.0288 0.0862245 100
0.483081 0.0357 0.0861368 0
0.483573 0.0427 0.0862245 100
0.482884 0.0495 0.0861017 100
0.483179 0.0565 0.0861543 100
0.482293 0.0634 0.0859963 100
0.482392 0.0704 0.0860139 100
0.483278 0.0775 0.0861719 100
0.484164 0.0847 0.0863299 100
0.483868 0.0918 0.0862772 100
0.483474 0.0989 0.086207 100
0.483081 0.1059 0.0861368 100
0.48249 0.113 0.0860314 100
0.482785 0.1204 0.0860841 100
0.483081 0.1277 0.0861368 100
0.48505 0.1356 0.0864878 100
0.481702 -0.087 0.085891 100
0.481899 -0.08 0.0859261 100
0.481998 -0.073 0.0859437 100
0.481998 -0.066 0.0859437 100
0.482785 -0.0592 0.0860841 100
0.483573 -0.0523 0.0862245 100
0.483278 -0.0453 0.0861719 100
0.483868 -0.0384 0.0862772 100
0.483376 -0.0315 0.0861894 100
0.482785 -0.0246 0.0860841 100
0.483081 -0.0177 0.0861368 100
0.483278 -0.0108 0.0861719 100
0.481782 0 0.0946965 0
0.4808 0.0068 0.0945036 100
0.481585 0.0137 0.0946579 100
0.48237 0.0206 0.0948122 100
0.482959 0.0275 0.0949279 100
0.482567 0.0344 0.0948507 100
0.482076 0.0412 0.0947543 100
0.481487 0.0481 0.0946386 100
0.481684 0.055 0.0946772 100
0.48188 0.062 0.0947157 100
0.481978 0.069 0.094735 100
0.481978 0.076 0.094735 100
0.481782 0.083 0.0946965 100
0.481585 0.09 0.0946579 100
0.482272 0.0972 0.0947929 100
0.482763 0.1045 0.0948893 100
0.482272 0.1116 0.0947929 100
0.481684 0.1187 0.0946772 100
0.480899 0.1257 0.0945229 100
0.481095 0.1331 0.0945615 100
0.479525 -0.085 0.0942529 100
0.479623 -0.078 0.0942722 100
0.479721 -0.071 0.0942914 100
0.480604 -0.0642 0.094465 100
0.481487 -0.0573 0.0946386 100
0.482174 -0.0505 0.0947736 100
0.48188 -0.0435 0.0947157 100
0.481389 -0.0366 0.0946193 100
0.48188 -0.0298 0.0947157 100
0.481291 -0.0229 0.0946 100
0.480506 -0.016 0.0944457 100
0.480702 -0.0091 0.0944843 100
0.482687 0.0052 0.100311 100
0.482589 0.0121 0.100291 100
0.483274 0.019 0.100433 100
0.482002 0.0258 0.100169 100
0.48161 0.0327 0.100087 100
0.48112 0.0396 0.0999856 100
0.482491 0.0466 0.10027 100
0.482785 0.0536 0.100331 100
0.482981 0.0606 0.100372 100
0.483079 0.0677 0.100393 100
0.483079 0.0747 0.100393 100
0.48396 0.0819 0.100576 100
0.483666 0.089 0.100515 100
0.483372 0.0961 0.100454 100
0.482981 0.1032 0.100372 100
0.48347 0.1105 0.100474 100
0.482099 0.1248 0.100189 100
0.483176 0.1324 0.100413 100
0.479064 -0.0873 0.0995583 100
0.47926 -0.0803 0.099599 100
0.47926 -0.0733 0.099599 100
0.480239 -0.0664 0.0998025 100
0.480141 -0.0594 0.0997821 0
0.480925 -0.0526 0.0999449 100
0.48161 -0.0457 0.100087 100
0.481218 -0.0387 0.100006 100
0.481708 -0.0319 0.100108 100
0.482099 -0.025 0.100189 100
0.482393 -0.0181 0.10025 100
0.48161 -0.0112 0.100087 0
0.480467 0 0.105901 100
0.481444 0.0069 0.106117 100
0.482225 0.0138 0.106289 0
0.483006 0.0207 0.106461 100
0.482616 0.0276 0.106375 100
0.482225 0.0345 0.106289 100
0.481737 0.0414 0.106181 100
0.480077 0.0482 0.105815 100
0.48037 0.0552 0.10588 100
0.480663 0.0692 0.105944 100
0.480565 0.0762 0.105923 0
0.481444 0.0834 0.106117 0
0.481249 0.0905 0.106074 100
0.481835 0.0977 0.106203 100
0.481444 0.1048 0.106117 100
0.480858 0.1119 0.105987 100
0.480272 0.119 0.105858 100
0.479588 0.1261 0.105708 100
0.479686 0.1335 0.105729 100
0.47744 -0.0892 0.105234 100
0.478612 -0.0824 0.105492 100
0.47871 -0.0754 0.105514 100
0.478807 -0.0684 0.105535 100
0.47871 -0.0614 0.105514 100
0.479491 -0.0546 0.105686 100
0.480174 -0.0477 0.105837 0
0.479784 -0.0407 0.105751 100
0.480272 -0.0339 0.105858 0
0.48076 -0.027 0.105966 100
0.481053 -0.0201 0.106031 100
0.481249 -0.0133 0.106074 100
0.482833 0.0033 0.109077 100
0.48176 0.0102 0.108834 100
0.48254 0.0171 0.109011 100
0.483223 0.0241 0.109165 100
0.482833 0.031 0.109077 100
0.482442 0.0379 0.108989 100
0.481857 0.0448 0.108856 100
0.481174 0.0517 0.108702 100
0.481369 0.0587 0.108746 100
0.481467 0.0657 0.108768 100
0.48254 0.0729 0.109011 0
0.481467 0.0798 0.108768 100
0.481272 0.0868 0.108724 0
0.481955 0.0941 0.108878 100
0.48254 0.1014 0.109011 100
0.482052 0.1085 0.1089 100
0.482442 0.1158 0.108989 100
0.48371 0.1235 0.109275 100
0.484783 0.1311 0.109517 100
0.485759 0.1389 0.109738 100
0.480296 -0.0867 0.108504 100
0.480492 -0.0797 0.108548 100
0.479614 -0.0725 0.10835 100
0.479614 -0.0655 0.10835 100
0.480394 -0.0586 0.108526 100
0.481174 -0.0518 0.108702 100
0.480882 -0.0448 0.108636 100
0.480492 -0.0378 0.108548 100
0.480882 -0.0309 0.108636 100
0.481272 -0.024 0.108724 100
0.481564 -0.0172 0.10879 100
0.48176 -0.0103 0.108834 100
0.480731 0.0034 0.113728 100
0.480633 0.0103 0.113705 100
0.481412 0.0172 0.11389 100
0.483066 0.0242 0.114281 100
0.482677 0.0311 0.114189 100
0.481217 0.0379 0.113844 100
0.481704 0.0449 0.113959 0
0.481022 0.0518 0.113798 100
0.481217 0.0588 0.113844 0
0.481314 0.0659 0.113867 100
0.480439 0.0728 0.113659 100
0.480341 0.0798 0.113636 100
0.480147 0.0869 0.11359 100
0.480828 0.0941 0.113752 100
0.481412 0.1014 0.11389 100
0.481898 0.1087 0.114005 100
0.481314 0.1159 0.113867 100
0.481606 0.1232 0.113936 100
0.482677 0.1309 0.114189 100
0.485596 0.1391 0.11488 100
0.478882 -0.0887 0.113291 100
0.480049 -0.0818 0.113567 100
0.479173 -0.0746 0.11336 100
0.479173 -0.0676 0.11336 100
0.479076 -0.0606 0.113337 100
0.478882 -0.0536 0.113291 100
0.479563 -0.0467 0.113452 100
0.480147 -0.0399 0.11359 100
0.480633 -0.033 0.113705 100
0.481022 -0.0261 0.113798 100
0.482288 -0.0192 0.114097 0
0.482482 -0.0123 0.114143 0
0.479451 0.0016 0.119007 100
0.479354 0.0084 0.118983 100
0.481198 0.0154 0.119441 100
0.482848 0.0224 0.119851 100
0.48246 0.0294 0.119754 100
0.482071 0.0363 0.119658 100
0.480519 0.0431 0.119272 100
0.480907 0.0501 0.119369 0
0.481101 0.0572 0.119417 100
0.481295 0.0642 0.119465 100
0.481295 0.0713 0.119465 100
0.481198 0.0783 0.119441 100
0.481101 0.0854 0.119417 100
0.48081 0.0925 0.119345 100
0.481489 0.0998 0.119513 100
0.481004 0.1069 0.119393 100
0.482363 0.1145 0.11973 100
0.484498 0.1224 0.12026 100
0.485662 0.1301 0.120549 100
0.485662 0.1376 0.120549 100
0.477413 -0.0894 0.118501 100
0.477704 -0.0823 0.118574 100
0.47683 -0.0752 0.118357 100
0.477801 -0.0683 0.118598 100
0.477704 -0.0613 0.118574 100
0.47848 -0.0544 0.118766 100
0.47916 -0.0475 0.118935 100
0.479742 -0.0406 0.11908 100
0.480324 -0.0337 0.119224 100
0.479742 -0.0268 0.11908 100
0.480033 -0.0199 0.119152 0
0.479257 -0.0129 0.118959 100
0.479384 0 0.123353 100
0.480353 0.0069 0.123602 100
0.481127 0.0139 0.123801 100
0.479965 0.0208 0.123502 100
0.479578 0.0277 0.123402 100
0.47919 0.0347 0.123303 100
0.478706 0.0416 0.123178 100
0.478028 0.0485 0.123004 100
0.478319 0.0555 0.123078 100
0.478513 0.0625 0.123128 100
0.478513 0.0696 0.123128 100
0.478513 0.0766 0.123128 100
0.478416 0.0837 0.123103 100
0.479094 0.0909 0.123278 100
0.479772 0.0982 0.123452 100
0.479287 0.1054 0.123328 100
0.478803 0.1125 0.123203 100
0.480062 0.1201 0.123527 100
0.483064 0.1283 0.124299 100
0.485001 0.1363 0.124798 100
0.47706 -0.0856 0.122754 100
0.477254 -0.0785 0.122804 100
0.477254 -0.0715 0.122804 100
0.478222 -0.0646 0.123053 100
0.478125 -0.0576 0.123029 100
0.477835 -0.0505 0.122954 100
0.478513 -0.0436 0.123128 100
0.478997 -0.0367 0.123253 100
0.478513 -0.0297 0.123128 100
0.477931 -0.0228 0.122979 100
0.479094 -0.0159 0.123278 100
0.479287 -0.009 0.123328 100
0.480356 0.0068 0.127543 100
0.481129 0.0137 0.127749 100
0.481902 0.0207 0.127954 100
0.482482 0.0277 0.128108 100
0.483062 0.0348 0.128262 100
0.483545 0.0418 0.12839 100
0.482869 0.0488 0.128211 100
0.481226 0.0557 0.127774 100
0.481419 0.0627 0.127826 100
0.481419 0.0698 0.127826 0
0.480452 0.0767 0.127569 100
0.480356 0.0838 0.127543 100
0.481032 0.0911 0.127723 100
0.483545 0.0988 0.12839 100
0.486928 0.1069 0.129289 100
0.488281 0.1145 0.129648 100
0.486638 0.1216 0.129212 100
0.486831 0.1291 0.129263 100
0.487895 0.1369 0.129545 100
0.478133 -0.0852 0.126953 100
0.478326 -0.0782 0.127005 100
0.479293 -0.0713 0.127261 100
0.480259 -0.0643 0.127518 100
0.481032 -0.0574 0.127723 0
0.480839 -0.0503 0.127672 100
0.481419 -0.0434 0.127826 100
0.481032 -0.0364 0.127723 100
0.480452 -0.0293 0.127569 100
0.479872 -0.0224 0.127415 100
0.481129 -0.0155 0.127749 100
0.481226 -0.0085 0.127774 100
0.479725 0.0039 0.133671 100
0.480592 0.0109 0.133912 0
0.480399 0.0178 0.133859 100
0.481074 0.0248 0.134047 100
0.481652 0.0318 0.134208 100
0.480207 0.0387 0.133805 100
0.479629 0.0457 0.133644 100
0.478954 0.0526 0.133456 100
0.48011 0.0598 0.133778 100
0.480207 0.0668 0.133805 100
0.480303 0.0739 0.133832 100
0.480207 0.081 0.133805 100
0.479725 0.0952 0.133671 100
0.482133 0.103 0.134342 100
0.484445 0.1108 0.134986 100
0.485794 0.1185 0.135362 100
0.485023 0.1257 0.135147 100
0.484253 0.133 0.134932 100
0.476353 -0.0865 0.132731 100
0.476546 -0.0794 0.132785 100
0.476546 -0.0724 0.132785 100
0.477509 -0.0655 0.133054 100
0.478376 -0.0586 0.133295 100
0.479051 -0.0516 0.133483 100
0.478762 -0.0446 0.133402 100
0.478376 -0.0376 0.133295 100
0.478858 -0.0307 0.133429 100
0.479147 -0.0238 0.13351 100
0.478473 -0.0168 0.133322 0
0.478665 -0.0099 0.133376 100
0.48043 0.0065 0.134862 100
0.479275 0.0135 0.134538 100
0.479082 0.0204 0.134484 100
0.47966 0.0274 0.134646 100
0.479275 0.0344 0.134538 100
0.478794 0.0414 0.134402 100
0.479179 0.0484 0.134511 100
0.478408 0.0553 0.134294 100
0.479564 0.0625 0.134619 100
0.47966 0.0696 0.134646 100
0.480527 0.0769 0.134889 100
0.48043 0.084 0.134862 100
0.480141 0.0912 0.134781 100
0.479853 0.0983 0.1347 100
0.48226 0.1061 0.135375 100
0.48457 0.114 0.136024 100
0.485726 0.1217 0.136348 100
0.485918 0.1292 0.136402 100
0.487844 0.1373 0.136943 100
0.476675 -0.0886 0.133808 100
0.476868 -0.0815 0.133862 0
0.476964 -0.0745 0.133889 100
0.477927 -0.0675 0.134159 100
0.477831 -0.0605 0.134132 100
0.477638 -0.0534 0.134078 100
0.478312 -0.0465 0.134267 100
0.47889 -0.0395 0.134429 100
0.479371 -0.0326 0.134565 100
0.479756 -0.0256 0.134673 100
0.480141 -0.0186 0.134781 100
0.480334 -0.0117 0.134835 100
0.477659 0.0057 0.133634 100
0.480355 0.0127 0.134389 100
0.480163 0.0197 0.134335 100
0.480837 0.0267 0.134523 100
0.480451 0.0337 0.134416 100
0.479874 0.0407 0.134254 100
0.480259 0.0477 0.134362 100
0.480548 0.0548 0.134443 100
0.479777 0.0618 0.134227 100
0.479874 0.0689 0.134254 0
0.479777 0.076 0.134227 100
0.479681 0.0831 0.1342 100
0.480451 0.0905 0.134416 100
0.480066 0.0976 0.134308 0
0.481607 0.1052 0.134739 100
0.484785 0.1133 0.135628 100
0.487 0.1212 0.136248 100
0.48623 0.1286 0.136032 100
0.486326 0.1361 0.136059 100
0.476214 -0.0862 0.13323 100
0.47737 -0.0793 0.133554 100
0.476503 -0.072 0.133311 100
0.476407 -0.065 0.133284 100
0.478237 -0.0582 0.133796 100
0.478044 -0.0511 0.133742 100
0.478622 -0.0442 0.133904 100
0.4792 -0.0372 0.134065 100
0.479681 -0.0303 0.1342 100
0.480066 -0.0233 0.134308 100
0.479296 -0.0163 0.134092 0
0.479488 -0.0093 0.134146 100
0.479632 0.0047 0.134006 100
0.479535 0.0116 0.133979 100
0.481269 0.0187 0.134463 100
0.480884 0.0256 0.134356 100
0.480498 0.0326 0.134248 100
0.480017 0.0396 0.134113 100
0.479439 0.0465 0.133952 100
0.478765 0.0535 0.133764 100
0.479921 0.0606 0.134087 100
0.480017 0.0677 0.134113 100
0.480017 0.0748 0.134113 100
0.479921 0.0819 0.134087 100
0.479728 0.089 0.134033 100
0.482232 0.0967 0.134732 100
0.485603 0.1047 0.135674 100
0.487048 0.1124 0.136078 100
0.486373 0.1197 0.135889 100
0.487529 0.1275 0.136212 100
0.487625 0.135 0.136239 100
0.476068 -0.0876 0.13301 100
0.475298 -0.0804 0.132795 100
0.475394 -0.0734 0.132822 100
0.476357 -0.0665 0.133091 100
0.477127 -0.0596 0.133306 0
0.477898 -0.0527 0.133521 100
0.478572 -0.0457 0.13371 100
0.47915 -0.0388 0.133871 100
0.478668 -0.0318 0.133737 100
0.478091 -0.0248 0.133575 100
0.47838 -0.0179 0.133656 100
0.479535 -0.0109 0.133979 100
