1.9387 0.0185 -0.294239 100
1.94424 0.046 -0.295079 100
1.94433 0.0735 -0.295094 100
1.94216 0.1009 -0.294764 100
1.94453 0.1286 -0.295124 100
1.94552 0.1562 -0.295274 100
1.94512 0.1839 -0.295214 100
1.94829 0.212 -0.295695 100
1.9648 0.2419 -0.2982 100
1.93593 -0.2578 -0.293819 36
1.93731 -0.2302 -0.294029 100
1.94038 -0.2028 -0.294494 100
1.93998 -0.1751 -0.294434 100
1.93633 -0.1472 -0.293879 100
1.93415 -0.1196 -0.293549 100
1.93662 -0.0924 -0.293924 100
1.93771 -0.065 -0.294089 100
1.93741 -0.0376 -0.294044 100
1.94194 0.0212 -0.279146 100
1.94342 0.0487 -0.279359 100
1.9455 0.0762 -0.279658 100
1.94827 0.1039 -0.280056 100
1.94758 0.1314 -0.279957 100
1.94758 0.1591 -0.279957 100
1.94719 0.1868 -0.2799 100
1.9453 0.2143 -0.27963 100
1.94511 0.2421 -0.279601 100
1.93669 -0.2456 -0.278392 21
1.93699 -0.2179 -0.278434 100
1.93986 -0.1905 -0.278847 100
1.93927 -0.1629 -0.278762 100
1.93838 -0.1353 -0.278634 100
1.93907 -0.1079 -0.278733 100
1.94135 -0.0805 -0.27906 100
1.94135 -0.0531 -0.27906 100
1.94594 0.0031 -0.258261 100
1.94871 0.0306 -0.258629 100
1.95 0.0582 -0.2588 100
1.95099 0.0859 -0.258932 100
1.9506 0.1135 -0.258879 100
1.95079 0.1412 -0.258906 100
1.9507 0.169 -0.258892 100
1.95109 0.1968 -0.258945 100
1.9501 0.2246 -0.258813 100
1.95367 0.2531 -0.259287 100
1.94405 -0.2257 -0.258011 100
1.94207 -0.1977 -0.257748 100
1.94257 -0.17 -0.257814 100
1.94276 -0.1424 -0.25784 100
1.94257 -0.1148 -0.257814 100
1.94207 -0.0872 -0.257748 100
1.94306 -0.0598 -0.257879 100
1.94465 -0.0323 -0.25809 100
1.95223 0.0165 -0.231408 100
1.95382 0.0441 -0.231596 100
1.95601 0.0718 -0.231855 100
1.95581 0.0995 -0.231831 100
1.95521 0.1272 -0.231761 100
1.95621 0.1551 -0.231878 100
1.95581 0.1829 -0.231831 100
1.95412 0.2106 -0.231631 100
1.95491 0.2387 -0.231725 100
1.94647 -0.25 -0.230725 100
1.94786 -0.2222 -0.23089 100
1.95074 -0.1947 -0.231231 100
1.95124 -0.1669 -0.23129 100
1.95144 -0.1392 -0.231313 100
1.94915 -0.1114 -0.231043 100
1.94757 -0.0837 -0.230854 100
1.94856 -0.0561 -0.230972 100
1.95015 -0.0286 -0.23116 100
1.95371 0.0021 -0.219489 100
1.95649 0.0296 -0.219802 100
1.95788 0.0571 -0.219958 100
1.95788 0.0847 -0.219958 100
1.95848 0.1123 -0.220025 100
1.95868 0.14 -0.220047 100
1.95858 0.1677 -0.220036 100
1.95599 0.1952 -0.219746 100
1.95609 0.2231 -0.219757 100
1.94417 -0.2633 -0.218417 9
1.94665 -0.2358 -0.218696 100
1.94973 -0.2084 -0.219042 100
1.95043 -0.1808 -0.21912 100
1.95073 -0.1532 -0.219154 100
1.94973 -0.1256 -0.219042 100
1.94934 -0.0981 -0.218998 100
1.94944 -0.0706 -0.219009 100
1.95123 -0.0432 -0.21921 100
1.95831 0.024 -0.194084 100
1.9587 0.0516 -0.194124 100
1.96079 0.0792 -0.194331 100
1.96249 0.1068 -0.194498 100
1.96179 0.1344 -0.194429 100
1.9598 0.162 -0.194232 100
1.9593 0.1897 -0.194183 100
1.95741 0.2172 -0.193995 100
1.9592 0.2453 -0.194173 100
1.95403 -0.2464 -0.19366 15
1.95333 -0.2185 -0.193591 100
1.95512 -0.191 -0.193769 100
1.95562 -0.1634 -0.193818 100
1.95572 -0.1358 -0.193828 100
1.95542 -0.1082 -0.193798 100
1.95671 -0.0807 -0.193926 100
1.95771 -0.0532 -0.194025 100
1.96261 0.0114 -0.18172 100
1.9632 0.0389 -0.181775 100
1.96251 0.0664 -0.181711 100
1.96241 0.094 -0.181701 100
1.9628 0.1217 -0.181738 100
1.963 0.1493 -0.181757 100
1.9627 0.177 -0.181729 100
1.964 0.205 -0.181849 100
2.01 -0.2659 -0.186108 7
1.95514 -0.2308 -0.181028 100
1.95514 -0.203 -0.181028 100
1.95683 -0.1755 -0.181185 100
1.95802 -0.1479 -0.181296 100
1.95892 -0.1204 -0.181379 100
1.96041 -0.0929 -0.181517 100
1.96051 -0.0653 -0.181526 100
1.95822 -0.0378 -0.181314 100
1.95808 0.0075 -0.164769 100
1.96177 0.0351 -0.165079 100
1.96506 0.0628 -0.165356 100
1.96595 0.0904 -0.165431 100
1.96456 0.118 -0.165314 100
1.96366 0.1456 -0.165238 100
1.96346 0.1734 -0.165222 100
1.96187 0.201 -0.165087 100
1.96077 0.2287 -0.164995 1
1.9536 -0.2473 -0.164391 100
1.95579 -0.2198 -0.164576 100
1.95868 -0.1923 -0.164819 100
1.95718 -0.1645 -0.164693 100
1.95629 -0.1368 -0.164618 100
1.96007 -0.1094 -0.164936 100
1.96236 -0.0819 -0.165129 100
1.96326 -0.0544 -0.165205 100
1.96353 0.0103 -0.146605 100
1.96413 0.0378 -0.14665 100
1.96643 0.0654 -0.146821 100
1.96533 0.0929 -0.146739 100
1.96583 0.1206 -0.146776 100
1.96593 0.1482 -0.146784 100
1.96573 0.1759 -0.146769 100
1.96403 0.2035 -0.146642 100
1.96304 0.2312 -0.146568 100
1.95596 -0.2397 -0.146039 100
1.95616 -0.212 -0.146054 100
1.95785 -0.1845 -0.146181 100
1.95925 -0.157 -0.146285 100
1.95725 -0.1293 -0.146136 100
1.95895 -0.1019 -0.146263 100
1.96314 -0.0746 -0.146575 100
1.96493 -0.0471 -0.146709 100
1.96468 0.0227 -0.128772 100
1.96518 0.0502 -0.128805 100
1.96728 0.0778 -0.128942 100
1.96798 0.1054 -0.128988 100
1.96628 0.133 -0.128877 100
1.96628 0.1606 -0.128877 100
1.96678 0.1884 -0.12891 100
1.96399 0.2159 -0.128726 100
1.96379 0.2437 -0.128713 100
1.9566 -0.2529 -0.128242 30
1.9579 -0.2253 -0.128327 100
1.95989 -0.1978 -0.128458 100
1.96039 -0.1702 -0.128491 100
1.96159 -0.1426 -0.128569 100
1.96239 -0.1151 -0.128622 100
1.96379 -0.0876 -0.128713 100
1.96488 -0.0602 -0.128785 100
1.96548 -0.0327 -0.128825 100
1.96508 0.0175 -0.105393 100
1.97167 0.0451 -0.105746 100
1.97087 0.0727 -0.105703 100
1.96967 0.1002 -0.105639 100
1.96807 0.1278 -0.105553 100
1.96807 0.1554 -0.105553 100
1.96767 0.1831 -0.105532 100
1.96987 0.2111 -0.10565 100
1.95489 -0.2605 -0.104847 100
1.95639 -0.2329 -0.104927 100
1.95948 -0.2055 -0.105093 100
1.96018 -0.1779 -0.10513 100
1.96048 -0.1503 -0.105146 100
1.96138 -0.1229 -0.105195 100
1.96188 -0.0954 -0.105221 100
1.96298 -0.0679 -0.10528 100
1.96378 -0.0405 -0.105323 100
1.97 0.0103 -0.0887682 100
1.9706 0.0374 -0.0887952 100
1.9719 0.0646 -0.0888537 100
1.9719 0.0918 -0.0888537 100
1.9714 0.119 -0.0888312 100
1.9716 0.1462 -0.0888402 100
1.9714 0.1735 -0.0888312 100
1.9698 0.2007 -0.0887592 100
1.9708 0.2283 -0.0888042 1
1.96161 -0.238 -0.08839 100
1.96171 -0.2106 -0.0883945 100
1.96341 -0.1835 -0.0884711 100
1.96481 -0.1564 -0.0885341 100
1.96581 -0.1293 -0.0885791 100
1.9673 -0.1023 -0.0886466 100
1.9686 -0.0752 -0.0887051 100
1.9694 -0.0481 -0.0887412 100
1.96878 0.0069 -0.0694393 100
1.96848 0.0345 -0.0694287 100
1.96978 0.0623 -0.0694745 100
1.97167 0.0901 -0.0695415 100
1.97227 0.1179 -0.0695626 100
1.97137 0.1457 -0.0695309 100
1.97217 0.1737 -0.0695591 100
1.97047 0.2015 -0.0694992 100
1.97247 0.2297 -0.0695697 100
1.95888 -0.2502 -0.0690903 100
1.96118 -0.2225 -0.0691714 100
1.96318 -0.1948 -0.0692419 100
1.96468 -0.1671 -0.0692947 100
1.96588 -0.1394 -0.069337 100
1.96758 -0.1118 -0.069397 100
1.96997 -0.0842 -0.0694815 100
1.96997 -0.0564 -0.0694815 100
1.96858 -0.0287 -0.0694322 100
1.97131 0.0145 -0.0481778 100
1.97301 0.0421 -0.0482193 100
1.97421 0.0698 -0.0482487 100
1.97401 0.0974 -0.0482438 100
1.97241 0.125 -0.0482047 100
1.97251 0.1528 -0.0482071 100
1.97221 0.1805 -0.0481998 100
1.97141 0.2083 -0.0481803 100
1.97431 0.2366 -0.0482511 100
1.96501 -0.2386 -0.0480239 100
1.96511 -0.2108 -0.0480263 100
1.96691 -0.1832 -0.0480703 100
1.96731 -0.1555 -0.0480801 100
1.96731 -0.1278 -0.0480801 100
1.96881 -0.1003 -0.0481167 100
1.97111 -0.0727 -0.0481729 100
1.97091 -0.0451 -0.048168 100
1.97176 0.0158 -0.0237466 100
1.97336 0.0435 -0.0237658 100
1.97356 0.0711 -0.0237682 100
1.97436 0.0988 -0.0237779 100
1.97676 0.1267 -0.0238068 100
1.97786 0.1546 -0.02382 100
1.97646 0.1823 -0.0238032 100
1.97866 0.2105 -0.0238297 100
1.95856 -0.2612 -0.0235876 100
1.96096 -0.2336 -0.0236165 100
1.96406 -0.2062 -0.0236538 100
1.96576 -0.1786 -0.0236743 100
1.96706 -0.151 -0.02369 100
1.96896 -0.1234 -0.0237128 100
1.97156 -0.0959 -0.0237442 100
1.97166 -0.0683 -0.0237454 100
1.97146 -0.0407 -0.023743 100
1.97597 0.0103 -0.0106911 100
1.97657 0.0379 -0.0106944 100
1.97787 0.0656 -0.0107014 100
1.97777 0.0932 -0.0107009 100
1.97727 0.1209 -0.0106982 100
1.97737 0.1486 -0.0106987 100
1.97907 0.1766 -0.0107079 100
1.97847 0.2044 -0.0107047 100
1.98237 0.2328 -0.0107258 100
1.96707 -0.2425 -0.010643 100
1.96727 -0.2147 -0.0106441 100
1.96907 -0.1871 -0.0106538 100
1.96957 -0.1595 -0.0106565 100
1.97057 -0.1319 -0.0106619 100
1.97217 -0.1044 -0.0106706 100
1.97247 -0.0768 -0.0106722 100
1.97437 -0.0493 -0.0106825 100
1.97496 0.0062 0.0127539 100
1.97566 0.0339 0.0127584 100
1.97596 0.0615 0.0127604 100
1.97696 0.0893 0.0127668 100
1.97746 0.1171 0.01277 100
1.97866 0.145 0.0127778 100
1.97946 0.1729 0.012783 100
1.97876 0.2008 0.0127784 100
1.98176 0.2292 0.0127978 100
1.96296 -0.2664 0.0126764 11
1.96456 -0.2386 0.0126867 100
1.96666 -0.211 0.0127003 100
1.96846 -0.1834 0.0127119 100
1.97086 -0.1558 0.0127274 100
1.97176 -0.1281 0.0127332 100
1.97336 -0.1005 0.0127436 100
1.97466 -0.0729 0.012752 100
1.97446 -0.0452 0.0127507 100
1.97772 0.009 0.0331402 100
1.97742 0.0366 0.0331351 100
1.97772 0.0642 0.0331402 100
1.97862 0.0919 0.0331552 100
1.98012 0.1197 0.0331804 100
1.98122 0.1476 0.0331988 100
1.98292 0.1755 0.0332273 100
1.98132 0.2033 0.0332005 100
1.98422 0.2316 0.0332491 1
1.96572 -0.2434 0.0329391 100
1.96892 -0.2159 0.0329927 100
1.97072 -0.1883 0.0330229 100
1.97322 -0.1608 0.0330648 100
1.97422 -0.1332 0.0330815 100
1.97492 -0.1056 0.0330932 100
1.97522 -0.0779 0.0330983 100
1.97612 -0.0504 0.0331133 100
1.97747 0.0031 0.045911 100
1.97727 0.0307 0.0459063 100
1.97757 0.0584 0.0459133 100
1.97857 0.0861 0.0459365 100
1.97817 0.1138 0.0459272 100
1.97937 0.1416 0.0459551 100
1.98127 0.1696 0.0459992 100
1.98067 0.1975 0.0459852 100
1.98367 0.2258 0.0460549 100
1.96537 -0.2673 0.0456301 100
1.96697 -0.2396 0.0456672 100
1.97007 -0.2121 0.0457392 100
1.97087 -0.1843 0.0457578 100
1.97227 -0.1567 0.0457903 100
1.97327 -0.1291 0.0458135 100
1.97487 -0.1015 0.0458506 100
1.97507 -0.0739 0.0458552 100
1.97597 -0.0462 0.0458761 100
1.97798 0.0048 0.0635428 100
1.97868 0.0325 0.0635653 100
1.98008 0.0602 0.0636102 100
1.98198 0.088 0.0636712 100
1.98358 0.1159 0.0637226 100
1.98478 0.1438 0.0637611 100
1.98458 0.1717 0.0637547 100
1.98498 0.1997 0.0637676 100
1.99087 0.2284 0.063957 100
1.96848 -0.2398 0.0632378 100
1.97058 -0.2122 0.0633052 100
1.97338 -0.1846 0.0633951 100
1.97478 -0.1569 0.06344 100
1.97578 -0.1293 0.0634722 100
1.97638 -0.1016 0.0634914 100
1.97758 -0.074 0.06353 100
1.97848 -0.0463 0.0635589 100
1.97688 0.0104 0.0914985 100
1.97848 0.0379 0.0915725 100
1.98078 0.0655 0.0916789 100
1.97968 0.0931 0.091628 100
1.97918 0.1207 0.0916049 100
1.98128 0.1485 0.091702 100
1.98208 0.1763 0.091739 100
1.98338 0.2043 0.0917991 100
1.99127 0.2332 0.0921643 100
1.96759 -0.2374 0.0910686 100
1.96879 -0.2098 0.0911241 100
1.97049 -0.1823 0.0912026 100
1.97279 -0.1548 0.091309 100
1.97479 -0.1273 0.0914015 100
1.97638 -0.0999 0.0914754 100
1.97658 -0.0723 0.0914847 100
1.97539 -0.0448 0.0914292 100
1.9805 0.0104 0.0996345 100
1.98109 0.0382 0.0996646 100
1.9804 0.0659 0.0996295 100
1.98129 0.0938 0.0996747 100
1.98179 0.1216 0.0996998 100
1.98389 0.1497 0.0998053 100
1.98659 0.1779 0.099941 100
1.98689 0.206 0.0999561 100
1.99168 0.2348 0.100197 100
1.9732 -0.2379 0.0992677 100
1.97141 -0.2097 0.0991773 100
1.97211 -0.1818 0.0992124 100
1.97251 -0.154 0.0992325 100
1.9735 -0.1263 0.0992828 100
1.975 -0.0986 0.0993581 100
1.9752 -0.0709 0.0993682 100
1.977 -0.0433 0.0994586 100
1.97604 0.0218 0.123629 100
1.98153 0.0496 0.123973 100
1.98163 0.0774 0.123979 100
1.98232 0.1053 0.124023 100
1.98362 0.1332 0.124104 100
1.98362 0.1612 0.124104 100
1.98512 0.1893 0.124197 100
1.99121 0.2181 0.124578 100
1.96675 -0.2626 0.123048 100
1.96825 -0.2348 0.123142 100
1.97035 -0.2071 0.123273 100
1.97105 -0.1793 0.123317 100
1.97234 -0.1516 0.123398 100
1.97324 -0.1239 0.123454 100
1.97484 -0.0962 0.123554 100
1.97494 -0.0685 0.123561 100
1.97574 -0.0408 0.12361 100
1.98062 0.0218 0.144752 100
1.9861 0.0497 0.145153 100
1.9872 0.0777 0.145233 100
1.9869 0.1056 0.145212 100
1.9882 0.1336 0.145306 100
1.99209 0.1619 0.145591 100
1.99169 0.19 0.145561 100
1.99578 0.2187 0.14586 100
1.97054 -0.2688 0.144016 100
1.97015 -0.2407 0.143987 100
1.97134 -0.2129 0.144074 100
1.97314 -0.1851 0.144206 100
1.97354 -0.1573 0.144235 100
1.97354 -0.1295 0.144235 100
1.97613 -0.1019 0.144424 100
1.97832 -0.0742 0.144585 100
1.97922 -0.0465 0.14465 100
1.98052 0.016 0.171183 100
1.98211 0.0438 0.171321 100
1.98131 0.0716 0.171252 100
1.98111 0.0994 0.171235 100
1.98151 0.1273 0.171269 100
1.9845 0.1555 0.171527 100
1.9852 0.1836 0.171588 100
1.99128 0.2124 0.172113 100
1.96996 -0.2493 0.17027 100
1.97035 -0.2213 0.170305 100
1.97324 -0.1937 0.170554 100
1.97474 -0.1659 0.170684 100
1.97384 -0.138 0.170606 100
1.97354 -0.1101 0.17058 100
1.97394 -0.0824 0.170615 100
1.97484 -0.0547 0.170692 100
1.98207 0.0031 0.188407 100
1.98286 0.031 0.188483 100
1.98515 0.0589 0.188701 100
1.98814 0.087 0.188985 100
1.99172 0.1152 0.189325 100
1.99292 0.1434 0.189439 100
1.99272 0.1715 0.18942 100
1.99112 0.1996 0.189269 100
1.99112 0.2279 0.189269 100
1.97938 -0.2579 0.188152 100
1.9749 -0.2292 0.187726 100
1.97589 -0.2012 0.187821 100
1.97759 -0.1733 0.187982 100
1.97878 -0.1455 0.188095 100
1.97958 -0.1176 0.188171 100
1.98007 -0.0897 0.188218 100
1.98007 -0.0619 0.188218 100
1.98077 -0.0341 0.188284 100
1.98215 0.009 0.217081 100
1.98284 0.0369 0.217157 100
1.98503 0.0648 0.217396 100
1.98791 0.0929 0.217712 100
1.9904 0.121 0.217984 100
1.99159 0.1491 0.218115 100
1.99129 0.1773 0.218082 100
1.99656 0.206 0.218659 100
1.97151 -0.2497 0.215916 100
1.96992 -0.2214 0.215741 100
1.97181 -0.1937 0.215948 100
1.9733 -0.1659 0.216112 100
1.97539 -0.1382 0.21634 100
1.97509 -0.1103 0.216308 100
1.97549 -0.0826 0.216351 100
1.97738 -0.0549 0.216558 100
1.98095 0.0077 0.244634 100
1.98363 0.0356 0.244965 100
1.9879 0.0637 0.245492 100
1.99078 0.0918 0.245848 100
1.99028 0.1199 0.245786 100
1.99038 0.148 0.245799 100
1.99217 0.1763 0.246019 100
1.99147 0.2046 0.245933 100
1.99336 0.2331 0.246166 100
1.97926 -0.2428 0.244426 100
1.9745 -0.214 0.243838 100
1.97529 -0.1861 0.243936 100
1.97371 -0.1579 0.24374 100
1.97579 -0.1301 0.243997 100
1.97738 -0.1023 0.244193 100
1.97857 -0.0745 0.24434 100
1.97946 -0.0467 0.24445 100
1.98256 0.0178 0.255028 100
1.98514 0.0458 0.255359 100
1.98623 0.0738 0.2555 100
1.98802 0.102 0.255729 100
1.9904 0.1302 0.256035 100
1.9904 0.1584 0.256035 100
1.9899 0.1867 0.255972 100
1.99209 0.2152 0.256252 100
1.97423 -0.2489 0.253956 100
1.97354 -0.2206 0.253867 100
1.97443 -0.1926 0.253981 100
1.97294 -0.1644 0.25379 100
1.97403 -0.1365 0.25393 100
1.97572 -0.1087 0.254147 100
1.9781 -0.0809 0.254453 100
1.97999 -0.053 0.254696 100
1.98633 0.0091 0.287296 100
1.98702 0.0369 0.287397 100
1.98732 0.0647 0.287439 100
1.9892 0.0927 0.287711 100
1.98871 0.1206 0.28764 100
1.98979 0.1486 0.287797 100
1.99148 0.1768 0.288041 100
1.99286 0.205 0.288241 100
2.00266 0.2344 0.289658 100
1.97455 -0.2606 0.285593 100
1.97495 -0.2326 0.28565 100
1.97594 -0.2047 0.285793 100
1.97861 -0.177 0.28618 100
1.97881 -0.1492 0.286208 100
1.98069 -0.1215 0.28648 100
1.98316 -0.0938 0.286838 100
1.98495 -0.0383 0.287096 100
1.98376 0.0189 0.303912 100
1.98633 0.047 0.304305 100
1.98544 0.0751 0.304169 100
1.98524 0.1032 0.304139 100
1.98652 0.1314 0.304336 100
1.98751 0.1597 0.304487 100
1.98702 0.1879 0.304411 100
1.99018 0.2166 0.304896 100
1.9713 -0.2584 0.302004 100
1.97278 -0.2303 0.302231 100
1.97575 -0.2024 0.302685 100
1.97733 -0.1743 0.302927 100
1.9796 -0.1464 0.303276 100
1.98138 -0.1184 0.303548 100
1.98188 -0.0904 0.303624 100
1.98287 -0.0624 0.303775 100
1.98257 -0.0343 0.30373 100
1.98324 0.0028 0.326901 100
1.98403 0.0309 0.327031 100
1.98531 0.0591 0.327242 100
1.98728 0.0874 0.327568 100
1.98788 0.1156 0.327665 100
1.98709 0.1439 0.327535 100
1.98778 0.1723 0.327649 100
1.98719 0.2006 0.327551 100
1.98916 0.2294 0.327877 100
1.97485 -0.2575 0.325518 100
1.97327 -0.2289 0.325258 100
1.97436 -0.2008 0.325437 100
1.97495 -0.1726 0.325535 100
1.97613 -0.1445 0.32573 100
1.97791 -0.1165 0.326022 100
1.98038 -0.0885 0.326429 100
1.98136 -0.0604 0.326592 100
1.98196 -0.0323 0.326689 100
1.98103 0.0077 0.340047 100
1.98073 0.0358 0.339996 100
1.983 0.0639 0.340385 100
1.98586 0.0922 0.340876 100
1.98733 0.1204 0.34113 100
1.98743 0.1487 0.341146 100
1.98714 0.177 0.341096 100
1.98852 0.2055 0.341332 100
1.96743 -0.2513 0.337712 100
1.96881 -0.2232 0.337949 100
1.97068 -0.1953 0.33827 100
1.97117 -0.1672 0.338355 100
1.97334 -0.1392 0.338727 100
1.97502 -0.1113 0.339015 100
1.97639 -0.0833 0.339252 100
1.97827 -0.0553 0.339573 100
1.98167 0.0077 0.359416 100
1.98433 0.0359 0.359898 100
1.98561 0.0641 0.36013 100
1.98649 0.0924 0.36029 100
1.98797 0.1208 0.360558 100
1.98905 0.1492 0.360754 100
1.98974 0.1777 0.360879 100
1.98905 0.2061 0.360754 100
1.99289 0.2351 0.36145 100
1.97203 -0.244 0.357667 100
1.97222 -0.2157 0.357703 100
1.97409 -0.1875 0.358042 100
1.97449 -0.1594 0.358113 100
1.97547 -0.1313 0.358292 100
1.97714 -0.1032 0.358595 100
1.97832 -0.0751 0.358809 100
1.9801 -0.0471 0.35913 100
1.97866 0.0137 0.375659 100
1.98317 0.0419 0.376517 100
1.98534 0.0701 0.376928 100
1.98612 0.0984 0.377077 100
1.98651 0.1267 0.377152 100
1.98661 0.1551 0.37717 100
1.9872 0.1835 0.377282 100
1.99329 0.2126 0.378439 99
1.96863 -0.255 0.373757 100
1.96804 -0.2265 0.373645 100
1.97001 -0.1985 0.374018 100
1.97158 -0.1704 0.374316 100
1.97276 -0.1423 0.37454 100
1.97453 -0.1143 0.374876 100
1.97679 -0.0863 0.375305 100
1.97787 -0.0583 0.37551 100
1.97846 -0.0302 0.375622 100
1.97772 0.0233 0.410646 100
1.97909 0.0515 0.41093 100
1.98212 0.0799 0.41156 100
1.9877 0.1085 0.412719 100
1.98898 0.137 0.412984 100
1.9879 0.1654 0.41276 100
1.98839 0.194 0.412862 99
1.96626 -0.2358 0.408267 100
1.96636 -0.2075 0.408287 100
1.96802 -0.1793 0.408633 100
1.96832 -0.1511 0.408694 100
1.97018 -0.123 0.40908 100
1.97272 -0.095 0.409609 100
1.9738 -0.0668 0.409832 100
1.97449 -0.0387 0.409975 100
1.97451 0.012 0.421497 100
1.9751 0.0402 0.421622 100
1.97627 0.0685 0.421873 100
1.98009 0.097 0.422687 100
1.98537 0.1257 0.423814 100
1.98351 0.1541 0.423418 100
1.98605 0.1829 0.42396 100
1.9619 -0.253 0.418804 100
1.96424 -0.2248 0.419305 100
1.96806 -0.1968 0.420119 100
1.96767 -0.1684 0.420036 100
1.96776 -0.1401 0.420056 100
1.96855 -0.1119 0.420224 100
1.96992 -0.0838 0.420516 100
1.97177 -0.0557 0.420912 100
