1.9251 0.017 -0.328371 100
1.78216 -0.1711 -0.30399 100
1.79419 -0.1467 -0.306041 100
1.81568 -0.1226 -0.309707 100
1.83687 -0.0979 -0.313322 100
1.85974 -0.0728 -0.317223 100
1.88123 -0.047 -0.320888 100
1.92993 0.0273 -0.317075 100
1.97867 0.056 -0.325084 100
2.00334 0.0851 -0.329137 100
1.77905 -0.1818 -0.292287 100
1.7902 -0.1574 -0.294119 100
1.8129 -0.1336 -0.297848 100
1.8352 -0.1091 -0.301512 100
1.85819 -0.0842 -0.305289 100
1.87891 -0.0585 -0.308694 100
1.90022 -0.0323 -0.312195 100
1.94679 0.0038 -0.288171 100
1.97221 0.0316 -0.291934 100
2.0003 0.0603 -0.296093 100
2.02691 0.0897 -0.300032 99
2.04037 0.1191 -0.302023 99
2.08093 0.1509 -0.308027 99
1.77714 -0.1942 -0.263059 100
1.78653 -0.1698 -0.26445 100
1.81047 -0.1464 -0.267993 100
1.83402 -0.1223 -0.271478 100
1.85331 -0.0974 -0.274334 100
1.87616 -0.0721 -0.277716 100
1.90168 -0.0463 -0.281494 100
1.93974 0.0232 -0.266056 100
1.9867 0.0519 -0.272497 100
2.01355 0.081 -0.27618 100
2.02702 0.1103 -0.278028 99
2.06883 0.1419 -0.283762 99
1.78618 -0.1813 -0.244993 100
1.79539 -0.1567 -0.246257 100
1.81818 -0.1328 -0.249383 100
1.84354 -0.1085 -0.252861 100
1.8687 -0.0835 -0.256313 100
1.88941 -0.0577 -0.259153 100
1.9118 -0.0314 -0.262224 100
1.94793 0.0161 -0.241937 100
1.97433 0.0442 -0.245216 100
2.00331 0.0731 -0.248815 100
2.0308 0.1027 -0.252229 99
2.04112 0.1321 -0.253511 99
1.7964 -0.1679 -0.223116 100
1.8085 -0.1433 -0.22462 100
1.82915 -0.1191 -0.227184 100
1.85038 -0.0943 -0.229821 100
1.87331 -0.069 -0.232669 100
1.89792 -0.0431 -0.235725 100
1.95844 0.0275 -0.220367 100
2.01051 0.0565 -0.226226 100
2.03933 0.086 -0.229468 99
2.05185 0.1155 -0.230877 99
2.0917 0.1472 -0.235361 99
1.78772 -0.1996 -0.201157 100
1.80014 -0.1754 -0.202554 100
1.82121 -0.1517 -0.204925 100
1.84496 -0.1276 -0.207597 100
1.86841 -0.1028 -0.210236 100
1.89146 -0.0775 -0.21283 100
1.91422 -0.0515 -0.215391 100
1.93984 0.0027 -0.208337 100
1.98837 0.0307 -0.213548 100
2.01352 0.0594 -0.21625 100
2.03937 0.0888 -0.219026 99
2.05279 0.1183 -0.220468 99
2.09654 0.1504 -0.225166 99
1.78742 -0.2019 -0.191967 100
1.79995 -0.1778 -0.193312 100
1.82103 -0.1541 -0.195576 100
1.84479 -0.13 -0.198128 100
1.86925 -0.1054 -0.200755 100
1.89242 -0.0801 -0.203243 100
1.91519 -0.0541 -0.205689 100
1.93666 -0.0275 -0.207995 100
1.95511 0.0069 -0.19687 100
1.98168 0.0348 -0.199545 100
2.00984 0.0635 -0.20238 100
2.0376 0.093 -0.205175 99
2.04705 0.1222 -0.206127 99
2.07988 0.1535 -0.209433 1
1.78527 -0.1965 -0.179767 100
1.79472 -0.1721 -0.180719 100
1.8188 -0.1487 -0.183144 100
1.84049 -0.1245 -0.185328 100
1.86089 -0.0996 -0.187382 100
1.88596 -0.0745 -0.189906 100
1.91074 -0.0486 -0.192401 100
1.94876 0.0017 -0.168096 100
1.97347 0.0294 -0.170227 100
1.99679 0.0577 -0.172238 100
2.02359 0.0868 -0.17455 100
2.05208 0.1169 -0.177008 99
2.06115 0.1464 -0.17779 99
1.79205 -0.1829 -0.154578 100
1.8034 -0.1586 -0.155557 100
1.82532 -0.1348 -0.157448 100
1.84883 -0.1105 -0.159476 100
1.87115 -0.0856 -0.161401 100
1.89307 -0.06 -0.163292 100
1.91858 -0.0339 -0.165492 100
1.96463 0.0203 -0.157035 100
1.99105 0.0485 -0.159147 100
2.01806 0.0775 -0.161306 100
2.04568 0.1073 -0.163513 99
2.05893 0.1369 -0.164573 99
1.77165 -0.1954 -0.14161 100
1.80295 -0.1733 -0.144112 100
1.81511 -0.1489 -0.145084 100
1.83794 -0.1248 -0.146908 100
1.86037 -0.1002 -0.148701 100
1.88349 -0.075 -0.15055 100
1.90632 -0.0491 -0.152374 100
1.9514 0.001 -0.13406 100
1.97714 0.0288 -0.135828 100
2.00148 0.0572 -0.1375 100
2.02842 0.0864 -0.139351 100
2.04288 0.1158 -0.140345 99
2.08688 0.1476 -0.143367 99
1.79367 -0.1807 -0.123224 100
1.80704 -0.1565 -0.124142 100
1.82989 -0.1327 -0.125712 100
1.85443 -0.1083 -0.127398 100
1.87578 -0.0832 -0.128865 100
1.89763 -0.0575 -0.130365 100
1.92217 -0.0313 -0.132052 100
1.96815 0.0131 -0.123136 100
1.99171 0.0407 -0.12461 100
2.01885 0.069 -0.126308 100
2.0466 0.0982 -0.128044 99
2.05907 0.1272 -0.128824 99
2.0989 0.1587 -0.131316 99
1.78232 -0.1915 -0.111509 100
1.81056 -0.1694 -0.113276 100
1.82264 -0.1452 -0.114032 100
1.8434 -0.1214 -0.115331 100
1.86685 -0.0971 -0.116798 100
1.8929 -0.0724 -0.118428 100
1.91665 -0.0468 -0.119914 100
1.96126 0.0161 -0.101756 100
2.01679 0.0448 -0.104636 100
2.04595 0.074 -0.106149 99
2.05763 0.1033 -0.106756 99
2.09388 0.1345 -0.108636 99
1.80977 -0.1885 -0.0938956 100
1.82115 -0.164 -0.0944863 100
1.84522 -0.1402 -0.095735 100
1.86989 -0.1158 -0.0970148 100
1.89425 -0.0908 -0.098279 100
1.91832 -0.0651 -0.0995277 100
1.93999 -0.0387 -0.100652 100
1.9565 0.0079 -0.0765292 100
2.00946 0.0643 -0.0786008 100
2.03524 0.0936 -0.0796092 100
2.04873 0.123 -0.0801368 99
2.0897 0.1548 -0.0817393 99
1.78464 -0.2072 -0.0698066 100
1.81321 -0.1848 -0.0709244 100
1.8256 -0.1603 -0.0714091 100
1.84759 -0.1362 -0.0722689 100
1.86927 -0.1116 -0.0731171 100
1.89355 -0.0865 -0.0740669 100
1.91853 -0.0607 -0.075044 100
1.94122 -0.0343 -0.0759312 100
1.96705 0.0003 -0.0611297 100
1.99284 0.0282 -0.0619311 100
2.02122 0.0568 -0.0628133 100
2.04921 0.0862 -0.063683 99
2.0618 0.1155 -0.0640744 99
2.10478 0.1474 -0.0654101 99
1.80303 -0.1913 -0.0560325 100
1.81243 -0.1667 -0.0563245 100
1.83551 -0.1431 -0.057042 100
1.8593 -0.1189 -0.0577813 100
1.88279 -0.094 -0.0585112 100
1.90588 -0.0685 -0.0592288 100
1.92957 -0.0424 -0.0599649 100
1.96035 0.0024 -0.0503066 100
1.98815 0.0301 -0.0510197 100
2.01444 0.0586 -0.0516944 100
2.03943 0.0877 -0.0523358 100
2.05402 0.117 -0.0527103 99
2.09401 0.1486 -0.0537364 99
1.79241 -0.2075 -0.0459968 10
1.8091 -0.1839 -0.0464252 100
1.8164 -0.1591 -0.0466125 100
1.83939 -0.1354 -0.0472025 100
1.86109 -0.1109 -0.0477592 100
1.88238 -0.0859 -0.0483056 100
1.90537 -0.0604 -0.0488956 100
1.92906 -0.0343 -0.0495036 100
1.95485 0.0058 -0.0245666 100
2.00454 0.0339 -0.0251911 100
2.03084 0.0627 -0.0255216 100
2.05974 0.0924 -0.0258848 99
2.07224 0.122 -0.0260419 99
2.10823 0.1536 -0.0264942 99
1.78766 -0.2007 -0.0224656 100
1.81916 -0.1786 -0.0228614 100
1.83036 -0.154 -0.0230021 100
1.85535 -0.13 -0.0233163 100
1.87795 -0.1053 -0.0236003 100
1.90115 -0.08 -0.0238918 100
1.92405 -0.0541 -0.0241796 100
1.94765 -0.0275 -0.0244761 100
1.96589 0.0189 0.00548982 100
2.02039 0.0477 0.00564201 100
2.04859 0.077 0.00572076 99
2.06229 0.1065 0.00575902 99
2.10349 0.1382 0.00587407 99
1.78999 -0.2073 0.00499862 100
1.81659 -0.1846 0.0050729 100
1.82699 -0.1599 0.00510194 100
1.84999 -0.1358 0.00516617 100
1.87469 -0.1113 0.00523514 100
1.89809 -0.086 0.00530049 100
1.92109 -0.0602 0.00536472 100
1.94369 -0.0337 0.00542783 100
1.96985 0.0065 0.0244113 100
1.99655 0.0345 0.0247421 100
2.02584 0.0634 0.0251052 100
2.05274 0.0929 0.0254386 99
2.06624 0.1225 0.0256058 99
2.10714 0.1545 0.0261126 99
1.81296 -0.1897 0.0224671 100
1.81446 -0.1643 0.0224857 100
1.83746 -0.1405 0.0227707 100
1.85926 -0.1161 0.0230408 100
1.88166 -0.0911 0.0233184 100
1.90475 -0.0656 0.0236046 100
1.93045 -0.0394 0.0239231 100
1.97279 0.0203 0.0661336 100
2.02226 0.0492 0.0677921 100
2.04935 0.0785 0.0687001 99
2.06504 0.1081 0.0692261 99
2.11221 0.1402 0.0708075 99
1.79179 -0.2095 0.0600661 47
1.81938 -0.1869 0.0609908 100
1.83077 -0.1622 0.0613727 100
1.85186 -0.138 0.0620797 100
1.87455 -0.1133 0.0628402 100
1.89793 -0.0881 0.0636242 100
1.92392 -0.0623 0.0644953 100
1.94761 -0.0358 0.0652893 100
1.98194 0.008 0.064709 100
2.00763 0.0361 0.0655476 100
2.03492 0.065 0.0664385 100
2.0617 0.0947 0.067313 99
2.07519 0.1244 0.0677535 99
2.11807 0.1567 0.0691534 99
1.79534 -0.1967 0.0586166 100
1.82973 -0.1746 0.0597392 100
1.84192 -0.1499 0.0601373 100
1.86381 -0.1255 0.0608519 100
1.88629 -0.1005 0.0615861 100
1.90848 -0.075 0.0623105 100
1.93237 -0.0489 0.0630904 100
1.98303 0.0038 0.088315 100
2.00971 0.032 0.0895029 100
2.03408 0.0608 0.0905885 100
2.06096 0.0905 0.0917853 99
2.07245 0.12 0.092297 99
2.10851 0.1517 0.0939031 1
1.79682 -0.1933 0.0800219 100
1.83118 -0.1711 0.0815524 100
1.84337 -0.1463 0.0820952 100
1.86515 -0.1218 0.0830651 100
1.88963 -0.0968 0.0841551 100
1.9158 -0.0713 0.0853208 100
1.93758 -0.045 0.0862907 100
1.9791 0.0059 0.107184 100
2.00277 0.0337 0.108466 100
2.02803 0.0622 0.109834 100
2.05798 0.0916 0.111456 99
2.07246 0.121 0.112241 99
2.12039 0.1532 0.114836 99
1.79447 -0.1889 0.097185 100
1.82772 -0.1669 0.0989859 100
1.8398 -0.1423 0.0996402 100
1.86057 -0.1181 0.100765 100
1.88594 -0.0935 0.102139 100
1.912 -0.0683 0.10355 100
1.93367 -0.0423 0.104724 100
1.96714 0.0141 0.136866 100
2.02261 0.043 0.140725 100
2.04875 0.0724 0.142544 99
2.06551 0.1021 0.14371 99
2.11359 0.1343 0.147055 99
1.78788 -0.2062 0.124393 100
1.82229 -0.1842 0.126788 100
1.83566 -0.1595 0.127718 100
1.85861 -0.1352 0.129315 100
1.88025 -0.1102 0.130821 100
1.9035 -0.0847 0.132438 100
1.92744 -0.0586 0.134104 100
1.95198 -0.0319 0.135811 100
1.97967 0.0132 0.145378 100
2.03113 0.0421 0.149157 100
2.05596 0.1007 0.150981 99
2.06933 0.1306 0.151962 99
1.821 -0.1922 0.133726 100
1.83446 -0.1675 0.134714 100
1.8565 -0.1432 0.136333 100
1.88223 -0.1185 0.138222 100
1.90756 -0.0931 0.140083 100
1.9296 -0.0669 0.141701 100
1.95334 -0.0402 0.143444 100
1.98427 0.0108 0.175346 100
2.01375 0.0392 0.177951 100
2.04194 0.0683 0.180443 99
2.06963 0.0983 0.18289 99
2.08199 0.1282 0.183981 99
1.79251 -0.1948 0.158401 100
1.82778 -0.1728 0.161517 100
1.83993 -0.1479 0.162591 100
1.86165 -0.1235 0.16451 100
1.88705 -0.0986 0.166755 100
1.91016 -0.073 0.168797 100
1.93187 -0.0467 0.170716 100
1.97866 0.0024 0.181814 100
2.00734 0.0306 0.184449 100
2.03552 0.0597 0.187038 99
2.05942 0.0893 0.189235 99
2.07287 0.1191 0.19047 99
2.1137 0.1512 0.194221 99
1.80161 -0.1881 0.165545 100
1.83487 -0.1656 0.168601 100
1.84792 -0.1407 0.1698 100
1.87052 -0.116 0.171877 100
1.89382 -0.0908 0.174018 100
1.91782 -0.065 0.176223 100
1.94043 -0.0385 0.1783 100
1.978 0.0205 0.217325 100
2.03515 0.0497 0.223604 99
2.06209 0.0794 0.226564 99
2.07561 0.1092 0.228049 99
2.12452 0.1418 0.233423 99
1.82114 -0.1906 0.200091 100
1.83158 -0.1657 0.201237 100
1.85345 -0.1414 0.20364 100
1.88009 -0.1169 0.206567 100
1.90434 -0.0915 0.209232 100
1.9273 -0.0654 0.211755 100
1.94987 -0.0387 0.214234 100
1.96737 0.0218 0.231113 100
2.01753 0.0507 0.237005 100
2.04534 0.0802 0.240272 99
2.06093 0.1099 0.242103 99
2.10771 0.1421 0.247599 99
1.79108 -0.2052 0.210404 52
1.82138 -0.1828 0.213962 100
1.8327 -0.1579 0.215292 100
1.85445 -0.1335 0.217848 100
1.87699 -0.1087 0.220496 100
1.90113 -0.0833 0.223331 100
1.92298 -0.0571 0.225898 100
1.94642 -0.0305 0.228651 100
1.97397 0.0028 0.259878 100
2.00252 0.0311 0.263637 100
2.03058 0.0601 0.267331 99
2.06022 0.0901 0.271233 99
2.07371 0.12 0.273009 99
2.11634 0.1524 0.278621 99
1.80374 -0.1879 0.237466 100
1.83487 -0.165 0.241565 100
1.84587 -0.1398 0.243014 100
1.86937 -0.1151 0.246107 100
1.89257 -0.0898 0.249161 100
1.91636 -0.0638 0.252294 100
1.93986 -0.0373 0.255388 100
1.97951 0.0024 0.27116 100
2.00508 0.0307 0.274661 100
2.03113 0.0597 0.278231 99
2.05986 0.0896 0.282166 99
2.07522 0.1196 0.28427 99
2.12179 0.1523 0.290648 99
1.80693 -0.1838 0.247518 100
1.83685 -0.1608 0.251617 100
1.84883 -0.1356 0.253259 100
1.87321 -0.1109 0.256597 100
1.89639 -0.0855 0.259773 100
1.9172 -0.0594 0.262623 100
1.94058 -0.0328 0.265826 100
1.98565 0.0207 0.311299 100
2.0385 0.05 0.319585 99
2.06626 0.0799 0.323937 99
2.0797 0.1099 0.326044 99
2.11842 0.1419 0.332115 99
1.82116 -0.1978 0.285511 100
1.83163 -0.1728 0.287153 100
1.85247 -0.1484 0.290421 100
1.87608 -0.1237 0.294122 100
1.90128 -0.0984 0.298072 100
1.92617 -0.0725 0.301975 100
1.94969 -0.0458 0.305661 100
1.99263 0.0025 0.325235 100
2.02106 0.0312 0.329874 99
2.04899 0.0607 0.334433 99
2.06369 0.0904 0.336833 99
2.1086 0.1223 0.344163 99
1.80077 -0.2041 0.293919 100
1.83679 -0.1818 0.299799 100
1.85101 -0.1568 0.302119 100
1.86966 -0.1317 0.305163 100
1.89206 -0.1063 0.30882 100
1.91595 -0.0805 0.312718 100
1.93865 -0.0539 0.316423 100
1.98891 0.0092 0.3414 100
2.01523 0.0378 0.345917 99
2.04105 0.0672 0.35035 99
2.07239 0.0977 0.355729 99
2.08166 0.1277 0.35732 99
2.11418 0.1598 0.362903 99
1.79899 -0.1976 0.3088 100
1.83004 -0.1748 0.314129 100
1.84206 -0.1497 0.316193 100
1.86562 -0.125 0.320236 100
1.88976 -0.0998 0.324381 100
1.91263 -0.0739 0.328306 100
1.9351 -0.0473 0.332163 100
1.99817 0.0131 0.352332 100
2.02536 0.042 0.357125 99
2.05313 0.0717 0.362022 99
2.0676 0.1015 0.364574 99
2.11025 0.1336 0.372093 99
1.79491 -0.2039 0.316491 100
1.82702 -0.1814 0.322152 100
1.83913 -0.1564 0.324288 100
1.86267 -0.1318 0.328438 100
1.88591 -0.1067 0.332536 100
1.90787 -0.0808 0.336409 100
1.9314 -0.0544 0.340559 100
1.9871 0.0124 0.379419 100
2.01519 0.0412 0.384783 99
2.04191 0.0708 0.389885 99
2.05645 0.1005 0.39266 99
2.10094 0.1327 0.401157 99
1.79703 -0.1964 0.343128 100
1.82591 -0.1734 0.348642 100
1.83593 -0.1481 0.350555 100
1.86039 -0.1235 0.355225 100
1.88446 -0.0982 0.35982 100
1.90528 -0.0721 0.363796 100
1.92767 -0.0456 0.368072 100
1.97516 0.0028 0.393601 100
1.79707 -0.1876 0.358111 100
1.83169 -0.1649 0.36501 100
1.84551 -0.1397 0.367765 100
1.86493 -0.1145 0.371635 100
1.88778 -0.089 0.376188 100
1.9124 -0.0629 0.381094 100
1.92387 -0.0359 0.38338 100
1.7902 -0.1953 0.382478 100
1.8209 -0.1724 0.389039 100
1.83186 -0.1471 0.391379 100
1.85327 -0.1222 0.395954 100
1.87626 -0.0968 0.400864 100
1.89787 -0.0708 0.405482 100
1.92212 -0.0443 0.410663 100
