1.98249 0.0144 -0.324646 100
1.98319 0.0424 -0.324759 100
1.98042 0.0703 -0.324307 100
1.97924 0.0983 -0.324113 100
1.98062 0.1265 -0.324339 100
1.98171 0.1547 -0.324517 100
1.98427 0.1831 -0.324937 100
1.95388 -0.3099 -0.319959 23
1.95792 -0.2823 -0.320622 19
1.96552 -0.2551 -0.321866 42
1.97282 -0.2278 -0.323062 47
1.9747 -0.1998 -0.323369 45
1.97726 -0.1719 -0.323789 44
1.97845 -0.1439 -0.323983 47
1.97539 -0.1156 -0.323482 45
1.97085 -0.0874 -0.322739 100
1.97381 -0.0596 -0.323224 51
1.98032 -0.0318 -0.32429 100
1.98335 0.027 -0.312358 100
1.98572 0.0551 -0.312732 100
1.98681 0.0832 -0.312903 100
1.98444 0.1112 -0.31253 100
1.98177 0.1392 -0.31211 100
1.98256 0.1674 -0.312234 100
1.98405 0.1958 -0.312467 100
1.96113 -0.2877 -0.308858 21
1.96972 -0.2606 -0.310212 20
1.97318 -0.2327 -0.310756 46
1.97516 -0.2047 -0.311067 41
1.97585 -0.1767 -0.311176 46
1.97713 -0.1487 -0.311378 46
1.96814 -0.12 -0.309963 44
1.95777 -0.0917 -0.308329 100
1.96676 -0.0643 -0.309745 46
1.97832 -0.0367 -0.311565 100
1.99558 0.0201 -0.29931 100
1.9941 0.0482 -0.299087 100
1.9933 0.0763 -0.298968 100
1.99301 0.1044 -0.298924 100
1.99429 0.1327 -0.299117 100
1.99627 0.1611 -0.299413 100
1.99775 0.1897 -0.299636 100
2.00013 -0.2814 -0.299992 20
1.99301 -0.2518 -0.298924 100
1.99241 -0.2232 -0.298835 100
1.99034 -0.1946 -0.298523 100
1.99182 -0.1665 -0.298746 100
1.99301 -0.1383 -0.298924 100
1.99271 -0.1101 -0.298879 100
1.994 -0.082 -0.299072 100
1.99597 -0.0539 -0.299369 100
1.99658 0.0229 -0.285578 100
1.99707 0.051 -0.285648 100
1.99509 0.0791 -0.285365 100
1.99678 0.1074 -0.285606 100
1.99806 0.1357 -0.28579 100
1.99995 0.1642 -0.286059 100
2.00737 0.1933 -0.287121 100
2.00252 -0.2996 -0.286427 20
1.99866 -0.2703 -0.285875 100
2.00024 -0.2418 -0.286102 100
2.00143 -0.2134 -0.286271 100
1.99826 -0.1846 -0.285818 100
1.99569 -0.1561 -0.28545 100
1.99569 -0.1278 -0.28545 100
1.99618 -0.0996 -0.285521 100
1.99638 -0.0714 -0.285549 100
1.99519 -0.0433 -0.285379 100
2.02235 0.0285 -0.266247 84
2.02275 0.057 -0.2663 83
2.02175 0.0856 -0.266169 80
2.02037 0.1141 -0.265986 81
2.02056 0.1427 -0.266012 85
2.01937 0.1713 -0.265856 83
2.02175 0.2003 -0.266169 83
2.02364 -0.263 -0.266417 86
2.02017 -0.2337 -0.26596 89
2.02027 -0.2048 -0.265973 85
2.02195 -0.1762 -0.266195 83
2.02225 -0.1475 -0.266234 80
2.02106 -0.1188 -0.266078 83
2.02156 -0.0903 -0.266143 83
2.02166 -0.0617 -0.266156 100
2.02126 -0.0331 -0.266104 87
2.02493 0.026 -0.254013 76
2.02543 0.0545 -0.254075 78
2.02543 0.0831 -0.254075 77
2.02503 0.1117 -0.254026 78
2.02433 0.1402 -0.253938 84
2.02314 0.1688 -0.253789 80
2.02453 0.1977 -0.253963 74
2.01997 -0.2805 -0.253391 87
2.01769 -0.2513 -0.253104 88
2.01908 -0.2226 -0.253279 84
2.01898 -0.1939 -0.253266 87
2.02047 -0.1654 -0.253453 83
2.02056 -0.1368 -0.253465 89
2.02126 -0.1082 -0.253553 100
2.02354 -0.0798 -0.253839 85
2.02453 -0.0513 -0.253963 82
2.05598 0.0018 -0.222625 81
2.05678 0.0306 -0.222711 78
2.05608 0.0594 -0.222636 75
2.05509 0.0883 -0.222528 73
2.0537 0.117 -0.222377 79
2.05191 0.1458 -0.222184 79
2.05161 0.1747 -0.222151 80
2.05588 0.2041 -0.222614 63
2.04614 -0.2868 -0.221559 73
2.04694 -0.2578 -0.221645 91
2.04932 -0.2289 -0.221904 89
2.05032 -0.2 -0.222011 83
2.05191 -0.1712 -0.222184 82
2.05409 -0.1424 -0.22242 81
2.0529 -0.1134 -0.222291 88
2.05131 -0.0845 -0.222119 83
2.0532 -0.0558 -0.222324 78
2.05108 0.0104 -0.211958 82
2.05366 0.0393 -0.212225 83
2.05396 0.0682 -0.212256 81
2.05376 0.0972 -0.212236 78
2.05327 0.1261 -0.212184 81
2.05227 0.155 -0.212082 85
2.05187 0.184 -0.21204 84
2.04939 -0.2853 -0.211783 21
2.0473 -0.2557 -0.211568 89
2.04968 -0.2268 -0.211814 88
2.05157 -0.1978 -0.21201 85
2.05118 -0.1687 -0.211968 80
2.04939 -0.1396 -0.211783 87
2.04909 -0.1106 -0.211753 83
2.04949 -0.0818 -0.211794 78
2.04839 -0.0529 -0.211681 76
2.0717 0.0251 -0.194374 76
2.07419 0.0541 -0.194608 80
2.07519 0.0832 -0.194701 74
2.07588 0.1124 -0.194767 74
2.07608 0.1416 -0.194785 75
2.07588 0.1708 -0.194767 69
2.07628 0.2001 -0.194804 80
2.07827 -0.2636 -0.194991 77
2.0719 -0.2333 -0.194393 89
2.0709 -0.2039 -0.1943 90
2.06861 -0.1745 -0.194085 83
2.06782 -0.1453 -0.19401 82
2.06961 -0.1164 -0.194178 85
2.07011 -0.0873 -0.194225 81
2.06911 -0.0583 -0.194131 81
2.06971 -0.0293 -0.194187 80
2.07321 0.0018 -0.179924 80
2.07301 0.0309 -0.179906 80
2.07231 0.06 -0.179846 69
2.07231 0.0891 -0.179846 80
2.0748 0.1184 -0.180062 74
2.07699 0.1477 -0.180252 74
2.0757 0.1769 -0.18014 83
2.07998 0.2067 -0.180512 79
2.0764 -0.2809 -0.1802 53
2.0741 -0.251 -0.180002 89
2.0744 -0.2216 -0.180028 87
2.0753 -0.1923 -0.180105 88
2.0738 -0.1628 -0.179976 79
2.07191 -0.1335 -0.179811 76
2.07161 -0.1043 -0.179785 76
2.07181 -0.0752 -0.179803 81
2.07371 -0.0462 -0.179967 79
2.10536 0.0118 -0.154238 81
2.10596 0.0413 -0.154282 76
2.10616 0.0709 -0.154297 80
2.10496 0.1004 -0.154209 76
2.10436 0.13 -0.154165 79
2.10436 0.1597 -0.154165 80
2.11084 0.19 -0.15464 74
2.10655 -0.2902 -0.154326 7
2.10147 -0.2595 -0.153953 89
2.10187 -0.2297 -0.153983 86
2.09897 -0.1996 -0.153771 82
2.09848 -0.1699 -0.153734 80
2.09967 -0.1404 -0.153822 78
2.10147 -0.111 -0.153953 79
2.10077 -0.0814 -0.153902 80
2.09977 -0.0519 -0.153829 71
2.10743 0.0018 -0.138867 82
2.10623 0.0313 -0.138788 83
2.10454 0.0608 -0.138676 68
2.10454 0.0903 -0.138676 78
2.10504 0.1199 -0.138709 68
2.10414 0.1494 -0.13865 79
2.10583 0.1792 -0.138762 78
2.10244 -0.284 -0.138538 33
2.09825 -0.2535 -0.138262 81
2.09955 -0.2239 -0.138348 83
2.10344 -0.1946 -0.138604 85
2.10504 -0.165 -0.138709 80
2.10314 -0.1353 -0.138584 79
2.10274 -0.1057 -0.138558 78
2.10304 -0.0762 -0.138578 77
2.10194 -0.0467 -0.138505 76
2.13165 0.0097 -0.119551 72
2.13125 0.0396 -0.119529 70
2.13355 0.0695 -0.119657 81
2.13435 0.0995 -0.119702 75
2.13375 0.1294 -0.119669 82
2.13375 0.1595 -0.119669 75
2.13624 0.1898 -0.119809 76
2.13824 -0.2965 -0.119921 7
2.12826 -0.2648 -0.119361 81
2.12676 -0.2344 -0.119277 80
2.12786 -0.2044 -0.119338 78
2.12955 -0.1745 -0.119433 81
2.13075 -0.1446 -0.119501 80
2.13055 -0.1146 -0.119489 80
2.12995 -0.0847 -0.119456 81
2.13095 -0.0548 -0.119512 76
2.1345 0.0093 -0.103274 74
2.1351 0.0393 -0.103303 68
2.1354 0.0692 -0.103318 75
2.1352 0.0992 -0.103308 72
2.1336 0.1291 -0.103231 70
2.1366 0.1594 -0.103376 78
2.14709 0.1904 -0.103883 74
2.12551 -0.285 -0.102839 7
2.12731 -0.255 -0.102926 79
2.12971 -0.225 -0.103042 72
2.13061 -0.195 -0.103086 79
2.13111 -0.1649 -0.10311 82
2.13021 -0.1349 -0.103067 79
2.13091 -0.105 -0.1031 80
2.13121 -0.075 -0.103115 76
2.13101 -0.0451 -0.103105 69
2.16038 0.0291 -0.0784623 78
2.15878 0.0592 -0.0784042 73
2.15878 0.0894 -0.0784042 72
2.15828 0.1196 -0.078386 71
2.15938 0.15 -0.078426 67
2.15808 0.1802 -0.0783788 83
2.14948 -0.2714 -0.0780666 14
2.15208 -0.2412 -0.078161 81
2.15428 -0.211 -0.0782409 84
2.15598 -0.1808 -0.0783026 78
2.15638 -0.1505 -0.0783171 74
2.15718 -0.1203 -0.0783461 77
2.15768 -0.0901 -0.0783643 75
2.15778 -0.0599 -0.0783679 79
2.16092 0.003 -0.0682872 72
2.16162 0.0333 -0.0683093 68
2.16302 0.0636 -0.0683535 73
2.16392 0.094 -0.068382 77
2.16332 0.1243 -0.068363 80
2.16242 0.1547 -0.0683346 77
2.16302 0.1852 -0.0683535 78
2.15402 -0.3008 -0.0680693 10
2.15303 -0.27 -0.0680377 85
2.15562 -0.2397 -0.0681198 82
2.15582 -0.2092 -0.0681261 79
2.15752 -0.1789 -0.0681798 76
2.15782 -0.1486 -0.0681893 79
2.15872 -0.1183 -0.0682177 73
2.15812 -0.088 -0.0681988 80
2.15912 -0.0578 -0.0682304 72
2.19181 0.0065 -0.0286924 70
2.19051 0.0372 -0.0286754 77
2.18981 0.0678 -0.0286662 71
2.19161 0.0986 -0.0286898 65
2.19101 0.1293 -0.0286819 78
2.18901 0.1599 -0.0286557 74
2.18651 0.1906 -0.028623 1
2.18691 -0.3029 -0.0286283 10
2.18301 -0.2713 -0.0285772 82
2.18361 -0.2404 -0.0285851 74
2.18381 -0.2095 -0.0285877 78
2.18451 -0.1788 -0.0285968 80
2.18581 -0.1481 -0.0286139 78
2.18461 -0.1174 -0.0285981 75
2.18411 -0.0867 -0.0285916 78
2.18511 -0.0561 -0.0286047 69
2.18772 0.026 -0.0183283 70
2.18722 0.0566 -0.0183241 71
2.18922 0.0873 -0.0183408 70
2.19072 0.118 -0.0183534 69
2.19092 0.1488 -0.0183551 74
2.19162 0.1796 -0.0183609 77
2.18052 -0.2917 -0.0182679 25
2.17942 -0.2606 -0.0182587 85
2.18182 -0.23 -0.0182788 83
2.18382 -0.1994 -0.0182956 77
2.18442 -0.1687 -0.0183006 80
2.18552 -0.1381 -0.0183098 76
2.18732 -0.1075 -0.0183249 80
2.18852 -0.0769 -0.018335 77
2.19042 -0.0463 -0.0183509 69
2.22387 0.0159 0.0124205 70
2.22647 0.0471 0.0124351 69
2.22757 0.0782 0.0124412 70
2.22727 0.1094 0.0124395 68
2.22557 0.1405 0.01243 72
2.22537 0.1718 0.0124289 70
2.22867 0.2034 0.0124473 1
2.21317 -0.2814 0.0123608 51
2.21287 -0.25 0.0123591 76
2.21517 -0.219 0.0123719 85
2.21707 -0.1879 0.0123826 77
2.21847 -0.1568 0.0123904 76
2.22037 -0.1258 0.012401 77
2.22197 -0.0948 0.0124099 74
2.22307 -0.0637 0.0124161 71
2.22377 -0.0326 0.01242 76
2.22181 0.0054 0.0290851 78
2.22251 0.0365 0.0290942 69
2.22381 0.0675 0.0291113 68
2.22461 0.0987 0.0291217 71
2.22501 0.1298 0.029127 74
2.22301 0.1609 0.0291008 81
2.22251 0.1921 0.0290942 1
2.21451 -0.2777 0.0289895 75
2.21411 -0.2464 0.0289843 80
2.21641 -0.2153 0.0290144 74
2.21621 -0.1841 0.0290118 75
2.21551 -0.153 0.0290026 74
2.21641 -0.122 0.0290144 69
2.21791 -0.091 0.029034 72
2.22001 -0.0601 0.0290615 70
2.25631 0.0083 0.055931 72
2.25291 0.0397 0.0558468 67
2.25421 0.0713 0.055879 66
2.25701 0.1029 0.0559484 68
2.25531 0.1344 0.0559062 67
2.25421 0.166 0.055879 77
2.25071 0.1974 0.0557923 1
2.24371 -0.2736 0.0556188 76
2.24431 -0.2419 0.0556337 79
2.24751 -0.2106 0.055713 73
2.25021 -0.1791 0.0557799 72
2.25151 -0.1476 0.0558121 77
2.25331 -0.1162 0.0558567 72
2.25371 -0.0846 0.0558666 68
2.25471 -0.0532 0.0558914 66
2.25813 0.0035 0.0626809 69
2.25683 0.035 0.0626448 66
2.25513 0.0665 0.0625976 65
2.25603 0.098 0.0626226 62
2.25743 0.1297 0.0626614 66
2.25543 0.1612 0.0626059 70
2.25693 0.193 0.0626476 69
2.24464 -0.2639 0.0623063 74
2.24613 -0.2324 0.0623479 78
2.24813 -0.2009 0.0624034 67
2.24873 -0.1694 0.06242 69
2.24893 -0.1379 0.0624256 72
2.24863 -0.1064 0.0624173 73
2.24893 -0.075 0.0624256 69
2.25173 -0.0436 0.0625033 74
2.28678 0.0308 0.0962441 67
2.28907 0.0628 0.0963408 67
2.28897 0.0949 0.0963366 69
2.28748 0.1269 0.0962735 69
2.28748 0.1591 0.0962735 67
2.28897 0.1914 0.0963366 1
2.27908 -0.2699 0.0959203 72
2.27668 -0.2374 0.0958194 69
2.27778 -0.2053 0.0958657 72
2.28138 -0.1735 0.096017 73
2.28458 -0.1416 0.0961516 67
2.28837 -0.1097 0.0963114 70
2.28867 -0.0777 0.096324 70
2.29047 -0.0457 0.0963997 72
2.28584 0.0052 0.120196 74
2.28754 0.0372 0.120285 72
2.28984 0.0692 0.120406 65
2.28864 0.1012 0.120343 60
2.28794 0.1333 0.120306 69
2.28684 0.1653 0.120248 69
2.30751 -0.2914 0.121335 54
2.29153 -0.2569 0.120495 72
2.28494 -0.2239 0.120149 69
2.28085 -0.1913 0.119933 70
2.28325 -0.1594 0.120059 73
2.28335 -0.1274 0.120065 70
2.28384 -0.0954 0.120091 74
2.28694 -0.0636 0.120254 71
2.31698 0.0154 0.151051 72
2.31758 0.0478 0.15109 63
2.31668 0.0802 0.151031 66
2.31638 0.1127 0.151012 63
2.32646 0.1458 0.151669 68
2.32626 0.1785 0.151656 77
2.30421 -0.2798 0.150218 72
2.3069 -0.2474 0.150394 69
2.3091 -0.215 0.150537 76
2.3099 -0.1825 0.150589 71
2.31219 -0.1502 0.150738 72
2.31309 -0.1178 0.150797 74
2.31349 -0.0854 0.150823 70
2.31449 -0.053 0.150888 77
2.32715 0.0069 0.165179 68
2.33383 0.0397 0.165653 70
2.33702 0.0725 0.16588 63
2.33872 0.1054 0.166 66
2.33602 0.1382 0.165809 67
2.33592 0.1711 0.165802 70
2.31837 0.2025 0.164556 1
2.3044 -0.2871 0.163565 54
2.30331 -0.2542 0.163487 77
2.3036 -0.2216 0.163508 68
2.3045 -0.1891 0.163572 70
2.30989 -0.1569 0.163954 68
2.31388 -0.1246 0.164237 73
2.31438 -0.0921 0.164273 70
2.31338 -0.0596 0.164202 76
2.35603 0.033 0.21483 70
2.34935 0.0658 0.214221 60
2.35115 0.0987 0.214385 53
2.35453 0.1319 0.214694 57
2.35354 0.1648 0.214603 56
2.34995 0.1976 0.214276 1
2.34019 -0.2756 0.213386 60
2.33979 -0.2425 0.21335 69
2.34198 -0.2097 0.213549 68
2.34069 -0.1766 0.213431 64
2.34288 -0.1439 0.213631 66
2.35264 -0.1115 0.214521 67
2.36688 -0.0791 0.21582 64
2.36479 -0.0459 0.215629 62
2.3553 0.0008 0.224716 62
2.34913 0.0337 0.224127 62
2.34545 0.0666 0.223775 54
2.34923 0.0997 0.224136 52
2.35162 0.1328 0.224364 59
2.35351 0.166 0.224545 59
2.36187 0.1999 0.225343 1
2.34037 -0.2747 0.223291 60
2.35491 -0.243 0.224678 71
2.36297 -0.2104 0.225447 67
2.36566 -0.1773 0.225703 69
2.35202 -0.1432 0.224402 66
2.35172 -0.1101 0.224374 68
2.35998 -0.0773 0.225162 75
2.35491 -0.0442 0.224678 64
