1.4288 0.0023 -0.274885 100
1.42664 0.0225 -0.274469 100
1.42723 0.0428 -0.274582 100
1.42841 0.0631 -0.274809 100
1.42939 0.0835 -0.274998 100
1.42909 0.1039 -0.274941 100
1.42949 0.1243 -0.275017 100
1.43351 0.1452 -0.275791 100
1.4343 0.1658 -0.275943 44
1.42998 0.1859 -0.275111 27
1.42075 -0.3019 -0.273335 25
1.42094 -0.281 -0.273373 100
1.42271 -0.2604 -0.273713 100
1.42222 -0.2396 -0.273619 100
1.41957 -0.2185 -0.273109 100
1.42143 -0.1982 -0.273468 100
1.423 -0.1779 -0.27377 100
1.4234 -0.1574 -0.273845 100
1.4234 -0.137 -0.273845 100
1.42418 -0.1167 -0.273997 48
1.42566 -0.0965 -0.27428 100
1.42683 -0.0763 -0.274507 100
1.4287 -0.0561 -0.274866 100
1.42939 -0.0358 -0.274998 100
1.4268 0.0155 -0.268822 100
1.42945 0.0357 -0.269322 100
1.42974 0.056 -0.269378 100
1.43279 0.0765 -0.269952 100
1.43751 0.0972 -0.27084 100
1.438 0.1177 -0.270933 100
1.4382 0.1382 -0.27097 100
1.44203 0.1592 -0.271692 100
1.44557 0.1804 -0.272359 26
1.4207 -0.2975 -0.267674 36
1.42463 -0.2773 -0.268415 100
1.42444 -0.2564 -0.268378 100
1.421 -0.2351 -0.26773 100
1.4212 -0.2145 -0.267767 100
1.42296 -0.1942 -0.2681 100
1.42257 -0.1737 -0.268026 100
1.42385 -0.1534 -0.268267 100
1.4268 -0.1333 -0.268822 100
1.42847 -0.1131 -0.269137 47
1.42886 -0.0928 -0.269211 100
1.43004 -0.0725 -0.269433 100
1.43092 -0.0523 -0.2696 100
1.43043 -0.032 -0.269507 100
1.44185 0.0013 -0.253718 100
1.4446 0.0218 -0.254203 100
1.44815 0.0424 -0.254827 100
1.44845 0.0629 -0.254879 100
1.44933 0.0836 -0.255035 100
1.45101 0.1043 -0.255329 100
1.45042 0.125 -0.255225 100
1.44953 0.1456 -0.255069 100
1.45032 0.1665 -0.255208 100
1.42816 -0.3059 -0.251309 100
1.4322 -0.2856 -0.252019 100
1.43308 -0.2647 -0.252175 100
1.43367 -0.2439 -0.252279 100
1.43495 -0.2232 -0.252504 100
1.43692 -0.2027 -0.252851 100
1.43663 -0.182 -0.252799 100
1.43407 -0.161 -0.252349 100
1.43318 -0.1404 -0.252193 100
1.43505 -0.1201 -0.252522 100
1.43751 -0.0998 -0.252955 100
1.4387 -0.0794 -0.253163 100
1.44067 -0.059 -0.25351 100
1.44332 -0.0386 -0.253978 100
1.4413 0.0128 -0.244554 100
1.44593 0.0333 -0.24534 100
1.45224 0.054 -0.246411 100
1.45629 0.0748 -0.247097 100
1.4551 0.0955 -0.246896 100
1.45362 0.1161 -0.246645 100
1.45195 0.1366 -0.246361 100
1.45283 0.1575 -0.246511 100
1.43026 -0.2931 -0.24268 100
1.43223 -0.2724 -0.243015 100
1.43489 -0.252 -0.243467 100
1.43627 -0.2313 -0.243701 100
1.43923 -0.2109 -0.244203 100
1.4411 -0.1904 -0.24452 100
1.43864 -0.1694 -0.244102 100
1.43598 -0.1485 -0.243651 100
1.43588 -0.128 -0.243634 100
1.43844 -0.1077 -0.244069 100
1.44081 -0.0874 -0.24447 100
1.44091 -0.0669 -0.244487 100
1.44169 -0.0465 -0.244621 100
1.44317 -0.0261 -0.244872 100
1.46698 0.0168 -0.229985 100
1.4656 0.0375 -0.229769 100
1.46599 0.0582 -0.229831 100
1.46382 0.0996 -0.22949 100
1.46422 0.1204 -0.229552 100
1.4654 0.1414 -0.229738 100
1.46431 0.1621 -0.229567 100
1.4658 0.1833 -0.2298 100
1.44772 -0.306 -0.226965 100
1.44791 -0.2848 -0.226996 100
1.44969 -0.264 -0.227275 100
1.45226 -0.2433 -0.227678 100
1.45542 -0.2228 -0.228173 100
1.45641 -0.202 -0.228328 100
1.45611 -0.181 -0.228282 100
1.4575 -0.1603 -0.228499 100
1.45858 -0.1397 -0.228669 100
1.45937 -0.119 -0.228793 100
1.45987 -0.0983 -0.22887 100
1.46016 -0.0776 -0.228917 100
1.46204 -0.0571 -0.229211 100
1.46175 -0.0364 -0.229165 100
1.46583 0.0199 -0.230854 100
1.46731 0.0407 -0.231087 100
1.46761 0.0615 -0.231134 100
1.46761 0.0822 -0.231134 100
1.4683 0.1031 -0.231243 100
1.4687 0.124 -0.231305 100
1.46978 0.145 -0.231476 100
1.47354 0.1664 -0.232067 100
1.44726 -0.2973 -0.227929 100
1.45032 -0.2767 -0.228412 100
1.45102 -0.2557 -0.22852 100
1.4525 -0.2348 -0.228754 100
1.45358 -0.214 -0.228925 100
1.45349 -0.1931 -0.228909 100
1.45497 -0.1724 -0.229143 100
1.45625 -0.1517 -0.229345 100
1.45625 -0.131 -0.229345 100
1.45793 -0.1104 -0.229609 100
1.45833 -0.0897 -0.229672 100
1.45842 -0.0691 -0.229687 100
1.4602 -0.0485 -0.229967 100
1.4607 -0.0279 -0.230045 100
1.48393 0.0123 -0.204065 100
1.48463 0.0332 -0.204161 100
1.48502 0.0542 -0.204215 100
1.4871 0.0752 -0.204501 100
1.48988 0.0964 -0.204883 100
1.49236 0.1177 -0.205223 100
1.49354 0.139 -0.205387 100
1.49345 0.1602 -0.205373 100
1.49503 0.1817 -0.205591 100
1.4765 -0.3088 -0.203044 19
1.47472 -0.2868 -0.202798 100
1.47561 -0.2655 -0.202921 100
1.47918 -0.2447 -0.203411 100
1.48146 -0.2236 -0.203725 100
1.48344 -0.2026 -0.203997 100
1.48701 -0.1818 -0.204488 100
1.48641 -0.1605 -0.204406 100
1.48364 -0.1391 -0.204025 100
1.48047 -0.1178 -0.203589 100
1.47898 -0.0968 -0.203384 100
1.47819 -0.0758 -0.203275 100
1.48007 -0.055 -0.203534 100
1.48166 -0.0342 -0.203752 100
1.50064 0.0151 -0.199961 100
1.50133 0.0362 -0.200053 100
1.50163 0.0574 -0.200093 100
1.50173 0.0786 -0.200106 100
1.50044 0.0997 -0.199935 100
1.49994 0.1209 -0.199869 100
1.50004 0.1422 -0.199882 100
1.50391 0.164 -0.200397 100
1.47417 -0.3043 -0.196434 100
1.47724 -0.2834 -0.196844 100
1.47813 -0.262 -0.196963 100
1.47962 -0.2409 -0.197161 100
1.4818 -0.2199 -0.197451 100
1.48369 -0.1989 -0.197702 100
1.48339 -0.1776 -0.197663 100
1.48081 -0.1562 -0.197319 100
1.47982 -0.135 -0.197187 100
1.47962 -0.114 -0.197161 100
1.48101 -0.0932 -0.197346 100
1.48121 -0.0723 -0.197372 100
1.48101 -0.0514 -0.197346 100
1.4826 -0.0305 -0.197557 100
1.51154 0.0199 -0.177297 100
1.51402 0.0413 -0.177589 100
1.51432 0.0626 -0.177624 100
1.51333 0.0839 -0.177507 100
1.517 0.1055 -0.177938 100
1.52226 0.1274 -0.178556 100
1.52038 0.1488 -0.178334 100
1.52405 0.1709 -0.178765 100
1.49644 -0.2933 -0.175527 100
1.49644 -0.2715 -0.175527 100
1.49614 -0.2498 -0.175492 100
1.49753 -0.2284 -0.175655 100
1.49863 -0.2071 -0.175783 100
1.50031 -0.1859 -0.175981 100
1.5018 -0.1646 -0.176156 100
1.5019 -0.1433 -0.176167 100
1.5028 -0.1221 -0.176272 100
1.50429 -0.1009 -0.176447 100
1.50459 -0.0797 -0.176482 100
1.50657 -0.0586 -0.176715 100
1.50915 -0.0374 -0.177018 100
1.52215 0.0035 -0.173427 100
1.52295 0.0249 -0.173518 100
1.52444 0.0464 -0.173688 100
1.52563 0.0679 -0.173824 100
1.52752 0.0895 -0.174039 100
1.52811 0.1111 -0.174107 100
1.52941 0.1329 -0.174254 100
1.52841 0.1545 -0.174141 100
1.52712 0.176 -0.173993 100
1.50188 -0.2894 -0.171118 100
1.50476 -0.268 -0.171446 100
1.50337 -0.246 -0.171288 100
1.50079 -0.224 -0.170993 100
1.50079 -0.2025 -0.170993 100
1.50248 -0.1812 -0.171186 100
1.50387 -0.16 -0.171344 100
1.50496 -0.1387 -0.171469 100
1.50576 -0.1175 -0.171559 100
1.50715 -0.0963 -0.171718 100
1.50934 -0.0751 -0.171967 100
1.51122 -0.0539 -0.172182 100
1.51182 -0.0327 -0.17225 100
1.53301 0.0175 -0.155718 100
1.5346 0.0391 -0.155879 100
1.5349 0.0607 -0.15591 100
1.5359 0.0823 -0.156011 100
1.535 0.1256 -0.15592 100
1.53411 0.1472 -0.155829 100
1.5359 0.1692 -0.156011 100
1.51172 -0.2959 -0.153555 100
1.5156 -0.2746 -0.153949 100
1.51829 -0.2532 -0.154222 100
1.52068 -0.2317 -0.154465 100
1.52376 -0.2103 -0.154778 100
1.52555 -0.1887 -0.15496 100
1.52505 -0.1669 -0.154909 100
1.52625 -0.1454 -0.15503 100
1.52714 -0.1239 -0.155121 100
1.52774 -0.1023 -0.155182 100
1.52804 -0.0808 -0.155212 100
1.52903 -0.0593 -0.155313 100
1.52963 -0.0379 -0.155374 100
1.54422 0.0014 -0.144884 100
1.54203 0.023 -0.144678 100
1.54362 0.0447 -0.144828 100
1.54581 0.0665 -0.145033 100
1.54571 0.0882 -0.145024 100
1.5483 0.1102 -0.145267 100
1.55358 0.1325 -0.145762 100
1.55358 0.1545 -0.145762 100
1.55816 0.1771 -0.146192 100
1.51783 -0.2911 -0.142409 100
1.52072 -0.2696 -0.142679 100
1.52042 -0.2476 -0.142651 100
1.52371 -0.2262 -0.14296 100
1.5257 -0.2047 -0.143146 100
1.5254 -0.1829 -0.143118 100
1.52679 -0.1613 -0.143249 100
1.52988 -0.14 -0.143539 100
1.53167 -0.1185 -0.143707 100
1.53317 -0.097 -0.143847 100
1.53347 -0.0754 -0.143875 100
1.53436 -0.0539 -0.143959 100
1.53496 -0.0323 -0.144015 100
1.55198 0.0003 -0.111792 100
1.55477 0.0219 -0.111993 100
1.56036 0.0437 -0.112395 100
1.56455 0.0656 -0.112697 100
1.56654 0.0875 -0.112841 100
1.56544 0.1312 -0.112762 100
1.56445 0.1531 -0.11269 100
1.56614 0.1753 -0.112812 100
1.5421 -0.3004 -0.111081 100
1.5451 -0.2787 -0.111296 100
1.54589 -0.2567 -0.111354 100
1.5453 -0.2346 -0.11131 100
1.5445 -0.2125 -0.111253 100
1.5453 -0.1908 -0.11131 100
1.54579 -0.169 -0.111346 100
1.54599 -0.1473 -0.111361 100
1.54689 -0.1257 -0.111425 100
1.54849 -0.1042 -0.11154 100
1.54978 -0.0827 -0.111634 100
1.55078 -0.0611 -0.111706 100
1.55348 -0.0396 -0.1119 100
1.57539 0.0163 -0.10519 100
1.57699 0.0384 -0.105296 100
1.57928 0.0606 -0.10545 100
1.58228 0.0829 -0.105649 100
1.58397 0.1052 -0.105763 100
1.58437 0.1275 -0.105789 100
1.58537 0.15 -0.105856 100
1.59206 0.1731 -0.106302 100
1.55025 -0.3081 -0.103511 100
1.55244 -0.286 -0.103657 100
1.55633 -0.2642 -0.103917 100
1.55983 -0.2424 -0.10415 100
1.56013 -0.2201 -0.10417 100
1.56003 -0.1979 -0.104164 100
1.56162 -0.1759 -0.10427 100
1.56302 -0.154 -0.104364 100
1.56302 -0.1319 -0.104364 100
1.56362 -0.1099 -0.104404 100
1.56601 -0.0881 -0.104564 100
1.56611 -0.0661 -0.10457 100
1.56591 -0.0441 -0.104557 100
1.56631 -0.0222 -0.104584 100
1.57752 0.0105 -0.0884733 100
1.58122 0.0326 -0.0886805 100
1.58361 0.0548 -0.0888149 100
1.58361 0.077 -0.0888149 100
1.58341 0.0992 -0.0888037 100
1.58491 0.1216 -0.0888877 100
1.58601 0.144 -0.0889493 100
1.5938 0.1672 -0.089386 100
1.56524 -0.2991 -0.0877846 100
1.56334 -0.2761 -0.0876782 100
1.56514 -0.2539 -0.087779 100
1.56754 -0.2318 -0.0879134 100
1.56963 -0.2098 -0.0880309 100
1.57133 -0.1877 -0.0881261 100
1.57383 -0.1657 -0.0882661 100
1.57502 -0.1436 -0.0883333 100
1.57483 -0.1214 -0.0883221 100
1.57542 -0.0993 -0.0883557 100
1.57562 -0.0772 -0.0883669 100
1.57552 -0.0551 -0.0883613 100
1.57622 -0.0331 -0.0884005 100
1.60432 0.0115 -0.073413 100
1.60392 0.0339 -0.0733947 100
1.60332 0.0563 -0.0733673 100
1.60442 0.0788 -0.0734175 100
1.60512 0.1014 -0.0734495 100
1.60652 0.124 -0.0735135 100
1.60562 0.1465 -0.0734724 100
1.60742 0.1694 -0.0735547 100
1.58434 -0.3045 -0.0724987 100
1.58554 -0.2818 -0.0725536 100
1.58834 -0.2595 -0.0726816 100
1.58884 -0.2368 -0.0727044 100
1.58994 -0.2143 -0.0727547 100
1.59183 -0.1919 -0.0728416 100
1.59233 -0.1695 -0.0728644 100
1.59253 -0.147 -0.0728736 100
1.59343 -0.1247 -0.0729147 100
1.59703 -0.1025 -0.0730793 100
1.59933 -0.0802 -0.0731844 100
1.59633 -0.0577 -0.0730473 100
1.59493 -0.0354 -0.0729833 100
1.6058 0.0014 -0.0619695 100
1.6076 0.0238 -0.0620389 100
1.6071 0.0462 -0.0620196 100
1.6073 0.0686 -0.0620273 100
1.6082 0.0911 -0.062062 100
1.6098 0.1138 -0.0621237 100
1.61 0.1363 -0.0621314 100
1.612 0.1592 -0.0622086 100
1.62149 0.1829 -0.0625749 100
1.58762 -0.2951 -0.0612676 100
1.58862 -0.2724 -0.0613062 100
1.59231 -0.2503 -0.0614489 100
1.59361 -0.2278 -0.061499 100
1.59371 -0.2052 -0.0615029 100
1.59441 -0.1827 -0.0615299 100
1.59581 -0.1604 -0.0615839 100
1.59781 -0.1381 -0.061661 100
1.59961 -0.1158 -0.0617304 100
1.60311 -0.0937 -0.0618654 100
1.60421 -0.0713 -0.0619078 100
1.60511 -0.049 -0.0619425 100
1.60461 -0.0266 -0.0619232 100
1.61686 0.0082 -0.0607005 100
1.62056 0.0309 -0.0608393 100
1.62595 0.0537 -0.0610419 100
1.62805 0.0766 -0.0611207 100
1.62685 0.0993 -0.0610757 100
1.62725 0.1222 -0.0610907 100
1.62645 0.145 -0.0610607 100
1.62825 0.1681 -0.0611282 100
1.60347 -0.3087 -0.0601978 100
1.60467 -0.2858 -0.0602428 100
1.60747 -0.2631 -0.0603479 100
1.60707 -0.2401 -0.0603329 100
1.60527 -0.2169 -0.0602653 100
1.60517 -0.1941 -0.0602616 100
1.60577 -0.1715 -0.0602841 100
1.60697 -0.1489 -0.0603291 100
1.60787 -0.1264 -0.0603629 100
1.61057 -0.1039 -0.0604642 100
1.61176 -0.0814 -0.0605092 100
1.61276 -0.0589 -0.0605467 100
1.61346 -0.0364 -0.060573 100
1.6205 0.0184 -0.0359254 100
1.6241 0.0411 -0.0360052 100
1.6273 0.0639 -0.0360761 100
1.6293 0.0868 -0.0361205 100
1.6289 0.1096 -0.0361116 100
1.6292 0.1325 -0.0361182 100
1.6332 0.1558 -0.0362069 100
1.60731 -0.3031 -0.0356328 100
1.6084 -0.2801 -0.0356572 100
1.6122 -0.2576 -0.0357414 100
1.6146 -0.2349 -0.0357946 100
1.6157 -0.2121 -0.035819 100
1.6146 -0.1891 -0.0357946 100
1.6151 -0.1663 -0.0358057 100
1.6182 -0.1438 -0.0358744 100
1.6171 -0.121 -0.0358501 100
1.6166 -0.0983 -0.035839 100
1.6168 -0.0757 -0.0358434 100
1.6177 -0.0531 -0.0358634 100
1.6213 -0.0306 -0.0359431 100
1.64177 0.0006 -0.0272241 100
1.64257 0.0236 -0.0272374 100
1.64407 0.0466 -0.0272623 100
1.64527 0.0697 -0.0272822 100
1.64717 0.0929 -0.0273137 100
1.64767 0.116 -0.027322 100
1.64987 0.1394 -0.0273584 100
1.65877 0.1636 -0.027506 100
1.63288 -0.3033 -0.0270766 100
1.62608 -0.2785 -0.0269638 100
1.62588 -0.2551 -0.0269605 100
1.62728 -0.2321 -0.0269837 100
1.62838 -0.209 -0.027002 100
1.63118 -0.1862 -0.0270484 100
1.63268 -0.1633 -0.0270733 100
1.63478 -0.1404 -0.0271081 100
1.63757 -0.1176 -0.0271545 100
1.63907 -0.0947 -0.0271794 100
1.63917 -0.0717 -0.027181 100
1.63907 -0.0487 -0.0271794 100
1.63957 -0.0258 -0.0271877 100
1.6459 0.0221 -0.00344716 100
1.6464 0.0451 -0.00344821 100
1.6476 0.0682 -0.00345072 100
1.6505 0.0914 -0.0034568 100
1.654 0.1147 -0.00346413 100
1.6513 0.1377 -0.00345847 100
1.6542 0.1612 -0.00346455 100
1.6332 -0.3078 -0.00342056 100
1.6305 -0.2838 -0.00341491 100
1.6323 -0.2607 -0.00341868 100
1.6328 -0.2375 -0.00341973 100
1.632 -0.2141 -0.00341805 100
1.6319 -0.191 -0.00341784 100
1.6334 -0.1681 -0.00342098 100
1.6356 -0.1453 -0.00342559 100
1.6374 -0.1225 -0.00342936 100
1.639 -0.0996 -0.00343271 100
1.6392 -0.0767 -0.00343313 100
1.6391 -0.0538 -0.00343292 100
1.6397 -0.0309 -0.00343418 100
1.67098 0.0085 -0.00816601 100
1.67368 0.0319 -0.00817921 100
1.67508 0.0553 -0.00818605 100
1.67708 0.0789 -0.00819582 100
1.67688 0.1024 -0.00819485 100
1.67828 0.126 -0.00820169 100
1.68528 0.1502 -0.0082359 100
1.64838 -0.3085 -0.00805557 100
1.65248 -0.2854 -0.00807561 100
1.65538 -0.2621 -0.00808978 100
1.65788 -0.2388 -0.008102 100
1.66008 -0.2155 -0.00811275 100
1.66188 -0.1922 -0.00812154 100
1.66148 -0.1686 -0.00811959 100
1.66368 -0.1454 -0.00813034 100
1.66548 -0.1221 -0.00813914 100
1.66708 -0.0988 -0.00814695 100
1.66628 -0.0754 -0.00814305 100
1.66618 -0.0521 -0.00814256 100
1.66778 -0.0288 -0.00815038 100
1.67174 0.0131 0.0233434 100
1.67344 0.0366 0.0233671 100
1.67374 0.06 0.0233713 100
1.67574 0.0836 0.0233992 100
1.67744 0.1072 0.023423 100
1.67874 0.1309 0.0234411 100
1.68774 0.1554 0.0235668 100
1.65324 -0.2919 0.0230851 100
1.65324 -0.2681 0.0230851 100
1.65584 -0.2447 0.0231214 100
1.65814 -0.2214 0.0231535 100
1.65904 -0.198 0.023166 100
1.66064 -0.1746 0.0231884 100
1.66394 -0.1515 0.0232345 100
1.66594 -0.1282 0.0232624 100
1.66854 -0.1049 0.0232987 100
1.66984 -0.0815 0.0233168 100
1.67084 -0.0582 0.0233308 100
1.67244 -0.0348 0.0233531 100
1.69548 0.021 0.0375877 100
1.69998 0.0448 0.0376874 100
1.69918 0.0685 0.0376697 100
1.69908 0.0923 0.0376675 100
1.70158 0.1163 0.0377229 100
1.70378 0.1404 0.0377717 100
1.71168 0.1651 0.0379468 100
1.67739 -0.2918 0.0371865 100
1.68029 -0.2682 0.0372508 100
1.68189 -0.2444 0.0372863 100
1.68419 -0.2208 0.0373372 100
1.68509 -0.197 0.0373572 100
1.68669 -0.1734 0.0373927 100
1.68799 -0.1497 0.0374215 100
1.68888 -0.1261 0.0374414 100
1.68948 -0.1024 0.0374547 100
1.69078 -0.0788 0.0374835 100
1.69168 -0.0552 0.0375035 100
1.69228 -0.0316 0.0375168 100
1.69696 0.0059 0.0595555 100
1.69765 0.0297 0.0595801 100
1.69815 0.0534 0.0595976 100
1.69915 0.0772 0.0596327 100
1.69995 0.1011 0.0596607 100
1.70035 0.125 0.0596748 100
1.70345 0.1492 0.0597835 100
1.71315 0.1742 0.0601237 100
1.67747 -0.2996 0.0588716 100
1.67747 -0.2755 0.0588716 100
1.67917 -0.2518 0.0589312 100
1.68057 -0.228 0.0589803 100
1.68356 -0.2045 0.0590855 100
1.68726 -0.1811 0.0592153 100
1.68966 -0.1575 0.0592995 100
1.68966 -0.1337 0.0592995 100
1.68936 -0.1099 0.059289 100
1.68976 -0.0863 0.059303 100
1.69176 -0.0627 0.0593731 100
1.69446 -0.0391 0.0594678 100
1.72516 0.0172 0.0774341 100
1.72476 0.0413 0.0774161 100
1.72506 0.0655 0.0774296 100
1.72596 0.0897 0.0774699 100
1.72746 0.114 0.0775372 100
1.72776 0.1384 0.0775506 100
1.73156 0.1631 0.077721 100
1.70638 -0.3098 0.0765911 42
1.70668 -0.2852 0.0766045 100
1.70948 -0.2612 0.0767301 100
1.71098 -0.237 0.0767973 100
1.71308 -0.2129 0.0768915 100
1.71497 -0.1888 0.0769767 100
1.71437 -0.1645 0.0769498 100
1.71457 -0.1403 0.0769588 100
1.71637 -0.1163 0.0770395 100
1.71877 -0.0924 0.0771471 100
1.72087 -0.0683 0.0772412 100
1.72167 -0.0443 0.0772771 100
1.7246 0.0208 0.10669 100
1.7271 0.0451 0.106844 100
1.7273 0.0693 0.106857 100
1.7272 0.0936 0.10685 100
1.7267 0.1179 0.106819 100
1.7279 0.1423 0.106894 100
1.73169 0.1671 0.107128 100
1.70524 -0.2906 0.105492 100
1.70614 -0.2662 0.105548 100
1.70674 -0.2418 0.105585 100
1.71093 -0.218 0.105844 100
1.71382 -0.194 0.106023 100
1.71532 -0.1698 0.106116 100
1.71652 -0.1457 0.10619 100
1.71742 -0.1215 0.106245 100
1.71792 -0.0974 0.106276 100
1.71812 -0.0732 0.106288 100
1.72001 -0.0492 0.106406 100
1.72351 -0.0251 0.106622 100
1.74451 0.0153 0.123824 100
1.7501 0.0398 0.12422 100
1.75239 0.0644 0.124383 100
1.75429 0.0891 0.124518 100
1.75389 0.1138 0.12449 100
1.75419 0.1385 0.124511 100
1.75598 0.1634 0.124638 100
1.72945 -0.2968 0.122755 100
1.73344 -0.2726 0.123038 100
1.73204 -0.2476 0.122939 100
1.72845 -0.2224 0.122684 100
1.73035 -0.1981 0.122819 100
1.73294 -0.1738 0.123003 100
1.73324 -0.1493 0.123024 100
1.73513 -0.1251 0.123158 100
1.73773 -0.1008 0.123343 100
1.73893 -0.0765 0.123428 100
1.73982 -0.0521 0.123491 100
1.74042 -0.0277 0.123534 100
1.74688 0.0101 0.133802 100
1.75456 0.0348 0.13439 100
1.75386 0.0841 0.134337 100
1.75446 0.1088 0.134382 100
1.75576 0.1337 0.134482 100
1.75476 0.1584 0.134405 100
1.75935 0.1837 0.134757 100
1.73153 -0.3042 0.132626 50
1.73263 -0.2794 0.13271 100
1.73143 -0.2543 0.132618 100
1.72884 -0.2292 0.13242 100
1.72894 -0.2045 0.132427 100
1.73063 -0.1801 0.132557 100
1.73193 -0.1557 0.132656 100
1.73392 -0.1314 0.132809 100
1.73761 -0.1072 0.133092 100
1.7399 -0.0828 0.133267 100
1.7419 -0.0584 0.13342 100
1.74559 -0.034 0.133703 100
1.77542 0.0239 0.150647 100
1.77691 0.0489 0.150773 100
1.77711 0.0738 0.15079 100
1.7809 0.099 0.151112 100
1.78329 0.1242 0.151315 100
1.78339 0.1494 0.151323 100
1.78708 0.1749 0.151636 100
1.75768 -0.2981 0.149142 100
1.75579 -0.2725 0.148981 100
1.75639 -0.2474 0.149032 100
1.75868 -0.2227 0.149226 100
1.76067 -0.1979 0.149395 100
1.75928 -0.1728 0.149277 100
1.75848 -0.1479 0.149209 100
1.75938 -0.1232 0.149285 100
1.76396 -0.0987 0.149674 100
1.76516 -0.0739 0.149776 100
1.76795 -0.0493 0.150012 100
1.77185 0.0127 0.180291 100
1.77444 0.0376 0.180554 100
1.77573 0.0626 0.180685 100
1.77872 0.0877 0.180989 100
1.7812 0.1129 0.181242 100
1.77951 0.1378 0.18107 100
1.77941 0.1629 0.18106 100
1.75534 -0.2959 0.17861 100
1.75922 -0.2713 0.179005 100
1.75792 -0.2459 0.178873 100
1.75822 -0.2209 0.178904 100
1.75812 -0.1959 0.178894 100
1.75772 -0.1709 0.178853 100
1.75892 -0.1462 0.178975 100
1.75971 -0.1214 0.179056 100
1.76131 -0.0967 0.179217 100
1.7614 -0.072 0.179228 100
1.7623 -0.0473 0.179319 100
1.80348 0.0044 0.204205 100
1.80526 0.0298 0.204407 100
1.80864 0.0554 0.20479 100
1.81063 0.0809 0.205015 100
1.81033 0.1064 0.204981 100
1.81063 0.1321 0.205015 100
1.80964 0.1576 0.204902 100
1.80825 0.1831 0.204745 100
1.78499 -0.2858 0.202112 100
1.78589 -0.2603 0.202213 100
1.78629 -0.2347 0.202258 100
1.78549 -0.2091 0.202168 100
1.78519 -0.1837 0.202135 100
1.78758 -0.1585 0.202405 100
1.78867 -0.1333 0.202528 100
1.78837 -0.108 0.202495 100
1.79066 -0.0829 0.202753 100
1.79165 -0.0577 0.202866 100
1.79225 -0.0325 0.202933 100
1.80231 0.0079 0.222573 100
1.80598 0.0333 0.223026 100
1.80737 0.0587 0.223198 100
1.80836 0.0842 0.223321 100
1.80896 0.1097 0.223394 100
1.80926 0.1352 0.223431 100
1.81213 0.161 0.223786 100
1.78573 -0.2928 0.220526 100
1.78673 -0.2673 0.220649 100
1.78921 -0.242 0.220955 100
1.78941 -0.2165 0.22098 100
1.7903 -0.1912 0.22109 100
1.79278 -0.166 0.221396 100
1.79189 -0.1406 0.221286 100
1.7897 -0.1152 0.221016 100
1.79119 -0.09 0.2212 100
1.79318 -0.0649 0.221445 100
1.79496 -0.0397 0.221666 100
1.81447 -0.3011 0.217005 100
1.81745 -0.2754 0.217361 100
1.81417 -0.2488 0.216969 100
1.81358 -0.2228 0.216898 100
1.81546 -0.1972 0.217124 100
1.81705 -0.1715 0.217314 100
1.81725 -0.1457 0.217337 100
1.81715 -0.12 0.217325 100
1.81963 -0.0945 0.217622 100
1.82172 -0.0689 0.217872 100
1.82152 -0.0433 0.217848 50
1.81204 -0.2947 0.251441 100
1.81501 -0.2689 0.251853 100
1.8156 -0.2429 0.251936 100
1.81283 -0.2165 0.251551 100
1.81273 -0.1906 0.251537 100
1.81521 -0.165 0.251881 100
1.8163 -0.1393 0.252032 100
1.8161 -0.1135 0.252005 100
1.8165 -0.0879 0.25206 100
1.81749 -0.0622 0.252197 100
1.82115 -0.0366 0.252706 49
