0.48522 0.0055 -0.136298 100
0.485991 0.0126 -0.136514 100
0.485798 0.0196 -0.13646 100
0.486472 0.0267 -0.136649 100
0.48705 0.0338 -0.136812 100
0.486568 0.0408 -0.136677 100
0.485894 0.0479 -0.136487 100
0.487146 0.0551 -0.136839 100
0.487338 0.0623 -0.136893 100
0.487435 0.0694 -0.13692 100
0.488301 0.0768 -0.137163 100
0.49013 0.0843 -0.137677 100
0.491767 0.092 -0.138137 100
0.491382 0.0992 -0.138029 100
0.490997 0.1065 -0.137921 100
0.490419 0.1139 -0.137758 100
0.489842 0.1212 -0.137596 100
0.490034 0.1287 -0.13765 100
0.49013 0.1363 -0.137677 100
0.492826 0.1448 -0.138434 100
0.483776 -0.162 -0.135892 20
0.483199 -0.1541 -0.13573 100
0.48522 -0.1471 -0.136298 100
0.484354 -0.1392 -0.136055 100
0.48522 -0.132 -0.136298 100
0.485124 -0.1245 -0.136271 100
0.486665 -0.1174 -0.136704 100
0.488205 -0.1104 -0.137136 100
0.488686 -0.1031 -0.137271 100
0.489071 -0.0958 -0.13738 100
0.488494 -0.0884 -0.137217 100
0.486761 -0.0809 -0.136731 100
0.483969 -0.0732 -0.135946 100
0.483969 -0.0661 -0.135946 100
0.484739 -0.0591 -0.136163 100
0.484547 -0.052 -0.136109 100
0.48522 -0.045 -0.136298 100
0.484835 -0.0379 -0.13619 100
0.484354 -0.0308 -0.136055 100
0.484643 -0.0238 -0.136136 100
0.484932 -0.0168 -0.136217 100
0.485124 -0.0097 -0.136271 100
0.484258 0.0018 -0.136028 100
0.483969 0.0159 -0.135946 100
0.485702 0.023 -0.136433 100
0.486279 0.0301 -0.136595 100
0.485798 0.0372 -0.13646 100
0.486279 0.0443 -0.136595 100
0.486568 0.0515 -0.136677 100
0.486761 0.0587 -0.136731 100
0.486857 0.0658 -0.136758 100
0.486953 0.0731 -0.136785 100
0.48782 0.0804 -0.137028 100
0.48859 0.0878 -0.137244 100
0.489168 0.0953 -0.137407 100
0.488783 0.1026 -0.137299 100
0.489264 0.1101 -0.137434 100
0.488686 0.1174 -0.137271 100
0.488879 0.125 -0.137326 100
0.490034 0.1328 -0.13765 100
0.489071 0.1402 -0.13738 100
0.489938 0.1481 -0.137623 100
0.47723 -0.1669 -0.134053 9
0.479348 -0.16 -0.134648 100
0.482429 -0.1533 -0.135514 100
0.483488 -0.146 -0.135811 100
0.48445 -0.1387 -0.136082 100
0.485413 -0.1314 -0.136352 100
0.48705 -0.1243 -0.136812 100
0.48782 -0.117 -0.137028 100
0.488398 -0.1097 -0.13719 100
0.487916 -0.1022 -0.137055 100
0.487338 -0.0947 -0.136893 100
0.484739 -0.087 -0.136163 100
0.483969 -0.0796 -0.135946 100
0.485028 -0.0726 -0.136244 100
0.485028 -0.0654 -0.136244 100
0.484835 -0.0582 -0.13619 100
0.485606 -0.0512 -0.136406 100
0.487242 -0.0442 -0.136866 100
0.486761 -0.0371 -0.136731 100
0.486279 -0.03 -0.136595 100
0.487627 -0.0229 -0.136974 100
0.487916 -0.0159 -0.137055 100
0.48705 -0.0088 -0.136812 100
0.485339 0.0059 -0.135874 100
0.485147 0.0129 -0.135821 100
0.485917 0.02 -0.136036 100
0.486591 0.0271 -0.136225 100
0.487073 0.0342 -0.13636 100
0.486591 0.0413 -0.136225 100
0.486013 0.0483 -0.136063 100
0.486302 0.0555 -0.136144 100
0.486398 0.0627 -0.136171 100
0.486495 0.0698 -0.136198 100
0.489287 0.0775 -0.13698 100
0.491117 0.0851 -0.137492 100
0.490828 0.0924 -0.137411 100
0.490443 0.0997 -0.137303 100
0.490058 0.107 -0.137195 100
0.48948 0.1143 -0.137034 100
0.488806 0.1216 -0.136845 100
0.488999 0.1292 -0.136899 100
0.489095 0.1368 -0.136926 100
0.491887 0.1452 -0.137708 100
0.48351 -0.16 -0.135362 30
0.482835 -0.1521 -0.135174 100
0.484858 -0.1451 -0.13574 100
0.485821 -0.1378 -0.136009 100
0.485821 -0.1302 -0.136009 100
0.485628 -0.1227 -0.135955 100
0.487265 -0.1156 -0.136414 100
0.487747 -0.1083 -0.136548 100
0.489191 -0.1013 -0.136953 100
0.489576 -0.094 -0.137061 100
0.488902 -0.0865 -0.136872 100
0.487169 -0.079 -0.136387 100
0.486206 -0.0716 -0.136117 100
0.486206 -0.0644 -0.136117 100
0.485147 -0.0571 -0.135821 100
0.485821 -0.0501 -0.136009 100
0.486495 -0.043 -0.136198 100
0.486976 -0.036 -0.136333 100
0.486495 -0.0289 -0.136198 100
0.485821 -0.0218 -0.136009 100
0.48611 -0.0147 -0.13609 100
0.487169 -0.0077 -0.136387 100
0.488903 0.0029 -0.137977 100
0.489577 0.0171 -0.138167 100
0.489288 0.0242 -0.138086 100
0.487941 0.0312 -0.137705 100
0.486593 0.0381 -0.137325 100
0.486016 0.0452 -0.137162 100
0.485342 0.0522 -0.136972 100
0.485535 0.0593 -0.137026 100
0.486593 0.0666 -0.137325 100
0.490443 0.0743 -0.138412 100
0.491309 0.0817 -0.138656 100
0.490154 0.0888 -0.13833 100
0.488903 0.0959 -0.137977 100
0.488518 0.1031 -0.137868 100
0.488999 0.1106 -0.138004 100
0.489384 0.1181 -0.138113 100
0.489577 0.1257 -0.138167 100
0.490636 0.1335 -0.138466 100
0.489769 0.1408 -0.138222 100
0.491502 0.149 -0.13871 100
0.476969 -0.167 -0.134609 10
0.481011 -0.1607 -0.13575 100
0.484091 -0.154 -0.136619 100
0.484187 -0.1464 -0.136646 100
0.484284 -0.1389 -0.136673 100
0.48515 -0.1316 -0.136918 100
0.484957 -0.1241 -0.136863 100
0.486593 -0.1171 -0.137325 100
0.488133 -0.1101 -0.13776 100
0.488614 -0.1028 -0.137896 100
0.488037 -0.0954 -0.137733 100
0.485439 -0.0876 -0.136999 100
0.483802 -0.0801 -0.136538 100
0.483802 -0.073 -0.136538 100
0.484765 -0.066 -0.136809 100
0.484669 -0.0588 -0.136782 100
0.48438 -0.0517 -0.136701 100
0.484091 -0.0446 -0.136619 100
0.484669 -0.0376 -0.136782 100
0.486112 -0.0307 -0.137189 100
0.485439 -0.0236 -0.136999 100
0.485727 -0.0166 -0.137081 100
0.48592 -0.0096 -0.137135 100
0.491877 0.0058 -0.134747 100
0.491684 0.0129 -0.134694 100
0.492456 0.0201 -0.134905 100
0.493131 0.0273 -0.13509 100
0.491684 0.0344 -0.134694 100
0.490238 0.0415 -0.134298 100
0.490624 0.0487 -0.134403 100
0.49371 0.0563 -0.135249 100
0.495832 0.0638 -0.13583 100
0.495832 0.0712 -0.13583 100
0.494771 0.0784 -0.13554 100
0.49371 0.0856 -0.135249 100
0.49342 0.0929 -0.13517 100
0.493131 0.1003 -0.13509 100
0.493613 0.1079 -0.135223 100
0.493035 0.1152 -0.135064 100
0.493228 0.1229 -0.135117 100
0.49342 0.1305 -0.13517 100
0.491588 0.1377 -0.134668 100
0.492456 0.1456 -0.134905 100
0.479918 -0.1674 -0.131471 15
0.484933 -0.1613 -0.132845 100
0.487055 -0.1543 -0.133426 100
0.488116 -0.1469 -0.133717 100
0.487248 -0.139 -0.133479 100
0.489948 -0.1245 -0.134219 100
0.490624 -0.1171 -0.134403 100
0.491202 -0.1098 -0.134562 100
0.491684 -0.1024 -0.134694 100
0.491106 -0.0949 -0.134536 100
0.491395 -0.0876 -0.134615 100
0.493517 -0.0806 -0.135196 100
0.493613 -0.0733 -0.135223 100
0.49072 -0.0656 -0.13443 100
0.488695 -0.0581 -0.133875 100
0.48937 -0.051 -0.13406 100
0.490045 -0.0438 -0.134245 100
0.490624 -0.0367 -0.134403 100
0.490045 -0.0295 -0.134245 100
0.489466 -0.0223 -0.134086 100
0.489755 -0.0152 -0.134166 100
0.489852 -0.0081 -0.134192 100
0.489495 0.0058 -0.132076 100
0.490267 0.0128 -0.132284 100
0.490074 0.0199 -0.132232 100
0.489784 0.027 -0.132154 100
0.490364 0.0341 -0.13231 100
0.491715 0.0414 -0.132675 100
0.493067 0.0486 -0.13304 100
0.494225 0.056 -0.133352 100
0.495384 0.0633 -0.133665 100
0.494515 0.0705 -0.13343 100
0.494419 0.0778 -0.133404 100
0.495287 0.0852 -0.133639 100
0.494998 0.0925 -0.133561 100
0.493743 0.0997 -0.133222 100
0.49326 0.107 -0.133092 100
0.492681 0.1143 -0.132935 100
0.493936 0.1221 -0.133274 100
0.495094 0.13 -0.133587 100
0.49326 0.1371 -0.133092 100
0.49326 0.1448 -0.133092 100
0.486791 -0.1599 -0.131346 18
0.488046 -0.1526 -0.131685 100
0.489108 -0.1453 -0.131972 100
0.490074 -0.1379 -0.132232 100
0.489977 -0.1303 -0.132206 100
0.49075 -0.123 -0.132414 100
0.491426 -0.1157 -0.132597 100
0.491039 -0.1082 -0.132493 100
0.491522 -0.1009 -0.132623 100
0.492874 -0.0938 -0.132988 100
0.493067 -0.0865 -0.13304 100
0.494225 -0.0794 -0.133352 100
0.493356 -0.0719 -0.133118 100
0.489495 -0.0642 -0.132076 100
0.488336 -0.0569 -0.131763 100
0.489108 -0.0498 -0.131972 100
0.489688 -0.0428 -0.132128 100
0.49017 -0.0357 -0.132258 100
0.490653 -0.0286 -0.132388 100
0.490943 -0.0215 -0.132467 100
0.491233 -0.0145 -0.132545 100
0.490364 -0.0073 -0.13231 100
0.501804 0.0015 -0.132489 100
0.500741 0.0088 -0.132208 100
0.499677 0.016 -0.131927 100
0.500354 0.0233 -0.132106 100
0.500934 0.0306 -0.132259 100
0.500451 0.0378 -0.132131 100
0.500838 0.0451 -0.132233 100
0.500257 0.0524 -0.13208 100
0.500451 0.0597 -0.132131 100
0.500548 0.0671 -0.132157 100
0.500548 0.0744 -0.132157 100
0.498324 0.0889 -0.13157 100
0.498034 0.0963 -0.131493 100
0.498517 0.1039 -0.131621 100
0.499001 0.1115 -0.131748 100
0.49842 0.1189 -0.131595 100
0.498614 0.1266 -0.131646 100
0.499677 0.1346 -0.131927 100
0.498711 0.142 -0.131672 100
0.500451 0.1504 -0.132131 100
0.491072 -0.1615 -0.129655 37
0.493199 -0.1544 -0.130217 100
0.495326 -0.1472 -0.130778 100
0.494456 -0.1393 -0.130549 100
0.495326 -0.1319 -0.130778 100
0.4961 -0.1244 -0.130983 100
0.49494 -0.1166 -0.130676 100
0.49552 -0.1092 -0.130829 100
0.496003 -0.1018 -0.130957 100
0.497357 -0.0947 -0.131315 100
0.497647 -0.0873 -0.131391 100
0.498711 -0.0801 -0.131672 100
0.499774 -0.0729 -0.131953 100
0.498807 -0.0654 -0.131697 100
0.498614 -0.058 -0.131646 100
0.499387 -0.0508 -0.131851 100
0.500064 -0.0436 -0.132029 100
0.500548 -0.0363 -0.132157 100
0.501031 -0.0291 -0.132285 100
0.501321 -0.0218 -0.132361 100
0.501611 -0.0146 -0.132438 100
0.50107 0.0062 -0.127349 100
0.500876 0.0134 -0.127299 100
0.501652 0.0207 -0.127497 100
0.502233 0.0279 -0.127644 100
0.501845 0.0352 -0.127546 100
0.501361 0.0424 -0.127423 100
0.499713 0.0495 -0.127004 100
0.499035 0.0567 -0.126831 100
0.500101 0.0641 -0.127102 100
0.500198 0.0714 -0.127127 100
0.499132 0.0786 -0.126856 100
0.499035 0.0859 -0.126831 100
0.498744 0.0933 -0.126758 100
0.499326 0.1008 -0.126905 100
0.500779 0.1086 -0.127275 100
0.502136 0.1165 -0.12762 100
0.501458 0.1239 -0.127447 100
0.500682 0.1313 -0.12725 100
0.500682 0.139 -0.12725 100
0.501555 0.1471 -0.127472 100
0.490409 -0.1675 -0.124639 15
0.49351 -0.1608 -0.125427 100
0.495643 -0.1536 -0.125969 100
0.496709 -0.1462 -0.12624 100
0.494964 -0.138 -0.125797 100
0.493026 -0.1299 -0.125304 100
0.494674 -0.1228 -0.125723 100
0.495352 -0.1155 -0.125895 100
0.495933 -0.1081 -0.126043 100
0.497387 -0.101 -0.126413 100
0.497678 -0.0936 -0.126487 100
0.497969 -0.0863 -0.12656 100
0.498163 -0.079 -0.12661 100
0.499132 -0.0718 -0.126856 100
0.499132 -0.0645 -0.126856 100
0.499907 -0.0573 -0.127053 100
0.499713 -0.05 -0.127004 100
0.500295 -0.0428 -0.127152 100
0.501845 -0.0357 -0.127546 100
0.501652 -0.0212 -0.127497 100
0.501845 -0.014 -0.127546 100
0.50622 0.007 -0.123216 100
0.506026 0.0143 -0.123169 100
0.506803 0.0216 -0.123358 100
0.506414 0.0289 -0.123263 100
0.5069 0.0362 -0.123382 100
0.507386 0.0436 -0.1235 100
0.506706 0.0509 -0.123334 100
0.506997 0.0583 -0.123405 100
0.507095 0.0657 -0.123429 100
0.506123 0.073 -0.123192 100
0.506026 0.0804 -0.123169 100
0.506803 0.088 -0.123358 100
0.508455 0.0958 -0.12376 100
0.509912 0.1037 -0.124115 100
0.509426 0.1113 -0.123996 100
0.509815 0.119 -0.124091 100
0.51001 0.1268 -0.124138 100
0.508261 0.1341 -0.123713 100
0.50622 0.1492 -0.123216 100
0.488439 -0.1647 -0.118888 26
0.497184 -0.1597 -0.121017 100
0.501168 -0.1531 -0.121986 100
0.501265 -0.1453 -0.12201 100
0.501362 -0.1376 -0.122033 100
0.503111 -0.1304 -0.122459 100
0.503888 -0.1229 -0.122648 100
0.503694 -0.1152 -0.122601 100
0.502334 -0.1073 -0.12227 100
0.502722 -0.0999 -0.122365 100
0.503111 -0.0925 -0.122459 100
0.502431 -0.0849 -0.122294 100
0.502528 -0.0775 -0.122317 100
0.502625 -0.0702 -0.122341 100
0.502528 -0.0628 -0.122317 100
0.503305 -0.0556 -0.122506 100
0.504083 -0.0483 -0.122696 100
0.504665 -0.0411 -0.122838 100
0.506123 -0.0339 -0.123192 100
0.506512 -0.0266 -0.123287 100
0.505831 -0.0193 -0.123121 100
0.506123 -0.012 -0.123192 100
0.507662 0.0067 -0.121504 100
0.50844 0.0141 -0.12169 100
0.508246 0.0214 -0.121644 100
0.507857 0.0287 -0.121551 100
0.507468 0.036 -0.121458 100
0.507857 0.0434 -0.121551 100
0.507176 0.0507 -0.121388 100
0.505522 0.0578 -0.120992 100
0.504647 0.0651 -0.120783 100
0.505717 0.0726 -0.121039 100
0.50562 0.08 -0.121015 100
0.504453 0.0873 -0.120736 100
0.505133 0.0949 -0.120899 100
0.50669 0.1027 -0.121271 100
0.508051 0.1106 -0.121597 100
0.507468 0.1181 -0.121458 100
0.506787 0.1257 -0.121295 100
0.506884 0.1334 -0.121318 100
0.505911 0.141 -0.121085 100
0.506787 0.1491 -0.121295 100
0.501827 -0.1591 -0.120107 52
0.502994 -0.1516 -0.120387 100
0.505036 -0.1443 -0.120876 100
0.505036 -0.1366 -0.120876 100
0.505911 -0.129 -0.121085 100
0.50669 -0.1215 -0.121271 100
0.50737 -0.114 -0.121434 100
0.505036 -0.1059 -0.120876 100
0.503577 -0.0981 -0.120526 100
0.502021 -0.0903 -0.120154 100
0.502216 -0.0829 -0.120201 100
0.503286 -0.0757 -0.120457 100
0.503286 -0.0683 -0.120457 100
0.504161 -0.0611 -0.120666 100
0.503966 -0.0537 -0.12062 100
0.504647 -0.0465 -0.120783 100
0.504258 -0.0391 -0.120689 100
0.503772 -0.0318 -0.120573 100
0.505133 -0.0246 -0.120899 100
0.505425 -0.0174 -0.120969 100
0.504647 -0.0101 -0.120783 100
0.511913 0.0006 -0.116492 100
0.511815 0.0079 -0.116469 100
0.512693 0.0153 -0.116669 100
0.5124 0.0226 -0.116603 100
0.512985 0.03 -0.116736 100
0.512595 0.0373 -0.116647 100
0.512985 0.0447 -0.116736 100
0.512303 0.052 -0.11658 100
0.51162 0.0593 -0.116425 100
0.511718 0.0667 -0.116447 100
0.513668 0.0744 -0.116891 100
0.514546 0.0821 -0.117091 100
0.515228 0.0897 -0.117246 100
0.514935 0.0972 -0.11718 100
0.514546 0.1048 -0.117091 100
0.514058 0.1123 -0.11698 100
0.515326 0.1203 -0.117268 100
0.517373 0.1286 -0.117734 100
0.516593 0.1362 -0.117557 100
0.519323 0.1449 -0.118178 100
0.51435 -0.1626 -0.117046 23
0.51279 -0.1541 -0.116691 100
0.513863 -0.1465 -0.116935 100
0.51201 -0.1382 -0.116514 100
0.51201 -0.1304 -0.116514 100
0.511815 -0.1226 -0.116469 100
0.512498 -0.1151 -0.116625 100
0.51201 -0.1073 -0.116514 100
0.511523 -0.0996 -0.116403 100
0.511913 -0.0922 -0.116492 100
0.512108 -0.0847 -0.116536 100
0.51318 -0.0774 -0.11678 100
0.512303 -0.0698 -0.11658 100
0.51123 -0.0622 -0.116336 100
0.512985 -0.055 -0.116736 100
0.513668 -0.0477 -0.116891 100
0.5124 -0.0402 -0.116603 100
0.512888 -0.0329 -0.116714 100
0.513278 -0.0256 -0.116802 100
0.512595 -0.0182 -0.116647 100
0.511815 -0.0109 -0.116469 100
0.513808 0.0005 -0.112592 100
0.511757 0.0078 -0.112143 100
0.512636 0.0151 -0.112335 100
0.51332 0.0225 -0.112485 100
0.514004 0.0299 -0.112635 100
0.514492 0.0373 -0.112742 100
0.514883 0.0448 -0.112828 100
0.515176 0.0522 -0.112892 100
0.514394 0.0596 -0.112721 100
0.515469 0.0672 -0.112956 100
0.515469 0.0747 -0.112956 100
0.514394 0.082 -0.112721 100
0.515176 0.0897 -0.112892 100
0.514883 0.0973 -0.112828 100
0.514492 0.1048 -0.112742 100
0.514883 0.1126 -0.112828 100
0.51713 0.1208 -0.11332 100
0.516348 0.1284 -0.113149 100
0.516446 0.1363 -0.11317 100
0.518302 0.1447 -0.113577 100
0.512734 -0.1641 -0.112357 16
0.511269 -0.1556 -0.112036 100
0.51332 -0.1483 -0.112485 100
0.511464 -0.1399 -0.112078 100
0.512441 -0.1323 -0.112292 100
0.513222 -0.1248 -0.112464 100
0.512929 -0.117 -0.112399 100
0.511659 -0.109 -0.112121 100
0.511171 -0.1013 -0.112014 100
0.512441 -0.094 -0.112292 100
0.512734 -0.0865 -0.112357 100
0.512929 -0.079 -0.112399 100
0.513906 -0.0716 -0.112613 100
0.514883 -0.0643 -0.112828 100
0.514687 -0.0568 -0.112785 100
0.514492 -0.0493 -0.112742 100
0.513125 -0.0418 -0.112442 100
0.513711 -0.0345 -0.112571 100
0.515078 -0.0272 -0.11287 100
0.516348 -0.0199 -0.113149 100
0.513711 -0.0124 -0.112571 100
0.522114 0.0002 -0.107175 100
0.522016 0.0076 -0.107154 100
0.523877 0.0152 -0.107536 100
0.524563 0.0227 -0.107677 100
0.524269 0.0302 -0.107617 100
0.524759 0.0377 -0.107717 100
0.52515 0.0453 -0.107798 100
0.524465 0.0528 -0.107657 100
0.523681 0.0603 -0.107496 100
0.523779 0.0679 -0.107516 100
0.523779 0.0755 -0.107516 100
0.523681 0.0831 -0.107496 100
0.525346 0.0911 -0.107838 100
0.526914 0.0991 -0.10816 100
0.527501 0.107 -0.10828 100
0.527893 0.115 -0.108361 100
0.528187 0.1229 -0.108421 100
0.527403 0.1307 -0.10826 100
0.526522 0.1385 -0.108079 100
0.525444 0.1462 -0.107858 100
0.526228 0.1545 -0.108019 50
0.518097 -0.1613 -0.10635 12
0.519371 -0.1536 -0.106612 100
0.521428 -0.1462 -0.107034 100
0.522407 -0.1385 -0.107235 100
0.521428 -0.1303 -0.107034 100
0.521232 -0.1224 -0.106994 100
0.522897 -0.1149 -0.107335 100
0.523387 -0.1073 -0.107436 100
0.521036 -0.099 -0.106953 100
0.52035 -0.0913 -0.106813 100
0.521526 -0.0838 -0.107054 100
0.522701 -0.0764 -0.107295 100
0.521722 -0.0686 -0.107094 100
0.521624 -0.0611 -0.107074 100
0.521428 -0.0535 -0.107034 100
0.521134 -0.046 -0.106973 100
0.521722 -0.0385 -0.107094 100
0.522212 -0.0311 -0.107195 100
0.522603 -0.0236 -0.107275 100
0.521918 -0.0161 -0.107134 100
0.521036 -0.0086 -0.106953 100
0.525737 0.0033 -0.104385 100
0.525639 0.0108 -0.104365 100
0.526424 0.0183 -0.104521 100
0.52613 0.0258 -0.104463 100
0.525737 0.0332 -0.104385 100
0.525247 0.0407 -0.104288 100
0.525541 0.0483 -0.104346 100
0.526816 0.056 -0.104599 100
0.527012 0.0636 -0.104638 100
0.527012 0.0712 -0.104638 100
0.526914 0.0788 -0.104619 100
0.526816 0.0865 -0.104599 100
0.527503 0.0943 -0.104735 100
0.529072 0.1024 -0.105047 100
0.529465 0.1103 -0.105125 100
0.529857 0.1183 -0.105203 100
0.52917 0.126 -0.105067 100
0.528288 0.1338 -0.104891 100
0.527405 0.1415 -0.104716 100
0.526326 0.1493 -0.104502 100
0.512202 -0.1627 -0.101697 12
0.518185 -0.1566 -0.102885 100
0.522108 -0.1497 -0.103664 100
0.522304 -0.1418 -0.103703 100
0.523187 -0.1341 -0.103879 100
0.523089 -0.1261 -0.103859 100
0.520931 -0.1178 -0.103431 100
0.520539 -0.11 -0.103353 100
0.521029 -0.1024 -0.10345 100
0.520441 -0.0946 -0.103333 100
0.520735 -0.087 -0.103392 100
0.521912 -0.0796 -0.103625 100
0.521912 -0.072 -0.103625 100
0.520931 -0.0644 -0.103431 100
0.520833 -0.0568 -0.103411 100
0.52152 -0.0494 -0.103547 100
0.521225 -0.0419 -0.103489 100
0.522697 -0.0345 -0.103781 100
0.525051 -0.0272 -0.104249 100
0.525345 -0.0197 -0.104307 100
0.525639 -0.0123 -0.104365 100
0.533364 0.0042 -0.101841 100
0.533266 0.0118 -0.101822 100
0.534052 0.0194 -0.101972 100
0.532677 0.027 -0.10171 100
0.533266 0.0346 -0.101822 100
0.536606 0.0425 -0.10246 100
0.536999 0.0503 -0.102535 100
0.537195 0.058 -0.102573 100
0.535427 0.0733 -0.102235 100
0.534346 0.0809 -0.102029 100
0.53415 0.0887 -0.101991 100
0.533855 0.0965 -0.101935 100
0.533462 0.1042 -0.10186 100
0.533855 0.1122 -0.101935 100
0.533266 0.1201 -0.101822 100
0.53248 0.1279 -0.101672 100
0.532578 0.1359 -0.101691 100
0.533561 0.1443 -0.101879 100
0.53248 0.1521 -0.101672 100
0.532185 0.1603 -0.101616 41
0.525703 -0.1648 -0.100378 34
0.525997 -0.1567 -0.100435 100
0.527176 -0.1489 -0.10066 100
0.528256 -0.1411 -0.100866 100
0.528256 -0.1331 -0.100866 100
0.529042 -0.1254 -0.101016 100
0.52973 -0.1176 -0.101147 100
0.530319 -0.1098 -0.10126 100
0.53081 -0.1021 -0.101354 100
0.532185 -0.0945 -0.101616 100
0.531498 -0.0866 -0.101485 100
0.52973 -0.0786 -0.101147 100
0.529828 -0.0709 -0.101166 100
0.531694 -0.0635 -0.101522 100
0.531498 -0.0558 -0.101485 100
0.530319 -0.048 -0.10126 100
0.528944 -0.0403 -0.100997 100
0.528453 -0.0327 -0.100903 100
0.527864 -0.0251 -0.100791 100
0.52914 -0.0176 -0.101035 100
0.531301 -0.0101 -0.101447 100
0.532416 0.0012 -0.0959887 100
0.532318 0.0088 -0.095971 100
0.533204 0.0163 -0.0961306 100
0.532908 0.0239 -0.0960774 100
0.533499 0.0315 -0.0961839 100
0.536943 0.0393 -0.0968049 100
0.538321 0.0471 -0.0970533 100
0.537632 0.0547 -0.0969291 100
0.537731 0.0624 -0.0969468 100
0.536845 0.0701 -0.0967871 100
0.535861 0.0777 -0.0966097 100
0.535664 0.0854 -0.0965742 100
0.535467 0.0931 -0.0965387 100
0.536058 0.1011 -0.0966452 100
0.535566 0.1089 -0.0965565 100
0.535959 0.1169 -0.0966274 100
0.53714 0.1251 -0.0968403 100
0.536353 0.1329 -0.0966984 100
0.535467 0.1408 -0.0965387 100
0.537239 0.1494 -0.0968581 100
0.528283 -0.1665 -0.0952435 12
0.527692 -0.1581 -0.095137 100
0.529759 -0.1507 -0.0955096 100
0.530842 -0.1429 -0.0957048 100
0.531826 -0.1351 -0.0958822 100
0.531629 -0.1271 -0.0958467 100
0.531432 -0.1191 -0.0958113 100
0.532023 -0.1114 -0.0959177 100
0.533499 -0.1038 -0.0961839 100
0.533991 -0.0961 -0.0962726 100
0.535172 -0.0885 -0.0964855 100
0.536353 -0.0809 -0.0966984 100
0.536451 -0.0732 -0.0967162 100
0.537435 -0.0656 -0.0968936 100
0.536254 -0.0578 -0.0966807 100
0.533105 -0.0498 -0.0961129 100
0.531826 -0.0421 -0.0958822 100
0.533302 -0.0346 -0.0961484 100
0.532712 -0.027 -0.0960419 100
0.533105 -0.0195 -0.0961129 100
0.534286 -0.0119 -0.0963258 100
0.54427 0.0005 -0.0920564 100
0.544171 0.0082 -0.0920397 100
0.544073 0.0159 -0.092023 100
0.544763 0.0237 -0.0921397 100
0.545354 0.0315 -0.0922398 100
0.544861 0.0392 -0.0921564 100
0.54427 0.0469 -0.0920564 100
0.544566 0.0547 -0.0921064 100
0.544763 0.0626 -0.0921397 100
0.544763 0.0704 -0.0921397 100
0.543777 0.0781 -0.091973 100
0.54358 0.086 -0.0919396 100
0.544368 0.094 -0.092073 100
0.544861 0.1021 -0.0921564 100
0.545354 0.1102 -0.0922398 100
0.546735 0.1186 -0.0924733 100
0.545946 0.1265 -0.0923399 100
0.546045 0.1347 -0.0923565 100
0.547031 0.1432 -0.0925233 100
0.545946 0.1512 -0.0923399 100
0.547622 0.1601 -0.0926234 46
0.542199 -0.168 -0.0917061 14
0.54072 -0.1592 -0.091456 49
0.540917 -0.151 -0.0914893 100
0.540129 -0.1425 -0.0913559 100
0.538157 -0.1339 -0.0910224 100
0.538058 -0.1258 -0.0910057 100
0.537762 -0.1177 -0.0909557 100
0.538452 -0.1099 -0.0910724 100
0.539833 -0.1022 -0.0913059 100
0.540227 -0.0944 -0.0913726 100
0.541509 -0.0867 -0.0915894 100
0.541706 -0.0789 -0.0916228 100
0.541706 -0.0711 -0.0916228 100
0.542692 -0.0634 -0.0917895 100
0.543481 -0.0557 -0.0919229 100
0.544171 -0.048 -0.0920397 100
0.543777 -0.0402 -0.091973 100
0.54427 -0.0325 -0.0920564 100
0.543678 -0.0247 -0.0919563 100
0.543974 -0.017 -0.0920063 100
0.545157 -0.0093 -0.0922064 100
0.543742 0.0001 -0.0891386 100
0.542656 0.0078 -0.0889607 100
0.543545 0.0155 -0.0891063 100
0.544235 0.0232 -0.0892195 100
0.544827 0.0309 -0.0893166 100
0.545321 0.0387 -0.0893975 100
0.544827 0.0464 -0.0893166 100
0.544137 0.0541 -0.0892033 100
0.543249 0.0618 -0.0890577 100
0.543347 0.0696 -0.0890739 100
0.543347 0.0774 -0.0890739 100
0.54315 0.0852 -0.0890415 100
0.543939 0.0933 -0.089171 100
0.544531 0.1013 -0.089268 100
0.544038 0.1092 -0.0891871 100
0.544433 0.1173 -0.0892519 100
0.546604 0.1258 -0.0896078 100
0.546702 0.134 -0.0896239 100
0.547689 0.1425 -0.0897857 100
0.552327 0.1521 -0.0905461 100
0.539696 -0.1676 -0.0884753 10
0.539104 -0.1591 -0.0883783 100
0.540288 -0.1512 -0.0885724 100
0.539499 -0.1428 -0.088443 100
0.537525 -0.1342 -0.0881194 100
0.538413 -0.1264 -0.088265 100
0.539104 -0.1185 -0.0883783 100
0.538709 -0.1105 -0.0883135 100
0.539203 -0.1027 -0.0883944 100
0.539597 -0.0949 -0.0884592 100
0.539893 -0.0871 -0.0885077 100
0.541078 -0.0794 -0.0887018 100
0.541078 -0.0717 -0.0887018 100
0.542064 -0.064 -0.0888636 100
0.541867 -0.0562 -0.0888312 100
0.54167 -0.0485 -0.0887989 100
0.542262 -0.0408 -0.0888959 100
0.542755 -0.0331 -0.0889768 100
0.54315 -0.0255 -0.0890415 100
0.544433 -0.0178 -0.0892519 100
0.543643 -0.0101 -0.0891224 100
0.549603 0.0057 -0.084101 100
0.549405 0.0135 -0.0840708 100
0.549207 0.0212 -0.0840405 100
0.547823 0.0289 -0.0838287 100
0.548416 0.0367 -0.0839195 100
0.5498 0.0446 -0.0841313 100
0.549108 0.0524 -0.0840254 100
0.549306 0.0603 -0.0840556 100
0.549405 0.0681 -0.0840708 100
0.549405 0.076 -0.0840708 100
0.548318 0.0838 -0.0839044 100
0.549998 0.092 -0.0841615 100
0.551678 0.1003 -0.0844187 100
0.552173 0.1085 -0.0844943 100
0.55158 0.1164 -0.0844035 100
0.552766 0.1249 -0.084585 100
0.55583 0.1338 -0.085054 100
0.554842 0.1419 -0.0849027 100
0.55672 0.1508 -0.0851901 100
0.545253 -0.1693 -0.0834355 9
0.547527 -0.1616 -0.0837834 100
0.549701 -0.1539 -0.0841161 100
0.548911 -0.1453 -0.0839951 100
0.547032 -0.1366 -0.0837077 100
0.546934 -0.1284 -0.0836926 100
0.546736 -0.1203 -0.0836624 100
0.545451 -0.1119 -0.0834657 100
0.545945 -0.104 -0.0835413 100
0.546341 -0.0961 -0.0836018 100
0.546637 -0.0883 -0.0836472 100
0.546835 -0.0804 -0.0836775 100
0.545945 -0.0724 -0.0835413 100
0.545846 -0.0646 -0.0835262 100
0.546736 -0.0569 -0.0836624 100
0.547428 -0.0491 -0.0837682 100
0.549108 -0.0415 -0.0840254 100
0.548614 -0.0336 -0.0839498 100
0.548021 -0.0258 -0.083859 100
0.548318 -0.0181 -0.0839044 100
0.549504 -0.0104 -0.0840859 100
0.549201 0.0002 -0.0800218 100
0.549102 0.0079 -0.0800074 100
0.549992 0.0157 -0.0801372 100
0.549696 0.0234 -0.0800939 100
0.550289 0.0312 -0.0801804 100
0.548805 0.0389 -0.0799642 100
0.548211 0.0466 -0.0798777 100
0.549498 0.0545 -0.0800651 100
0.550685 0.0625 -0.0802381 100
0.549794 0.0702 -0.0801084 100
0.548706 0.0779 -0.0799498 100
0.549597 0.086 -0.0800795 100
0.551279 0.0942 -0.0803246 100
0.552862 0.1025 -0.0805553 100
0.553357 0.1106 -0.0806274 100
0.553654 0.1188 -0.0806707 100
0.555831 0.1275 -0.0809879 100
0.55593 0.1358 -0.0810023 100
0.55593 0.1441 -0.0810023 100
0.553951 0.1519 -0.0807139 100
0.553654 0.1602 -0.0806707 48
0.546529 -0.167 -0.0796325 36
0.545935 -0.1585 -0.079546 100
0.547123 -0.1505 -0.0797191 100
0.546232 -0.1421 -0.0795893 100
0.546232 -0.1339 -0.0795893 100
0.547024 -0.126 -0.0797046 100
0.545836 -0.1177 -0.0795316 100
0.544451 -0.1094 -0.0793298 100
0.545935 -0.1017 -0.079546 100
0.547321 -0.094 -0.0797479 100
0.547519 -0.0861 -0.0797767 100
0.547716 -0.0783 -0.0798056 100
0.547716 -0.0704 -0.0798056 100
0.548706 -0.0627 -0.0799498 100
0.549498 -0.055 -0.0800651 100
0.548211 -0.0471 -0.0798777 100
0.54831 -0.0316 -0.0798921 100
0.548706 -0.0239 -0.0799498 100
0.549003 -0.0161 -0.079993 100
0.549102 -0.0084 -0.0800074 100
0.562704 0.0064 -0.0773811 100
0.562506 0.0144 -0.0773538 100
0.562308 0.0223 -0.0773266 100
0.561912 0.0302 -0.0772721 100
0.562407 0.0382 -0.0773402 100
0.563794 0.0463 -0.077531 100
0.564091 0.0544 -0.0775718 100
0.564289 0.0624 -0.0775991 100
0.566271 0.0707 -0.0778715 100
0.569243 0.0793 -0.0782802 100
0.570035 0.0876 -0.0783892 100
0.569738 0.0958 -0.0783484 100
0.568351 0.1038 -0.0781576 100
0.568747 0.1122 -0.0782121 100
0.568153 0.1204 -0.0781304 100
0.568351 0.1288 -0.0781576 100
0.56746 0.1371 -0.078035 100
0.56746 0.1455 -0.078035 100
0.56637 0.1538 -0.0778852 100
0.568946 0.1631 -0.0782394 47
0.56003 -0.1618 -0.0770133 30
0.561317 -0.1536 -0.0771904 100
0.563299 -0.1457 -0.0774628 100
0.563398 -0.1372 -0.0774765 100
0.564289 -0.129 -0.0775991 100
0.564091 -0.1207 -0.0775718 100
0.564686 -0.1125 -0.0776536 100
0.566172 -0.1045 -0.0778579 100
0.567559 -0.0965 -0.0780486 100
0.565974 -0.0881 -0.0778307 100
0.565082 -0.0798 -0.0777081 100
0.566172 -0.0718 -0.0778579 100
0.565181 -0.0636 -0.0777217 100
0.563002 -0.0553 -0.077422 100
0.563695 -0.0474 -0.0775173 100
0.563299 -0.0394 -0.0774628 100
0.563794 -0.0314 -0.077531 100
0.56419 -0.0235 -0.0775854 100
0.564488 -0.0155 -0.0776263 100
0.5646 0.0057 -0.0706249 100
0.564402 0.0136 -0.0706 100
0.565195 0.0216 -0.0706993 100
0.565791 0.0296 -0.0707738 100
0.566386 0.0376 -0.0708483 100
0.565791 0.0456 -0.0707738 100
0.568073 0.0538 -0.0710593 100
0.570256 0.0621 -0.0713324 100
0.571248 0.0704 -0.0714565 100
0.570256 0.0784 -0.0713324 100
0.57105 0.0867 -0.0714317 100
0.571744 0.0951 -0.0715185 100
0.571347 0.1033 -0.0714689 100
0.569859 0.1113 -0.0712827 100
0.569264 0.1195 -0.0712082 100
0.569462 0.1279 -0.0712331 100
0.571546 0.1369 -0.0714937 100
0.568569 0.1446 -0.0711214 100
0.567478 0.1529 -0.0709848 100
0.562715 -0.1662 -0.070389 40
0.562119 -0.1575 -0.0703146 100
0.56331 -0.1493 -0.0704635 100
0.563409 -0.1409 -0.0704759 100
0.564302 -0.1327 -0.0705876 100
0.564203 -0.1243 -0.0705752 100
0.565791 -0.1164 -0.0707738 100
0.565394 -0.1081 -0.0707242 100
0.563905 -0.0996 -0.070538 100
0.56331 -0.0913 -0.0704635 100
0.563508 -0.0832 -0.0704883 100
0.563608 -0.0752 -0.0705008 100
0.5646 -0.0672 -0.0706249 100
0.564501 -0.0592 -0.0706125 100
0.564302 -0.0511 -0.0705876 100
0.563012 -0.043 -0.0704263 100
0.561524 -0.035 -0.0702401 100
0.561028 -0.027 -0.070178 100
0.559341 -0.0191 -0.069967 100
0.559539 -0.0112 -0.0699919 100
0.576168 0.0054 -0.066563 100
0.575969 0.0135 -0.06654 100
0.57577 0.0216 -0.0665171 100
0.575373 0.0297 -0.0664712 100
0.574976 0.0378 -0.0664253 100
0.575373 0.046 -0.0664712 100
0.576665 0.0543 -0.0666204 100
0.57577 0.0624 -0.0665171 100
0.57587 0.0707 -0.0665286 100
0.57587 0.0789 -0.0665286 100
0.575671 0.0872 -0.0665056 100
0.575373 0.0954 -0.0664712 100
0.575969 0.1039 -0.06654 100
0.576367 0.1124 -0.0665859 100
0.576665 0.1209 -0.0666204 100
0.575969 0.1293 -0.06654 100
0.575075 0.1376 -0.0664367 100
0.575969 0.1464 -0.06654 100
0.573883 0.1545 -0.066299 100
0.570704 0.1623 -0.0659318 47
0.568221 -0.1638 -0.0656449 21
0.570505 -0.1558 -0.0659088 100
0.572592 -0.1477 -0.0661498 100
0.573585 -0.1394 -0.0662646 100
0.572592 -0.1306 -0.0661498 100
0.572393 -0.1221 -0.0661269 100
0.572095 -0.1136 -0.0660925 100
0.571698 -0.1052 -0.0660466 100
0.572095 -0.097 -0.0660925 100
0.5714 -0.0886 -0.0660121 100
0.571598 -0.0804 -0.0660351 100
0.572691 -0.0723 -0.0661613 100
0.573585 -0.0642 -0.0662646 100
0.573486 -0.056 -0.0662531 100
0.574181 -0.048 -0.0663335 100
0.573784 -0.0398 -0.0662876 100
0.57428 -0.0317 -0.0663449 100
0.573684 -0.0235 -0.0662761 100
0.573982 -0.0155 -0.0663105 100
0.575668 0.0023 -0.0620293 100
0.576563 0.0104 -0.0621257 100
0.576364 0.0185 -0.0621043 100
0.576065 0.0266 -0.0620721 100
0.575668 0.0347 -0.0620293 100
0.576065 0.0429 -0.0620721 100
0.577457 0.0512 -0.0622221 100
0.577656 0.0594 -0.0622435 100
0.575767 0.0674 -0.06204 100
0.573779 0.0753 -0.0618257 100
0.574674 0.0837 -0.0619222 100
0.578352 0.0925 -0.0623185 100
0.577955 0.1008 -0.0622757 100
0.576563 0.1089 -0.0621257 100
0.576861 0.1174 -0.0621578 100
0.578153 0.1262 -0.0622971 100
0.577259 0.1345 -0.0622007 100
0.577259 0.1431 -0.0622007 100
0.576165 0.1514 -0.0620829 100
0.57696 0.1603 -0.0621686 100
0.558865 -0.1726 -0.0602188 11
0.566024 -0.1661 -0.0609901 45
0.570199 -0.1586 -0.0614401 100
0.569404 -0.1499 -0.0613544 100
0.570498 -0.1416 -0.0614722 100
0.570498 -0.1331 -0.0614722 100
0.571293 -0.1249 -0.0615579 100
0.571989 -0.1166 -0.0616329 100
0.572586 -0.1084 -0.0616972 100
0.572088 -0.1 -0.0616436 100
0.573381 -0.0919 -0.0617829 100
0.573679 -0.0837 -0.061815 100
0.573779 -0.0755 -0.0618257 100
0.573779 -0.0673 -0.0618257 100
0.574674 -0.0593 -0.0619222 100
0.574375 -0.0511 -0.06189 100
0.575071 -0.043 -0.061965 100
0.575568 -0.0349 -0.0620186 100
0.576364 -0.0187 -0.0621043 100
0.576563 -0.0106 -0.0621257 100
0.587263 0.0077 -0.0557195 100
0.587163 0.016 -0.05571 100
0.586864 0.0242 -0.0556817 100
0.585471 0.0324 -0.0555495 100
0.584973 0.0406 -0.0555022 100
0.587362 0.049 -0.0557289 100
0.589552 0.0575 -0.0559367 100
0.588756 0.0658 -0.0558612 100
0.589751 0.0743 -0.0559556 100
0.589652 0.0827 -0.0559462 100
0.588358 0.0909 -0.0558234 100
0.587063 0.0992 -0.0557006 100
0.586665 0.1076 -0.0556628 100
0.586068 0.116 -0.0556061 100
0.588258 0.125 -0.0558139 100
0.591344 0.1343 -0.0561068 100
0.59234 0.1433 -0.0562012 100
0.590249 0.1516 -0.0560029 100
0.59005 0.1604 -0.055984 100
0.586765 -0.1719 -0.0556723 7
0.579497 -0.161 -0.0549827 100
0.578801 -0.1521 -0.0549166 100
0.579896 -0.1437 -0.0550205 100
0.579896 -0.1352 -0.0550205 100
0.580792 -0.1268 -0.0551055 100
0.581489 -0.1184 -0.0551716 100
0.582086 -0.1101 -0.0552283 100
0.583579 -0.1019 -0.05537 100
0.583977 -0.0936 -0.0554078 100
0.583281 -0.0851 -0.0553417 100
0.58338 -0.0768 -0.0553511 100
0.58338 -0.0685 -0.0553511 100
0.582285 -0.0601 -0.0552472 100
0.583081 -0.0519 -0.0553228 100
0.584774 -0.0438 -0.0554834 100
0.584276 -0.0356 -0.0554361 100
0.583778 -0.0273 -0.0553889 100
0.583081 -0.0191 -0.0553228 100
0.584276 -0.011 -0.0554361 100
0.584757 0.0002 -0.0512625 100
0.584658 0.0084 -0.0512537 100
0.584558 0.0166 -0.051245 100
0.584259 0.0248 -0.0512188 100
0.583861 0.033 -0.0511839 100
0.585255 0.0413 -0.0513061 100
0.58665 0.0497 -0.0514284 100
0.586849 0.0581 -0.0514459 100
0.588045 0.0665 -0.0515507 100
0.588045 0.0749 -0.0515507 100
0.586949 0.0831 -0.0514546 100
0.58665 0.0915 -0.0514284 100
0.587347 0.1001 -0.0514895 100
0.586849 0.1085 -0.0514459 100
0.585255 0.1167 -0.0513061 100
0.584558 0.1251 -0.051245 100
0.585654 0.134 -0.0513411 100
0.587646 0.1431 -0.0515157 100
0.58655 0.1516 -0.0514197 100
0.589141 0.1612 -0.0516467 100
0.582267 -0.1709 -0.0510442 8
0.581769 -0.1619 -0.0510005 100
0.582964 -0.1534 -0.0511053 100
0.582167 -0.1445 -0.0510354 100
0.583163 -0.1361 -0.0511228 100
0.58406 -0.1277 -0.0512014 100
0.583761 -0.1191 -0.0511752 100
0.584359 -0.1107 -0.0512276 100
0.585853 -0.1025 -0.0513585 100
0.587248 -0.0942 -0.0514808 100
0.587547 -0.0858 -0.051507 100
0.58665 -0.0773 -0.0514284 100
0.58675 -0.069 -0.0514371 100
0.58665 -0.0606 -0.0514284 100
0.587447 -0.0524 -0.0514983 100
0.586152 -0.044 -0.0513847 100
0.58665 -0.0358 -0.0514284 100
0.587148 -0.0275 -0.0514721 100
0.586451 -0.0192 -0.0514109 100
0.584658 -0.011 -0.0512537 100
0.597555 0.0068 -0.0415755 100
0.597356 0.0151 -0.0415617 100
0.598054 0.0235 -0.0416102 100
0.598752 0.0319 -0.0416588 100
0.598154 0.0403 -0.0416172 100
0.597555 0.0486 -0.0415755 100
0.597855 0.0571 -0.0415964 100
0.597954 0.0655 -0.0416033 100
0.597057 0.0739 -0.0415408 100
0.596957 0.0823 -0.0415339 100
0.59965 0.0913 -0.0417213 100
0.600349 0.0999 -0.0417699 100
0.59985 0.1085 -0.0417352 100
0.599251 0.1171 -0.0416935 100
0.599551 0.1258 -0.0417144 100
0.598653 0.1344 -0.0416519 100
0.59965 0.1434 -0.0417213 100
0.598553 0.1521 -0.041645 100
0.599351 0.1612 -0.0417005 100
0.59137 -0.1713 -0.0411452 14
0.593665 -0.163 -0.0413048 52
0.59586 -0.1547 -0.0414575 100
0.596957 -0.1461 -0.0415339 100
0.597954 -0.1375 -0.0416033 100
0.598852 -0.129 -0.0416658 100
0.59965 -0.1204 -0.0417213 100
0.599251 -0.1116 -0.0416935 100
0.596857 -0.1026 -0.041527 100
0.595261 -0.0938 -0.0414159 100
0.596458 -0.0854 -0.0414992 100
0.596658 -0.077 -0.0415131 100
0.59566 -0.0684 -0.0414437 100
0.59556 -0.06 -0.0414367 100
0.597356 -0.0517 -0.0415617 100
0.598952 -0.0435 -0.0416727 100
0.598553 -0.035 -0.041645 100
0.597954 -0.0266 -0.0416033 100
0.598254 -0.0183 -0.0416241 100
0.597456 -0.0099 -0.0415686 100
0.595646 0.0072 -0.0401893 100
0.595446 0.0155 -0.0401758 100
0.595147 0.0239 -0.0401556 100
0.595746 0.0322 -0.040196 100
0.597242 0.0407 -0.040297 100
0.598639 0.0492 -0.0403913 100
0.597841 0.0576 -0.0403374 100
0.597043 0.066 -0.0402835 100
0.597043 0.0744 -0.0402835 100
0.596943 0.0829 -0.0402768 100
0.597641 0.0916 -0.0403239 100
0.600335 0.1006 -0.0405057 100
0.601732 0.1095 -0.0405999 100
0.602131 0.1183 -0.0406269 100
0.601433 0.1269 -0.0405797 100
0.600535 0.1355 -0.0405192 100
0.601532 0.1446 -0.0405865 100
0.600435 0.1533 -0.0405124 100
0.601133 0.1624 -0.0405596 100
0.588462 -0.1706 -0.0397046 16
0.59365 -0.1631 -0.0400547 50
0.596843 -0.155 -0.0402701 100
0.59804 -0.1464 -0.0403509 100
0.59804 -0.1376 -0.0403509 100
0.597941 -0.1288 -0.0403441 100
0.597741 -0.12 -0.0403307 100
0.596444 -0.1111 -0.0402432 100
0.595945 -0.1024 -0.0402095 100
0.596344 -0.0939 -0.0402364 100
0.596544 -0.0854 -0.0402499 100
0.595746 -0.0768 -0.040196 100
0.594748 -0.0682 -0.0401287 100
0.594648 -0.0598 -0.040122 100
0.594448 -0.0514 -0.0401085 100
0.594049 -0.043 -0.0400816 100
0.594648 -0.0347 -0.040122 100
0.594049 -0.0263 -0.0400816 100
0.594349 -0.018 -0.0401018 100
0.594548 -0.0097 -0.0401152 100
0.610428 0.0074 -0.0264384 100
0.610228 0.0159 -0.0264297 100
0.609928 0.0244 -0.0264167 100
0.610528 0.033 -0.0264427 100
0.611027 0.0416 -0.0264643 100
0.610428 0.0501 -0.0264384 100
0.610628 0.0587 -0.026447 100
0.610727 0.0673 -0.0264513 100
0.609728 0.0758 -0.0264081 100
0.610628 0.0846 -0.026447 100
0.612326 0.0936 -0.0265206 100
0.610927 0.1021 -0.02646 100
0.609429 0.1106 -0.0263951 100
0.609828 0.1195 -0.0264124 100
0.612026 0.1289 -0.0265076 100
0.611127 0.1376 -0.0264687 100
0.610128 0.1464 -0.0264254 100
0.610927 0.1556 -0.02646 100
0.614024 0.1748 -0.0265941 45
0.606032 -0.1702 -0.026248 33
0.604433 -0.1607 -0.0261787 100
0.604733 -0.1518 -0.0261917 100
0.604833 -0.1428 -0.0261961 100
0.604833 -0.134 -0.0261961 100
0.605632 -0.1253 -0.0262307 100
0.605332 -0.1164 -0.0262177 100
0.605932 -0.1078 -0.0262437 100
0.606332 -0.0992 -0.026261 100
0.60773 -0.0907 -0.0263215 100
0.60793 -0.0821 -0.0263302 100
0.60803 -0.0735 -0.0263345 100
0.608929 -0.065 -0.0263735 100
0.609828 -0.0565 -0.0264124 100
0.609529 -0.0479 -0.0263994 100
0.610128 -0.0394 -0.0264254 100
0.609628 -0.0308 -0.0264038 100
0.610028 -0.0223 -0.0264211 100
0.610228 -0.0137 -0.0264297 100
0.611441 0.0009 -0.0261615 100
0.61234 0.0094 -0.0262 100
0.613139 0.018 -0.0262342 100
0.612839 0.0266 -0.0262213 100
0.613439 0.0352 -0.026247 100
0.613838 0.0439 -0.0262641 100
0.614238 0.0526 -0.0262812 100
0.613439 0.0612 -0.026247 100
0.61244 0.0697 -0.0262042 100
0.61244 0.0784 -0.0262042 100
0.611241 0.087 -0.0261529 100
0.61194 0.0958 -0.0261829 100
0.613539 0.1049 -0.0262513 100
0.61204 0.1135 -0.0261871 100
0.611341 0.1222 -0.0261572 100
0.61154 0.1312 -0.0261658 100
0.610641 0.14 -0.0261273 100
0.61154 0.1492 -0.0261658 100
0.611341 0.1583 -0.0261572 100
0.613838 0.1681 -0.0262641 100
0.604847 -0.1669 -0.0258794 18
0.606145 -0.1582 -0.0259349 100
0.604447 -0.1487 -0.0258623 100
0.60155 -0.1391 -0.0257383 100
0.602449 -0.1305 -0.0257768 100
0.603248 -0.1218 -0.025811 100
0.606445 -0.1049 -0.0259478 100
0.606845 -0.0962 -0.0259649 100
0.608144 -0.0877 -0.0260204 100
0.608343 -0.0791 -0.026029 100
0.608343 -0.0705 -0.026029 100
0.609343 -0.0619 -0.0260717 100
0.609143 -0.0533 -0.0260632 100
0.609842 -0.0448 -0.0260931 100
0.610342 -0.0362 -0.0261145 100
0.609842 -0.0276 -0.0260931 100
0.609143 -0.0191 -0.0260632 100
0.609343 -0.0106 -0.0260717 100
0.619576 0.0044 -0.0229354 100
0.618476 0.0131 -0.0228947 100
0.618177 0.0217 -0.0228836 100
0.618876 0.0304 -0.0229095 100
0.620375 0.0392 -0.022965 100
0.621774 0.048 -0.0230168 100
0.622973 0.0569 -0.0230611 100
0.623173 0.0657 -0.0230685 100
0.623173 0.0745 -0.0230685 100
0.623973 0.0834 -0.0230981 100
0.623373 0.1012 -0.0230759 100
0.621974 0.1099 -0.0230242 100
0.621374 0.1187 -0.023002 100
0.621574 0.1278 -0.0230094 100
0.621674 0.1369 -0.0230131 100
0.622674 0.1463 -0.02305 100
0.622474 0.1555 -0.0230427 100
0.620275 0.1641 -0.0229613 100
0.618876 0.1731 -0.0229095 51
0.61288 -0.1795 -0.0226875 12
0.615279 -0.1709 -0.0227763 100
0.617577 -0.1623 -0.0228614 100
0.616877 -0.1529 -0.0228355 100
0.61318 -0.1429 -0.0226986 100
0.614079 -0.1341 -0.0227319 100
0.614979 -0.1253 -0.0227652 100
0.614679 -0.1164 -0.0227541 100
0.615279 -0.1076 -0.0227763 100
0.614679 -0.0987 -0.0227541 100
0.615079 -0.0899 -0.0227689 100
0.616278 -0.0813 -0.0228133 100
0.616278 -0.0726 -0.0228133 100
0.617277 -0.064 -0.0228503 100
0.617077 -0.0552 -0.0228429 100
0.615878 -0.0465 -0.0227985 100
0.616378 -0.0378 -0.022817 100
0.617877 -0.0293 -0.0228725 100
0.619276 -0.0207 -0.0229243 100
0.619476 -0.012 -0.0229317 100
0.621696 0.0002 -0.019429 100
0.622596 0.0089 -0.0194571 100
0.620497 0.0176 -0.0193915 100
0.620097 0.0262 -0.019379 100
0.620697 0.035 -0.0193977 100
0.622196 0.0438 -0.0194446 100
0.621497 0.0525 -0.0194227 100
0.622696 0.0613 -0.0194602 100
0.623795 0.0703 -0.0194946 100
0.623695 0.0791 -0.0194915 100
0.623496 0.0879 -0.0194852 100
0.625195 0.0971 -0.0195383 100
0.628693 0.1067 -0.0196476 100
0.629093 0.1158 -0.0196601 100
0.627494 0.1246 -0.0196102 100
0.626594 0.1336 -0.019582 100
0.626694 0.1427 -0.0195852 100
0.625595 0.1517 -0.0195508 100
0.626294 0.1612 -0.0195727 100
0.6146 -0.174 -0.0192072 16
0.615999 -0.1651 -0.0192509 100
0.619198 -0.1567 -0.0193509 100
0.616399 -0.1469 -0.0192634 100
0.615499 -0.1376 -0.0192353 100
0.616399 -0.1288 -0.0192634 100
0.617199 -0.12 -0.0192884 100
0.617798 -0.1112 -0.0193072 100
0.618298 -0.1023 -0.0193228 100
0.619697 -0.0937 -0.0193665 100
0.619897 -0.0849 -0.0193728 100
0.620097 -0.0761 -0.019379 100
0.620097 -0.0673 -0.019379 100
0.620897 -0.0586 -0.019404 100
0.620697 -0.0499 -0.0193977 100
0.620297 -0.0411 -0.0193853 100
0.619897 -0.0324 -0.0193728 100
0.619198 -0.0237 -0.0193509 100
0.619498 -0.015 -0.0193603 100
0.628929 0.0032 -0.00944083 100
0.630829 0.012 -0.00946935 100
0.631629 0.0208 -0.00948135 100
0.631229 0.0296 -0.00947535 100
0.630729 0.0384 -0.00946785 100
0.630129 0.0472 -0.00945884 100
0.632429 0.0563 -0.00949336 100
0.635528 0.0655 -0.00953989 100
0.636528 0.0746 -0.0095549 100
0.636428 0.0836 -0.0095534 100
0.637228 0.0928 -0.00956541 100
0.636828 0.1018 -0.0095594 100
0.636328 0.1109 -0.0095519 100
0.635728 0.1199 -0.00954289 100
0.634029 0.1288 -0.00951738 100
0.633129 0.1378 -0.00950387 100
0.634029 0.1473 -0.00951738 100
0.632929 0.1564 -0.00950087 100
0.632629 0.1657 -0.00949636 100
0.62373 -0.1792 -0.00936278 16
0.62423 -0.1699 -0.00937029 100
0.626529 -0.1612 -0.00940481 100
0.627729 -0.1522 -0.00942282 100
0.628829 -0.1432 -0.00943933 100
0.628829 -0.134 -0.00943933 100
0.629629 -0.125 -0.00945134 100
0.629329 -0.1159 -0.00944683 100
0.629929 -0.1069 -0.00945584 100
0.631329 -0.0981 -0.00947685 100
0.630729 -0.089 -0.00946785 100
0.628929 -0.0798 -0.00944083 100
0.627929 -0.0708 -0.00942582 100
0.626929 -0.0619 -0.00941081 100
0.626729 -0.053 -0.00940781 100
0.627329 -0.0443 -0.00941681 100
0.627929 -0.0355 -0.00942582 100
0.628329 -0.0268 -0.00943182 100
0.628629 -0.018 -0.00943633 100
0.628829 -0.0092 -0.00943933 100
0.640981 0.005 -0.00492248 100
0.640781 0.014 -0.00492094 100
0.641581 0.023 -0.00492709 100
0.641181 0.0319 -0.00492401 100
0.640681 0.0409 -0.00492017 100
0.641081 0.0499 -0.00492325 100
0.640281 0.0588 -0.0049171 100
0.640381 0.0679 -0.00491787 100
0.640381 0.0769 -0.00491787 100
0.640281 0.086 -0.0049171 100
0.639981 0.095 -0.0049148 100
0.640581 0.1043 -0.00491941 100
0.639981 0.1134 -0.0049148 100
0.639381 0.1225 -0.00491019 100
0.638581 0.1316 -0.00490405 100
0.639581 0.1412 -0.00491173 100
0.640481 0.1508 -0.00491864 100
0.640281 0.1602 -0.0049171 100
0.644681 0.1709 -0.00495089 100
0.631181 -0.1674 -0.00484722 31
0.631481 -0.1581 -0.00484952 100
0.631681 -0.1488 -0.00485106 100
0.632681 -0.1398 -0.00485874 100
0.632681 -0.1305 -0.00485874 100
0.632481 -0.1213 -0.0048572 100
0.633081 -0.1123 -0.00486181 100
0.633581 -0.1033 -0.00486565 100
0.633981 -0.0943 -0.00486872 100
0.634281 -0.0853 -0.00487103 100
0.634381 -0.0763 -0.00487179 100
0.633381 -0.0672 -0.00486412 100
0.631281 -0.0581 -0.00484799 100
0.631081 -0.0492 -0.00484645 100
0.630681 -0.0403 -0.00484338 100
0.630181 -0.0315 -0.00483954 100
0.629581 -0.0226 -0.00483493 100
0.629781 -0.0139 -0.00483647 100
0.643986 0.0042 0.00427114 100
0.644886 0.0132 0.00427711 100
0.645586 0.0222 0.00428175 100
0.646186 0.0312 0.00428573 100
0.645686 0.0403 0.00428241 100
0.645086 0.0493 0.00427843 100
0.644386 0.0582 0.00427379 100
0.643486 0.0672 0.00426782 100
0.643486 0.0763 0.00426782 100
0.643386 0.0854 0.00426716 100
0.643086 0.0945 0.00426517 100
0.643686 0.1038 0.00426915 100
0.643186 0.1129 0.00426583 100
0.643486 0.1223 0.00426782 100
0.643686 0.1316 0.00426915 100
0.643686 0.141 0.00426915 100
0.643586 0.1505 0.00426849 100
0.643386 0.1599 0.00426716 100
0.647886 0.1706 0.004297 100
0.637886 -0.173 0.00423068 44
0.638386 -0.1636 0.004234 100
0.638586 -0.1542 0.00423532 100
0.638786 -0.1449 0.00423665 100
0.638786 -0.1355 0.00423665 100
0.638586 -0.1262 0.00423532 100
0.640286 -0.1173 0.0042466 100
0.639886 -0.108 0.00424395 100
0.640386 -0.0989 0.00424726 100
0.641686 -0.09 0.00425588 100
0.642886 -0.081 0.00426384 100
0.642986 -0.0719 0.00426451 100
0.642886 -0.0629 0.00426384 100
0.643686 -0.0539 0.00426915 100
0.643386 -0.0448 0.00426716 100
0.643986 -0.0359 0.00427114 100
0.645386 -0.0269 0.00428042 100
0.644786 -0.0179 0.00427644 100
0.646957 0.004 0.00745274 100
0.647857 0.013 0.00746311 100
0.648557 0.0221 0.00747117 100
0.648257 0.0312 0.00746771 100
0.648757 0.0403 0.00747347 100
0.648057 0.0493 0.00746541 100
0.648357 0.0585 0.00746887 100
0.649457 0.0677 0.00748154 100
0.648457 0.0768 0.00747002 100
0.648257 0.086 0.00746771 100
0.648557 0.1045 0.00747117 100
0.649057 0.1139 0.00747693 100
0.647357 0.123 0.00745735 100
0.645557 0.132 0.00743661 100
0.646657 0.1417 0.00744928 100
0.649457 0.1518 0.00748154 100
0.650157 0.1616 0.0074896 100
0.647857 0.1707 0.00746311 100
0.645457 0.1797 0.00743546 43
0.635058 -0.1759 0.00731567 44
0.637458 -0.167 0.00734331 100
0.638758 -0.1578 0.00735829 100
0.638958 -0.1484 0.00736059 100
0.638958 -0.1391 0.00736059 100
0.639858 -0.1299 0.00737096 100
0.640657 -0.1208 0.00738017 100
0.640357 -0.1115 0.00737672 100
0.639858 -0.1022 0.00737096 100
0.641257 -0.0933 0.00738708 100
0.641457 -0.0842 0.00738939 100
0.640558 -0.075 0.00737902 100
0.640558 -0.0659 0.00737902 100
0.641457 -0.0569 0.00738939 100
0.642157 -0.048 0.00739745 100
0.642757 -0.039 0.00740436 100
0.643257 -0.03 0.00741012 100
0.643657 -0.021 0.00741473 100
0.644857 -0.012 0.00742855 100
0.654851 0.005 0.0139459 100
0.653652 0.0142 0.0139203 100
0.654452 0.0233 0.0139374 100
0.654052 0.0325 0.0139288 100
0.652552 0.0415 0.0138969 100
0.653852 0.0508 0.0139246 100
0.656051 0.0602 0.0139714 100
0.657151 0.0696 0.0139948 100
0.656151 0.0787 0.0139736 100
0.655951 0.088 0.0139693 100
0.656651 0.0975 0.0139842 100
0.657251 0.107 0.013997 100
0.657651 0.1165 0.0140055 100
0.657851 0.126 0.0140097 100
0.656051 0.1352 0.0139714 100
0.655051 0.1446 0.0139501 100
0.654952 0.1542 0.013948 100
0.654652 0.1638 0.0139416 100
0.656151 0.1739 0.0139736 51
0.648453 -0.1797 0.0138096 35
0.650852 -0.1706 0.0138607 100
0.653152 -0.1615 0.0139097 100
0.651452 -0.1514 0.0138735 100
0.649653 -0.1415 0.0138352 100
0.648653 -0.1318 0.0138139 100
0.649353 -0.1225 0.0138288 100
0.651052 -0.1134 0.013865 100
0.652552 -0.1043 0.0138969 100
0.651952 -0.0949 0.0138841 100
0.652252 -0.0857 0.0138905 100
0.652352 -0.0764 0.0138926 100
0.652352 -0.0672 0.0138926 100
0.651252 -0.0579 0.0138692 100
0.652052 -0.0488 0.0138863 100
0.651652 -0.0396 0.0138777 100
0.651152 -0.0305 0.0138671 100
0.651452 -0.0214 0.0138735 100
0.651752 -0.0123 0.0138799 100
0.656778 0.0071 0.0170836 100
0.657578 0.0163 0.0171044 100
0.657278 0.0255 0.0170966 100
0.657878 0.0347 0.0171122 100
0.658277 0.044 0.0171226 100
0.661576 0.0535 0.0172084 100
0.663775 0.063 0.0172656 100
0.661876 0.0722 0.0172162 100
0.661776 0.0816 0.0172136 100
0.662576 0.0911 0.0172344 100
0.663176 0.1006 0.01725 100
0.662676 0.1101 0.017237 100
0.663076 0.1197 0.0172474 100
0.661376 0.1289 0.0172032 100
0.660477 0.1384 0.0171798 100
0.661376 0.1482 0.0172032 100
0.662176 0.1582 0.017224 100
0.660876 0.1676 0.0171902 100
0.663276 0.1782 0.0172526 52
0.652379 -0.1763 0.0169692 22
0.653779 -0.167 0.0170056 100
0.656078 -0.1578 0.0170654 100
0.657278 -0.1484 0.0170966 100
0.657278 -0.1388 0.0170966 100
0.656178 -0.129 0.017068 100
0.653979 -0.1191 0.0170108 100
0.652679 -0.1095 0.016977 100
0.652179 -0.1 0.016964 100
0.652479 -0.0908 0.0169718 100
0.653679 -0.0816 0.017003 100
0.654778 -0.0725 0.0170316 100
0.655778 -0.0633 0.0170576 100
0.655578 -0.0541 0.0170524 100
0.655278 -0.0448 0.0170446 100
0.655778 -0.0357 0.0170576 100
0.655278 -0.0265 0.0170446 100
0.653579 -0.0172 0.0170004 100
0.663388 0.008 0.0285001 100
0.667185 0.0173 0.0286633 100
0.667884 0.0267 0.0286933 100
0.668384 0.036 0.0287148 100
0.667884 0.0453 0.0286933 100
0.667185 0.0546 0.0286633 100
0.667285 0.064 0.0286675 100
0.667384 0.0734 0.0286718 100
0.666285 0.0827 0.0286246 100
0.667085 0.0923 0.028659 100
0.666685 0.1017 0.0286418 100
0.666186 0.1112 0.0286203 100
0.664587 0.1204 0.0285517 100
0.664787 0.1301 0.0285602 100
0.665886 0.1399 0.0286075 100
0.666785 0.1499 0.0286461 100
0.666585 0.1596 0.0286375 100
0.666186 0.1694 0.0286203 100
0.667684 0.1797 0.0286847 100
0.662889 -0.1742 0.0284787 100
0.664287 -0.1647 0.0285388 100
0.663588 -0.1547 0.0285087 100
0.663788 -0.145 0.0285173 100
0.664687 -0.1356 0.0285559 100
0.665586 -0.1261 0.0285946 100
0.665286 -0.1165 0.0285817 100
0.665886 -0.107 0.0286075 100
0.666285 -0.0976 0.0286246 100
0.668583 -0.0884 0.0287233 100
0.668783 -0.079 0.0287319 100
0.665786 -0.0693 0.0286032 100
0.664687 -0.0598 0.0285559 100
0.665486 -0.0505 0.0285903 100
0.666086 -0.0413 0.028616 100
0.665586 -0.0319 0.0285946 100
0.663988 -0.0226 0.0285259 100
0.664287 -0.0133 0.0285388 100
0.67606 0.0045 0.0356674 100
0.674961 0.0139 0.0356095 100
0.67566 0.0234 0.0356464 100
0.675261 0.0329 0.0356253 100
0.674762 0.0423 0.0355989 100
0.675061 0.0519 0.0356147 100
0.67626 0.0615 0.035678 100
0.676359 0.0711 0.0356832 100
0.678257 0.0809 0.0357833 100
0.678057 0.0905 0.0357728 100
0.677757 0.1001 0.035757 100
0.678257 0.1099 0.0357833 100
0.678556 0.1198 0.0357991 100
0.678756 0.1296 0.0358097 100
0.678856 0.1395 0.0358149 100
0.681752 0.1501 0.0359677 100
0.682451 0.1603 0.0360046 100
0.682151 0.1704 0.0359888 100
0.666473 -0.179 0.0351617 100
0.666972 -0.1692 0.035188 100
0.667372 -0.1594 0.0352091 100
0.667572 -0.1496 0.0352196 100
0.667572 -0.1398 0.0352196 100
0.666573 -0.1298 0.0351669 100
0.666373 -0.1201 0.0351564 51
0.666972 -0.1106 0.035188 50
0.667472 -0.1011 0.0352143 100
0.667871 -0.0916 0.0352354 100
0.668071 -0.0822 0.035246 100
0.668171 -0.0727 0.0352512 100
0.66907 -0.0633 0.0352986 100
0.669868 -0.0539 0.0353408 100
0.670567 -0.0446 0.0353777 100
0.670168 -0.0351 0.0353566 100
0.670567 -0.0257 0.0353777 100
0.670867 -0.0163 0.0353935 100
0.673437 0.0006 0.0459103 100
0.673337 0.01 0.0459035 100
0.675133 0.0195 0.0460259 100
0.674834 0.029 0.0460055 100
0.675333 0.0385 0.0460396 100
0.676729 0.0481 0.0461348 100
0.678026 0.0577 0.0462232 100
0.678126 0.0673 0.04623 100
0.677128 0.0768 0.046162 100
0.677926 0.0865 0.0462164 100
0.678625 0.0963 0.046264 100
0.678226 0.1059 0.0462368 100
0.678625 0.1158 0.046264 100
0.677926 0.1254 0.0462164 100
0.680022 0.1357 0.0463592 100
0.683015 0.1462 0.0465633 100
0.683813 0.1565 0.0466177 100
0.682516 0.1663 0.0465293 100
0.682017 0.1763 0.0464953 100
0.673038 -0.1793 0.0458831 100
0.670643 -0.1686 0.0457199 100
0.669945 -0.1585 0.0456723 100
0.671142 -0.1489 0.0457539 100
0.671242 -0.1391 0.0457607 52
0.673138 -0.1297 0.0458899 100
0.672838 -0.1199 0.0458695 52
0.673537 -0.1103 0.0459171 52
0.673936 -0.1007 0.0459443 100
0.673337 -0.091 0.0459035 52
0.672539 -0.0813 0.0458491 100
0.673636 -0.0719 0.0459239 100
0.675532 -0.0625 0.0460532 100
0.675333 -0.053 0.0460396 100
0.675033 -0.0434 0.0460191 100
0.674534 -0.0339 0.0459851 100
0.675033 -0.0245 0.0460191 100
0.675233 -0.015 0.0460327 51
0.687854 0.0011 0.0543769 100
0.686757 0.0107 0.0542902 100
0.687555 0.0203 0.0543532 100
0.688153 0.03 0.0544005 100
0.688751 0.0397 0.0544478 100
0.68905 0.0494 0.0544715 100
0.689349 0.0591 0.0544951 100
0.689449 0.0688 0.054503 100
0.69234 0.0789 0.0547315 100
0.694134 0.089 0.0548734 100
0.693835 0.0988 0.0548497 100
0.69244 0.1085 0.0547394 100
0.692838 0.1186 0.0547709 100
0.692041 0.1284 0.0547079 100
0.692141 0.1385 0.0547158 100
0.692141 0.1486 0.0547158 100
0.689947 0.1582 0.0545424 100
0.689648 0.1684 0.0545187 100
0.690147 0.1787 0.0545581 100
0.681972 -0.1784 0.0539119 100
0.683468 -0.1686 0.0540301 100
0.684764 -0.1588 0.0541326 100
0.684963 -0.1488 0.0541483 100
0.684963 -0.1388 0.0541483 100
0.684863 -0.1288 0.0541405 51
0.686658 -0.1192 0.0542823 51
0.686259 -0.1093 0.0542508 100
0.683767 -0.0991 0.0540538 51
0.682072 -0.0892 0.0539198 100
0.682271 -0.0795 0.0539356 100
0.682271 -0.0698 0.0539356 100
0.683268 -0.0603 0.0540144 100
0.683966 -0.0507 0.0540695 100
0.683667 -0.0411 0.0540459 100
0.684166 -0.0315 0.0540853 100
0.684564 -0.0219 0.0541168 100
0.683767 -0.0123 0.0540538 100
0.686153 0.0064 0.0625656 100
0.685954 0.016 0.0625474 100
0.686651 0.0257 0.062611 100
0.686253 0.0353 0.0625747 100
0.686651 0.045 0.062611 100
0.68695 0.0547 0.0626383 100
0.687149 0.0644 0.0626564 100
0.690137 0.0745 0.0629288 100
0.691033 0.0844 0.0630106 100
0.690734 0.0942 0.0629833 100
0.691332 0.1042 0.0630378 100
0.69183 0.1142 0.0630832 100
0.691133 0.1241 0.0630196 100
0.690336 0.134 0.062947 100
0.68934 0.1438 0.0628562 100
0.688245 0.1537 0.0627563 100
0.687946 0.1638 0.0627291 100
0.687548 0.1739 0.0626927 100
0.684859 -0.1766 0.0624476 100
0.684361 -0.1662 0.0624022 100
0.685655 -0.1564 0.0625202 100
0.687747 -0.1468 0.0627109 100
0.687747 -0.1367 0.0627109 100
0.686651 -0.1265 0.062611 100
0.687348 -0.1167 0.0626746 51
0.689938 -0.1072 0.0629107 100
0.688344 -0.0971 0.0627654 50
0.685655 -0.0869 0.0625202 52
0.685855 -0.0772 0.0625384 100
0.686851 -0.0675 0.0626292 100
0.686751 -0.0578 0.0626201 100
0.688444 -0.0483 0.0627745 100
0.688046 -0.0385 0.0627381 100
0.688543 -0.0289 0.0627835 52
0.688842 -0.0192 0.0628108 100
0.704263 0.0073 0.0494939 100
0.704063 0.0171 0.0494799 100
0.704762 0.027 0.049529 100
0.704263 0.0369 0.0494939 100
0.703764 0.0467 0.0494589 100
0.703964 0.0566 0.0494729 100
0.703166 0.0665 0.0494168 100
0.703166 0.0764 0.0494168 100
0.702966 0.0864 0.0494028 100
0.702667 0.0963 0.0493817 100
0.702268 0.1063 0.0493537 100
0.702667 0.1164 0.0493817 100
0.702966 0.1266 0.0494028 100
0.704063 0.137 0.0494799 100
0.707954 0.1481 0.0497533 100
0.711645 0.1593 0.0500127 100
0.712343 0.1699 0.0500618 100
0.691095 -0.1725 0.0485685 100
0.691494 -0.1624 0.0485966 100
0.692791 -0.1525 0.0486877 100
0.692891 -0.1424 0.0486947 100
0.693789 -0.1325 0.0487578 100
0.695584 -0.1228 0.048884 100
0.695185 -0.1127 0.048856 100
0.694786 -0.1027 0.0488279 100
0.696083 -0.0929 0.0489191 100
0.696382 -0.0831 0.0489401 100
0.696482 -0.0732 0.0489471 100
0.69738 -0.0635 0.0490102 100
0.698178 -0.0537 0.0490663 100
0.697879 -0.0439 0.0490452 100
0.699475 -0.0342 0.0491574 100
0.700871 -0.0244 0.0492556 100
0.701071 -0.0146 0.0492696 100
0.701227 0.008 0.0728359 100
0.701029 0.0178 0.0728152 100
0.70073 0.0277 0.0727843 100
0.700233 0.0375 0.0727326 100
0.700631 0.0474 0.0727739 100
0.700929 0.0573 0.0728049 100
0.701029 0.0673 0.0728152 100
0.701029 0.0772 0.0728152 100
0.701824 0.0873 0.0728979 100
0.701526 0.0973 0.0728669 100
0.701128 0.1073 0.0728256 100
0.700531 0.1173 0.0727636 100
0.699835 0.1273 0.0726913 100
0.700929 0.1377 0.0728049 100
0.702819 0.1483 0.0730012 100
0.704609 0.159 0.0731872 100
0.706201 0.1699 0.0733525 100
0.699934 -0.1704 0.0727016 100
0.696354 -0.1593 0.0723297 100
0.695558 -0.1488 0.072247 100
0.695657 -0.1387 0.0722574 100
0.697547 -0.1289 0.0724536 100
0.698244 -0.1189 0.072526 100
0.69884 -0.1089 0.072588 100
0.699338 -0.099 0.0726396 100
0.700631 -0.0891 0.0727739 100
0.70083 -0.0792 0.0727946 100
0.699835 -0.0691 0.0726913 100
0.70073 -0.0593 0.0727843 100
0.702521 -0.0495 0.0729702 100
0.703117 -0.0397 0.0730322 100
0.70262 -0.0297 0.0729805 100
0.701924 -0.0198 0.0729082 100
0.701128 -0.01 0.0728256 100
0.711008 0.0077 0.084405 100
0.711802 0.0178 0.0844993 100
0.711504 0.0277 0.0844639 100
0.712001 0.0378 0.0845229 100
0.711405 0.0478 0.0844521 100
0.711703 0.0579 0.0844875 100
0.711802 0.0679 0.0844993 100
0.713788 0.0782 0.084735 100
0.718455 0.089 0.0852891 100
0.721136 0.0996 0.0856074 100
0.72064 0.1099 0.0855484 100
0.721037 0.1203 0.0855956 100
0.720243 0.1306 0.0855013 100
0.719349 0.1409 0.0853952 100
0.718356 0.1512 0.0852773 100
0.716171 0.1613 0.085018 100
0.714781 0.1715 0.0848529 100
0.709915 -0.1705 0.0842753 100
0.711306 -0.1603 0.0844403 100
0.712497 -0.1501 0.0845818 100
0.715377 -0.1299 0.0849237 100
0.716072 -0.1196 0.0850062 100
0.714781 -0.1091 0.0848529 100
0.710312 -0.0982 0.0843225 100
0.708624 -0.0879 0.084122 100
0.708823 -0.0778 0.0841456 100
0.708823 -0.0678 0.0841456 100
0.708724 -0.0577 0.0841338 100
0.709419 -0.0478 0.0842163 100
0.710015 -0.0378 0.0842871 100
0.709518 -0.0278 0.0842281 100
0.708823 -0.0178 0.0841456 100
0.71098 0.0081 0.0927187 100
0.711773 0.0182 0.0928222 100
0.712368 0.0282 0.0928998 100
0.712963 0.0383 0.0929774 100
0.711376 0.0483 0.0927705 100
0.710583 0.0583 0.092667 100
0.711674 0.0685 0.0928093 100
0.714649 0.079 0.0931972 100
0.71445 0.0891 0.0931713 100
0.714153 0.0993 0.0931325 100
0.71564 0.1098 0.0933265 100
0.716037 0.1202 0.0933782 100
0.715244 0.1305 0.0932748 100
0.716235 0.1411 0.0934041 100
0.716235 0.1516 0.0934041 100
0.714946 0.1619 0.093236 100
0.713657 0.1722 0.0930679 100
0.712269 -0.1737 0.0928868 100
0.712665 -0.1632 0.0929386 100
0.713855 -0.153 0.0930937 100
0.714946 -0.1427 0.093236 100
0.71683 -0.1326 0.0934817 100
0.716632 -0.1222 0.0934558 100
0.716334 -0.1118 0.093417 100
0.713855 -0.1011 0.0930937 100
0.710286 -0.0904 0.0926282 100
0.709492 -0.0802 0.0925248 100
0.709592 -0.0701 0.0925377 100
0.709492 -0.06 0.0925248 100
0.709294 -0.0499 0.0924989 100
0.709889 -0.0399 0.0925765 100
0.711376 -0.03 0.0927705 100
0.711674 -0.0199 0.0928093 100
0.729336 0.001 0.106009 100
0.728248 0.0113 0.10585 100
0.729039 0.0216 0.105966 100
0.727654 0.0318 0.105764 100
0.727159 0.042 0.105692 100
0.727456 0.0523 0.105735 100
0.728643 0.0628 0.105908 100
0.728742 0.0731 0.105922 100
0.727654 0.0834 0.105764 100
0.727357 0.0937 0.105721 100
0.72706 0.1041 0.105678 100
0.727456 0.1146 0.105735 100
0.726763 0.125 0.105635 100
0.726961 0.1356 0.105663 100
0.728841 0.1466 0.105937 100
0.732602 0.1581 0.106483 100
0.736164 0.1698 0.107001 100
0.723102 -0.1736 0.105102 100
0.722508 -0.1628 0.105016 100
0.722706 -0.1522 0.105045 100
0.723794 -0.1418 0.105203 100
0.725675 -0.1316 0.105476 100
0.725477 -0.121 0.105448 100
0.725081 -0.1105 0.10539 100
0.725576 -0.1001 0.105462 100
0.726862 -0.0899 0.105649 100
0.72607 -0.0794 0.105534 100
0.72518 -0.069 0.105405 100
0.726961 -0.0589 0.105663 100
0.728742 -0.0487 0.105922 100
0.728347 -0.0384 0.105865 100
0.727852 -0.0281 0.105793 100
0.727159 -0.0178 0.105692 100
0.726328 0.0026 0.112571 100
0.727218 0.0128 0.112709 100
0.727909 0.0231 0.112816 100
0.727514 0.0334 0.112755 100
0.728008 0.0437 0.112832 100
0.727316 0.054 0.112725 100
0.727514 0.0644 0.112755 100
0.727514 0.0747 0.112755 100
0.727415 0.0851 0.11274 100
0.728107 0.0956 0.112847 100
0.7287 0.1062 0.112939 100
0.729095 0.1168 0.113 100
0.727415 0.1271 0.11274 100
0.727514 0.1377 0.112755 100
0.73038 0.1489 0.113199 100
0.733147 0.1603 0.113628 100
0.737594 0.1722 0.114317 100
0.724945 -0.1783 0.112357 100
0.723561 -0.1672 0.112143 100
0.72287 -0.1563 0.112035 100
0.722968 -0.1457 0.112051 100
0.723957 -0.1353 0.112204 100
0.723858 -0.1247 0.112188 100
0.723561 -0.1142 0.112143 100
0.725044 -0.1039 0.112372 100
0.725439 -0.0936 0.112434 100
0.724648 -0.0831 0.112311 100
0.723759 -0.0727 0.112173 100
0.724648 -0.0624 0.112311 100
0.725439 -0.0522 0.112434 100
0.726131 -0.042 0.112541 100
0.725636 -0.0317 0.112464 100
0.726032 -0.0214 0.112525 100
0.726229 -0.0112 0.112556 100
0.734595 0.0053 0.117926 100
0.735385 0.0157 0.118053 100
0.736076 0.0262 0.118164 100
0.736668 0.0366 0.118259 100
0.73805 0.0472 0.118481 100
0.738347 0.0577 0.118528 100
0.737458 0.0681 0.118386 100
0.738445 0.0788 0.118544 100
0.738248 0.0893 0.118512 100
0.73884 0.1 0.118608 100
0.740321 0.1109 0.118845 100
0.744567 0.1224 0.119527 100
0.745752 0.1334 0.119717 100
0.744863 0.1441 0.119574 100
0.743678 0.1549 0.119384 100
0.74437 0.166 0.119495 100
0.743975 0.177 0.119432 100
0.740914 -0.1728 0.11894 100
0.74121 -0.1619 0.118988 100
0.740519 -0.1508 0.118877 100
0.736668 -0.1392 0.118259 100
0.734693 -0.1281 0.117942 100
0.736372 -0.1177 0.118211 100
0.736964 -0.1071 0.118306 100
0.736372 -0.0964 0.118211 100
0.735681 -0.0857 0.1181 100
0.736767 -0.0753 0.118275 100
0.738742 -0.065 0.118592 100
0.737557 -0.0544 0.118402 100
0.736273 -0.0438 0.118195 100
0.736866 -0.0334 0.118291 100
0.736174 -0.0229 0.11818 100
0.736471 -0.0125 0.118227 100
0.733067 0.01 0.126491 100
0.734841 0.0204 0.126797 100
0.735531 0.0308 0.126916 100
0.735038 0.0412 0.126831 100
0.734348 0.0516 0.126712 100
0.734545 0.0621 0.126746 100
0.734644 0.0726 0.126763 100
0.735531 0.0832 0.126916 100
0.73622 0.0938 0.127035 100
0.736812 0.1045 0.127137 100
0.736319 0.115 0.127052 100
0.7376 0.1259 0.127273 100
0.74164 0.1374 0.12797 100
0.743513 0.1487 0.128293 100
0.743316 0.1596 0.128259 100
0.742034 0.1703 0.128038 100
0.737994 -0.1702 0.127341 100
0.738388 -0.1593 0.127409 100
0.7376 -0.1483 0.127273 100
0.735629 -0.1371 0.126933 100
0.734545 -0.1262 0.126746 100
0.73425 -0.1155 0.126695 100
0.733855 -0.1048 0.126627 100
0.733264 -0.0942 0.126525 100
0.733461 -0.0837 0.126559 100
0.73356 -0.0732 0.126576 100
0.735531 -0.0629 0.126916 100
0.736319 -0.0525 0.127052 100
0.734939 -0.042 0.126814 100
0.734447 -0.0316 0.126729 100
0.734841 -0.0212 0.126797 100
0.734052 -0.0108 0.126661 100
0.755359 0.0017 0.138771 100
0.756244 0.0125 0.138933 100
0.754965 0.0232 0.138698 100
0.75467 0.0339 0.138644 100
0.755064 0.0447 0.138716 100
0.755359 0.0555 0.138771 100
0.755457 0.0663 0.138789 100
0.755457 0.0771 0.138789 100
0.754375 0.0878 0.13859 100
0.755064 0.0988 0.138716 100
0.753588 0.1095 0.138445 100
0.754965 0.1207 0.138698 100
0.756146 0.1319 0.138915 100
0.757129 0.1432 0.139096 100
0.757031 0.1543 0.139078 100
0.757719 0.1657 0.139204 100
0.758211 0.1771 0.139295 100
0.74749 -0.1799 0.137325 100
0.747982 -0.1688 0.137415 100
0.749261 -0.158 0.13765 100
0.750343 -0.1471 0.137849 100
0.749457 -0.1359 0.137686 100
0.748277 -0.1248 0.13747 100
0.749949 -0.1141 0.137777 100
0.751424 -0.1035 0.138048 100
0.751818 -0.0927 0.13812 100
0.751031 -0.0818 0.137975 100
0.752113 -0.0711 0.138174 100
0.753982 -0.0605 0.138518 100
0.753785 -0.0497 0.138481 100
0.754375 -0.039 0.13859 100
0.754867 -0.0283 0.13868 100
0.754178 -0.0175 0.138554 100
0.75374 0.0099 0.146785 100
0.753544 0.0207 0.146747 100
0.75325 0.0314 0.14669 100
0.752661 0.0422 0.146575 100
0.752072 0.0529 0.14646 100
0.751286 0.0636 0.146307 100
0.751286 0.0744 0.146307 100
0.75217 0.0854 0.14648 100
0.752857 0.0963 0.146613 100
0.752366 0.1072 0.146518 100
0.751875 0.1181 0.146422 100
0.753053 0.1293 0.146652 100
0.754035 0.1406 0.146843 100
0.754035 0.1517 0.146843 100
0.75374 0.1628 0.146785 100
0.755311 0.1745 0.147091 100
0.746968 -0.171 0.145466 100
0.74736 -0.1599 0.145543 100
0.74952 -0.1492 0.145963 100
0.748538 -0.138 0.145772 100
0.747458 -0.1268 0.145562 100
0.747164 -0.1158 0.145505 100
0.748734 -0.1052 0.14581 100
0.748145 -0.0942 0.145696 100
0.749323 -0.0836 0.145925 100
0.750403 -0.0729 0.146135 100
0.750403 -0.0621 0.146135 100
0.750207 -0.0513 0.146097 100
0.750796 -0.0406 0.146212 100
0.750305 -0.0298 0.146116 100
0.751679 -0.0191 0.146384 100
0.76167 0.0072 0.158566 100
0.762453 0.0181 0.158729 100
0.762159 0.029 0.158668 100
0.762649 0.0399 0.15877 100
0.762942 0.0508 0.158831 100
0.763236 0.0618 0.158892 100
0.763236 0.0727 0.158892 100
0.763138 0.0837 0.158872 100
0.763921 0.0948 0.159035 100
0.763432 0.1059 0.158933 100
0.762942 0.1169 0.158831 100
0.764117 0.1282 0.159076 100
0.766173 0.1398 0.159504 100
0.767054 0.1513 0.159687 100
0.766858 0.1626 0.159646 100
0.767446 0.1742 0.159769 100
0.763432 -0.1693 0.158933 100
0.763824 -0.158 0.159015 100
0.762061 -0.1464 0.158648 100
0.760103 -0.1348 0.15824 100
0.758928 -0.1235 0.157996 100
0.758635 -0.1124 0.157934 100
0.759124 -0.1014 0.158036 100
0.759418 -0.0904 0.158097 100
0.760593 -0.0796 0.158342 100
0.760691 -0.0687 0.158362 100
0.760593 -0.0577 0.158342 100
0.761278 -0.0469 0.158485 100
0.760886 -0.036 0.158403 100
0.761278 -0.0251 0.158485 100
0.761572 -0.0143 0.158546 100
0.75964 0.0099 0.162853 100
0.760422 0.0208 0.16302 100
0.761106 0.0317 0.163167 100
0.761498 0.0426 0.163251 100
0.762866 0.0536 0.163544 100
0.762964 0.0646 0.163565 100
0.762964 0.0756 0.163565 100
0.762866 0.0866 0.163544 100
0.763551 0.0977 0.163691 100
0.76404 0.1089 0.163796 100
0.765409 0.1203 0.164089 100
0.76756 0.1319 0.164551 100
0.768538 0.1434 0.16476 100
0.767462 0.1545 0.16453 100
0.767267 0.1659 0.164488 100
0.766778 0.1773 0.164383 100
0.761302 -0.1747 0.163209 100
0.758858 -0.1628 0.162685 100
0.758173 -0.1514 0.162538 100
0.758173 -0.1402 0.162538 100
0.758075 -0.129 0.162517 100
0.760813 -0.1183 0.163104 100
0.761302 -0.1073 0.163209 100
0.760813 -0.0961 0.163104 100
0.761106 -0.0852 0.163167 100
0.761204 -0.0742 0.163188 100
0.760129 -0.0631 0.162957 100
0.759933 -0.0522 0.162916 100
0.75964 -0.0413 0.162853 100
0.760129 -0.0304 0.162957 100
0.759542 -0.0195 0.162832 100
0.778446 0.0057 0.175573 100
0.778251 0.0168 0.175529 100
0.778934 0.0279 0.175683 100
0.779421 0.039 0.175793 100
0.779812 0.0502 0.175881 100
0.779129 0.0613 0.175727 100
0.779129 0.0725 0.175727 100
0.780007 0.0837 0.175925 100
0.779812 0.095 0.175881 100
0.778446 0.106 0.175573 100
0.777861 0.1173 0.175441 100
0.777178 0.1285 0.175287 100
0.777275 0.1399 0.175309 100
0.779129 0.1517 0.175727 100
0.778934 0.1631 0.175683 100
0.778543 0.1746 0.175595 100
0.771617 -0.1788 0.174033 100
0.77113 -0.1672 0.173923 100
0.772398 -0.156 0.174209 100
0.773471 -0.1448 0.174451 100
0.774349 -0.1336 0.174649 100
0.775129 -0.1225 0.174825 100
0.775812 -0.1113 0.174979 100
0.775227 -0.1 0.174847 100
0.775617 -0.0888 0.174935 100
0.77669 -0.0778 0.175177 100
0.775715 -0.0665 0.174957 100
0.776593 -0.0555 0.175155 100
0.777275 -0.0444 0.175309 100
0.776788 -0.0333 0.175199 100
0.778153 -0.0223 0.175507 100
0.779324 -0.0112 0.175771 100
0.771761 0.0111 0.181868 100
0.776433 0.0223 0.182969 100
0.776043 0.0334 0.182877 100
0.775557 0.0445 0.182762 100
0.775849 0.0557 0.182831 100
0.774973 0.0668 0.182625 100
0.773999 0.0778 0.182395 100
0.773805 0.089 0.182349 100
0.773513 0.1002 0.182281 100
0.773026 0.1114 0.182166 100
0.773415 0.1228 0.182258 100
0.77361 0.1342 0.182303 100
0.77361 0.1456 0.182303 100
0.77215 0.1683 0.181959 100
0.772637 0.18 0.182074 100
0.767381 -0.1769 0.180836 100
0.76777 -0.1655 0.180927 100
0.768062 -0.1541 0.180996 100
0.768159 -0.1427 0.181019 100
0.768062 -0.1314 0.180996 100
0.768841 -0.1202 0.18118 100
0.770398 -0.1092 0.181547 100
0.770885 -0.0981 0.181661 100
0.772053 -0.087 0.181937 100
0.773221 -0.0759 0.182212 100
0.773221 -0.0648 0.182212 100
0.773999 -0.0537 0.182395 100
0.773707 -0.0426 0.182326 100
0.772247 -0.0314 0.181982 100
0.771566 -0.0203 0.181822 100
0.781424 0.0058 0.189191 100
0.783173 0.017 0.189614 100
0.783853 0.0283 0.189779 100
0.783367 0.0395 0.189661 100
0.783756 0.0508 0.189755 100
0.783951 0.0621 0.189802 100
0.78502 0.0735 0.190061 100
0.785797 0.085 0.19025 100
0.786575 0.0965 0.190438 100
0.786089 0.1079 0.19032 100
0.784631 0.1192 0.189967 100
0.785797 0.1309 0.19025 100
0.788713 0.143 0.190955 100
0.789588 0.1549 0.191167 100
0.789296 0.1666 0.191097 100
0.78881 0.1783 0.190979 100
0.780938 -0.1733 0.189073 100
0.780355 -0.1615 0.188932 100
0.780549 -0.1499 0.188979 100
0.779674 -0.1382 0.188767 100
0.778605 -0.1265 0.188508 100
0.779285 -0.1152 0.188673 100
0.780743 -0.104 0.189026 100
0.782104 -0.0928 0.189355 100
0.781326 -0.0814 0.189167 100
0.781424 -0.0701 0.189191 100
0.782201 -0.0589 0.189379 100
0.782979 -0.0476 0.189567 100
0.784534 -0.0365 0.189944 100
0.784923 -0.0252 0.190038 100
0.784242 -0.0139 0.189873 100
0.779046 0.0052 0.194671 100
0.779822 0.0164 0.194865 100
0.780501 0.0277 0.195035 100
0.779434 0.0501 0.194768 100
0.778755 0.0614 0.194598 100
0.778755 0.0726 0.194598 100
0.779628 0.0841 0.194817 100
0.781277 0.0956 0.195229 100
0.781859 0.1071 0.195374 100
0.781277 0.1185 0.195229 100
0.780598 0.1299 0.195059 100
0.782538 0.1418 0.195544 100
0.786322 0.1542 0.196489 100
0.787874 0.1663 0.196877 100
0.786516 0.1778 0.196538 100
0.781859 -0.1764 0.195374 100
0.779434 -0.1641 0.194768 100
0.777784 -0.1521 0.194356 100
0.776911 -0.1404 0.194138 100
0.776814 -0.1289 0.194114 100
0.776523 -0.1174 0.194041 100
0.776135 -0.1059 0.193944 100
0.776523 -0.0946 0.194041 100
0.776814 -0.0833 0.194114 100
0.776911 -0.072 0.194138 100
0.778755 -0.0609 0.194598 100
0.780501 -0.0498 0.195035 100
0.779143 -0.0384 0.194695 100
0.779531 -0.0272 0.194792 100
0.780792 -0.016 0.195108 100
0.789543 0.0084 0.206102 100
0.791285 0.0198 0.206557 100
0.792833 0.0313 0.206961 100
0.795252 0.0429 0.207592 100
0.797477 0.0546 0.208173 100
0.798541 0.0662 0.208451 100
0.799509 0.0779 0.208704 100
0.80038 0.0896 0.208931 100
0.799025 0.1012 0.208577 100
0.799509 0.113 0.208704 100
0.800767 0.1249 0.209032 100
0.799993 0.1366 0.20883 100
0.799993 0.1485 0.20883 100
0.799799 0.1604 0.208779 100
0.799412 0.1723 0.208678 100
0.793994 -0.1699 0.207264 100
0.791478 -0.1575 0.206607 100
0.791575 -0.1458 0.206632 100
0.792542 -0.1342 0.206885 100
0.793316 -0.1226 0.207087 100
0.793897 -0.111 0.207239 100
0.794381 -0.0994 0.207365 100
0.795639 -0.088 0.207693 100
0.794865 -0.0763 0.207491 100
0.793897 -0.0647 0.207239 100
0.790801 -0.053 0.20643 100
0.787608 -0.0413 0.205597 100
0.787995 -0.03 0.205698 100
0.790317 -0.0187 0.206304 100
0.787229 0.0013 0.214771 100
0.788097 0.0127 0.215008 100
0.787808 0.0241 0.214929 100
0.787422 0.0355 0.214824 100
0.788869 0.047 0.215218 100
0.790027 0.0585 0.215534 100
0.793017 0.0703 0.21635 100
0.79485 0.082 0.21685 100
0.795622 0.0938 0.217061 100
0.795236 0.1054 0.216955 100
0.794658 0.117 0.216798 100
0.794947 0.1288 0.216876 100
0.794079 0.1405 0.21664 100
0.793982 0.1523 0.216613 100
0.794754 0.1644 0.216824 100
0.795236 0.1765 0.216955 100
0.789448 -0.1758 0.215376 100
0.789834 -0.1639 0.215482 100
0.790123 -0.1521 0.21556 100
0.79022 -0.1404 0.215587 100
0.791088 -0.1288 0.215824 100
0.791763 -0.1172 0.216008 100
0.792246 -0.1056 0.21614 100
0.792632 -0.094 0.216245 100
0.790991 -0.0822 0.215797 100
0.787229 -0.0703 0.214771 100
0.787133 -0.0589 0.214745 100
0.787808 -0.0475 0.214929 100
0.786457 -0.036 0.21456 100
0.786843 -0.0246 0.214666 100
0.788097 -0.0133 0.215008 100
0.804573 0.009 0.227065 100
0.805247 0.0208 0.227255 100
0.804958 0.0325 0.227173 100
0.805343 0.0442 0.227282 100
0.805632 0.056 0.227363 100
0.807749 0.0679 0.227961 100
0.808615 0.0798 0.228205 100
0.808423 0.0917 0.228151 100
0.808038 0.1035 0.228042 100
0.808519 0.1155 0.228178 100
0.80977 0.1277 0.228531 100
0.812657 0.1403 0.229346 100
0.813523 0.1526 0.229591 100
0.813331 0.1648 0.229536 100
0.811983 0.1768 0.229156 100
0.802841 -0.1731 0.226576 100
0.801301 -0.1607 0.226141 100
0.802456 -0.1489 0.226467 100
0.802456 -0.1369 0.226467 100
0.802359 -0.1249 0.22644 100
0.802071 -0.113 0.226358 100
0.803514 -0.1013 0.226766 100
0.803803 -0.0895 0.226847 100
0.804958 -0.0778 0.227173 100
0.803995 -0.066 0.226902 100
0.803803 -0.0542 0.226847 100
0.802552 -0.0424 0.226494 100
0.803033 -0.0308 0.22663 100
0.80438 -0.0191 0.22701 100
0.802008 0.0077 0.232398 100
0.802776 0.0194 0.23262 100
0.803352 0.0311 0.232787 100
0.802872 0.0428 0.232648 100
0.804121 0.0546 0.23301 100
0.805273 0.0664 0.233344 100
0.806234 0.0783 0.233622 100
0.806042 0.0901 0.233567 100
0.805658 0.1019 0.233455 100
0.806138 0.1139 0.233595 100
0.807386 0.1261 0.233956 100
0.806522 0.138 0.233706 100
0.807482 0.1502 0.233984 100
0.810076 0.1629 0.234736 100
0.810652 0.1752 0.234903 100
0.804697 -0.1706 0.233177 100
0.80316 -0.1581 0.232732 100
0.801431 -0.1458 0.232231 100
0.801335 -0.1338 0.232203 100
0.801239 -0.1218 0.232175 100
0.801816 -0.11 0.232342 100
0.801239 -0.0981 0.232175 100
0.802488 -0.0865 0.232537 100
0.801719 -0.0746 0.232314 100
0.800663 -0.0628 0.232008 100
0.801431 -0.0512 0.232231 100
0.802104 -0.0395 0.232426 100
0.801527 -0.0278 0.232259 100
0.800855 -0.0162 0.232064 100
0.806442 0.0043 0.235056 100
0.80625 0.016 0.235 100
0.805962 0.0277 0.234916 100
0.804618 0.0394 0.234525 100
0.803946 0.051 0.234329 100
0.805098 0.0629 0.234665 100
0.806154 0.0747 0.234972 100
0.806922 0.0867 0.235196 100
0.807594 0.0986 0.235392 100
0.80817 0.1106 0.23556 100
0.807498 0.1225 0.235364 100
0.80673 0.1344 0.23514 100
0.80673 0.1464 0.23514 100
0.808458 0.1589 0.235644 100
0.81009 0.1714 0.23612 100
0.806826 -0.1779 0.235168 100
0.803466 -0.165 0.234189 100
0.801834 -0.1526 0.233713 100
0.80097 -0.1404 0.233461 100
0.800874 -0.1285 0.233433 100
0.800586 -0.1165 0.233349 100
0.801066 -0.1048 0.233489 100
0.80145 -0.093 0.233601 100
0.801738 -0.0812 0.233685 100
0.801738 -0.0695 0.233685 100
0.802602 -0.0578 0.233937 100
0.803274 -0.0462 0.234133 100
0.80193 -0.0344 0.233741 100
0.800394 -0.0227 0.233293 100
0.802724 0.0051 0.233517 100
0.801572 0.0167 0.233182 100
0.801284 0.0284 0.233098 100
0.802724 0.0401 0.233517 100
0.803108 0.0518 0.233628 100
0.80426 0.0637 0.233964 100
0.80426 0.0754 0.233964 100
0.804164 0.0872 0.233936 100
0.804836 0.0991 0.234131 100
0.804356 0.1109 0.233992 100
0.804644 0.1229 0.234075 100
0.803876 0.1347 0.233852 100
0.805797 0.1471 0.234411 100
0.808485 0.1597 0.235193 100
0.810022 0.1723 0.23564 100
0.805989 -0.1775 0.234466 100
0.806469 -0.1654 0.234606 100
0.803876 -0.1528 0.233852 100
0.803012 -0.1406 0.233601 100
0.803876 -0.1288 0.233852 100
0.802628 -0.1166 0.233489 100
0.801284 -0.1046 0.233098 100
0.802532 -0.0929 0.233461 100
0.80378 -0.0813 0.233824 100
0.80378 -0.0695 0.233824 100
0.802724 -0.0577 0.233517 100
0.802436 -0.046 0.233433 100
0.803972 -0.0343 0.23388 100
0.804356 -0.0227 0.233992 100
0.80444 0.0082 0.234778 100
0.805208 0.0199 0.235002 100
0.806744 0.0317 0.23545 100
0.806264 0.0434 0.23531 100
0.806552 0.0551 0.235394 100
0.806648 0.0669 0.235422 100
0.805688 0.0786 0.235142 100
0.805496 0.0904 0.235086 100
0.805208 0.1023 0.235002 100
0.804728 0.1141 0.234862 100
0.804056 0.1259 0.234665 100
0.805112 0.1381 0.234974 100
0.808856 0.1508 0.236066 100
0.809624 0.1631 0.23629 100
0.80924 0.1752 0.236178 100
0.80204 -0.1766 0.234077 100
0.8006 -0.1642 0.233657 100
0.800792 -0.1522 0.233713 100
0.800888 -0.1402 0.233741 100
0.800792 -0.1282 0.233713 100
0.800504 -0.1163 0.233629 100
0.80108 -0.1045 0.233797 100
0.801464 -0.0928 0.233909 100
0.801656 -0.081 0.233965 100
0.801656 -0.0693 0.233965 100
0.80252 -0.0577 0.234217 100
0.803192 -0.046 0.234413 100
0.803768 -0.0343 0.234581 100
0.805112 -0.0227 0.234974 100
0.804317 0.0047 0.235199 100
0.803165 0.0163 0.234862 100
0.802877 0.028 0.234778 100
0.802493 0.0396 0.234665 100
0.803741 0.0514 0.23503 100
0.805853 0.0633 0.235648 100
0.806812 0.0751 0.235928 100
0.807676 0.087 0.236181 100
0.807388 0.0989 0.236097 100
0.807868 0.1108 0.236237 100
0.808252 0.1228 0.236349 100
0.808444 0.1348 0.236406 100
0.811227 0.1474 0.237219 100
0.811131 0.1595 0.237191 100
0.809788 0.1715 0.236798 100
0.804125 -0.1756 0.235143 100
0.800766 -0.1628 0.23416 100
0.799038 -0.1504 0.233655 100
0.799134 -0.1385 0.233683 100
0.799902 -0.1268 0.233908 100
0.801533 -0.1151 0.234385 100
0.802013 -0.1034 0.234525 100
0.802397 -0.0916 0.234637 100
0.801629 -0.0798 0.234413 100
0.801629 -0.0681 0.234413 100
0.802493 -0.0564 0.234665 100
0.802205 -0.0447 0.234581 100
0.802685 -0.0331 0.234722 100
0.802109 -0.0214 0.234553 100
