0.867708 0.009 -0.253571 100
0.886617 0.0221 -0.259097 100
0.896792 0.0354 -0.26207 100
0.905814 0.049 -0.264707 100
0.916565 0.0629 -0.267849 100
0.77633 -0.2117 -0.226868 12
0.724018 -0.1862 -0.211581 100
0.734001 -0.1775 -0.214498 100
0.739088 -0.1674 -0.215984 100
0.745039 -0.1575 -0.217723 100
0.750798 -0.1474 -0.219406 100
0.758381 -0.1375 -0.221622 100
0.768747 -0.1278 -0.224652 100
0.777962 -0.1178 -0.227345 100
0.784201 -0.1071 -0.229168 100
0.793224 -0.0966 -0.231805 100
0.803014 -0.086 -0.234666 100
0.813668 -0.0752 -0.237779 100
0.822211 -0.064 -0.240276 100
0.831618 -0.0525 -0.243025 100
0.840832 -0.0408 -0.245717 100
0.848031 -0.0288 -0.247821 100
0.856958 -0.0167 -0.25043 100
0.866305 0.0071 -0.254803 100
0.88626 0.0202 -0.260672 100
0.896429 0.0335 -0.263663 100
0.906406 0.0471 -0.266598 100
0.917151 0.0611 -0.269758 100
0.72336 -0.1878 -0.212759 100
0.733241 -0.1791 -0.215666 100
0.738422 -0.169 -0.217189 100
0.746193 -0.1594 -0.219475 100
0.751085 -0.1491 -0.220914 100
0.756842 -0.1388 -0.222607 100
0.764325 -0.1287 -0.224808 100
0.774494 -0.1189 -0.227799 100
0.785527 -0.1089 -0.231044 100
0.796463 -0.0986 -0.234261 100
0.80529 -0.0878 -0.236857 100
0.81306 -0.0767 -0.239142 100
0.820735 -0.0654 -0.2414 100
0.829178 -0.0539 -0.243883 100
0.838483 -0.0422 -0.24662 100
0.847597 -0.0303 -0.249301 100
0.856519 -0.0181 -0.251925 100
0.867309 0.0006 -0.254934 100
0.876807 0.0134 -0.257726 100
0.887073 0.0265 -0.260743 100
0.899065 0.04 -0.264268 100
0.908084 0.0536 -0.266919 100
0.917774 0.0676 -0.269767 100
0.725124 -0.1885 -0.213141 41
0.733183 -0.1793 -0.215509 100
0.737404 -0.169 -0.21675 100
0.743353 -0.1591 -0.218499 100
0.749205 -0.149 -0.220219 100
0.754962 -0.1387 -0.221911 100
0.762349 -0.1287 -0.224082 100
0.772615 -0.1189 -0.2271 100
0.781729 -0.1087 -0.229779 100
0.789788 -0.0981 -0.232148 100
0.800534 -0.0876 -0.235306 100
0.809264 -0.0767 -0.237873 100
0.81598 -0.0654 -0.239847 100
0.824423 -0.054 -0.242328 100
0.835648 -0.0425 -0.245628 100
0.845722 -0.0307 -0.248589 100
0.852726 -0.0185 -0.250647 100
0.867353 0.0028 -0.254783 100
0.876852 0.0156 -0.257573 100
0.885199 0.0286 -0.260025 100
0.897193 0.042 -0.263548 100
0.906116 0.0556 -0.266169 100
0.915806 0.0695 -0.269015 100
0.723626 -0.1868 -0.212563 32
0.731685 -0.1776 -0.214931 100
0.734948 -0.1672 -0.215889 100
0.742719 -0.1577 -0.218172 100
0.748476 -0.1477 -0.219863 100
0.755096 -0.1377 -0.221807 100
0.764499 -0.128 -0.224569 100
0.774669 -0.1182 -0.227557 100
0.781865 -0.1078 -0.229671 100
0.788965 -0.0971 -0.231756 100
0.798752 -0.0866 -0.234631 100
0.808442 -0.0758 -0.237478 100
0.816982 -0.0647 -0.239986 100
0.825425 -0.0533 -0.242466 100
0.835691 -0.0419 -0.245482 100
0.844806 -0.03 -0.248159 100
0.850851 -0.0179 -0.249935 100
0.861853 0.0118 -0.25186 100
0.883738 0.0249 -0.258256 100
0.893816 0.0382 -0.261201 100
0.902839 0.0517 -0.263838 100
0.913493 0.0656 -0.266951 100
0.725458 -0.1843 -0.212001 100
0.734481 -0.1754 -0.214638 100
0.738608 -0.1651 -0.215844 100
0.745423 -0.1554 -0.217836 100
0.750318 -0.1451 -0.219266 100
0.755885 -0.1348 -0.220893 100
0.764332 -0.125 -0.223362 100
0.773451 -0.115 -0.226026 100
0.783529 -0.1049 -0.228972 100
0.791496 -0.0943 -0.2313 100
0.802246 -0.0838 -0.234441 100
0.811941 -0.0729 -0.237274 100
0.820483 -0.0617 -0.239771 100
0.828834 -0.0503 -0.242211 100
0.839009 -0.0387 -0.245184 100
0.847167 -0.0268 -0.247569 100
0.853214 -0.0146 -0.249336 100
0.863116 0.0041 -0.255011 100
0.881146 0.017 -0.260338 100
0.890448 0.0302 -0.263087 100
0.900518 0.0438 -0.266062 100
0.909437 0.0575 -0.268697 100
0.778147 -0.2094 -0.229907 12
0.72684 -0.1843 -0.214748 100
0.734895 -0.175 -0.217128 100
0.739019 -0.1647 -0.218346 100
0.744006 -0.1545 -0.21982 100
0.74976 -0.1443 -0.22152 100
0.756377 -0.1342 -0.223475 100
0.764721 -0.1242 -0.22594 100
0.775845 -0.1144 -0.229227 100
0.786778 -0.1043 -0.232457 100
0.796656 -0.0938 -0.235375 100
0.806438 -0.0831 -0.238266 100
0.814206 -0.0719 -0.240561 100
0.822741 -0.0605 -0.243082 100
0.833003 -0.049 -0.246114 100
0.843168 -0.0373 -0.249118 100
0.850265 -0.0252 -0.251214 100
0.858225 -0.0129 -0.253566 100
0.863216 0.0042 -0.251114 100
0.884149 0.0172 -0.257204 100
0.895383 0.0305 -0.260472 100
0.905465 0.044 -0.263405 100
0.915259 0.0578 -0.266254 100
0.927838 0.0722 -0.269913 100
0.720723 -0.1847 -0.209662 20
0.730613 -0.176 -0.212539 100
0.734838 -0.1657 -0.213768 100
0.742616 -0.1562 -0.216031 100
0.749337 -0.1463 -0.217986 100
0.754042 -0.1359 -0.219355 100
0.770077 -0.1273 -0.22402 100
0.779295 -0.1172 -0.226701 100
0.787457 -0.1067 -0.229075 100
0.796387 -0.0962 -0.231673 100
0.806277 -0.0855 -0.23455 100
0.813958 -0.0744 -0.236785 100
0.8226 -0.0631 -0.239299 100
0.83201 -0.0517 -0.242036 100
0.840268 -0.0399 -0.244438 100
0.848429 -0.0279 -0.246813 100
0.857359 -0.0158 -0.24941 100
0.868883 0 -0.245869 100
0.879371 0.0128 -0.248837 100
0.887742 0.0258 -0.251206 100
0.897942 0.0391 -0.254092 100
0.907853 0.0528 -0.256896 100
0.91863 0.0668 -0.259946 100
0.931042 0.0813 -0.263458 100
0.943262 0.0962 -0.266916 100
0.715024 -0.1979 -0.202331 1
0.725127 -0.1894 -0.20519 100
0.731286 -0.1798 -0.206933 100
0.737444 -0.17 -0.208676 100
0.744372 -0.1603 -0.210636 100
0.750241 -0.1503 -0.212297 100
0.755918 -0.1401 -0.213903 100
0.764386 -0.1302 -0.216299 100
0.774585 -0.1204 -0.219186 100
0.782861 -0.1101 -0.221527 100
0.790943 -0.0996 -0.223814 100
0.799892 -0.0889 -0.226347 100
0.80961 -0.0781 -0.229097 100
0.81827 -0.067 -0.231547 100
0.8277 -0.0557 -0.234215 100
0.837996 -0.0441 -0.237129 100
0.847137 -0.0323 -0.239716 100
0.853295 -0.0201 -0.241458 100
0.871369 0.0033 -0.236909 100
0.879957 0.0161 -0.239244 100
0.888256 0.0291 -0.2415 100
0.898388 0.0425 -0.244255 100
0.908327 0.0561 -0.246957 100
0.919038 0.0701 -0.249869 100
0.932451 0.0848 -0.253516 100
0.942776 0.0995 -0.256323 100
0.953777 0.1146 -0.259314 100
0.966515 0.1303 -0.262777 100
0.979928 0.1466 -0.266424 100
0.992086 0.1631 -0.26973 100
0.731448 -0.2002 -0.198867 1
0.729421 -0.1884 -0.198316 26
0.730965 -0.1776 -0.198736 100
0.737913 -0.1681 -0.200625 100
0.743896 -0.1582 -0.202251 100
0.749782 -0.1482 -0.203852 100
0.755476 -0.138 -0.2054 100
0.762037 -0.1278 -0.207184 100
0.772266 -0.1181 -0.209965 100
0.782398 -0.1081 -0.21272 100
0.792434 -0.0978 -0.215448 100
0.801312 -0.0872 -0.217862 100
0.808163 -0.0761 -0.219724 100
0.814918 -0.0649 -0.221561 100
0.823409 -0.0536 -0.22387 100
0.833735 -0.0421 -0.226677 100
0.843867 -0.0304 -0.229432 100
0.853806 -0.0184 -0.232134 100
0.871898 0.0099 -0.230691 100
0.892972 0.0231 -0.236267 100
0.902253 0.0364 -0.238722 100
0.91134 0.05 -0.241127 100
0.922168 0.0641 -0.243992 100
0.933672 0.0785 -0.247035 100
0.946046 0.0933 -0.250309 100
0.957164 0.1085 -0.253251 100
0.969054 0.124 -0.256397 100
0.981622 0.1401 -0.259722 100
0.993029 0.1564 -0.262741 100
0.999313 0.1723 -0.264403 100
0.71664 -0.1969 -0.189612 1
0.727661 -0.1887 -0.192528 100
0.732978 -0.1788 -0.193935 100
0.740035 -0.1692 -0.195802 100
0.746029 -0.1593 -0.197388 100
0.751926 -0.1492 -0.198948 100
0.758693 -0.1392 -0.200739 100
0.76807 -0.1294 -0.20322 100
0.780251 -0.1199 -0.206443 100
0.787598 -0.1094 -0.208387 100
0.794752 -0.0987 -0.210279 100
0.803743 -0.088 -0.212658 100
0.813507 -0.0771 -0.215242 100
0.822111 -0.066 -0.217518 100
0.829748 -0.0545 -0.219539 100
0.839995 -0.0429 -0.22225 100
0.851113 -0.0311 -0.225192 100
0.8602 -0.019 -0.227596 100
0.87692 0.0043 -0.223687 100
0.887385 0.0171 -0.226357 100
0.898722 0.0303 -0.229248 100
0.908896 0.0438 -0.231844 100
0.916939 0.0575 -0.233895 100
0.926629 0.0715 -0.236367 100
0.938159 0.086 -0.239308 100
0.950368 0.101 -0.242423 100
0.962384 0.1163 -0.245487 100
0.974205 0.132 -0.248503 100
0.987674 0.1484 -0.251938 100
1.00182 0.1653 -0.255547 100
1.00899 0.1815 -0.257376 100
1.03118 0.2008 -0.263036 100
0.723629 -0.1918 -0.184585 24
0.734578 -0.1834 -0.187378 100
0.739811 -0.1735 -0.188713 100
0.746884 -0.1638 -0.190517 100
0.751826 -0.1536 -0.191778 100
0.758609 -0.1436 -0.193508 100
0.767233 -0.1338 -0.195708 100
0.777601 -0.1241 -0.198352 100
0.786806 -0.114 -0.200701 100
0.793104 -0.1033 -0.202307 100
0.801147 -0.0926 -0.204359 100
0.81103 -0.0819 -0.20688 100
0.819751 -0.0708 -0.209104 100
0.828375 -0.0596 -0.211304 100
0.836902 -0.048 -0.213479 100
0.847076 -0.0364 -0.216074 100
0.85725 -0.0244 -0.21867 100
0.870469 0.0061 -0.216548 100
0.892594 0.0191 -0.222052 100
0.902881 0.0324 -0.224611 100
0.914041 0.046 -0.227388 100
0.921998 0.0598 -0.229367 100
0.930829 0.0738 -0.231564 100
0.94228 0.0884 -0.234413 100
0.954507 0.1035 -0.237455 100
0.966444 0.1189 -0.240424 100
0.979156 0.1348 -0.243587 100
0.993615 0.1514 -0.247184 100
0.998176 0.1669 -0.248318 100
1.02156 0.1859 -0.254136 100
0.71918 -0.1939 -0.178912 8
0.732087 -0.1861 -0.182123 100
0.738297 -0.1764 -0.183668 100
0.746352 -0.167 -0.185671 100
0.753242 -0.1572 -0.187385 100
0.760132 -0.1473 -0.189099 100
0.767798 -0.1373 -0.191007 100
0.777211 -0.1275 -0.193348 100
0.784683 -0.1171 -0.195207 100
0.790991 -0.1064 -0.196776 100
0.800016 -0.0959 -0.199022 100
0.810011 -0.0853 -0.201508 100
0.819716 -0.0744 -0.203922 100
0.827479 -0.0631 -0.205854 100
0.836019 -0.0516 -0.207978 100
0.846305 -0.04 -0.210537 100
0.855524 -0.0281 -0.21283 100
0.864549 -0.0159 -0.215076 100
0.880187 0.0016 -0.206122 100
0.8908 0.0144 -0.208607 100
0.900245 0.0275 -0.210819 100
0.910468 0.0409 -0.213213 100
0.919523 0.0545 -0.215334 100
0.929357 0.0685 -0.217637 100
0.941041 0.0829 -0.220373 100
0.952335 0.0977 -0.223018 100
0.963533 0.1128 -0.22564 100
0.976385 0.1286 -0.228649 100
0.989042 0.1447 -0.231614 100
1.00131 0.1612 -0.234487 100
1.00774 0.177 -0.235991 100
1.03101 0.1964 -0.241441 100
0.729173 -0.1875 -0.170757 29
0.739202 -0.1789 -0.173106 100
0.744459 -0.1689 -0.174337 100
0.750496 -0.159 -0.175751 100
0.757312 -0.1492 -0.177347 100
0.765004 -0.1393 -0.179148 100
0.774545 -0.1296 -0.181383 100
0.784866 -0.1198 -0.1838 100
0.792266 -0.1094 -0.185533 100
0.799471 -0.0987 -0.18722 100
0.808429 -0.0881 -0.189318 100
0.816413 -0.0771 -0.191187 100
0.825078 -0.066 -0.193217 100
0.834717 -0.0547 -0.195474 100
0.846986 -0.0433 -0.198347 100
0.855262 -0.0315 -0.200285 100
0.86344 -0.0194 -0.2022 100
0.87948 0.0047 -0.200297 100
0.889035 0.0175 -0.202473 100
0.897518 0.0305 -0.204405 100
0.907756 0.0438 -0.206737 100
0.917701 0.0575 -0.209002 100
0.926574 0.0713 -0.211023 100
0.938177 0.0857 -0.213665 100
0.948512 0.1004 -0.216019 100
0.960603 0.1155 -0.218773 100
0.974448 0.1313 -0.221926 100
0.988001 0.1476 -0.225012 100
0.999409 0.1639 -0.227611 100
1.00575 0.1797 -0.229054 100
1.0271 0.1987 -0.233917 100
0.730495 -0.1862 -0.166367 12
0.73966 -0.1773 -0.168454 100
0.744828 -0.1674 -0.169631 100
0.753701 -0.1581 -0.171652 100
0.760526 -0.1482 -0.173206 100
0.766376 -0.138 -0.174538 100
0.773884 -0.128 -0.176248 100
0.783342 -0.1181 -0.178402 100
0.791629 -0.1078 -0.18029 100
0.799722 -0.0973 -0.182133 100
0.809765 -0.0868 -0.18442 100
0.818638 -0.076 -0.186441 100
0.825366 -0.0647 -0.187973 100
0.831996 -0.0533 -0.189483 100
0.840479 -0.0418 -0.191415 100
0.851691 -0.0302 -0.193969 100
0.861734 -0.0182 -0.196256 100
0.883686 0.0104 -0.190091 100
0.902065 0.0236 -0.194045 100
0.913406 0.037 -0.196484 100
0.922498 0.0507 -0.19844 100
0.930515 0.0645 -0.200165 100
0.940291 0.0788 -0.202268 100
0.954662 0.0938 -0.205359 100
0.968838 0.1093 -0.208408 100
0.981743 0.125 -0.211184 100
0.99455 0.1412 -0.213939 100
1.00501 0.1574 -0.21619 100
1.01146 0.1733 -0.217578 100
1.03493 0.1927 -0.222625 100
0.735476 -0.1902 -0.15821 13
0.743786 -0.181 -0.159997 100
0.748088 -0.1707 -0.160922 100
0.756104 -0.1612 -0.162647 100
0.762068 -0.1511 -0.16393 100
0.768911 -0.141 -0.165402 100
0.776537 -0.1309 -0.167042 100
0.7869 -0.1211 -0.169271 100
0.795307 -0.1107 -0.17108 100
0.801564 -0.0999 -0.172426 100
0.809679 -0.0891 -0.174171 100
0.82053 -0.0784 -0.176506 100
0.831284 -0.0674 -0.178819 100
0.839985 -0.056 -0.180691 100
0.850446 -0.0444 -0.182941 100
0.860711 -0.0326 -0.185149 100
0.869901 -0.0204 -0.187126 100
0.886293 0.0066 -0.183058 100
0.897849 0.0195 -0.185445 100
0.909209 0.0328 -0.187792 100
0.919492 0.0463 -0.189916 100
0.926543 0.0599 -0.191372 100
0.935357 0.0739 -0.193192 100
0.947011 0.0884 -0.195599 100
0.958371 0.1033 -0.197946 100
0.972376 0.1189 -0.200838 100
0.987164 0.135 -0.203893 100
1.00068 0.1514 -0.206684 100
1.01204 0.1679 -0.209031 100
1.01742 0.1838 -0.210143 100
1.03789 0.2028 -0.214371 100
0.73244 -0.1915 -0.151281 1
0.741646 -0.1827 -0.153183 100
0.745955 -0.1726 -0.154073 100
0.753985 -0.1631 -0.155731 100
0.760939 -0.1533 -0.157167 100
0.767794 -0.1433 -0.158583 100
0.775433 -0.1334 -0.160161 100
0.784932 -0.1235 -0.162123 100
0.793354 -0.1133 -0.163863 100
0.800699 -0.1027 -0.16538 100
0.809807 -0.0921 -0.167261 100
0.819698 -0.0814 -0.169304 100
0.82861 -0.0704 -0.171144 100
0.835368 -0.059 -0.17254 100
0.844867 -0.0475 -0.174502 100
0.856227 -0.0359 -0.176849 100
0.864454 -0.0239 -0.178548 100
0.890093 0.0028 -0.174307 100
0.898827 0.0157 -0.176017 100
0.907365 0.0288 -0.177689 100
0.918553 0.0423 -0.17988 100
0.926698 0.0559 -0.181475 100
0.93661 0.0699 -0.183416 100
0.949269 0.0844 -0.185895 100
0.961733 0.0994 -0.188336 100
0.974883 0.1148 -0.190911 100
0.986855 0.1305 -0.193256 100
0.998534 0.1465 -0.195543 100
1.011 0.1631 -0.197983 100
1.01738 0.179 -0.199232 100
1.04181 0.1987 -0.204018 100
0.733076 -0.191 -0.143558 8
0.744165 -0.1827 -0.14573 100
0.749464 -0.1727 -0.146767 100
0.75653 -0.1631 -0.148151 100
0.763596 -0.1532 -0.149535 100
0.770367 -0.1432 -0.150861 100
0.77812 -0.1332 -0.152379 100
0.787639 -0.1233 -0.154243 100
0.796079 -0.113 -0.155896 100
0.80236 -0.1023 -0.157126 100
0.810505 -0.0916 -0.158721 100
0.821496 -0.081 -0.160873 100
0.83131 -0.0701 -0.162795 100
0.839063 -0.0587 -0.164313 100
0.8476 -0.0472 -0.165985 100
0.858984 -0.0355 -0.168215 100
0.868209 -0.0235 -0.170021 100
0.884613 0.009 -0.165711 100
0.902993 0.022 -0.169154 100
0.912429 0.0352 -0.170921 100
0.922651 0.0488 -0.172836 100
0.932677 0.0626 -0.174714 100
0.942506 0.0768 -0.176555 100
0.95607 0.0916 -0.179096 100
0.971305 0.107 -0.18195 100
0.985361 0.1228 -0.184583 100
0.997254 0.1387 -0.186811 100
1.00787 0.1548 -0.1888 100
1.01337 0.1704 -0.189831 100
1.03608 0.1894 -0.194084 100
0.741994 -0.188 -0.138994 43
0.749365 -0.1786 -0.140375 100
0.753592 -0.1683 -0.141167 100
0.760669 -0.1586 -0.142493 100
0.766665 -0.1485 -0.143616 100
0.775412 -0.1388 -0.145255 100
0.785929 -0.1292 -0.147225 100
0.794481 -0.119 -0.148827 100
0.80087 -0.1083 -0.150023 100
0.809126 -0.0978 -0.15157 100
0.81925 -0.0872 -0.153466 100
0.829177 -0.0763 -0.155326 100
0.835959 -0.065 -0.156597 100
0.844609 -0.0536 -0.158217 100
0.856109 -0.0421 -0.160371 100
0.866429 -0.0302 -0.162304 100
0.873604 -0.018 -0.163648 100
0.887257 0.0094 -0.156767 100
0.903702 0.0225 -0.159672 100
0.913156 0.0357 -0.161343 100
0.924382 0.0493 -0.163326 100
0.934426 0.0631 -0.165101 100
0.944274 0.0773 -0.166841 100
0.957765 0.0921 -0.169225 100
0.972142 0.1075 -0.171765 100
0.986126 0.1232 -0.174236 100
0.999026 0.1393 -0.176515 100
1.00966 0.1554 -0.178394 100
1.02296 0.1723 -0.180743 100
1.02729 0.1881 -0.181508 100
1.04393 0.2065 -0.184449 1
0.742007 -0.1856 -0.131103 47
0.75215 -0.1769 -0.132895 100
0.757369 -0.1668 -0.133817 100
0.764459 -0.157 -0.13507 100
0.770368 -0.1469 -0.136114 100
0.777162 -0.1368 -0.137314 100
0.785828 -0.1268 -0.138846 100
0.796266 -0.1169 -0.14069 100
0.805622 -0.1066 -0.142343 100
0.813795 -0.096 -0.143787 100
0.822953 -0.0852 -0.145405 100
0.831816 -0.0742 -0.146971 100
0.839694 -0.0629 -0.148363 100
0.84836 -0.0514 -0.149894 100
0.858798 -0.0398 -0.151738 100
0.869138 -0.0279 -0.153565 100
0.878296 -0.0158 -0.155183 100
0.893801 0.0104 -0.153583 100
0.910358 0.0236 -0.156428 100
0.920805 0.0369 -0.158223 100
0.931942 0.0506 -0.160137 100
0.941994 0.0645 -0.161864 100
0.952836 0.0789 -0.163727 100
0.965352 0.0937 -0.165878 100
0.977672 0.1089 -0.167995 100
0.991765 0.1247 -0.170416 100
1.00458 0.1408 -0.172618 100
1.01719 0.1573 -0.174786 100
1.02271 0.173 -0.175734 100
1.04449 0.192 -0.179477 100
0.743799 -0.1808 -0.127808 11
0.752866 -0.1717 -0.129366 100
0.757104 -0.1615 -0.130094 100
0.764102 -0.1517 -0.131297 100
0.771001 -0.1417 -0.132482 100
0.776717 -0.1314 -0.133464 100
0.785291 -0.1214 -0.134938 100
0.796625 -0.1117 -0.136885 100
0.805002 -0.1012 -0.138325 100
0.812197 -0.0905 -0.139561 100
0.821165 -0.0797 -0.141102 100
0.830035 -0.0687 -0.142626 100
0.837821 -0.0574 -0.143964 100
0.847381 -0.046 -0.145607 100
0.858715 -0.0344 -0.147554 100
0.87882 -0.0227 -0.151009 100
0.884649 0.0053 -0.142173 100
0.90716 0.0183 -0.145791 100
0.918711 0.0315 -0.147647 100
0.927005 0.045 -0.14898 100
0.934212 0.0586 -0.150138 100
0.944086 0.0726 -0.151725 100
0.956822 0.0873 -0.153772 100
0.97025 0.1023 -0.15593 100
0.986344 0.1182 -0.158516 100
1.00125 0.1344 -0.160912 100
1.01004 0.1501 -0.162325 100
1.0206 0.1665 -0.164022 100
1.02692 0.1825 -0.165038 100
1.04953 0.2018 -0.168672 100
0.748199 -0.1848 -0.120244 51
0.755506 -0.1753 -0.121418 100
0.759751 -0.165 -0.1221 100
0.766761 -0.1552 -0.123227 100
0.772784 -0.1451 -0.124195 100
0.780485 -0.1351 -0.125433 100
0.791049 -0.1255 -0.12713 100
0.800528 -0.1154 -0.128654 100
0.807933 -0.1048 -0.129844 100
0.816226 -0.0941 -0.131177 100
0.826198 -0.0835 -0.132779 100
0.835183 -0.0724 -0.134223 100
0.842983 -0.0611 -0.135477 100
0.851672 -0.0496 -0.136873 100
0.863125 -0.0381 -0.138714 100
0.87438 -0.0262 -0.140523 100
0.882575 -0.0139 -0.14184 100
0.893906 0.009 -0.134712 100
0.914375 0.0221 -0.137797 100
0.923868 0.0354 -0.139227 100
0.934152 0.049 -0.140777 100
0.944238 0.0629 -0.142297 100
0.954917 0.0907 -0.143906 100
0.966388 0.1056 -0.145635 100
0.978551 0.1209 -0.147468 100
0.992493 0.1369 -0.149569 100
1.00515 0.1531 -0.151476 100
1.01563 0.1694 -0.153056 100
1.02097 0.1851 -0.153861 100
1.04065 0.2038 -0.156826 100
0.745186 -0.1893 -0.1123 11
0.753492 -0.1801 -0.113551 100
0.757843 -0.1699 -0.114207 100
0.764962 -0.1602 -0.11528 100
0.772873 -0.1505 -0.116472 100
0.778806 -0.1403 -0.117366 100
0.786519 -0.1303 -0.118529 100
0.797001 -0.1205 -0.120108 100
0.807482 -0.1105 -0.121688 100
0.8148 -0.0998 -0.122791 100
0.823897 -0.0891 -0.124161 100
0.833983 -0.0783 -0.125681 0
0.841894 -0.0671 -0.126874 100
0.850595 -0.0557 -0.128185 100
0.862165 -0.0443 -0.129928 100
0.872548 -0.0325 -0.131493 100
0.880854 -0.0204 -0.132745 100
0.899404 0.0057 -0.124643 100
0.909112 0.0185 -0.125988 100
0.91872 0.0317 -0.127319 100
0.929021 0.0451 -0.128747 100
0.938233 0.0588 -0.130024 100
0.947148 0.0727 -0.131259 100
0.959926 0.0873 -0.13303 100
0.972407 0.1022 -0.13476 100
0.98568 0.1176 -0.136599 100
0.998656 0.1334 -0.138397 100
1.01143 0.1496 -0.140168 100
1.02391 0.1662 -0.141898 100
1.03035 0.1821 -0.14279 100
1.04917 0.2006 -0.145398 100
0.757857 -0.1842 -0.105027 19
0.761324 -0.1738 -0.105507 100
0.764593 -0.1633 -0.10596 100
0.770635 -0.1533 -0.106797 100
0.777569 -0.1434 -0.107758 100
0.785394 -0.1334 -0.108843 100
0.795894 -0.1237 -0.110298 100
0.804412 -0.1135 -0.111478 100
0.810851 -0.1028 -0.112371 100
0.820063 -0.0923 -0.113647 100
0.831058 -0.0817 -0.115171 100
0.841062 -0.0708 -0.116557 100
0.847798 -0.0594 -0.117491 100
0.856514 -0.0479 -0.118699 100
0.867905 -0.0363 -0.120277 100
0.877315 -0.0244 -0.121582 100
0.897384 0.0123 -0.116391 100
0.915928 0.0255 -0.118796 100
0.924457 0.0388 -0.119902 100
0.93368 0.0524 -0.121098 100
0.943795 0.0663 -0.12241 100
0.954604 0.0806 -0.123812 100
0.96819 0.0955 -0.125574 100
0.981578 0.1108 -0.127311 100
0.993776 0.1264 -0.128893 100
1.00756 0.1426 -0.13068 100
1.02025 0.1591 -0.132327 100
1.02482 0.1746 -0.132919 100
1.04763 0.1937 -0.135877 100
0.75448 -0.1894 -0.097856 11
0.757951 -0.1789 -0.0983062 100
0.760431 -0.1682 -0.0986277 100
0.767472 -0.1585 -0.099541 100
0.773521 -0.1484 -0.100326 100
0.779372 -0.1382 -0.101084 100
0.788099 -0.1283 -0.102216 100
0.798611 -0.1185 -0.10358 100
0.808032 -0.1083 -0.104802 0
0.817354 -0.0978 -0.106011 100
0.827568 -0.0872 -0.107335 100
0.835601 -0.0762 -0.108377 100
0.843435 -0.0649 -0.109393 100
0.853154 -0.0536 -0.110654 100
0.864757 -0.0421 -0.112159 100
0.876161 -0.0303 -0.113638 100
0.883401 -0.0181 -0.114577 100
0.898911 0.0054 -0.104803 100
0.908645 0.0182 -0.105937 100
0.91828 0.0314 -0.107061 100
0.92861 0.0448 -0.108265 100
0.939834 0.0587 -0.109574 100
0.949767 0.0727 -0.110732 100
0.961587 0.0873 -0.11211 100
0.972115 0.1021 -0.113337 100
0.984432 0.1174 -0.114773 100
0.996451 0.1331 -0.116175 100
1.01026 0.1494 -0.117784 100
1.02277 0.166 -0.119243 100
1.02824 0.1818 -0.11988 100
1.05088 0.2012 -0.122521 100
0.756079 -0.1792 -0.08815 9
0.76333 -0.1696 -0.0889954 100
0.766607 -0.1591 -0.0893775 100
0.774554 -0.1494 -0.090304 100
0.780513 -0.1392 -0.0909988 100
0.788261 -0.1291 -0.0919021 100
0.797796 -0.1192 -0.0930138 0
0.807232 -0.109 -0.0941139 100
0.814582 -0.0983 -0.0949709 100
0.82382 -0.0877 -0.0960478 100
0.833852 -0.0769 -0.0972175 100
0.842791 -0.0657 -0.0982597 100
0.850539 -0.0543 -0.099163 100
0.859081 -0.0427 -0.100159 100
0.870603 -0.031 -0.101502 100
0.880834 -0.0189 -0.102695 100
0.899604 0.0005 -0.0986815 100
0.908451 0.0131 -0.099652 100
0.918093 0.0259 -0.10071 100
0.92863 0.0391 -0.101866 100
0.93688 0.0524 -0.102771 100
0.947019 0.0662 -0.103883 100
0.957954 0.0803 -0.105082 100
0.970578 0.0949 -0.106467 100
0.983998 0.11 -0.107939 100
0.998212 0.1256 -0.109498 100
1.01213 0.1416 -0.111025 100
1.02585 0.158 -0.11253 100
1.03141 0.1735 -0.11314 100
1.05239 0.1921 -0.115441 100
0.75855 -0.1756 -0.0832087 100
0.766701 -0.1663 -0.0841028 100
0.770777 -0.1561 -0.0845499 100
0.777735 -0.1463 -0.0853132 100
0.7836 -0.1362 -0.0859565 100
0.793242 -0.1266 -0.0870142 100
0.803779 -0.1169 -0.08817 100
0.811234 -0.1065 -0.0889878 100
0.81849 -0.096 -0.0897838 100
0.828629 -0.0856 -0.0908961 0
0.838669 -0.0749 -0.0919974 100
0.845528 -0.0637 -0.0927497 100
0.85527 -0.0525 -0.0938183 100
0.866801 -0.0412 -0.0950832 100
0.877238 -0.0295 -0.0962281 100
0.886482 -0.0176 -0.0972422 100
0.905749 0.0035 -0.087852 100
0.915603 0.0164 -0.0888077 100
0.925158 0.0296 -0.0897345 100
0.935609 0.0431 -0.0907482 100
0.944866 0.0568 -0.091646 100
0.954919 0.0709 -0.0926211 100
0.966664 0.0855 -0.0937603 100
0.981295 0.1007 -0.0951794 100
0.993637 0.1161 -0.0963765 100
1.00568 0.1318 -0.0975447 100
1.01752 0.148 -0.0986935 100
1.03216 0.1649 -0.100113 100
1.03853 0.1809 -0.100731 100
1.06042 0.2001 -0.102854 100
0.759635 -0.1836 -0.0736798 8
0.766005 -0.1738 -0.0742977 100
0.769389 -0.1632 -0.0746259 100
0.776456 -0.1533 -0.0753114 100
0.782428 -0.1431 -0.0758906 100
0.791187 -0.1333 -0.0767402 100
0.800842 -0.1233 -0.0776766 100
0.810397 -0.1132 -0.0786034 0
0.816767 -0.1024 -0.0792213 0
0.826024 -0.0918 -0.0801191 0
0.836176 -0.081 -0.0811038 100
0.846129 -0.07 -0.0820692 0
0.853992 -0.0586 -0.0828319 100
0.863647 -0.0471 -0.0837683 100
0.875193 -0.0354 -0.0848882 100
0.883554 -0.0233 -0.0856991 100
0.899226 0.008 -0.082469 100
0.918944 0.0211 -0.0842773 100
0.928503 0.0344 -0.0851541 100
0.939856 0.0481 -0.0861952 100
0.948021 0.0619 -0.0869441 100
0.955988 0.0759 -0.0876747 100
0.968735 0.0906 -0.0888437 100
0.982178 0.1058 -0.0900766 100
0.995522 0.1214 -0.0913004 100
1.00946 0.1376 -0.092579 100
1.02221 0.154 -0.093748 100
1.03565 0.1709 -0.0949809 100
1.04103 0.1869 -0.0954741 100
1.06085 0.2058 -0.0972915 100
0.755231 -0.1865 -0.069263 8
0.763595 -0.1772 -0.0700302 100
0.767977 -0.1669 -0.070432 100
0.775047 -0.1571 -0.0710804 100
0.781122 -0.1469 -0.0716375 100
0.786997 -0.1366 -0.0721764 100
0.794665 -0.1264 -0.0728796 100
0.806217 -0.1167 -0.073939 100
0.815677 -0.1064 -0.0748066 100
0.823046 -0.0956 -0.0754824 100
0.834199 -0.085 -0.0765053 100
0.844257 -0.0741 -0.0774277 100
0.852124 -0.0627 -0.0781492 100
0.860887 -0.0512 -0.0789529 100
0.871443 -0.0395 -0.079921 100
0.880903 -0.0276 -0.0807886 100
0.890164 -0.0153 -0.0816379 100
0.906471 0.0119 -0.066408 100
0.923226 0.0251 -0.0676355 100
0.934695 0.0385 -0.0684757 100
0.94407 0.0521 -0.0691625 100
0.954143 0.0661 -0.0699005 100
0.968106 0.0807 -0.0709234 100
0.978777 0.0954 -0.0717051 100
0.990246 0.1106 -0.0725454 100
1.00441 0.1264 -0.0735829 100
1.01837 0.1427 -0.0746058 100
1.03203 0.1594 -0.0756068 100
1.03762 0.1752 -0.0760159 100
1.05956 0.1942 -0.0776233 100
0.761659 -0.1818 -0.0557991 17
0.769937 -0.1724 -0.0564055 100
0.774225 -0.162 -0.0567197 100
0.781306 -0.1521 -0.0572384 100
0.788188 -0.142 -0.0577426 100
0.796067 -0.1319 -0.0583198 0
0.806638 -0.1221 -0.0590943 100
0.815215 -0.1118 -0.0597226 100
0.822596 -0.1011 -0.0602633 100
0.832868 -0.0905 -0.0610159 100
0.843041 -0.0797 -0.0617611 100
0.851019 -0.0684 -0.0623456 100
0.858799 -0.0569 -0.0629155 100
0.86947 -0.0454 -0.0636973 100
0.881039 -0.0336 -0.0645449 100
0.888319 -0.0215 -0.0650782 100
0.905972 0.0041 -0.0606511 100
0.914752 0.017 -0.0612389 100
0.923433 0.0301 -0.06182 100
0.93391 0.0435 -0.0625214 100
0.943189 0.0572 -0.0631426 100
0.954164 0.0713 -0.0638773 100
0.967035 0.0858 -0.064739 100
0.977612 0.1006 -0.0654471 100
0.990084 0.1159 -0.066282 100
1.00216 0.1316 -0.0670902 100
1.01603 0.1479 -0.0680187 100
1.03059 0.1648 -0.0689939 100
1.03608 0.1805 -0.0693613 100
1.05803 0.1997 -0.0708308 100
0.764389 -0.18 -0.0511727 10
0.770775 -0.1702 -0.0516002 100
0.774067 -0.1596 -0.0518206 100
0.780054 -0.1495 -0.0522214 100
0.785043 -0.1391 -0.0525554 100
0.793823 -0.1292 -0.0531432 100
0.804399 -0.1194 -0.0538512 100
0.81288 -0.109 -0.054419 100
0.819266 -0.0982 -0.0548465 0
0.827548 -0.0875 -0.0554009 100
0.838623 -0.0768 -0.0561423 0
0.847603 -0.0657 -0.0567435 100
0.856383 -0.0543 -0.0573313 100
0.868955 -0.0429 -0.0581729 0
0.879531 -0.0311 -0.058881 100
0.886815 -0.0189 -0.0593686 100
0.910604 0.0014 -0.0504324 100
0.920489 0.0143 -0.0509799 100
0.931173 0.0276 -0.0515716 100
0.940658 0.0411 -0.0520969 100
0.948946 0.0547 -0.0525559 100
0.95903 0.0688 -0.0531144 100
0.970912 0.0834 -0.0537725 100
0.984591 0.0985 -0.0545301 100
0.995974 0.1137 -0.0551605 100
1.00915 0.1296 -0.0558904 100
1.02213 0.1458 -0.0566093 100
1.03671 0.1628 -0.0574167 100
1.0442 0.179 -0.0578314 100
1.06806 0.1985 -0.059153 100
0.758338 -0.1946 -0.0419994 25
0.766825 -0.1853 -0.0424694 35
0.771218 -0.175 -0.0427127 100
0.77651 -0.1648 -0.0430058 100
0.782701 -0.1547 -0.0433487 100
0.787693 -0.1442 -0.0436252 100
0.795581 -0.1342 -0.044062 100
0.805266 -0.1242 -0.0445984 100
0.813853 -0.1139 -0.045074 100
0.823238 -0.1035 -0.0455938 0
0.834521 -0.093 -0.0462187 0
0.843707 -0.0821 -0.0467274 0
0.851795 -0.0709 -0.0471753 0
0.86158 -0.0595 -0.0477173 100
0.872363 -0.048 -0.0483145 100
0.881948 -0.0361 -0.0488454 100
0.889337 -0.024 -0.0492546 100
0.905948 0.006 -0.0436743 100
0.92173 0.019 -0.0444351 100
0.933316 0.0323 -0.0449937 100
0.943804 0.0458 -0.0454993 100
0.952993 0.0596 -0.0459423 100
0.965079 0.0739 -0.0465249 100
0.978863 0.0887 -0.0471894 100
0.991449 0.1038 -0.0477961 100
1.00373 0.1193 -0.0483884 100
1.01782 0.1354 -0.0490674 100
1.0297 0.1516 -0.0496404 100
1.0364 0.1674 -0.049963 100
1.06147 0.1867 -0.0511716 100
0.764412 -0.1878 -0.0368511 50
0.769906 -0.1778 -0.0371159 100
0.773202 -0.1672 -0.0372748 100
0.779395 -0.1572 -0.0375734 100
0.785488 -0.1471 -0.0378671 100
0.793379 -0.1371 -0.0382475 0
0.803067 -0.1273 -0.0387146 100
0.811657 -0.1171 -0.0391287 0
0.81815 -0.1064 -0.0394417 0
0.827539 -0.0959 -0.0398943 0
0.839725 -0.0854 -0.0404818 100
0.849713 -0.0745 -0.0409633 100
0.857704 -0.0631 -0.0413485 100
0.868491 -0.0517 -0.0418686 100
0.879079 -0.0401 -0.042379 0
0.887569 -0.028 -0.0427883 100
0.894861 -0.0158 -0.0431398 100
0.914297 0.0101 -0.0332062 100
0.924091 0.0231 -0.0335619 100
0.934684 0.0364 -0.0339466 100
0.943078 0.05 -0.0342515 100
0.953272 0.0639 -0.0346217 100
0.965164 0.0783 -0.0350536 100
0.974957 0.0928 -0.0354093 100
0.98545 0.1077 -0.0357904 100
0.997742 0.1232 -0.0362368 100
1.01183 0.1393 -0.0367486 100
1.02452 0.1557 -0.0372095 100
1.03902 0.1728 -0.0377358 100
1.04741 0.1892 -0.0380407 100
1.07499 0.2098 -0.0390424 100
0.769892 -0.1748 -0.0279616 14
0.777188 -0.1651 -0.0282265 100
0.781385 -0.1546 -0.028379 100
0.787381 -0.1444 -0.0285967 100
0.795176 -0.1344 -0.0288798 100
0.804869 -0.1245 -0.0292319 100
0.813464 -0.1142 -0.029544 100
0.822957 -0.1038 -0.0298888 100
0.833251 -0.0933 -0.0302627 0
0.841445 -0.0823 -0.0305603 100
0.84944 -0.0711 -0.0308506 0
0.855336 -0.0596 -0.0310648 100
0.86413 -0.0481 -0.0313842 100
0.875623 -0.0364 -0.0318016 100
0.886116 -0.0245 -0.0321827 100
0.908576 0.0024 -0.0277595 100
0.92047 0.0153 -0.0281229 100
0.932165 0.0285 -0.0284802 100
0.940661 0.0419 -0.0287398 100
0.947958 0.0555 -0.0289627 100
0.958053 0.0696 -0.0292712 100
0.969947 0.0841 -0.0296346 100
0.983541 0.0991 -0.0300499 100
0.996935 0.1146 -0.0304591 100
1.01013 0.1304 -0.0308622 100
1.02302 0.1467 -0.0312562 100
1.03572 0.1633 -0.031644 100
1.04321 0.1794 -0.031873 100
1.0691 0.1993 -0.032664 100
0.769541 -0.1815 -0.0235116 13
0.774938 -0.1714 -0.0236765 100
0.779236 -0.161 -0.0238078 100
0.785334 -0.1508 -0.0239941 100
0.79323 -0.1409 -0.0242354 0
0.803025 -0.1311 -0.0245346 100
0.811721 -0.1208 -0.0248003 100
0.819218 -0.1103 -0.0250294 0
0.826614 -0.0995 -0.0252554 100
0.837909 -0.089 -0.0256004 0
0.847005 -0.0781 -0.0258783 100
0.855001 -0.0668 -0.0261226 100
0.863797 -0.0553 -0.0263914 100
0.874492 -0.0437 -0.0267181 100
0.883988 -0.0318 -0.0270083 100
0.893383 -0.0197 -0.0272953 100
0.911823 0.001 -0.0179855 100
0.920721 0.0138 -0.018161 100
0.930419 0.0269 -0.0183523 100
0.940917 0.0404 -0.0185594 100
0.948316 0.0539 -0.0187053 100
0.958414 0.0679 -0.0189045 100
0.970311 0.0824 -0.0191392 100
0.984009 0.0974 -0.0194094 100
0.997406 0.1128 -0.0196736 100
1.0107 0.1286 -0.0199359 100
1.0236 0.1448 -0.0201903 100
1.0373 0.1615 -0.0204605 100
1.0428 0.1773 -0.0205689 100
1.06289 0.196 -0.0209653 100
0.767851 -0.1809 -0.0151457 19
0.776149 -0.1714 -0.0153094 100
0.780448 -0.161 -0.0153942 100
0.786547 -0.1508 -0.0155145 100
0.793446 -0.1407 -0.0156505 100
0.803244 -0.1309 -0.0158438 100
0.811942 -0.1208 -0.0160154 0
0.819441 -0.1102 -0.0161633 0
0.827839 -0.0996 -0.0163289 100
0.839137 -0.0891 -0.0165518 100
0.848235 -0.0782 -0.0167312 100
0.855234 -0.0668 -0.0168693 100
0.864032 -0.0554 -0.0170428 100
0.876729 -0.0439 -0.0172933 100
0.886228 -0.032 -0.0174806 100
0.894626 -0.0198 -0.0176463 100
0.910918 0.0041 -0.0122426 100
0.919717 0.017 -0.0123609 100
0.929416 0.0302 -0.0124912 100
0.939915 0.0437 -0.0126323 100
0.948214 0.0574 -0.0127439 100
0.958213 0.0714 -0.0128782 100
0.970112 0.0859 -0.0130382 100
0.982711 0.1009 -0.0132075 100
0.99611 0.1164 -0.0133876 100
1.01031 0.1324 -0.0135784 100
1.02421 0.1488 -0.0137652 100
1.03681 0.1654 -0.0139345 100
1.04421 0.1816 -0.014034 100
1.0671 0.201 -0.0143417 100
0.77443 -0.1701 -0.0104082 41
0.781629 -0.1603 -0.010505 100
0.784829 -0.1495 -0.010548 100
0.791728 -0.1394 -0.0106407 100
0.799528 -0.1293 -0.0107455 0
0.810127 -0.1194 -0.010888 100
0.819726 -0.1091 -0.011017 100
0.827125 -0.0984 -0.0111164 100
0.836324 -0.0877 -0.0112401 100
0.846424 -0.0768 -0.0113758 100
0.855423 -0.0656 -0.0114967 0
0.864222 -0.0541 -0.011615 100
0.875921 -0.0426 -0.0117722 100
0.88542 -0.0306 -0.0118999 100
0.893719 -0.0184 -0.0120114 100
0.912899 0.012 0.00159331 100
0.932699 0.0252 0.00162787 100
0.943199 0.0387 0.00164619 100
0.953598 0.0524 0.00166435 100
0.965698 0.0666 0.00168546 100
0.976599 0.0811 0.00170449 100
0.987398 0.0959 0.00172334 100
0.999798 0.1112 0.00174498 100
1.0131 0.127 0.00176819 100
1.027 0.1433 0.00179245 100
1.0418 0.1602 0.00181828 100
1.0483 0.1762 0.00182963 100
1.0733 0.1959 0.00187326 100
0.770399 -0.1796 0.0013446 12
0.777699 -0.1699 0.00135734 100
0.781899 -0.1594 0.00136467 100
0.787999 -0.1492 0.00137532 100
0.796899 -0.1394 0.00139085 100
0.807699 -0.1297 0.0014097 100
0.816299 -0.1194 0.00142471 0
0.824799 -0.1089 0.00143955 100
0.835199 -0.0985 0.0014577 100
0.844499 -0.0876 0.00147393 100
0.850599 -0.0763 0.00148458 100
0.859499 -0.065 0.00150011 100
0.871299 -0.0537 0.0015207 100
0.881999 -0.042 0.00153938 100
0.891499 -0.03 0.00155596 100
0.900799 -0.0178 0.00157219 100
0.917962 0.0048 0.00833139 100
0.926762 0.0178 0.00841125 100
0.938461 0.0312 0.00851744 100
0.946861 0.0447 0.00859367 100
0.956161 0.0586 0.00867808 100
0.96926 0.073 0.00879697 100
0.98106 0.0877 0.00890406 100
0.993659 0.1028 0.00901841 100
1.00706 0.1185 0.00914002 100
1.02116 0.1346 0.00926799 100
1.03596 0.1514 0.00940231 100
1.05056 0.1685 0.00953481 100
1.05496 0.1844 0.00957474 100
1.07886 0.2041 0.00979165 100
0.772268 -0.1754 0.00700908 11
0.780568 -0.1659 0.0070844 100
0.784768 -0.1553 0.00712252 100
0.792767 -0.1454 0.00719513 100
0.802567 -0.1356 0.00728407 100
0.811367 -0.1255 0.00736393 100
0.817966 -0.1148 0.00742383 0
0.826466 -0.1042 0.00750097 100
0.837766 -0.0938 0.00760353 100
0.847965 -0.0829 0.0076961 100
0.855965 -0.0717 0.0077687 100
0.864864 -0.0602 0.00784947 100
0.875564 -0.0487 0.00794658 100
0.885164 -0.0368 0.00803371 100
0.893663 -0.0247 0.00811085 100
0.912658 0.0105 0.0210298 100
0.933452 0.0238 0.021509 100
0.94305 0.0372 0.0217301 100
0.953347 0.051 0.0219674 100
0.965544 0.0652 0.0222485 100
0.976541 0.0796 0.0225019 100
0.987238 0.0944 0.0227484 100
0.999735 0.1097 0.0230363 100
1.01303 0.1255 0.0233427 100
1.02703 0.1418 0.0236652 100
1.04072 0.1585 0.0239808 100
1.04732 0.1745 0.0241328 100
1.07132 0.1939 0.0246857 100
0.775494 -0.1788 0.0178693 9
0.780793 -0.1686 0.0179914 100
0.784092 -0.1578 0.0180674 100
0.79209 -0.148 0.0182517 100
0.801987 -0.1383 0.0184797 100
0.810685 -0.1281 0.0186801 100
0.818383 -0.1177 0.0188575 100
0.82788 -0.1072 0.0190764 100
0.837178 -0.0966 0.0192906 100
0.846475 -0.0857 0.0195048 100
0.853573 -0.0744 0.0196684 100
0.863471 -0.0631 0.0198965 100
0.874268 -0.0516 0.0201453 100
0.883865 -0.0398 0.0203664 100
0.893363 -0.0278 0.0205852 100
0.90366 -0.0155 0.0208225 100
0.918551 0.012 0.0253366 100
0.939343 0.0254 0.0259101 100
0.948839 0.039 0.026172 100
0.959135 0.0528 0.026456 100
0.971331 0.0671 0.0267924 100
0.984226 0.0818 0.0271481 100
0.99792 0.097 0.0275258 100
1.00942 0.1124 0.0278429 100
1.02161 0.1282 0.0281793 100
1.03651 0.1448 0.0285901 100
1.0522 0.1621 0.029023 100
1.0577 0.1781 0.0291747 100
1.08069 0.1975 0.0298089 100
0.776105 -0.1756 0.0214075 10
0.782402 -0.1656 0.0215812 100
0.785601 -0.1548 0.0216694 100
0.793598 -0.1449 0.02189 100
0.803394 -0.1351 0.0221602 100
0.811191 -0.1248 0.0223753 100
0.817789 -0.1141 0.0225572 100
0.826186 -0.1036 0.0227888 100
0.836482 -0.093 0.0230728 100
0.847678 -0.0823 0.0233817 100
0.854775 -0.0709 0.0235774 100
0.862672 -0.0595 0.0237952 100
0.873368 -0.0479 0.0240903 100
0.883964 -0.0361 0.0243825 100
0.89336 -0.024 0.0246417 100
0.922177 0.0029 0.0389731 100
0.932068 0.0159 0.0393912 100
0.941659 0.0292 0.0397965 100
0.949153 0.0427 0.0401132 100
0.958444 0.0566 0.0405059 100
0.970534 0.0709 0.0410168 100
0.983422 0.0856 0.0415615 100
0.99701 0.1009 0.0421357 100
1.0104 0.1165 0.0427015 100
1.02359 0.1325 0.0432589 100
1.03548 0.1487 0.0437614 100
1.04806 0.1655 0.0442934 100
1.05556 0.1818 0.0446101 100
1.08044 0.2017 0.0456615 100
0.77341 -0.1813 0.0326859 100
0.782601 -0.172 0.0330744 100
0.786898 -0.1614 0.0332559 100
0.796989 -0.1519 0.0336824 100
0.805881 -0.142 0.0340582 100
0.811675 -0.1314 0.0343031 100
0.819369 -0.1209 0.0346282 100
0.82896 -0.1105 0.0350336 100
0.838352 -0.0999 0.0354305 100
0.847543 -0.089 0.035819 100
0.855736 -0.0778 0.0361652 100
0.863729 -0.0664 0.036503 100
0.874519 -0.055 0.036959 100
0.884111 -0.0432 0.0373644 100
0.892703 -0.0312 0.0377275 100
0.902994 -0.0189 0.0381624 100
0.921952 0.009 0.043962 100
0.93264 0.0222 0.0444716 100
0.942229 0.0356 0.0449289 100
0.949621 0.0492 0.0452813 100
0.959809 0.0632 0.0457672 100
0.972795 0.0778 0.0463863 100
0.986579 0.0928 0.0470436 100
1.00106 0.1083 0.0477342 100
1.01525 0.1242 0.0484106 100
1.02633 0.1402 0.0489393 100
1.03912 0.1568 0.0495489 100
1.0545 0.1742 0.0502824 100
1.0589 0.1902 0.050492 100
1.07967 0.2096 0.0514827 100
0.772322 -0.1847 0.0368271 20
0.777816 -0.1745 0.0370891 100
0.782111 -0.164 0.0372939 100
0.789203 -0.154 0.037632 100
0.800191 -0.1446 0.038156 100
0.80998 -0.1347 0.0386227 100
0.816672 -0.1241 0.0389418 100
0.824263 -0.1135 0.0393038 100
0.833753 -0.1029 0.0397563 100
0.843042 -0.0921 0.0401993 100
0.851233 -0.0809 0.0405898 100
0.860223 -0.0697 0.0410185 100
0.87111 -0.0583 0.0415377 100
0.880799 -0.0466 0.0419997 100
0.890288 -0.0346 0.0424521 100
0.900677 -0.0224 0.0429475 100
0.921958 0.0016 0.061398 100
0.932834 0.0147 0.0621223 100
0.942512 0.028 0.0627668 100
0.949996 0.0416 0.0632652 100
0.960273 0.0555 0.0639496 100
0.974342 0.07 0.0648865 100
0.988211 0.0849 0.0658101 100
0.999785 0.1001 0.0665809 100
1.01116 0.1155 0.0673385 100
1.02433 0.1316 0.0682156 100
1.0392 0.1483 0.0692056 100
1.05476 0.1656 0.0702422 100
1.05925 0.1815 0.0705412 100
1.07921 0.2005 0.0718702 100
0.772788 -0.1837 0.051464 100
0.782068 -0.1744 0.052082 100
0.786358 -0.1639 0.0523677 100
0.795438 -0.1542 0.0529724 100
0.80342 -0.1441 0.053504 100
0.811303 -0.1338 0.0540289 100
0.819984 -0.1235 0.054607 100
0.83046 -0.1132 0.0553047 100
0.840937 -0.1026 0.0560024 100
0.849219 -0.0916 0.0565539 100
0.858299 -0.0804 0.0571586 100
0.869374 -0.0692 0.0578962 100
0.878155 -0.0576 0.0584809 100
0.887833 -0.0457 0.0591255 100
0.897412 -0.0336 0.0597634 100
0.906791 -0.0213 0.060388 100
0.919629 0.0043 0.0660812 100
0.939378 0.0176 0.0675002 100
0.948056 0.031 0.0681238 100
0.958529 0.0448 0.0688763 100
0.970697 0.0589 0.0697507 100
0.984761 0.0736 0.0707613 100
1.00052 0.0889 0.0718937 100
1.01409 0.1044 0.0728684 100
1.02256 0.1342 0.0734777 100
1.03443 0.1505 0.0743305 100
1.04999 0.1678 0.0754486 100
1.05638 0.184 0.0759073 100
0.77191 -0.1907 0.0554666 100
0.780288 -0.1812 0.0560686 100
0.784677 -0.1707 0.056384 100
0.793853 -0.1611 0.0570434 100
0.80283 -0.1513 0.0576884 100
0.808815 -0.1407 0.0581184 100
0.817592 -0.1305 0.0587492 0
0.828165 -0.1204 0.0595089 100
0.83774 -0.1098 0.0601969 100
0.845121 -0.0988 0.0607273 100
0.852302 -0.0876 0.0612433 100
0.861379 -0.0764 0.0618955 100
0.873348 -0.0651 0.0627556 100
0.882126 -0.0534 0.0633863 100
0.892698 -0.0415 0.064146 100
0.903171 -0.0294 0.0648986 100
0.912447 -0.0169 0.0655651 100
0.925206 0.0075 0.0838747 100
0.942535 0.0336 0.0854457 100
0.952892 0.0472 0.0863846 100
0.965142 0.0611 0.0874951 100
0.976097 0.0754 0.0884883 100
0.987849 0.09 0.0895536 100
1.00239 0.1053 0.0908718 100
1.01673 0.121 0.0921719 100
1.03077 0.1371 0.0934449 100
1.04352 0.1535 0.0946006 100
1.05607 0.1703 0.0957382 100
1.06244 0.1864 0.096316 100
1.08525 0.2059 0.0983835 100
0.769843 -0.19 0.0697903 28
0.780101 -0.1811 0.0707202 100
0.783487 -0.1706 0.0710272 100
0.794542 -0.1615 0.0720293 100
0.803505 -0.1518 0.0728419 100
0.80948 -0.1414 0.0733836 100
0.817249 -0.1312 0.0740878 100
0.827805 -0.1212 0.0750448 100
0.837267 -0.1108 0.0759025 100
0.845632 -0.1001 0.0766609 100
0.852902 -0.089 0.07732 100
0.861965 -0.0779 0.0781416 100
0.873916 -0.0669 0.079225 100
0.884672 -0.0554 0.0802001 100
0.894233 -0.0436 0.0810668 100
0.903694 -0.0316 0.0819246 100
0.91206 -0.0193 0.0826829 100
0.920849 0.0003 0.0875324 100
0.930705 0.0134 0.0884692 100
0.940361 0.0267 0.0893871 100
0.95181 0.0404 0.0904753 100
0.963158 0.0544 0.0915541 100
0.974209 0.0687 0.0926045 100
0.986055 0.0835 0.0937306 100
0.999694 0.0988 0.095027 100
1.01303 0.1145 0.0962951 100
1.02418 0.1303 0.0973549 100
1.03603 0.1466 0.098481 100
1.05265 0.164 0.100061 100
1.05813 0.1801 0.100582 100
1.08093 0.1996 0.102749 100
0.773712 -0.1897 0.0735461 14
0.779188 -0.1795 0.0740666 100
0.781577 -0.1685 0.0742937 100
0.793623 -0.1595 0.0754387 100
0.802582 -0.1497 0.0762904 100
0.808555 -0.1391 0.0768581 100
0.81632 -0.1286 0.0775963 100
0.825877 -0.1183 0.0785047 100
0.835335 -0.1077 0.0794037 100
0.843697 -0.0968 0.0801986 100
0.85186 -0.0857 0.0809745 100
0.860919 -0.0744 0.0818357 100
0.87177 -0.0631 0.0828671 100
0.880531 -0.0513 0.0836999 100
0.889092 -0.0393 0.0845137 100
0.899545 -0.0271 0.0855073 100
0.909799 -0.0147 0.086482 100
0.932416 0.0083 0.0925744 100
0.942168 0.0217 0.0935426 100
0.952616 0.0353 0.09458 100
0.964956 0.0493 0.0958051 100
0.977096 0.0637 0.0970105 100
0.990032 0.0785 0.0982949 100
1.00277 0.0937 0.0995595 100
1.01421 0.1092 0.100696 100
1.02536 0.125 0.101802 100
1.03939 0.1415 0.103195 100
1.05501 0.1588 0.104746 100
1.06059 0.1749 0.1053 100
1.08248 0.1941 0.107473 100
0.779567 -0.1894 0.0773989 19
0.78703 -0.1795 0.0781399 100
0.791409 -0.1689 0.0785746 100
0.800464 -0.1591 0.0794737 100
0.80753 -0.1488 0.0801752 100
0.815391 -0.1384 0.0809557 100
0.825143 -0.1282 0.0819239 100
0.833701 -0.1175 0.0827736 100
0.842159 -0.1067 0.0836134 100
0.851513 -0.0957 0.0845421 100
0.862659 -0.0848 0.0856486 100
0.871615 -0.0733 0.0865378 100
0.87858 -0.0615 0.0872294 100
0.887238 -0.0496 0.088089 100
0.897786 -0.0375 0.0891362 100
0.908235 -0.0252 0.0901736 100
0.934677 0.0043 0.0899992 100
0.943437 0.0176 0.0908426 100
0.952096 0.0311 0.0916765 100
0.963544 0.0451 0.0927787 100
0.976683 0.0594 0.0940439 100
0.989623 0.0742 0.0952898 100
1.00236 0.0893 0.0965167 100
1.01391 0.1048 0.0976285 100
1.02625 0.1206 0.098817 100
1.04019 0.1371 0.100159 100
1.05592 0.1543 0.101673 100
1.06259 0.1706 0.102315 100
1.08558 0.19 0.104529 100
0.775613 -0.1857 0.074683 52
0.786861 -0.1768 0.0757661 100
0.792136 -0.1663 0.076274 100
0.80219 -0.1567 0.0772421 100
0.809158 -0.1463 0.077913 100
0.817021 -0.1359 0.0786702 100
0.827771 -0.1257 0.0797053 100
0.836332 -0.115 0.0805296 100
0.843698 -0.104 0.0812389 100
0.852059 -0.0929 0.082044 100
0.862212 -0.0817 0.0830216 100
0.872166 -0.0703 0.08398 100
0.882021 -0.0586 0.0849289 100
0.893667 -0.0468 0.0860503 100
0.905114 -0.0347 0.0871525 100
0.91248 -0.0221 0.0878618 100
0.92827 0.0075 0.103302 100
0.944967 0.0209 0.10516 100
0.954508 0.0346 0.106222 100
0.968819 0.0488 0.107814 100
0.983926 0.0635 0.109496 100
0.995753 0.0783 0.110812 100
1.00748 0.0936 0.112117 100
1.01891 0.1091 0.113389 100
1.03511 0.1256 0.115192 100
1.04992 0.1425 0.11684 100
1.06363 0.1596 0.118366 100
1.0691 0.1758 0.118974 100
1.09007 0.1951 0.121308 100
0.778892 -0.1925 0.0866785 38
0.786346 -0.1826 0.087508 100
0.790719 -0.1719 0.0879947 100
0.800856 -0.1623 0.0891228 100
0.807913 -0.152 0.0899081 100
0.815864 -0.1416 0.0907929 100
0.826597 -0.1315 0.0919874 100
0.836138 -0.121 0.0930492 100
0.842698 -0.1098 0.0937791 100
0.851046 -0.0987 0.0947082 100
0.862277 -0.0877 0.095958 100
0.872315 -0.0764 0.0970751 100
0.882154 -0.0647 0.09817 100
0.8909 -0.0528 0.0991433 100
0.899547 -0.0406 0.100106 100
0.907995 -0.0281 0.101046 100
0.917238 -0.0155 0.102074 100
0.937668 0.0013 0.109155 100
0.949488 0.0147 0.110531 100
0.962103 0.0284 0.112 100
0.971539 0.0424 0.113098 100
0.982763 0.0567 0.114405 100
0.996769 0.0716 0.116035 100
1.00948 0.0868 0.117515 100
1.02299 0.1024 0.119088 100
1.03531 0.1184 0.120522 100
1.05031 0.1351 0.122268 100
1.06501 0.1522 0.123979 100
1.07166 0.1686 0.124754 100
1.09371 0.1878 0.127321 100
0.779337 -0.1887 0.0907238 100
0.792548 -0.1801 0.0922617 100
0.797912 -0.1696 0.0928861 100
0.805063 -0.1593 0.0937186 100
0.81301 -0.149 0.0946437 100
0.822843 -0.1389 0.0957884 100
0.832578 -0.1286 0.0969216 100
0.840226 -0.1177 0.0978119 100
0.849662 -0.1068 0.0989104 100
0.859893 -0.0959 0.100101 100
0.870025 -0.0846 0.101281 100
0.877077 -0.0729 0.102102 100
0.884924 -0.061 0.103015 100
0.895652 -0.0491 0.104264 100
0.905187 -0.0369 0.105374 100
0.914524 -0.0244 0.106461 100
0.931116 0.0062 0.121427 100
0.953724 0.0198 0.124375 100
0.965227 0.0337 0.125875 100
0.974548 0.0477 0.127091 100
0.986745 0.0623 0.128681 100
1.00043 0.0915 0.130466 100
1.01382 0.1071 0.132211 100
1.02601 0.123 0.133802 100
1.03999 0.1396 0.135625 100
1.05457 0.1567 0.137526 100
1.06012 0.1728 0.13825 100
1.08303 0.1922 0.141238 100
0.782078 -0.1847 0.101991 100
0.792291 -0.1754 0.103323 100
0.797547 -0.1648 0.104008 100
0.805579 -0.1547 0.105055 100
0.815495 -0.1447 0.106349 100
0.824221 -0.1343 0.107486 100
0.831856 -0.1236 0.108482 100
0.838401 -0.1125 0.109336 100
0.845838 -0.1014 0.110306 100
0.85506 -0.0903 0.111508 100
0.867058 -0.0793 0.113073 100
0.876974 -0.0677 0.114366 100
0.884808 -0.0558 0.115388 100
0.895319 -0.0438 0.116758 100
0.904838 -0.0315 0.118 100
0.913069 -0.019 0.119073 100
0.932493 0.0064 0.126244 100
0.951123 0.0199 0.128766 100
0.962618 0.0338 0.130322 100
0.972924 0.0479 0.131717 100
0.986005 0.0625 0.133488 100
1.00087 0.0776 0.135501 100
1.01355 0.093 0.137218 100
1.02594 0.1087 0.138895 100
1.03813 0.1248 0.140545 100
1.05398 0.1418 0.142692 100
1.06954 0.1593 0.144798 100
1.07509 0.1757 0.145549 100
1.0959 0.195 0.148367 100
0.780777 -0.1924 0.105704 100
0.790092 -0.1829 0.106965 100
0.795443 -0.1724 0.10769 100
0.802578 -0.1621 0.108655 100
0.810605 -0.1519 0.109742 100
0.821407 -0.142 0.111205 100
0.831118 -0.1316 0.112519 100
0.838748 -0.1207 0.113552 100
0.84628 -0.1096 0.114572 100
0.857577 -0.0988 0.116101 100
0.867684 -0.0876 0.11747 100
0.875711 -0.076 0.118556 100
0.88463 -0.0642 0.119764 100
0.894341 -0.0522 0.121079 100
0.906827 -0.0401 0.122769 100
0.917232 -0.0277 0.124178 100
0.925457 -0.0148 0.125291 100
0.934372 0.001 0.134479 100
0.944171 0.0143 0.135889 100
0.954762 0.028 0.137413 100
0.968124 0.0421 0.139336 100
0.982279 0.0566 0.141374 100
0.995245 0.0714 0.14324 100
1.00791 0.0867 0.145063 100
1.02039 0.1023 0.146858 100
1.03365 0.1183 0.148767 100
1.04761 0.1349 0.150776 100
1.06235 0.1521 0.152898 100
1.06889 0.1685 0.153838 100
1.09185 0.1879 0.157143 100
0.784417 -0.1986 0.112897 29
0.78996 -0.1882 0.113694 100
0.793425 -0.1773 0.114193 100
0.80164 -0.1673 0.115375 100
0.810647 -0.1572 0.116672 100
0.819654 -0.147 0.117968 100
0.827375 -0.1364 0.119079 100
0.835095 -0.1256 0.12019 100
0.843607 -0.1147 0.121415 100
0.853011 -0.1038 0.122769 100
0.862216 -0.0925 0.124094 100
0.871322 -0.0811 0.125404 100
0.88023 -0.0694 0.126686 100
0.891019 -0.0576 0.128239 100
0.90161 -0.0455 0.129763 100
0.911013 -0.0331 0.131117 100
0.922297 -0.0205 0.132741 100
0.940435 0.006 0.147941 100
0.950116 0.0195 0.149464 100
0.96355 0.0334 0.151577 100
0.976886 0.0477 0.153675 100
0.988938 0.0623 0.155571 100
1.00277 0.0774 0.157747 100
1.01531 0.0928 0.15972 100
1.02677 0.1085 0.161523 100
1.03981 0.1247 0.163574 100
1.05463 0.1416 0.165905 100
1.06046 0.1577 0.166822 100
1.08348 0.1768 0.170443 100
0.788108 -0.2021 0.123978 12
0.788898 -0.1905 0.124102 100
0.791467 -0.1793 0.124507 100
0.799666 -0.1693 0.125796 100
0.807766 -0.1592 0.127071 100
0.816657 -0.149 0.128469 100
0.825449 -0.1386 0.129852 100
0.832166 -0.1276 0.130909 100
0.84165 -0.117 0.132401 100
0.85301 -0.1063 0.134188 100
0.862197 -0.0951 0.135633 100
0.86842 -0.0834 0.136612 100
0.877311 -0.0717 0.138011 100
0.888079 -0.06 0.139705 100
0.897661 -0.0479 0.141212 100
0.907144 -0.0356 0.142704 100
0.918406 -0.023 0.144475 100
0.935639 0.0129 0.158084 100
0.959008 0.0268 0.162032 100
0.970446 0.0408 0.163964 100
0.981588 0.0552 0.165847 100
0.995491 0.0701 0.168196 100
1.01008 0.0854 0.170662 100
1.02359 0.1011 0.172944 100
1.03681 0.1172 0.175176 100
1.05071 0.1338 0.177525 100
1.06343 0.1507 0.179675 100
1.07003 0.1671 0.180791 100
1.09192 0.1863 0.184489 100
0.783791 -0.1974 0.132428 100
0.791187 -0.1874 0.133677 100
0.795624 -0.1767 0.134427 100
0.805681 -0.167 0.136126 100
0.813668 -0.1568 0.137476 100
0.821655 -0.1463 0.138825 100
0.829346 -0.1357 0.140124 100
0.836051 -0.1247 0.141257 100
0.844531 -0.1138 0.14269 100
0.854785 -0.1029 0.144423 100
0.865927 -0.0919 0.146305 100
0.874999 -0.0804 0.147838 100
0.884859 -0.0687 0.149504 100
0.895508 -0.0568 0.151303 100
0.904086 -0.0446 0.152752 100
0.913454 -0.0321 0.154335 100
0.922722 -0.0194 0.155901 100
0.93625 0.007 0.161045 100
0.95872 0.0207 0.164911 100
0.971138 0.0348 0.167047 100
0.984344 0.0492 0.169318 100
0.997353 0.064 0.171556 100
1.00908 0.0792 0.173573 100
1.0217 0.0947 0.175743 100
1.035 0.1108 0.178032 100
1.04998 0.1275 0.180608 100
1.06575 0.1447 0.183321 100
1.07235 0.1611 0.184456 100
1.09729 0.1808 0.188745 100
0.785662 -0.1962 0.135143 100
0.795024 -0.1866 0.136753 100
0.799459 -0.1758 0.137516 100
0.809511 -0.166 0.139245 100
0.81848 -0.1558 0.140788 100
0.826364 -0.1452 0.142144 100
0.833164 -0.1343 0.143313 100
0.840753 -0.1233 0.144619 100
0.851199 -0.1125 0.146416 100
0.862434 -0.1016 0.148348 100
0.870614 -0.0901 0.149755 100
0.879681 -0.0784 0.151315 100
0.890423 -0.0667 0.153163 100
0.90018 -0.0546 0.154841 100
0.908655 -0.0422 0.156299 100
0.919003 -0.0296 0.158079 100
0.928267 -0.0168 0.159672 100
0.940645 0.0105 0.170096 100
0.965049 0.0245 0.174509 100
0.978333 0.0388 0.176911 100
0.991519 0.0534 0.179296 100
1.00539 0.0685 0.181805 100
1.0171 0.0839 0.183922 100
1.0296 0.0996 0.186182 100
1.04476 0.1161 0.188923 100
1.05863 0.1329 0.191432 100
1.07329 0.1503 0.194083 100
1.0789 0.1667 0.195097 100
1.09878 0.1858 0.198692 100
0.782509 -0.2082 0.141501 15
0.789102 -0.198 0.142693 100
0.792743 -0.187 0.143351 100
0.802879 -0.1774 0.145184 100
0.811046 -0.1671 0.146661 100
0.819115 -0.1567 0.14812 100
0.826988 -0.1461 0.149544 100
0.834762 -0.1352 0.15095 100
0.842339 -0.1242 0.15232 100
0.85277 -0.1134 0.154206 100
0.863102 -0.1023 0.156074 100
0.872254 -0.0908 0.157729 100
0.882192 -0.0792 0.159526 100
0.891049 -0.0673 0.161128 100
0.899708 -0.0551 0.162694 100
0.909254 -0.0427 0.16442 100
0.92057 -0.0301 0.166466 100
0.930706 -0.0172 0.168299 100
0.940843 0.0015 0.180497 100
0.954494 0.0151 0.183116 100
0.965984 0.029 0.18532 100
0.97826 0.0433 0.187675 100
0.990242 0.0579 0.189974 100
1.00311 0.073 0.192442 100
1.01568 0.0884 0.194853 100
1.02805 0.1042 0.197227 100
1.04219 0.1206 0.199941 100
1.05791 0.1377 0.202955 100
1.07146 0.155 0.205555 100
1.07804 0.1716 0.206818 100
1.10367 0.1917 0.211735 100
0.786949 -0.1964 0.150973 100
0.795297 -0.1865 0.152574 100
0.799716 -0.1756 0.153422 100
0.808751 -0.1656 0.155156 100
0.816706 -0.1552 0.156682 100
0.825545 -0.1448 0.158377 100
0.832322 -0.1338 0.159677 100
0.841848 -0.1231 0.161505 100
0.85324 -0.1124 0.16369 100
0.862472 -0.1012 0.165462 100
0.871605 -0.0898 0.167214 100
0.881524 -0.0782 0.169117 100
0.891345 -0.0663 0.171001 100
0.898023 -0.054 0.172282 100
0.90755 -0.0416 0.17411 100
0.918746 -0.0291 0.176257 100
0.928959 -0.0162 0.178217 100
0.947822 0.0074 0.191631 100
0.958408 0.0212 0.193771 100
0.969778 0.0352 0.19607 100
0.984872 0.0498 0.199122 100
0.997713 0.0647 0.201718 100
1.00947 0.0799 0.204096 100
1.02094 0.0955 0.206414 100
1.03417 0.1116 0.20909 100
1.04809 0.1282 0.211904 100
1.06378 0.1455 0.215075 100
1.07044 0.1619 0.216422 100
1.09328 0.1813 0.221039 100
0.779919 -0.2021 0.157684 17
0.790309 -0.1928 0.159785 100
0.7957 -0.1822 0.160875 100
0.803835 -0.1721 0.16252 100
0.812853 -0.162 0.164343 100
0.821773 -0.1516 0.166146 100
0.829516 -0.1409 0.167712 100
0.837259 -0.13 0.169277 100
0.847649 -0.1193 0.171378 100
0.856961 -0.1082 0.173261 100
0.864214 -0.0966 0.174727 100
0.873231 -0.0851 0.17655 100
0.883131 -0.0734 0.178552 100
0.893815 -0.0615 0.180712 100
0.90342 -0.0492 0.182654 100
0.91283 -0.0367 0.184556 100
0.922044 -0.024 0.186419 100
0.940895 0.0091 0.205148 100
0.964051 0.0231 0.210197 100
0.975385 0.0374 0.212668 100
0.988477 0.052 0.215523 100
1.00225 0.0672 0.218527 100
1.01486 0.0826 0.221275 100
1.02727 0.0985 0.22398 100
1.04329 0.1151 0.227474 100
1.05814 0.1321 0.230712 100
1.06488 0.1484 0.232182 100
1.09077 0.168 0.237827 100
0.780562 -0.21 0.17019 14
0.787108 -0.1998 0.171617 100
0.7917 -0.189 0.172619 100
0.799907 -0.1789 0.174408 100
0.808994 -0.1688 0.176389 100
0.816908 -0.1583 0.178115 100
0.824822 -0.1476 0.17984 100
0.833518 -0.1369 0.181736 100
0.843972 -0.1263 0.184016 100
0.853352 -0.1152 0.186061 100
0.86068 -0.1037 0.187658 100
0.869766 -0.0922 0.18964 100
0.880709 -0.0806 0.192026 100
0.889502 -0.0686 0.193943 100
0.899175 -0.0564 0.196052 100
0.910607 -0.044 0.198544 100
0.920865 -0.0313 0.200781 100
0.927998 -0.0183 0.202336 100
0.944724 0.0037 0.210998 100
0.957217 0.0175 0.213788 100
0.969611 0.0316 0.216556 100
0.982689 0.0462 0.219477 100
0.993717 0.061 0.22194 100
1.00543 0.0762 0.224556 100
1.01987 0.092 0.227782 100
1.03402 0.1082 0.230942 100
1.04798 0.1249 0.234059 100
1.06457 0.1423 0.237765 100
1.06926 0.1586 0.238811 100
1.08917 0.1775 0.243258 100
0.777446 -0.2029 0.173637 34
0.788669 -0.1938 0.176144 100
0.794037 -0.1831 0.177343 100
0.802235 -0.173 0.179174 100
0.810238 -0.1626 0.180961 100
0.818143 -0.152 0.182727 100
0.825951 -0.1413 0.18447 100
0.835515 -0.1306 0.186607 100
0.846836 -0.12 0.189135 100
0.856205 -0.1088 0.191228 100
0.864403 -0.0973 0.193059 100
0.875334 -0.0859 0.1955 100
0.885191 -0.0741 0.197701 100
0.891925 -0.0618 0.199205 100
0.900514 -0.0494 0.201124 100
0.911835 -0.0369 0.203652 100
0.92296 -0.0241 0.206137 100
0.93481 0.01 0.213585 100
0.958987 0.0241 0.219109 100
0.971271 0.0383 0.221916 100
0.984237 0.053 0.224878 100
0.997983 0.0681 0.228019 100
1.01056 0.0836 0.230892 100
1.02294 0.0994 0.233721 100
1.03893 0.116 0.237374 100
1.05277 0.1329 0.240537 100
1.0672 0.1503 0.243833 100
1.07178 0.1666 0.24488 100
1.0906 0.1856 0.249179 100
0.778148 -0.2087 0.177791 14
0.786532 -0.1989 0.179706 100
0.791113 -0.1881 0.180753 100
0.800277 -0.1782 0.182847 100
0.808369 -0.1679 0.184696 100
0.816265 -0.1573 0.1865 100
0.824162 -0.1466 0.188304 100
0.831863 -0.1357 0.190064 100
0.842295 -0.1251 0.192447 100
0.852628 -0.1141 0.194808 100
0.85994 -0.1026 0.196479 100
0.869006 -0.091 0.19855 100
0.879827 -0.0794 0.201023 100
0.889576 -0.0675 0.20325 100
0.898155 -0.0552 0.20521 100
0.907611 -0.0427 0.207371 100
0.918822 -0.03 0.209932 100
0.927889 -0.017 0.212004 100
