1.78594 -0.2159 -0.295341 15
1.78476 -0.1902 -0.295145 100
1.78525 -0.1648 -0.295227 100
1.80804 -0.1411 -0.298996 100
1.75251 -0.2067 -0.281648 17
1.77976 -0.1847 -0.286028 100
1.78993 -0.1604 -0.287662 100
1.81264 -0.1368 -0.291312 100
1.83604 -0.1127 -0.295072 100
1.86003 -0.0879 -0.298928 100
1.75449 -0.2134 -0.270356 100
1.78286 -0.1915 -0.274727 100
1.79412 -0.1672 -0.276463 100
1.81597 -0.1436 -0.279828 100
1.8385 -0.1194 -0.283301 100
1.86163 -0.0947 -0.286865 100
1.88446 -0.0693 -0.290383 100
1.90798 -0.0433 -0.294007 100
1.94737 0.0209 -0.276459 100
1.99737 0.0494 -0.283557 100
2.02321 0.0784 -0.287225 99
2.03678 0.1075 -0.289151 99
2.08153 0.1391 -0.295504 99
1.75966 -0.2126 -0.24981 100
1.7851 -0.1904 -0.253422 100
1.79441 -0.166 -0.254743 100
1.81827 -0.1426 -0.25813 100
1.84272 -0.1186 -0.261602 100
1.86896 -0.094 -0.265327 100
1.89381 -0.0687 -0.268855 100
1.91827 -0.0428 -0.272327 100
1.93894 0.0283 -0.240477 100
1.98698 0.0568 -0.246435 100
2.01576 0.0859 -0.250004 100
2.03124 0.1151 -0.251924 99
2.07887 0.147 -0.257832 99
1.77381 -0.2036 -0.219997 100
1.80606 -0.1817 -0.223997 100
1.82135 -0.1319 -0.225892 100
1.84377 -0.1076 -0.228674 100
1.8659 -0.0827 -0.231419 100
1.89061 -0.0573 -0.234483 100
1.91503 -0.0312 -0.237511 100
1.95108 0.0202 -0.232652 100
2.00132 0.0768 -0.238643 100
2.02783 0.1062 -0.241805 99
2.04104 0.1356 -0.243379 99
2.08354 0.1677 -0.248447 99
1.76152 -0.2149 -0.210049 100
1.79101 -0.1931 -0.213565 100
1.80144 -0.1688 -0.214808 100
1.82537 -0.1453 -0.217662 100
1.84702 -0.121 -0.220243 100
1.86926 -0.0963 -0.222895 100
1.89527 -0.071 -0.225998 100
1.92288 -0.0452 -0.229289 100
1.95955 0.0079 -0.212183 100
1.9841 0.0358 -0.214842 100
2.00926 0.0644 -0.217565 100
2.03888 0.094 -0.220773 99
2.0523 0.1235 -0.222227 99
2.09207 0.1553 -0.226533 99
1.76528 -0.1928 -0.191147 100
1.79938 -0.1711 -0.19484 100
1.81151 -0.1466 -0.196153 100
1.83418 -0.1226 -0.198608 100
1.85953 -0.0982 -0.201353 100
1.88359 -0.073 -0.203958 100
1.90725 -0.0472 -0.20652 100
1.96012 0.0079 -0.197028 100
1.9847 0.0358 -0.199499 100
2.00888 0.0644 -0.201929 100
2.03564 0.0938 -0.204619 99
2.04897 0.1231 -0.20596 99
2.09176 0.1551 -0.21026 99
1.77545 -0.1947 -0.178466 100
1.8057 -0.1725 -0.181506 100
1.81784 -0.148 -0.182726 100
1.84162 -0.124 -0.185117 100
1.866 -0.0994 -0.187567 100
1.88908 -0.0741 -0.189887 100
1.91177 -0.0482 -0.192168 100
1.95977 0.0223 -0.178698 100
2.01106 0.0508 -0.183374 100
2.03595 0.0798 -0.185645 99
2.04761 0.1087 -0.186707 99
2.08356 0.1687 -0.189985 1
1.76707 -0.2121 -0.161127 10
1.79555 -0.1903 -0.163724 100
1.80591 -0.1661 -0.164668 100
1.8319 -0.1429 -0.167038 100
1.85849 -0.119 -0.169463 100
1.8799 -0.0942 -0.171415 100
1.90091 -0.0688 -0.173331 100
1.9275 -0.043 -0.175756 100
1.96842 0.0038 -0.161141 100
1.99503 0.0317 -0.16332 100
2.02433 0.0605 -0.165719 100
2.05313 0.0901 -0.168077 99
2.06569 0.1196 -0.169105 99
2.10426 0.1809 -0.172262 99
1.79191 -0.2003 -0.146692 100
1.80147 -0.1759 -0.147475 100
1.8236 -0.1524 -0.149286 100
1.84742 -0.1284 -0.151236 100
1.86984 -0.1037 -0.153072 100
1.89406 -0.0785 -0.155055 100
1.91988 -0.0527 -0.157168 100
1.95849 0.0168 -0.131456 100
2.00998 0.0453 -0.134912 100
2.03781 0.1029 -0.13678 99
2.05009 0.1322 -0.137604 99
2.09489 0.1645 -0.140611 99
1.7756 -0.2108 -0.119181 21
1.80215 -0.1885 -0.120962 100
1.81152 -0.1639 -0.121592 100
1.83457 -0.1402 -0.123139 100
1.85822 -0.1159 -0.124726 100
1.88157 -0.0911 -0.126293 100
1.90761 -0.0656 -0.128041 100
1.93425 -0.0395 -0.129829 100
1.95033 0.0116 -0.119629 100
1.99884 0.0396 -0.122605 100
2.02799 0.0684 -0.124392 100
2.04286 0.0973 -0.125305 99
2.08818 0.1285 -0.128084 99
1.77566 -0.1983 -0.108915 100
1.808 -0.1766 -0.110899 100
1.82028 -0.1523 -0.111652 100
1.84403 -0.1285 -0.113109 100
1.86959 -0.1043 -0.114676 100
1.89174 -0.0792 -0.116035 100
1.9147 -0.0535 -0.117444 100
1.93916 -0.0273 -0.118944 100
1.97134 0.0252 -0.0984841 100
2.02977 0.0542 -0.101403 100
2.05733 0.1123 -0.10278 99
2.06952 0.1419 -0.103389 99
2.11316 0.1745 -0.105569 99
1.77828 -0.22 -0.0888393 7
1.80195 -0.1975 -0.0900218 100
1.81154 -0.1731 -0.0905008 100
1.83461 -0.1496 -0.0916534 100
1.85848 -0.1255 -0.0928459 100
1.88095 -0.1007 -0.0939685 100
1.90612 -0.0754 -0.0952259 100
1.92999 -0.0495 -0.0964184 100
1.95909 0.0264 -0.0817679 100
2.00745 0.0551 -0.0837862 100
2.03853 0.0844 -0.0850831 99
2.05111 0.1137 -0.0856085 99
2.09518 0.1455 -0.0874476 99
1.79963 -0.2061 -0.0751123 100
1.81272 -0.1565 -0.0756586 100
1.8366 -0.1327 -0.0766553 100
1.85928 -0.1082 -0.0776019 100
1.88056 -0.0831 -0.0784901 100
1.90544 -0.0576 -0.0795285 100
1.93102 -0.0314 -0.0805961 100
1.9697 0.0244 -0.0199398 100
2.0233 0.0815 -0.0204823 100
2.04989 0.1112 -0.0207516 99
2.06209 0.1408 -0.0208751 99
2.10179 0.1729 -0.021277 99
1.77941 -0.2198 -0.0180134 9
1.80511 -0.1974 -0.0182736 100
1.81471 -0.1729 -0.0183707 100
1.83781 -0.1493 -0.0186046 100
1.8597 -0.125 -0.0188263 100
1.8832 -0.1002 -0.0190641 100
1.9084 -0.0749 -0.0193192 100
1.9363 -0.049 -0.0196017 100
1.95272 0.0051 -0.0330621 100
2.00341 0.033 -0.0339204 100
2.03171 0.0897 -0.0343995 100
2.0602 0.1195 -0.034882 99
2.0704 0.1489 -0.0350546 99
2.104 0.1806 -0.0356235 1
1.78554 -0.2003 -0.0302316 100
1.81804 -0.1785 -0.0307818 100
1.82924 -0.1541 -0.0309714 100
1.85413 -0.1304 -0.0313929 100
1.87873 -0.106 -0.0318094 100
1.90103 -0.0809 -0.0321869 100
1.92392 -0.0553 -0.0325746 100
1.94852 -0.029 -0.032991 100
1.97377 0.0245 -0.0110237 100
2.02927 0.0533 -0.0113337 100
2.05697 0.1112 -0.0114884 99
2.07217 0.1409 -0.0115733 99
2.11987 0.1738 -0.0118397 99
1.77657 -0.2185 -0.00992235 9
1.80327 -0.1964 -0.0100715 100
1.81287 -0.172 -0.0101251 100
1.83597 -0.1486 -0.0102541 100
1.86177 -0.1247 -0.0103982 100
1.88627 -0.1 -0.010535 100
1.91047 -0.0747 -0.0106702 100
1.93537 -0.0488 -0.0108093 100
1.97589 0.0203 -0.00517289 100
2.00339 0.0486 -0.00524488 100
2.03249 0.0776 -0.00532107 100
2.06119 0.1075 -0.0053962 99
2.07449 0.1373 -0.00543102 99
2.11719 0.1698 -0.00554281 99
1.80789 -0.2006 -0.00473307 100
1.81649 -0.176 -0.00475558 100
1.83969 -0.1524 -0.00481632 100
1.86619 -0.1023 -0.00488569 100
1.89039 -0.0772 -0.00494905 100
1.91529 -0.0515 -0.00501424 100
1.97194 0.0038 0.0158321 100
1.99964 0.0318 0.0160544 100
2.03003 0.0607 0.0162985 100
2.05693 0.0902 0.0165145 99
2.06843 0.1197 0.0166068 99
2.10653 0.1515 0.0169127 99
1.79114 -0.1875 0.0143805 100
1.82344 -0.1651 0.0146398 100
1.83554 -0.1404 0.014737 100
1.85734 -0.116 0.014912 100
1.87974 -0.091 0.0150918 100
1.90584 -0.0656 0.0153014 100
1.93154 -0.0395 0.0155077 100
1.97449 0.0259 0.0351542 100
2.02998 0.0549 0.0361422 100
2.05897 0.0844 0.0366585 99
2.06957 0.1138 0.0368472 99
2.10267 0.1451 0.0374364 1
1.78082 -0.215 0.0317061 7
1.80651 -0.1926 0.0321636 100
1.81591 -0.168 0.0323309 100
1.84001 -0.1444 0.0327599 100
1.8618 -0.12 0.033148 100
1.8853 -0.0951 0.0335664 100
1.9104 -0.0697 0.0340132 100
1.93719 -0.0436 0.0344902 100
1.96738 0.0038 0.049456 100
2.01506 0.0319 0.0506547 100
2.04036 0.0892 0.0512905 99
2.05595 0.1186 0.0516826 99
2.10394 0.1508 0.0528888 99
1.79013 -0.2019 0.0450005 100
1.82352 -0.18 0.0458398 100
1.83782 -0.1556 0.0461992 100
1.86081 -0.1314 0.0467772 100
1.8844 -0.1068 0.0473702 100
1.9077 -0.0814 0.0479558 100
1.93459 -0.0556 0.0486318 100
1.96018 -0.029 0.0492751 100
1.9729 0.0231 0.0626904 100
2.02928 0.0521 0.0644816 100
2.05636 0.0815 0.0653423 99
2.07195 0.1111 0.0658377 99
2.11713 0.1432 0.0672733 99
1.80309 -0.1904 0.0572944 100
1.83437 -0.1679 0.0582885 100
1.84557 -0.1429 0.0586442 100
1.87126 -0.1187 0.0594604 100
1.89774 -0.0938 0.060302 100
1.91883 -0.068 0.0609722 100
1.94162 -0.0417 0.0616963 100
1.97354 0.0145 0.0965223 100
2.03127 0.0716 0.0993458 100
2.05904 0.1014 0.100704 99
2.07242 0.131 0.101358 99
2.11517 0.1634 0.103449 99
1.79326 -0.2127 0.0877049 100
1.81893 -0.19 0.0889603 100
1.83031 -0.1655 0.0895172 100
1.85338 -0.1415 0.0906456 100
1.87616 -0.117 0.0917594 100
1.90153 -0.0919 0.0930002 100
1.9256 -0.0662 0.0941775 100
1.94827 -0.0398 0.0952864 100
1.97462 0.0162 0.113856 100
2.03113 0.0452 0.117114 100
2.05898 0.1038 0.11872 99
2.07026 0.1335 0.119371 99
2.105 0.1655 0.121374 1
1.79512 -0.2156 0.103506 52
1.81978 -0.1927 0.104928 100
1.83026 -0.1678 0.105532 100
1.85332 -0.1437 0.106862 100
1.87708 -0.1191 0.108232 100
1.90154 -0.0938 0.109642 100
1.9266 -0.068 0.111087 100
1.94836 -0.0413 0.112342 100
1.98912 0.0177 0.138046 100
2.01366 0.0461 0.139749 100
2.04069 0.0752 0.141625 99
2.06832 0.1051 0.143543 99
2.08459 0.1351 0.144672 99
2.13526 0.1684 0.148189 99
1.80207 -0.196 0.125065 100
1.83638 -0.1738 0.127446 100
1.85145 -0.1233 0.128492 100
1.87489 -0.0986 0.130119 100
1.90302 -0.0734 0.132071 100
1.92776 -0.0475 0.133788 100
1.96777 0.0245 0.154176 100
2.02509 0.0535 0.158667 100
2.05401 0.083 0.160932 99
2.06866 0.1125 0.162081 99
2.11263 0.1445 0.165525 99
1.80327 -0.183 0.141287 100
1.83438 -0.1603 0.143724 100
1.84644 -0.1354 0.14467 100
1.87097 -0.1109 0.146591 100
1.89729 -0.0859 0.148653 100
1.92321 -0.0602 0.150684 100
1.94474 -0.0336 0.152371 100
1.96861 0.0121 0.181929 100
2.02398 0.0408 0.187046 100
2.05305 0.0701 0.189733 99
2.06779 0.0996 0.191095 99
2.11588 0.1317 0.19554 99
1.79475 -0.2048 0.165862 100
1.82911 -0.1828 0.169037 100
1.84245 -0.1581 0.17027 100
1.86426 -0.1337 0.172285 100
1.88686 -0.1088 0.174374 100
1.90907 -0.0833 0.176427 100
1.93396 -0.0572 0.178727 100
1.96144 -0.0306 0.181267 100
1.98613 0.0052 0.198242 100
2.01369 0.0336 0.200993 100
2.04285 0.0629 0.203903 99
2.07161 0.0929 0.206774 99
2.08205 0.1228 0.207817 99
2.1139 0.1545 0.210995 1
1.79538 -0.1967 0.179203 100
1.82762 -0.1743 0.182421 100
1.84085 -0.1495 0.183742 100
1.86454 -0.125 0.186105 100
1.88901 -0.1 0.188549 100
1.91309 -0.0743 0.190952 100
1.93777 -0.048 0.193415 100
1.9813 0.0282 0.231697 100
2.03036 0.0572 0.237435 99
2.06115 0.0869 0.241036 99
2.07466 0.1165 0.242616 99
2.11638 0.1485 0.247494 1
1.79825 -0.1854 0.210291 100
1.83331 -0.1632 0.214391 100
1.84622 -0.1385 0.215901 100
1.86787 -0.1139 0.218433 100
1.893 -0.089 0.221372 100
1.92091 -0.0634 0.224635 100
1.94435 -0.037 0.227377 100
1.97898 0.0268 0.242638 100
2.03397 0.0562 0.24938 99
2.06275 0.0861 0.252909 99
2.07427 0.1159 0.254321 99
2.11407 0.148 0.259201 1
1.80002 -0.1861 0.220696 100
1.83704 -0.1638 0.225235 100
1.85094 -0.1388 0.226939 100
1.87357 -0.114 0.229714 100
1.8967 -0.0886 0.232549 100
1.9236 -0.0627 0.235847 100
1.94811 -0.036 0.238853 100
1.98101 0.0248 0.273479 100
2.03896 0.0541 0.281479 99
2.06967 0.084 0.285718 99
2.08413 0.1139 0.287715 99
2.1298 0.1463 0.294019 99
1.80409 -0.1895 0.249055 100
1.84104 -0.1673 0.254155 100
1.85303 -0.1423 0.25581 100
1.87749 -0.1177 0.259188 100
1.90077 -0.0924 0.262402 100
1.92465 -0.0665 0.265697 100
1.95011 -0.0401 0.269212 100
1.97846 0.0038 0.285806 100
2.00687 0.0321 0.289909 100
2.03696 0.0613 0.294256 99
2.06754 0.0913 0.298674 99
2.0809 0.1212 0.300604 99
2.12247 0.1536 0.306609 99
1.79715 -0.211 0.259613 100
1.83377 -0.1632 0.264903 100
1.84673 -0.1382 0.266776 100
1.8692 -0.1135 0.270021 100
1.89137 -0.0882 0.273224 100
1.91611 -0.0624 0.276798 100
1.94353 -0.0359 0.280759 100
1.98898 0.0049 0.316448 100
2.01436 0.0335 0.320486 99
2.0433 0.063 0.325089 99
2.05802 0.0927 0.327431 99
2.10394 0.1246 0.334737 99
1.79463 -0.1982 0.285526 100
1.83166 -0.176 0.291418 100
1.8447 -0.1509 0.293492 100
1.86633 -0.1261 0.296933 100
1.89052 -0.1009 0.300782 100
1.91452 -0.0749 0.3046 100
1.94099 -0.0484 0.308811 100
1.97445 0.0164 0.330409 100
2.03421 0.0458 0.340411 99
2.06489 0.0758 0.345544 99
2.0784 0.1059 0.347805 99
2.12012 0.1382 0.354786 99
1.80392 -0.2102 0.301872 52
1.82818 -0.1868 0.305932 100
1.83844 -0.1615 0.307649 100
1.86013 -0.1369 0.31128 100
1.88154 -0.1116 0.314861 100
1.9056 -0.0859 0.318888 100
1.9342 -0.0597 0.323675 100
1.96044 -0.0327 0.328065 100
1.99448 0.0039 0.355989 100
2.0188 0.0326 0.360329 99
2.04675 0.0622 0.365319 99
2.06241 0.092 0.368113 99
2.11301 0.1244 0.377145 99
1.80025 -0.2032 0.321322 100
1.83037 -0.1803 0.326698 100
1.8415 -0.1551 0.328684 100
1.86601 -0.1304 0.333059 100
1.88629 -0.105 0.336679 100
1.90923 -0.079 0.340773 100
1.93669 -0.0526 0.345675 100
1.97315 0.0011 0.372474 100
2.00243 0.0292 0.378002 100
2.03132 0.0583 0.383455 99
2.06169 0.0882 0.389187 99
2.07505 0.118 0.39171 99
2.11347 0.1501 0.398963 99
1.80463 -0.1867 0.340662 100
1.83342 -0.1637 0.346097 100
1.84433 -0.1385 0.348156 100
1.87155 -0.1141 0.353294 100
1.89651 -0.0889 0.358006 100
1.91812 -0.0629 0.362086 100
1.94043 -0.0363 0.366297 100
1.97801 0.0011 0.389505 100
2.00431 0.0294 0.394683 99
2.03316 0.0586 0.400364 99
2.04876 0.0881 0.403436 99
2.09732 0.12 0.412999 99
1.80033 -0.1928 0.354516 100
1.83114 -0.1699 0.360582 100
1.84203 -0.1447 0.362727 100
1.86734 -0.1201 0.367712 100
1.89138 -0.0948 0.372445 100
1.91306 -0.0688 0.376715 100
1.9373 -0.0422 0.381487 100
1.79286 -0.1965 0.369325 100
1.82557 -0.1739 0.376064 100
1.8385 -0.1487 0.378727 100
1.86191 -0.1239 0.383549 100
1.88394 -0.0984 0.388089 100
1.90667 -0.0724 0.39277 100
1.93193 -0.0458 0.397975 100
1.79396 -0.1955 0.393444 100
1.82473 -0.1725 0.400192 100
1.83665 -0.1471 0.402805 100
1.86087 -0.1223 0.408118 100
1.88578 -0.0969 0.413581 100
1.90932 -0.0707 0.418743 100
1.92182 -0.0436 0.421486 100
1.78879 -0.2101 0.431101 50
1.81183 -0.1865 0.436653 100
