1.44739 0.0185 -0.288692 100
1.44602 0.0392 -0.288418 100
1.44631 0.0598 -0.288476 100
1.44631 0.0805 -0.288476 100
1.447 0.1012 -0.288613 100
1.44553 0.1219 -0.28832 100
1.44562 0.1427 -0.28834 100
1.44553 0.1635 -0.28832 100
1.44602 0.1844 -0.288418 100
1.44631 0.2055 -0.288476 100
1.45298 0.2276 -0.289807 100
1.4534 0.0088 -0.279354 100
1.4531 0.0295 -0.279297 100
1.45251 0.0502 -0.279184 100
1.45173 0.0709 -0.279033 100
1.45163 0.0916 -0.279014 100
1.45016 0.1123 -0.278731 100
1.44849 0.1329 -0.27841 100
1.4475 0.1537 -0.278221 100
1.44721 0.1745 -0.278165 100
1.44662 0.1954 -0.278052 100
1.44672 0.2164 -0.27807 100
1.45232 0.2384 -0.279146 100
1.46754 -0.2884 -0.282072 18
1.46273 -0.2659 -0.281147 20
1.45359 -0.2429 -0.279392 100
1.44809 -0.2208 -0.278335 100
1.448 -0.1998 -0.278316 100
1.44966 -0.179 -0.278637 100
1.44908 -0.158 -0.278523 100
1.44908 -0.1372 -0.278523 100
1.44986 -0.1164 -0.278674 100
1.44937 -0.0956 -0.27858 100
1.44957 -0.0749 -0.278618 100
1.45045 -0.0542 -0.278788 100
1.45104 -0.0336 -0.278901 100
1.45353 0.0155 -0.267297 100
1.45717 0.0362 -0.267966 100
1.45648 0.0568 -0.267839 100
1.45461 0.0773 -0.267496 100
1.45245 0.0979 -0.267098 100
1.45097 0.1184 -0.266826 100
1.45117 0.1391 -0.266863 100
1.45008 0.1598 -0.266664 100
1.44969 0.1805 -0.266591 100
1.449 0.2013 -0.266465 100
1.45195 0.2227 -0.267007 100
1.449 -0.2596 -0.266465 100
1.44664 -0.2381 -0.266031 100
1.44772 -0.2173 -0.26623 100
1.44772 -0.1964 -0.26623 100
1.44831 -0.1756 -0.266338 100
1.44959 -0.155 -0.266573 100
1.45156 -0.1345 -0.266935 100
1.45323 -0.1139 -0.267242 100
1.45372 -0.0933 -0.267333 100
1.45382 -0.0726 -0.267351 100
1.45372 -0.052 -0.267333 100
1.45333 -0.0314 -0.26726 100
1.45813 0.017 -0.252911 100
1.45773 0.0377 -0.252843 100
1.45803 0.0585 -0.252894 100
1.45714 0.0792 -0.25274 100
1.45488 0.0998 -0.252347 100
1.4534 0.1204 -0.252091 100
1.45261 0.1411 -0.251954 100
1.4534 0.1621 -0.252091 100
1.45301 0.1829 -0.252022 100
1.45133 0.2037 -0.251732 100
1.45222 0.2249 -0.251886 100
1.44897 -0.2579 -0.251322 100
1.44749 -0.2365 -0.251065 100
1.44966 -0.2158 -0.251441 100
1.45143 -0.195 -0.251749 100
1.45202 -0.1742 -0.251852 100
1.4533 -0.1535 -0.252074 100
1.4533 -0.1326 -0.252074 100
1.45409 -0.1119 -0.25221 100
1.45448 -0.0912 -0.252279 100
1.45557 -0.0705 -0.252467 100
1.45547 -0.0498 -0.25245 100
1.45596 -0.0292 -0.252535 100
1.45677 0.0147 -0.24901 100
1.45746 0.0354 -0.249128 100
1.45776 0.0561 -0.249179 100
1.45588 0.0767 -0.248859 100
1.4547 0.0973 -0.248657 100
1.45322 0.1179 -0.248404 100
1.45342 0.1387 -0.248438 100
1.45431 0.1596 -0.248589 100
1.4549 0.1806 -0.24869 100
1.45224 0.2012 -0.248235 100
1.45125 0.2221 -0.248067 100
1.44839 -0.2471 -0.247578 100
1.44869 -0.2261 -0.247629 100
1.45165 -0.2056 -0.248134 100
1.45243 -0.1847 -0.248269 100
1.4548 -0.1641 -0.248673 100
1.455 -0.1433 -0.248707 100
1.45381 -0.1224 -0.248505 100
1.45342 -0.1016 -0.248438 100
1.45372 -0.081 -0.248488 100
1.4547 -0.0603 -0.248657 100
1.45539 -0.0397 -0.248775 100
1.45979 0.0139 -0.236958 100
1.45851 0.0346 -0.23675 100
1.45792 0.0552 -0.236653 100
1.45703 0.0759 -0.236509 100
1.45673 0.0966 -0.236461 100
1.45624 0.1173 -0.236381 100
1.45654 0.1381 -0.236429 100
1.45742 0.159 -0.236573 100
1.45703 0.1799 -0.236509 100
1.45535 0.2007 -0.236237 100
1.45535 0.2217 -0.236237 100
1.45999 0.2436 -0.23699 100
1.46414 -0.2664 -0.237663 13
1.45594 -0.2437 -0.236333 100
1.45525 -0.2225 -0.236221 100
1.45525 -0.2014 -0.236221 100
1.45594 -0.1806 -0.236333 100
1.45634 -0.1597 -0.236397 100
1.45644 -0.1389 -0.236413 100
1.45624 -0.1181 -0.236381 100
1.45575 -0.0973 -0.236301 100
1.45594 -0.0766 -0.236333 100
1.45683 -0.056 -0.236477 100
1.45752 -0.0353 -0.236589 100
1.46019 0.0181 -0.228137 100
1.46177 0.0388 -0.228384 100
1.46206 0.0595 -0.22843 100
1.46206 0.0803 -0.22843 100
1.46088 0.1009 -0.228245 100
1.46028 0.1217 -0.228152 100
1.4594 0.1425 -0.228013 100
1.45831 0.1632 -0.227843 100
1.45693 0.184 -0.227627 100
1.45613 0.2048 -0.227504 100
1.45999 0.2265 -0.228106 100
1.45228 -0.2559 -0.226902 100
1.4508 -0.2346 -0.22667 100
1.45287 -0.2139 -0.226994 100
1.45475 -0.1931 -0.227288 100
1.45633 -0.1724 -0.227535 100
1.45752 -0.1517 -0.22772 100
1.45752 -0.1308 -0.22772 100
1.45722 -0.11 -0.227674 100
1.4586 -0.0894 -0.22789 100
1.4587 -0.0687 -0.227905 100
1.45851 -0.048 -0.227874 100
1.459 -0.0274 -0.227952 100
1.46422 0.0201 -0.207868 100
1.46471 0.0406 -0.207938 100
1.466 0.0611 -0.208121 100
1.4661 0.0816 -0.208135 100
1.46422 0.1226 -0.207868 100
1.46343 0.1431 -0.207755 100
1.46234 0.1636 -0.207601 100
1.46095 0.1841 -0.207404 100
1.46026 0.2048 -0.207306 100
1.46412 0.2262 -0.207854 100
1.46283 -0.2647 -0.207671 100
1.45947 -0.2432 -0.207193 100
1.45966 -0.2223 -0.207221 100
1.45867 -0.2014 -0.207081 100
1.45937 -0.1808 -0.207179 100
1.45966 -0.1602 -0.207221 100
1.45976 -0.1396 -0.207235 100
1.46056 -0.1191 -0.207348 100
1.46105 -0.0987 -0.207418 100
1.46224 -0.0783 -0.207587 100
1.46224 -0.0578 -0.207587 100
1.46283 -0.0374 -0.207671 100
1.46764 0.0093 -0.190874 100
1.46734 0.0299 -0.190835 100
1.46675 0.0506 -0.190758 100
1.46695 0.0713 -0.190783 100
1.46576 0.0919 -0.190629 100
1.46536 0.1126 -0.190577 100
1.46467 0.1333 -0.190487 100
1.46367 0.154 -0.190358 100
1.46338 0.1748 -0.190319 100
1.46278 0.1956 -0.190242 100
1.46774 0.2173 -0.190887 100
1.4604 -0.2685 -0.189932 1
1.4601 -0.2473 -0.189893 100
1.46238 -0.2265 -0.19019 100
1.46149 -0.2054 -0.190074 100
1.46119 -0.1844 -0.190035 100
1.46159 -0.1636 -0.190087 100
1.46278 -0.143 -0.190242 100
1.46258 -0.1222 -0.190216 100
1.46417 -0.1016 -0.190422 100
1.46546 -0.081 -0.19059 100
1.46744 -0.0604 -0.190848 100
1.46814 -0.0398 -0.190938 100
1.46927 0.0181 -0.177021 100
1.47086 0.0389 -0.177213 100
1.47017 0.0596 -0.177129 100
1.46918 0.0803 -0.177009 100
1.46798 0.101 -0.176866 100
1.46739 0.1218 -0.176794 100
1.46649 0.1426 -0.176686 100
1.4654 0.1634 -0.176555 100
1.4659 0.1844 -0.176615 100
1.46818 0.2057 -0.17689 100
1.47692 0.2282 -0.177942 1
1.46183 -0.247 -0.176124 100
1.46322 -0.2261 -0.176292 100
1.4652 -0.2053 -0.176531 100
1.46491 -0.1843 -0.176495 100
1.4654 -0.1634 -0.176555 100
1.4655 -0.1425 -0.176567 100
1.4664 -0.1217 -0.176674 100
1.46798 -0.101 -0.176866 100
1.46918 -0.0803 -0.177009 100
1.47017 -0.0596 -0.177129 100
1.46987 -0.0388 -0.177093 100
1.46934 0.0181 -0.158843 100
1.46994 0.0388 -0.158907 100
1.47123 0.0595 -0.159047 100
1.47023 0.0802 -0.15894 100
1.47004 0.1009 -0.158918 100
1.47043 0.1218 -0.158961 100
1.47053 0.1426 -0.158972 100
1.46844 0.1633 -0.158746 100
1.46805 0.1842 -0.158703 100
1.46725 0.2051 -0.158617 100
1.47013 0.2266 -0.158929 100
1.46715 -0.2575 -0.158606 100
1.46467 -0.2358 -0.158338 100
1.46586 -0.2149 -0.158467 100
1.46477 -0.1938 -0.158349 100
1.46437 -0.1728 -0.158306 100
1.46467 -0.152 -0.158338 100
1.46566 -0.1313 -0.158445 100
1.46735 -0.1106 -0.158628 100
1.46874 -0.09 -0.158778 100
1.47083 -0.0694 -0.159004 100
1.47163 -0.0487 -0.15909 100
1.47212 -0.028 -0.159144 100
1.47286 0.0077 -0.145194 100
1.47256 0.0284 -0.145164 100
1.47306 0.0491 -0.145214 100
1.47326 0.0698 -0.145233 100
1.47306 0.0906 -0.145214 100
1.47266 0.1113 -0.145174 100
1.47197 0.1321 -0.145106 100
1.46997 0.1527 -0.144909 100
1.46868 0.1734 -0.144782 100
1.46818 0.1943 -0.144733 100
1.47027 0.2156 -0.144939 100
1.47883 0.2381 -0.145783 100
1.46828 -0.2592 -0.144743 27
1.4639 -0.2373 -0.144311 100
1.4651 -0.2164 -0.144429 100
1.46599 -0.1956 -0.144517 100
1.46659 -0.1747 -0.144576 100
1.46689 -0.1539 -0.144605 100
1.46788 -0.1332 -0.144703 100
1.46858 -0.1126 -0.144772 100
1.47097 -0.092 -0.145008 100
1.47316 -0.0714 -0.145223 100
1.47396 -0.0507 -0.145302 100
1.47356 -0.03 -0.145263 100
1.47248 0.0194 -0.137635 100
1.47109 0.04 -0.137505 100
1.47139 0.0606 -0.137533 100
1.47139 0.0813 -0.137533 100
1.47208 0.102 -0.137598 100
1.47149 0.1227 -0.137542 100
1.47069 0.1434 -0.137467 100
1.47049 0.1643 -0.137449 100
1.47099 0.1852 -0.137495 100
1.47129 0.2062 -0.137523 100
1.47716 0.2282 -0.138072 100
1.46949 -0.2566 -0.137356 100
1.46601 -0.2349 -0.13703 100
1.4671 -0.214 -0.137132 100
1.469 -0.1933 -0.137309 100
1.46959 -0.1725 -0.137365 100
1.47079 -0.1518 -0.137477 100
1.47079 -0.131 -0.137477 100
1.47149 -0.1103 -0.137542 100
1.47188 -0.0896 -0.137579 100
1.47298 -0.069 -0.137681 100
1.47278 -0.0483 -0.137663 100
1.47228 -0.0276 -0.137616 100
1.47502 0.0015 -0.121269 100
1.47383 0.0221 -0.121171 100
1.47443 0.0426 -0.12122 100
1.47462 0.0632 -0.121236 100
1.47363 0.0838 -0.121154 100
1.47333 0.1044 -0.12113 100
1.47373 0.125 -0.121162 100
1.47283 0.1457 -0.121089 100
1.47273 0.1664 -0.121081 100
1.47323 0.1873 -0.121122 100
1.47542 0.2085 -0.121302 100
1.48519 0.231 -0.122105 100
1.47383 -0.2572 -0.121171 50
1.46934 -0.2354 -0.120802 100
1.47054 -0.2146 -0.1209 100
1.46934 -0.1936 -0.120802 100
1.46994 -0.1729 -0.120851 100
1.47124 -0.1523 -0.120958 100
1.47213 -0.1317 -0.121031 100
1.47383 -0.1111 -0.121171 100
1.47522 -0.0906 -0.121285 100
1.47632 -0.07 -0.121376 100
1.47622 -0.0494 -0.121367 100
1.47572 -0.0288 -0.121326 100
1.47829 0.0194 -0.103372 100
1.47789 0.0401 -0.103344 100
1.47719 0.0608 -0.103295 100
1.4762 0.0814 -0.103226 100
1.47689 0.1022 -0.103274 100
1.4763 0.1229 -0.103233 100
1.4744 0.1436 -0.1031 100
1.4743 0.1644 -0.103093 100
1.4728 0.1852 -0.102988 100
1.47211 0.206 -0.10294 100
1.47699 0.2278 -0.103281 100
1.4728 -0.2534 -0.102988 100
1.47031 -0.2318 -0.102814 100
1.47141 -0.2109 -0.102891 100
1.47121 -0.1899 -0.102877 100
1.47171 -0.1691 -0.102912 100
1.473 -0.1484 -0.103002 100
1.4739 -0.1277 -0.103065 100
1.47649 -0.1071 -0.103247 100
1.47689 -0.0864 -0.103274 100
1.47689 -0.0657 -0.103274 100
1.47669 -0.045 -0.103261 100
1.4762 -0.0243 -0.103226 100
1.47931 0.0186 -0.0876279 100
1.47891 0.0393 -0.0876043 100
1.47721 0.0599 -0.0875038 100
1.47621 0.0805 -0.0874446 100
1.47691 0.1012 -0.087486 100
1.47641 0.1219 -0.0874564 100
1.47452 0.1425 -0.0873441 100
1.47442 0.1633 -0.0873382 100
1.47402 0.1841 -0.0873145 100
1.47322 0.205 -0.0872672 100
1.47621 0.2264 -0.0874446 100
1.47122 -0.2684 -0.087149 100
1.46982 -0.247 -0.0870662 100
1.47112 -0.2262 -0.087143 100
1.47222 -0.2053 -0.0872081 100
1.47392 -0.1846 -0.0873086 100
1.47432 -0.1638 -0.0873323 100
1.47352 -0.1429 -0.087285 100
1.47342 -0.1222 -0.087279 100
1.47392 -0.1015 -0.0873086 100
1.47521 -0.081 -0.0873855 100
1.47691 -0.0397 -0.087486 100
1.4796 0.016 -0.0824637 100
1.47821 0.0367 -0.0823857 100
1.47761 0.0574 -0.0823524 100
1.47661 0.0781 -0.0822967 100
1.47541 0.0987 -0.0822299 100
1.47491 0.1194 -0.0822021 100
1.47611 0.1404 -0.0822689 100
1.47691 0.1613 -0.0823134 100
1.47651 0.1822 -0.0822911 100
1.47681 0.2033 -0.0823078 100
1.4837 0.2254 -0.0826918 100
1.47801 -0.2484 -0.0823746 100
1.47341 -0.2265 -0.0821186 100
1.47451 -0.2056 -0.0821799 100
1.47321 -0.1844 -0.0821075 100
1.47471 -0.1637 -0.082191 100
1.47381 -0.1427 -0.0821409 100
1.47371 -0.1219 -0.0821353 100
1.47621 -0.1014 -0.0822745 100
1.47851 -0.0808 -0.0824024 100
1.4795 -0.0601 -0.0824581 100
1.4802 -0.0394 -0.082497 100
1.4807 0.0047 -0.0620597 100
1.4795 0.0253 -0.0620095 100
1.479 0.046 -0.0619885 100
1.4792 0.0667 -0.0619969 100
1.4781 0.0874 -0.0619508 100
1.4778 0.1081 -0.0619383 100
1.4781 0.1289 -0.0619508 100
1.4791 0.1499 -0.0619927 100
1.4799 0.1709 -0.0620262 100
1.4803 0.192 -0.062043 100
1.4864 0.2139 -0.0622984 100
1.4793 -0.2641 -0.0620011 48
1.4779 -0.2426 -0.0619425 100
1.4792 -0.2216 -0.0619969 100
1.4782 -0.2004 -0.061955 100
1.4779 -0.1793 -0.0619425 100
1.4772 -0.1583 -0.0619132 100
1.4773 -0.1375 -0.0619173 100
1.4771 -0.1166 -0.061909 100
1.4786 -0.096 -0.0619718 100
1.4788 -0.0753 -0.0619802 100
1.4797 -0.0546 -0.0620178 100
1.4793 -0.0339 -0.0620011 100
1.48222 0.0116 -0.0481344 100
1.48182 0.0324 -0.0481214 100
1.48222 0.0531 -0.0481344 100
1.48342 0.074 -0.0481733 100
1.48422 0.0949 -0.0481993 100
1.48372 0.1157 -0.048183 100
1.48392 0.1366 -0.0481895 100
1.48292 0.1575 -0.0481571 100
1.48352 0.1786 -0.0481766 100
1.48282 0.1996 -0.0481538 100
1.48582 0.2212 -0.0482512 100
1.48292 -0.246 -0.0481571 100
1.48032 -0.2243 -0.0480727 100
1.48132 -0.2033 -0.0481051 100
1.48102 -0.1822 -0.0480954 100
1.48242 -0.1614 -0.0481408 100
1.48262 -0.1404 -0.0481473 100
1.48142 -0.1194 -0.0481084 100
1.48192 -0.0986 -0.0481246 100
1.48222 -0.0778 -0.0481344 100
1.48212 -0.057 -0.0481311 100
1.48282 -0.0363 -0.0481538 100
1.48262 0.0148 -0.0287267 100
1.48332 0.0355 -0.0287402 100
1.48362 0.0562 -0.028746 100
1.48472 0.077 -0.0287673 100
1.48552 0.0979 -0.0287828 100
1.48602 0.1187 -0.0287925 100
1.48522 0.1396 -0.028777 100
1.48512 0.1605 -0.0287751 100
1.48762 0.1818 -0.0288235 100
1.48692 0.2028 -0.02881 100
1.49192 0.2247 -0.0289068 100
1.48062 -0.2623 -0.0286879 100
1.47922 -0.2408 -0.0286608 100
1.48152 -0.22 -0.0287053 100
1.48142 -0.1989 -0.0287034 100
1.48112 -0.1778 -0.0286976 100
1.48142 -0.157 -0.0287034 100
1.48152 -0.1361 -0.0287053 100
1.48122 -0.1152 -0.0286995 100
1.48172 -0.0945 -0.0287092 100
1.48192 -0.0737 -0.0287131 100
1.48282 -0.0531 -0.0287305 100
1.48332 -0.0324 -0.0287402 100
1.48473 0.0067 -0.0285082 100
1.48543 0.0275 -0.0285216 100
1.48593 0.0483 -0.0285312 100
1.48613 0.0691 -0.0285351 100
1.48603 0.0899 -0.0285332 100
1.48563 0.1107 -0.0285255 100
1.48493 0.1316 -0.028512 100
1.48693 0.1527 -0.0285504 100
1.48763 0.1738 -0.0285639 100
1.48803 0.195 -0.0285716 100
1.48713 0.216 -0.0285543 100
1.48993 0.2377 -0.028608 100
1.48393 -0.2613 -0.0284928 15
1.48243 -0.2397 -0.028464 100
1.48373 -0.2187 -0.028489 100
1.48363 -0.1976 -0.0284871 100
1.48133 -0.1762 -0.0284429 100
1.48063 -0.1552 -0.0284295 100
1.48263 -0.1345 -0.0284679 100
1.48343 -0.1137 -0.0284832 100
1.48483 -0.093 -0.0285101 100
1.48593 -0.0722 -0.0285312 100
1.48583 -0.0514 -0.0285293 100
1.48543 -0.0306 -0.0285216 100
1.48699 0.0109 -0.00622871 100
1.48669 0.0317 -0.00622746 100
1.48709 0.0525 -0.00622913 100
1.48719 0.0734 -0.00622955 100
1.48599 0.0941 -0.00622452 100
1.48559 0.115 -0.00622285 100
1.48679 0.136 -0.00622787 100
1.48869 0.1572 -0.00623583 100
1.49029 0.1785 -0.00624254 100
1.48969 0.1996 -0.00624002 100
1.49269 0.2213 -0.00625259 100
1.48889 -0.2691 -0.00623667 32
1.48659 -0.2473 -0.00622704 100
1.48689 -0.226 -0.00622829 100
1.48699 -0.2048 -0.00622871 100
1.48469 -0.1833 -0.00621908 100
1.48219 -0.162 -0.00620861 100
1.48229 -0.1411 -0.00620903 100
1.48209 -0.1202 -0.00620819 100
1.48269 -0.0994 -0.0062107 100
1.48289 -0.0786 -0.00621154 100
1.48489 -0.0579 -0.00621992 100
1.48549 -0.0371 -0.00622243 100
1.48793 0.0078 0.0140239 100
1.48763 0.0286 0.014021 100
1.48713 0.0494 0.0140163 100
1.48723 0.0702 0.0140173 100
1.48813 0.0911 0.0140257 100
1.49173 0.1123 0.0140597 100
1.49393 0.1335 0.0140804 100
1.49393 0.1546 0.0140804 100
1.49463 0.1758 0.014087 100
1.49403 0.197 0.0140814 100
1.49603 0.2186 0.0141002 100
1.48613 -0.2726 0.0140069 27
1.48483 -0.251 0.0139946 100
1.48623 -0.2299 0.0140078 100
1.48633 -0.2087 0.0140088 100
1.48513 -0.1873 0.0139975 100
1.48363 -0.1661 0.0139833 100
1.48483 -0.1453 0.0139946 100
1.48673 -0.1245 0.0140126 100
1.48733 -0.1036 0.0140182 100
1.48763 -0.0827 0.014021 100
1.48763 -0.0619 0.014021 100
1.48733 -0.0411 0.0140182 100
1.48662 0.0016 0.0334766 100
1.48742 0.0223 0.0334946 100
1.48802 0.0431 0.0335081 100
1.48922 0.064 0.0335351 100
1.49222 0.085 0.0336027 100
1.49382 0.1061 0.0336387 100
1.49422 0.1271 0.0336477 100
1.49532 0.1483 0.0336725 100
1.49502 0.1694 0.0336657 100
1.49452 0.1905 0.0336545 100
1.49762 0.2122 0.0337242 100
1.48842 -0.2695 0.0335171 100
1.48612 -0.2477 0.0334653 100
1.48742 -0.2267 0.0334946 100
1.48752 -0.2054 0.0334969 100
1.48822 -0.1844 0.0335126 100
1.49072 -0.1636 0.0335689 100
1.49082 -0.1426 0.0335712 100
1.48972 -0.1215 0.0335464 100
1.48922 -0.1005 0.0335351 100
1.48952 -0.0797 0.0335419 100
1.49042 -0.0588 0.0335621 100
1.48912 -0.038 0.0335329 100
1.49226 0.0099 0.0471567 100
1.49196 0.0308 0.0471472 100
1.49435 0.0517 0.047223 100
1.49645 0.0728 0.0472894 100
1.49735 0.0938 0.0473178 100
1.49785 0.1149 0.0473336 100
1.49905 0.1362 0.0473715 100
1.50105 0.1575 0.0474347 100
1.50165 0.1789 0.0474536 100
1.49895 0.1999 0.0473683 100
1.49705 0.221 0.0473083 100
1.49046 -0.2499 0.0470999 100
1.48986 -0.2284 0.0470809 100
1.49096 -0.2073 0.0471157 100
1.49166 -0.1861 0.0471378 100
1.49415 -0.1653 0.0472167 100
1.49535 -0.1442 0.0472546 100
1.49415 -0.1231 0.0472167 100
1.49275 -0.1019 0.0471725 100
1.49505 -0.0811 0.0472452 100
1.49605 -0.0602 0.0472767 100
1.49375 -0.0392 0.0472041 100
1.49471 0.0198 0.0597723 100
1.49331 0.0405 0.0597163 100
1.49261 0.0611 0.0596884 100
1.49461 0.0819 0.0597683 100
1.4973 0.1028 0.0598762 100
1.4977 0.1237 0.0598922 100
1.4978 0.1446 0.0598961 100
1.4987 0.1656 0.0599321 100
1.4982 0.1865 0.0599121 100
1.4965 0.2074 0.0598442 100
1.4975 0.2286 0.0598842 100
1.48871 -0.2693 0.0595325 100
1.48831 -0.2481 0.0595165 100
1.49061 -0.2273 0.0596084 100
1.48961 -0.2061 0.0595685 100
1.49031 -0.1853 0.0595965 100
1.49181 -0.1645 0.0596564 100
1.49291 -0.1438 0.0597004 100
1.49371 -0.1231 0.0597323 100
1.49431 -0.1024 0.0597563 100
1.49461 -0.0816 0.0597683 100
1.49361 -0.0609 0.0597283 100
1.49231 -0.0402 0.0596764 100
1.49657 0.0047 0.0852437 100
1.49737 0.0257 0.0852892 100
1.49787 0.0466 0.0853176 100
1.49707 0.0676 0.0852721 100
1.49697 0.0886 0.0852664 100
1.49657 0.1096 0.0852437 100
1.49687 0.1307 0.0852607 100
1.49887 0.152 0.0853745 100
1.49957 0.1733 0.0854143 100
1.49807 0.1944 0.085329 100
1.49817 0.2157 0.0853347 100
1.48869 -0.2678 0.0847944 44
1.48939 -0.2465 0.0848342 100
1.49168 -0.2255 0.084965 100
1.49268 -0.2043 0.0850219 100
1.49238 -0.183 0.0850048 100
1.49288 -0.1619 0.0850333 100
1.49398 -0.1409 0.0850958 100
1.49478 -0.1199 0.0851413 100
1.49528 -0.099 0.0851698 100
1.49558 -0.078 0.0851868 100
1.49448 -0.057 0.0851243 100
1.49318 -0.036 0.0850503 100
1.49308 0.0133 0.0918437 100
1.49477 0.0342 0.0919481 100
1.49617 0.0552 0.092034 100
1.49727 0.0763 0.0921016 100
1.49897 0.0974 0.0922059 100
1.50046 0.1186 0.092298 100
1.50166 0.1398 0.0923717 100
1.50056 0.1609 0.0923042 100
1.49917 0.182 0.0922182 100
1.49947 0.2034 0.0922366 100
1.50436 0.2255 0.0925375 100
1.48978 -0.2595 0.0916411 100
1.49028 -0.2381 0.0916718 100
1.49248 -0.2171 0.0918069 100
1.49338 -0.1959 0.0918621 100
1.49298 -0.1747 0.0918376 100
1.49228 -0.1535 0.0917946 100
1.49228 -0.1324 0.0917946 100
1.49308 -0.1114 0.0918437 100
1.49348 -0.0905 0.0918683 100
1.49458 -0.0696 0.0919358 100
1.49537 -0.0487 0.0919849 100
1.49587 -0.0277 0.0920156 100
1.49915 0.0008 0.107461 100
1.49895 0.0218 0.107446 100
1.49856 0.0428 0.107418 100
1.49975 0.0638 0.107504 100
1.50175 0.085 0.107647 100
1.50145 0.1061 0.107625 100
1.50075 0.1272 0.107575 100
1.50284 0.1486 0.107725 100
1.50454 0.1701 0.107847 100
1.50404 0.1914 0.107811 100
1.50813 0.2134 0.108104 100
1.49028 -0.2684 0.106824 100
1.49187 -0.2472 0.106939 100
1.49516 -0.2263 0.107175 100
1.49716 -0.2052 0.107318 100
1.49696 -0.1838 0.107303 100
1.49536 -0.1624 0.107189 100
1.49656 -0.1414 0.107275 100
1.49736 -0.1203 0.107332 100
1.49786 -0.0993 0.107368 100
1.49716 -0.0782 0.107318 100
1.49706 -0.0572 0.107311 100
1.49676 -0.0362 0.107289 100
1.49638 0.0173 0.116453 100
1.49797 0.0381 0.116578 100
1.49927 0.059 0.116678 100
1.50136 0.08 0.116841 100
1.50106 0.101 0.116818 100
1.50056 0.1219 0.116779 100
1.50166 0.143 0.116865 100
1.50256 0.1642 0.116935 100
1.50306 0.1855 0.116973 100
1.50525 0.2284 0.117144 100
1.49079 -0.2618 0.116019 100
1.49229 -0.2407 0.116135 100
1.49448 -0.2198 0.116306 100
1.49638 -0.1988 0.116453 100
1.49697 -0.1778 0.1165 100
1.49727 -0.1568 0.116523 100
1.49737 -0.1357 0.116531 100
1.50006 -0.115 0.116741 100
1.50156 -0.0941 0.116857 100
1.50066 -0.0732 0.116787 100
1.49757 -0.0521 0.116547 100
1.49518 -0.0313 0.11636 100
1.50431 0.0184 0.129759 100
1.50491 0.0396 0.12981 100
1.50421 0.0607 0.12975 100
1.50322 0.0819 0.129664 100
1.50292 0.103 0.129638 100
1.50133 0.1241 0.129501 100
1.50043 0.1453 0.129424 100
1.50222 0.1668 0.129578 100
1.50471 0.1885 0.129793 100
1.50392 0.2099 0.129724 100
1.50671 0.2319 0.129965 100
1.49983 -0.2558 0.129372 100
1.49634 -0.2336 0.129071 100
1.49654 -0.2122 0.129088 100
1.49634 -0.1907 0.129071 100
1.49694 -0.1695 0.129123 100
1.49814 -0.1483 0.129226 100
1.50003 -0.1273 0.129389 100
1.50272 -0.1063 0.129621 100
1.50402 -0.0851 0.129733 100
1.50501 -0.064 0.129819 100
1.50481 -0.0428 0.129802 100
1.50222 -0.0216 0.129578 100
1.50164 0.0032 0.148825 100
1.50343 0.0243 0.149003 100
1.50393 0.0454 0.149052 100
1.50314 0.0665 0.148973 100
1.50115 0.0875 0.148776 100
1.50075 0.1086 0.148736 100
1.50204 0.1299 0.148865 100
1.50204 0.1512 0.148865 100
1.50284 0.1726 0.148944 100
1.50224 0.1939 0.148884 100
1.50532 0.2158 0.14919 100
1.49597 -0.2737 0.148263 100
1.49279 -0.2515 0.147947 100
1.49318 -0.2301 0.147987 100
1.49418 -0.2089 0.148086 100
1.49398 -0.1875 0.148066 100
1.49448 -0.1663 0.148115 100
1.49667 -0.1453 0.148332 100
1.49856 -0.1243 0.148519 100
1.50015 -0.1033 0.148677 100
1.50045 -0.0822 0.148707 100
1.49945 -0.061 0.148608 100
1.49717 -0.0399 0.148381 100
1.50278 0.0047 0.166705 100
1.50258 0.0259 0.166683 100
1.50308 0.047 0.166738 100
1.50228 0.0681 0.16665 100
1.50219 0.0893 0.166639 100
1.50278 0.1105 0.166705 100
1.50308 0.1318 0.166738 100
1.50407 0.1532 0.166848 100
1.50576 0.1748 0.167036 100
1.50507 0.1962 0.166959 100
1.50914 0.2183 0.167411 100
1.49473 -0.2701 0.165812 39
1.49245 -0.2481 0.165559 100
1.49384 -0.2268 0.165713 100
1.49384 -0.2054 0.165713 100
1.49463 -0.1841 0.165801 100
1.49602 -0.163 0.165955 100
1.49612 -0.1418 0.165966 100
1.49702 -0.1207 0.166066 100
1.4995 -0.0997 0.166341 100
1.4998 -0.0786 0.166374 100
1.50069 -0.0575 0.166474 100
1.50238 -0.0364 0.166661 100
1.50191 0.0103 0.182816 100
1.50261 0.0314 0.1829 100
1.50201 0.0526 0.182828 100
1.50112 0.0737 0.182719 100
1.50092 0.0949 0.182695 100
1.50241 0.1162 0.182876 100
1.5037 0.1376 0.183033 100
1.50162 0.1587 0.182779 100
1.50221 0.1802 0.182852 100
1.50549 0.2021 0.183251 100
1.49914 -0.2454 0.182477 100
1.49546 -0.2233 0.18203 100
1.49546 -0.2018 0.18203 100
1.49417 -0.1803 0.181873 100
1.49457 -0.159 0.181921 100
1.49566 -0.1379 0.182054 100
1.49645 -0.1168 0.182151 100
1.49695 -0.0957 0.182211 100
1.49715 -0.0745 0.182236 100
1.49804 -0.0535 0.182344 100
1.49963 -0.0324 0.182538 100
1.49945 0.0048 0.2094 100
1.49925 0.0259 0.209372 100
1.49876 0.0471 0.209303 100
1.49895 0.0683 0.20933 100
1.49786 0.0894 0.209178 100
1.49945 0.1107 0.2094 100
1.50163 0.1322 0.209704 100
1.50262 0.1537 0.209842 100
1.50331 0.1752 0.209939 100
1.50272 0.1967 0.209856 100
1.50569 0.2187 0.210271 100
1.49658 -0.264 0.208999 42
1.49519 -0.242 0.208805 100
1.49747 -0.2208 0.209123 100
1.49638 -0.1991 0.208971 100
1.49509 -0.1775 0.208791 100
1.4945 -0.1561 0.208708 100
1.49549 -0.1349 0.208846 100
1.49519 -0.1136 0.208805 100
1.49767 -0.0926 0.209151 100
1.49876 -0.0714 0.209303 100
1.49965 -0.0503 0.209427 100
1.50014 -0.0291 0.209496 100
1.49911 0.0143 0.218162 100
1.4998 0.0355 0.218263 100
1.5001 0.0567 0.218306 100
1.5002 0.0779 0.21832 100
1.5 0.0991 0.218292 100
1.50138 0.1206 0.218493 100
1.50158 0.1419 0.218522 100
1.50138 0.1633 0.218493 100
1.50198 0.1849 0.21858 100
1.50119 0.2063 0.218464 100
1.50703 0.2289 0.219314 100
1.49584 -0.2553 0.217687 100
1.49535 -0.2336 0.217615 100
1.49743 -0.2123 0.217917 100
1.49525 -0.1905 0.2176 100
1.49386 -0.1689 0.217399 100
1.49406 -0.1476 0.217427 100
1.49396 -0.1263 0.217413 100
1.49456 -0.1051 0.217499 100
1.49495 -0.084 0.217557 100
1.49693 -0.0629 0.217845 100
1.49762 -0.0418 0.217946 100
1.49599 0.0116 0.245514 100
1.49658 0.0329 0.245611 100
1.49697 0.0541 0.245676 100
1.49905 0.0755 0.246016 100
1.50181 0.0969 0.246469 100
1.50428 0.1185 0.246874 100
1.50349 0.1399 0.246744 100
1.5024 0.1613 0.246566 100
1.50299 0.183 0.246663 100
1.5022 0.2045 0.246534 100
1.50319 0.2264 0.246696 100
1.49332 -0.2514 0.245076 100
1.49273 -0.2296 0.244979 100
1.4947 -0.2083 0.245303 100
1.49648 -0.187 0.245595 100
1.49895 -0.1658 0.245999 100
1.49915 -0.1443 0.246032 100
1.49796 -0.1228 0.245837 100
1.49757 -0.1015 0.245773 100
1.49786 -0.0802 0.245821 100
1.49786 -0.0589 0.245821 100
1.49747 -0.0376 0.245757 100
1.49508 0.0119 0.250995 100
1.49567 0.0331 0.251094 100
1.49804 0.0545 0.251492 100
1.50109 0.0759 0.252005 100
1.50385 0.0975 0.252469 100
1.50533 0.119 0.252717 100
1.50543 0.1406 0.252733 100
1.50336 0.1619 0.252386 100
1.50297 0.1835 0.25232 100
1.50612 0.2056 0.252849 100
1.48995 -0.2659 0.250134 100
1.49054 -0.2442 0.250233 100
1.49281 -0.2229 0.250614 100
1.4938 -0.2014 0.25078 100
1.4935 -0.1799 0.25073 100
1.49281 -0.1584 0.250614 100
1.49389 -0.1371 0.250796 100
1.4937 -0.1157 0.250763 100
1.49419 -0.0944 0.250846 100
1.49527 -0.0732 0.251028 100
1.49616 -0.052 0.251177 100
1.49675 -0.0308 0.251276 100
1.49629 0.0058 0.261683 100
1.49806 0.0271 0.261993 100
1.50141 0.0485 0.262578 100
1.50259 0.07 0.262785 100
1.50348 0.0914 0.26294 100
1.50496 0.113 0.263199 100
1.50525 0.1345 0.26325 100
1.50614 0.1562 0.263405 100
1.50683 0.1779 0.263526 100
1.50516 0.1995 0.263233 100
1.50624 0.2214 0.263423 100
1.49314 -0.2717 0.261131 44
1.49196 -0.2497 0.260925 100
1.49324 -0.2281 0.261149 100
1.49432 -0.2066 0.261338 100
1.49599 -0.1853 0.261631 100
1.49747 -0.1639 0.261889 100
1.49856 -0.1425 0.262079 100
1.50043 -0.1212 0.262406 100
1.50092 -0.0998 0.262492 100
1.49924 -0.0783 0.262199 100
1.49718 -0.0569 0.261838 100
1.4959 -0.0356 0.261614 100
1.49704 0.0143 0.273948 100
1.50068 0.0357 0.274614 100
1.50098 0.057 0.274668 100
1.50009 0.0782 0.274506 100
1.50088 0.0996 0.27465 100
1.50127 0.121 0.274722 100
1.50147 0.1425 0.274758 100
1.50225 0.1641 0.274902 100
1.50373 0.1858 0.275172 100
1.50206 0.2072 0.274866 100
1.50491 0.2294 0.275388 100
1.49261 -0.2568 0.273138 100
1.49212 -0.235 0.273048 100
1.49419 -0.2137 0.273426 100
1.49507 -0.1922 0.273588 100
1.49557 -0.1708 0.273678 100
1.49586 -0.1494 0.273732 100
1.49576 -0.128 0.273714 100
1.49645 -0.1067 0.27384 100
1.49576 -0.0854 0.273714 100
1.49478 -0.0641 0.273534 100
1.49655 -0.043 0.273858 100
1.49694 -0.0217 0.27393 100
1.4994 0.0091 0.28901 100
1.50009 0.0304 0.289143 100
1.50146 0.0519 0.289408 100
1.50156 0.0733 0.289427 100
1.50146 0.0947 0.289408 100
1.50392 0.1164 0.289881 100
1.50706 0.1382 0.290487 100
1.50794 0.16 0.290657 100
1.50755 0.1817 0.290581 100
1.50588 0.2033 0.29026 100
1.50392 0.2248 0.289881 100
1.49292 -0.2569 0.287761 100
1.49341 -0.2352 0.287856 100
1.49557 -0.2138 0.288272 100
1.49537 -0.1921 0.288234 100
1.49498 -0.1704 0.288159 100
1.4942 -0.1488 0.288007 100
1.49518 -0.1275 0.288197 100
1.49577 -0.1061 0.28831 100
1.49803 -0.0848 0.288745 100
1.50107 -0.0636 0.289332 100
1.50176 -0.0422 0.289465 100
1.49732 0.0104 0.304634 100
1.49997 0.0318 0.305172 100
1.49938 0.0531 0.305053 100
1.49948 0.0745 0.305073 100
1.50026 0.0959 0.305232 100
1.50075 0.1174 0.305332 100
1.50193 0.1391 0.305571 100
1.50281 0.1607 0.305751 100
1.50242 0.1823 0.305671 100
1.50075 0.2038 0.305332 100
1.50173 0.2257 0.305531 100
1.48968 -0.2584 0.303079 100
1.48821 -0.2364 0.30278 100
1.49037 -0.2151 0.303219 100
1.49017 -0.1935 0.303179 100
1.49272 -0.1723 0.303697 100
1.4939 -0.1509 0.303936 100
1.4939 -0.1295 0.303936 100
1.49556 -0.1082 0.304275 100
1.49585 -0.0868 0.304335 100
1.49693 -0.0655 0.304554 100
1.49674 -0.0442 0.304515 100
1.49615 -0.0229 0.304395 100
1.49214 0.0192 0.342294 100
1.49468 0.0407 0.342876 100
1.49585 0.0622 0.343144 100
1.49682 0.0837 0.343368 100
1.49848 0.1053 0.343748 100
1.49984 0.127 0.344061 100
1.49887 0.1486 0.343837 100
1.4977 0.1702 0.343569 100
1.49624 0.1917 0.343234 100
1.49536 0.2134 0.343032 100
1.48503 -0.262 0.340662 100
1.48659 -0.2404 0.34102 100
1.48971 -0.2191 0.341735 100
1.49156 -0.1976 0.34216 100
1.49312 -0.1761 0.342518 100
1.49341 -0.1545 0.342585 100
1.49156 -0.1328 0.34216 100
1.49127 -0.1113 0.342093 100
1.49068 -0.0898 0.341959 100
1.49078 -0.0684 0.341981 100
1.49156 -0.047 0.34216 100
1.49107 -0.0256 0.342049 100
1.49339 0.012 0.341759 100
1.49398 0.0335 0.341892 100
1.49632 0.055 0.342428 100
1.4972 0.0982 0.342629 100
1.49759 0.1198 0.342718 100
1.49876 0.1416 0.342986 100
1.49866 0.1633 0.342963 100
1.49817 0.185 0.342852 100
1.49651 0.2066 0.342472 100
1.49739 0.2287 0.342673 100
1.48706 -0.269 0.340309 100
1.48569 -0.2468 0.339996 100
1.48706 -0.2252 0.340309 100
1.48706 -0.2034 0.340309 100
1.48871 -0.1819 0.340688 100
1.48813 -0.1602 0.340554 100
1.48823 -0.1387 0.340576 100
1.48901 -0.1172 0.340755 100
1.49047 -0.0958 0.341089 100
1.49261 -0.0745 0.34158 100
1.49349 -0.0531 0.341781 100
1.49505 -0.0316 0.342138 100
1.51108 0.0151 0.30167 100
1.51275 0.0365 0.302002 100
1.51108 0.0579 0.30167 100
1.51118 0.0794 0.301689 100
1.51187 0.101 0.301826 100
1.51128 0.1225 0.301709 100
1.51147 0.1441 0.301748 100
1.5103 0.1656 0.301513 100
1.50892 0.1871 0.301239 100
1.50912 0.2089 0.301278 100
1.49765 -0.2589 0.298988 100
1.49912 -0.2373 0.299281 100
1.50118 -0.2159 0.299692 100
1.50206 -0.1944 0.299869 100
1.50265 -0.1728 0.299986 100
1.50382 -0.1514 0.300221 100
1.50481 -0.13 0.300417 100
1.50451 -0.1085 0.300358 100
1.50579 -0.0871 0.300613 100
1.50883 -0.0658 0.301219 100
1.51059 -0.0445 0.301572 100
1.51098 -0.023 0.30165 100
1.49912 0.0005 0.34362 100
1.49893 0.022 0.343576 100
1.50049 0.0436 0.343933 100
1.50166 0.0652 0.344201 100
1.50361 0.0869 0.344648 100
1.50419 0.1086 0.344782 100
1.50448 0.1303 0.344849 100
1.50351 0.152 0.344626 100
1.50234 0.1736 0.344358 100
1.50078 0.1953 0.344 100
1.50088 0.2172 0.344023 100
1.48889 -0.2691 0.341274 100
1.48947 -0.2472 0.341408 100
1.49084 -0.2255 0.341721 100
1.49279 -0.204 0.342168 100
1.49444 -0.1825 0.342548 100
1.49386 -0.1607 0.342414 100
1.49298 -0.139 0.342213 100
1.49279 -0.1174 0.342168 100
1.49522 -0.0961 0.342727 100
1.49932 -0.0748 0.343665 100
1.50117 -0.0533 0.34409 100
1.50273 -0.0318 0.344447 100
1.50232 0.017 0.347114 100
1.50388 0.0385 0.347474 100
1.50417 0.0601 0.347542 100
1.50515 0.0818 0.347767 100
1.50485 0.1034 0.3477 100
1.50524 0.1251 0.34779 100
1.50534 0.1468 0.347812 100
1.50515 0.1686 0.347767 100
1.50368 0.1903 0.347429 100
1.50671 0.2126 0.348127 100
1.49384 -0.2653 0.345156 100
1.49443 -0.2434 0.345291 100
1.49667 -0.2219 0.345809 100
1.49657 -0.2 0.345786 100
1.49628 -0.1782 0.345718 100
1.49657 -0.1565 0.345786 100
1.49764 -0.135 0.346034 100
1.49833 -0.1135 0.346191 100
1.50076 -0.092 0.346754 100
1.50183 -0.0705 0.347002 100
1.50261 -0.049 0.347182 100
1.50515 -0.0275 0.347767 100
1.49817 0.0151 0.368818 100
1.49885 0.0367 0.368985 100
1.50011 0.0583 0.369296 100
1.50011 0.0799 0.369296 100
1.49992 0.1016 0.369248 100
1.49934 0.1232 0.369105 100
1.49943 0.145 0.369128 100
1.49827 0.1667 0.368842 100
1.49681 0.1883 0.368483 100
1.49603 0.2101 0.368292 100
1.49477 -0.2589 0.367981 100
1.4904 -0.2362 0.366905 100
1.49157 -0.2144 0.367192 100
1.4905 -0.1924 0.366929 100
1.49098 -0.1707 0.367049 100
1.49225 -0.1492 0.36736 100
1.49312 -0.1276 0.367575 100
1.4938 -0.106 0.367742 100
1.49603 -0.0846 0.368292 100
1.49798 -0.0631 0.36877 100
1.49963 -0.0415 0.369176 100
1.49646 0.02 0.387846 100
1.49694 0.0416 0.387971 100
1.49626 0.0632 0.387796 100
1.49626 0.0849 0.387796 100
1.49684 0.1066 0.387946 100
1.49626 0.1283 0.387796 100
1.49723 0.1502 0.388047 100
1.49984 0.1724 0.388724 100
1.50217 0.1946 0.389326 100
1.51378 0.2184 0.392337 100
1.48929 -0.27 0.385989 100
1.4861 -0.2473 0.385162 100
1.48833 -0.2257 0.385739 100
1.48929 -0.2039 0.385989 100
1.49007 -0.1822 0.38619 100
1.49045 -0.1604 0.386291 100
1.49152 -0.1388 0.386567 100
1.49229 -0.1171 0.386767 100
1.49268 -0.0955 0.386868 100
1.49384 -0.074 0.387169 100
1.49471 -0.0524 0.387394 100
1.49529 -0.0308 0.387545 100
1.49371 0.0162 0.394377 100
1.49526 0.0378 0.394786 100
1.49565 0.0595 0.394888 100
1.49661 0.0812 0.395143 100
1.49729 0.103 0.395322 100
1.49865 0.1249 0.395679 100
1.50068 0.147 0.396215 100
1.50232 0.1691 0.396649 100
1.50184 0.1911 0.396522 100
1.50483 0.2136 0.397313 1
1.48376 -0.2691 0.391748 100
1.4853 -0.2473 0.392157 100
1.48472 -0.2252 0.392003 100
1.48569 -0.2035 0.392259 100
1.48637 -0.1817 0.392437 100
1.48675 -0.16 0.392539 100
1.48685 -0.1383 0.392565 100
1.48762 -0.1167 0.392769 100
1.49004 -0.0952 0.393407 100
1.49304 -0.0738 0.394199 100
1.49487 -0.0522 0.394684 100
1.49642 -0.0306 0.395092 100
1.49514 0.0184 0.412112 100
1.49476 0.0401 0.412006 100
1.49505 0.0618 0.412085 100
1.49688 0.0836 0.41259 100
1.49948 0.1056 0.413308 100
1.50083 0.1276 0.41368 100
1.5018 0.1497 0.413945 100
1.5016 0.1716 0.413892 100
1.50392 0.194 0.41453 100
1.49244 -0.2728 0.411368 100
1.4884 -0.2499 0.410252 100
1.48878 -0.2278 0.410358 100
1.48878 -0.2058 0.410358 100
1.48666 -0.1836 0.409774 100
1.48608 -0.1617 0.409614 100
1.4882 -0.1401 0.410199 100
1.48994 -0.1185 0.410677 100
1.49235 -0.097 0.411341 100
1.49254 -0.0753 0.411394 100
1.49244 -0.0536 0.411368 100
1.49206 -0.0319 0.411262 100
1.4938 0.0016 0.421015 100
1.49457 0.0233 0.421232 100
1.49506 0.045 0.421368 100
1.49438 0.0667 0.421178 100
1.49525 0.0885 0.421422 100
1.49775 0.1105 0.422127 100
1.49996 0.1325 0.422751 100
1.50189 0.1547 0.423294 100
1.5015 0.1767 0.423185 100
1.50757 0.1996 0.424894 100
1.48601 -0.2795 0.418818 100
1.48389 -0.2569 0.418221 100
1.4863 -0.2352 0.418899 100
1.48639 -0.2132 0.418926 100
1.48533 -0.1912 0.418628 100
1.48678 -0.1695 0.419035 100
1.48707 -0.1477 0.419116 100
1.48793 -0.126 0.41936 100
1.48947 -0.1044 0.419794 100
1.48976 -0.0828 0.419876 100
1.48976 -0.0611 0.419876 100
1.49044 -0.0395 0.420065 100
1.48937 0.0059 0.425663 100
1.49206 0.0277 0.426432 100
1.49437 0.0494 0.427092 100
1.49552 0.0713 0.427421 100
1.49533 0.0931 0.427366 100
1.4959 0.1149 0.427531 100
1.4961 0.1368 0.427586 100
1.49696 0.1589 0.427834 100
1.50235 0.1816 0.429372 100
1.48225 -0.2866 0.423629 100
1.48119 -0.2642 0.423327 100
1.48369 -0.2425 0.424041 100
1.48292 -0.2203 0.423822 100
1.48389 -0.1985 0.424096 100
1.4835 -0.1766 0.423986 100
1.48389 -0.1548 0.424096 100
1.48581 -0.1332 0.424646 100
1.48744 -0.1116 0.425113 100
1.48975 -0.09 0.425773 100
1.48985 -0.0683 0.4258 100
1.48965 -0.0466 0.425745 100
1.48917 -0.0249 0.425608 100
1.49136 0.0024 0.425952 100
1.49213 0.0239 0.426172 100
1.49165 0.0454 0.426034 100
1.49194 0.067 0.426117 100
1.49377 0.0886 0.426639 100
1.49723 0.1105 0.427627 100
1.49848 0.1323 0.427984 100
1.49848 0.1541 0.427984 100
1.49819 0.1759 0.427902 100
1.5005 0.1981 0.428561 100
1.48761 -0.2671 0.424881 100
1.48434 -0.2446 0.423947 100
1.48559 -0.2229 0.424304 100
1.48559 -0.2011 0.424304 100
1.48425 -0.1792 0.42392 100
1.48463 -0.1576 0.42403 100
1.48559 -0.1361 0.424304 100
1.48733 -0.1147 0.424799 100
1.48963 -0.0933 0.425458 100
1.49069 -0.0718 0.42576 100
1.48963 -0.0502 0.425458 100
1.49011 -0.0288 0.425595 100
1.49186 0.0211 0.423842 100
1.49427 0.0429 0.424525 100
1.49552 0.0646 0.42488 100
1.49734 0.0865 0.4254 100
1.49792 0.1084 0.425564 100
1.49734 0.1302 0.4254 100
1.49831 0.1523 0.425673 100
1.49802 0.1742 0.425591 100
1.50119 0.1967 0.426493 100
1.48849 -0.277 0.422885 100
1.48263 -0.2537 0.421218 100
1.48301 -0.2317 0.421328 100
1.48215 -0.2096 0.421082 100
1.48291 -0.1878 0.4213 100
1.48436 -0.1661 0.42171 100
1.48551 -0.1444 0.422038 100
1.48821 -0.1229 0.422803 100
1.48974 -0.1013 0.423241 100
1.491 -0.0797 0.423596 100
1.4909 -0.0579 0.423569 100
1.49061 -0.0363 0.423487 100
1.49156 0.0135 0.421226 100
1.49127 0.0352 0.421145 100
1.49262 0.0569 0.421525 100
1.49262 0.0786 0.421525 100
1.49147 0.1003 0.421199 100
1.49378 0.1222 0.421851 100
1.49772 0.1445 0.422966 100
1.50042 0.1667 0.423727 100
1.49993 0.1887 0.423591 100
1.50301 0.2113 0.42446 100
1.48771 -0.2851 0.420139 43
1.48579 -0.2624 0.419596 100
1.48723 -0.2405 0.420003 100
1.48646 -0.2183 0.419786 100
1.4855 -0.1962 0.419514 100
1.48415 -0.1742 0.419134 100
1.48444 -0.1524 0.419215 100
1.48637 -0.1309 0.419759 100
1.48694 -0.1092 0.419922 100
1.48829 -0.0876 0.420302 100
1.48935 -0.066 0.420601 100
1.49012 -0.0444 0.420819 100
1.49147 -0.0227 0.421199 100
