1.79826 -0.1911 -0.31126 100
1.80861 -0.1664 -0.313051 100
1.8294 -0.1423 -0.31665 100
1.94664 0.0217 -0.31459 100
1.78149 -0.1845 -0.2879 100
1.81337 -0.1619 -0.293053 100
1.82522 -0.1371 -0.294967 100
1.8496 -0.1127 -0.298908 100
1.8727 -0.0876 -0.302641 100
1.89541 -0.0619 -0.30631 100
1.92078 -0.0356 -0.31041 100
1.94641 0.0265 -0.296104 100
2.00216 0.0553 -0.304586 100
2.02599 0.0844 -0.308211 99
2.0513 0.1143 -0.312061 99
2.06919 0.1444 -0.314783 99
1.78506 -0.1843 -0.271559 47
1.81601 -0.1618 -0.276266 100
1.82688 -0.137 -0.277921 100
1.85031 -0.1127 -0.281485 100
1.87147 -0.0877 -0.284704 100
1.89322 -0.0621 -0.288012 100
1.91764 -0.036 -0.291727 100
1.95278 0.0286 -0.280356 100
2.00663 0.0577 -0.288087 100
2.03533 0.0872 -0.292208 99
2.06255 0.1175 -0.296116 99
2.07255 0.1474 -0.297551 99
2.1068 0.1797 -0.302468 99
1.78678 -0.1892 -0.256524 100
1.81489 -0.1664 -0.26056 100
1.82588 -0.1415 -0.262137 100
1.85033 -0.1172 -0.265647 100
1.8726 -0.0921 -0.268845 100
1.89438 -0.0664 -0.271971 100
1.91991 -0.0403 -0.275638 100
1.97279 0.0063 -0.261124 100
1.99728 0.0344 -0.264366 100
2.02434 0.0634 -0.267948 99
2.05101 0.0932 -0.271478 99
2.06439 0.1229 -0.273249 99
2.1099 0.1555 -0.279272 99
1.7995 -0.1785 -0.238188 100
1.83053 -0.1556 -0.242295 100
1.84134 -0.1305 -0.243725 100
1.86573 -0.1058 -0.246953 100
1.88982 -0.0805 -0.250142 100
1.91351 -0.0546 -0.253278 100
1.95654 0.0213 -0.237461 100
2.01065 0.0502 -0.244027 100
2.03656 0.0795 -0.247172 99
2.06296 0.1096 -0.250376 99
2.07706 0.1396 -0.252087 99
2.12243 0.1727 -0.257593 99
1.79096 -0.1889 -0.217364 100
1.8261 -0.1667 -0.221629 100
1.8391 -0.1418 -0.223208 100
1.86065 -0.1172 -0.225822 100
1.88398 -0.0921 -0.228653 100
1.90591 -0.0663 -0.231316 100
1.92944 -0.04 -0.234171 100
1.96047 0.0069 -0.221981 100
1.98601 0.0349 -0.224873 100
2.01512 0.0638 -0.228169 100
2.04384 0.0934 -0.231421 99
2.07007 0.1238 -0.234391 99
2.08309 0.154 -0.235865 99
2.12522 0.1872 -0.240635 99
1.79245 -0.1916 -0.202956 9
1.81769 -0.1685 -0.205814 100
1.82772 -0.1435 -0.20695 100
1.85038 -0.1192 -0.209515 100
1.87164 -0.0941 -0.211923 100
1.89469 -0.0686 -0.214533 100
1.92023 -0.0425 -0.217425 100
1.97161 0.0035 -0.202703 100
1.99827 0.0314 -0.205443 100
2.02642 0.0601 -0.208338 100
2.05427 0.0896 -0.211201 99
2.0677 0.1191 -0.212582 99
2.11246 0.1512 -0.217184 99
1.79573 -0.1978 -0.184621 7
1.82399 -0.1752 -0.187525 100
1.83523 -0.1505 -0.188681 100
1.85691 -0.1262 -0.190911 100
1.87939 -0.1015 -0.193222 100
1.90247 -0.0761 -0.195595 100
1.92714 -0.0502 -0.198131 100
1.96787 0.0093 -0.17909 100
1.99446 0.0374 -0.18151 100
2.02354 0.0663 -0.184156 100
2.05331 0.0962 -0.186866 99
2.06666 0.1258 -0.188081 99
2.11137 0.1583 -0.19215 99
1.80325 -0.1932 -0.164108 6
1.82068 -0.1693 -0.165694 100
1.82775 -0.1441 -0.166338 100
1.85045 -0.1198 -0.168404 100
1.87286 -0.0949 -0.170444 100
1.89786 -0.0696 -0.172718 100
1.92455 -0.0435 -0.175147 100
1.97788 0.0121 -0.155663 100
2.0034 0.0402 -0.157671 100
2.03052 0.0691 -0.159805 100
2.05923 0.0988 -0.162065 99
2.07259 0.1284 -0.163116 99
2.11835 0.1609 -0.166718 99
1.79664 -0.198 -0.141399 7
1.82097 -0.1751 -0.143313 100
1.83024 -0.1503 -0.144043 100
1.85397 -0.1262 -0.14591 100
1.8765 -0.1015 -0.147684 100
1.90062 -0.0763 -0.149582 100
1.92435 -0.0504 -0.15145 100
1.96568 0.0244 -0.141936 100
2.01605 0.0531 -0.145573 100
2.04109 0.0822 -0.147381 99
2.06861 0.1121 -0.149369 99
2.08178 0.1418 -0.15032 99
2.12138 0.1742 -0.153179 99
1.8041 -0.1822 -0.130269 100
1.83432 -0.1595 -0.132451 100
1.8453 -0.1346 -0.133244 100
1.86993 -0.1103 -0.135023 100
1.89417 -0.0854 -0.136773 100
1.91811 -0.0597 -0.138501 100
1.94065 -0.0334 -0.140129 100
1.98259 0.0253 -0.112927 100
2.037 0.0545 -0.116026 99
2.06156 0.1128 -0.117425 99
2.07574 0.1427 -0.118232 99
2.12236 0.1757 -0.120888 99
1.80148 -0.1961 -0.102611 52
1.83582 -0.1739 -0.104567 100
1.848 -0.1491 -0.105261 100
1.87187 -0.1247 -0.10662 100
1.89533 -0.0997 -0.107956 100
1.91749 -0.074 -0.109219 100
1.94026 -0.0478 -0.110515 100
1.97422 0.0286 -0.101046 100
2.02954 0.0577 -0.103878 100
2.05851 0.0873 -0.10536 99
2.07399 0.1169 -0.106152 99
2.12003 0.1491 -0.108509 99
1.80264 -0.19 -0.0922641 15
1.833 -0.1675 -0.0938181 100
1.84508 -0.1427 -0.0944366 100
1.86885 -0.1183 -0.0956531 100
1.89023 -0.0933 -0.096747 100
1.9133 -0.0677 -0.0979278 100
1.94106 -0.0416 -0.0993488 100
1.97378 0.0052 -0.069271 100
1.99947 0.0331 -0.0701724 100
2.02985 0.062 -0.0712387 100
2.05573 0.0915 -0.0721471 99
2.08212 0.1218 -0.073073 99
2.09521 0.152 -0.0735325 99
2.13069 0.1845 -0.0747776 1
1.83327 -0.1877 -0.0643396 100
1.84366 -0.1629 -0.0647044 100
1.87045 -0.1127 -0.0656444 100
1.89283 -0.0876 -0.06643 100
1.91382 -0.0618 -0.0671666 100
1.93751 -0.0355 -0.0679978 100
1.97598 0.0079 -0.0634786 100
2.00167 0.0358 -0.0643038 100
2.03095 0.0646 -0.0652445 100
2.06074 0.0942 -0.0662014 99
2.08922 0.1246 -0.0671165 99
2.09822 0.1544 -0.0674054 99
2.1308 0.1866 -0.0684522 1
1.83146 -0.188 -0.0588357 100
1.84285 -0.1633 -0.0592017 100
1.86584 -0.1393 -0.0599402 100
1.88853 -0.1146 -0.0606691 100
1.91191 -0.0894 -0.0614204 100
1.9377 -0.0367 -0.0622488 100
1.98392 0.0118 -0.0183522 100
2.00951 0.0399 -0.018589 100
2.03771 0.0689 -0.0188499 99
2.06551 0.0987 -0.019107 99
2.07891 0.1284 -0.019231 99
2.11981 0.1606 -0.0196093 99
1.83392 -0.1914 -0.0169647 100
1.84142 -0.1663 -0.0170341 100
1.86552 -0.1423 -0.017257 100
1.88822 -0.1176 -0.017467 100
1.91072 -0.0923 -0.0176751 100
1.93652 -0.0395 -0.0179138 100
1.9808 0.0163 -0.0197064 100
2.0324 0.0449 -0.0202197 100
2.0616 0.0743 -0.0205102 99
2.0913 0.1045 -0.0208057 99
2.1036 0.1344 -0.0209281 99
2.14439 0.167 -0.0213339 99
1.81251 -0.1853 -0.0180321 100
1.84971 -0.1631 -0.0184022 100
1.86381 -0.1383 -0.0185425 100
1.88751 -0.1137 -0.0187782 100
1.90891 -0.0883 -0.0189911 100
1.9339 -0.0626 -0.0192398 100
1.9586 -0.0361 -0.0194856 100
1.982 0.0121 0.000345924 100
2.0366 0.0408 0.000355454 99
2.0638 0.07 0.000360201 99
2.092 0.1293 0.000365123 99
2.102 0.1593 0.000366868 99
1.8225 -0.186 0.000318086 100
1.8558 -0.1634 0.000323898 100
1.8679 -0.1383 0.00032601 100
1.8916 -0.1136 0.000330146 100
1.916 -0.0884 0.000334405 100
1.941 -0.0625 0.000338768 100
1.9657 -0.0359 0.000343079 100
1.9847 0.0246 0.0197452 100
2.0402 0.0537 0.0202973 99
2.0662 0.0832 0.020556 99
2.0818 0.1129 0.0207112 99
2.12699 0.145 0.0211608 99
1.81701 -0.1895 0.0180769 100
1.84741 -0.1667 0.0183793 100
1.85851 -0.1416 0.0184897 100
1.88331 -0.1172 0.0187365 100
1.90671 -0.092 0.0189693 100
1.9308 -0.0663 0.019209 100
1.9545 -0.0398 0.0194448 100
1.98545 0.0253 0.0374292 100
2.03894 0.0545 0.0384376 99
2.06793 0.0841 0.0389842 99
2.09553 0.1146 0.0395044 99
2.10663 0.1447 0.0397137 99
2.14532 0.1775 0.0404431 1
1.82218 -0.1866 0.0343513 50
1.85147 -0.1636 0.0349035 100
1.86357 -0.1384 0.0351316 100
1.88526 -0.1136 0.0355406 100
1.90666 -0.0882 0.035944 100
1.93066 -0.0623 0.0363963 100
1.95335 -0.0358 0.0368242 100
1.98439 0.008 0.0491906 100
2.01108 0.0361 0.0498522 100
2.03937 0.065 0.0505535 99
2.06717 0.0947 0.0512424 99
2.07966 0.1242 0.0515522 99
2.12055 0.1563 0.0525657 99
1.83154 -0.1903 0.0454015 100
1.86293 -0.1674 0.0461796 100
1.87682 -0.1161 0.0465241 100
1.89922 -0.091 0.0470792 100
1.92231 -0.0653 0.0476516 100
1.947 -0.039 0.0482637 100
1.99937 0.0003 0.0806527 100
2.02715 0.0288 0.0817732 100
2.05653 0.058 0.0829582 99
2.0874 0.0881 0.0842036 99
2.10099 0.1182 0.0847518 99
2.14266 0.1809 0.0864326 99
1.81742 -0.2009 0.0733129 100
1.8479 -0.1781 0.0745423 100
1.86119 -0.1531 0.0750783 100
1.88307 -0.1284 0.075961 100
1.90665 -0.1032 0.0769123 100
1.93283 -0.0775 0.0779683 100
1.95571 -0.051 0.0788913 100
1.98162 0.0163 0.0951838 100
2.03915 0.0453 0.0979474 99
2.06622 0.0748 0.0992476 99
2.09498 0.1052 0.100629 99
2.10627 0.1353 0.101171 99
2.14692 0.1681 0.103124 99
1.83059 -0.1853 0.0879295 100
1.86085 -0.1621 0.0893833 100
1.87084 -0.1366 0.089863 100
1.89551 -0.1118 0.0910481 100
1.91689 -0.0862 0.0920748 100
1.93986 -0.06 0.0931783 100
1.96543 -0.0333 0.0944066 100
1.99579 0.0265 0.126613 100
2.05607 0.0559 0.130438 99
2.08401 0.0857 0.13221 99
2.09758 0.1155 0.133071 99
2.1406 0.1478 0.1358 99
1.82703 -0.1946 0.115907 50
1.85238 -0.1713 0.117515 100
1.86256 -0.1461 0.118161 100
1.88331 -0.1214 0.119478 100
1.90577 -0.0963 0.120903 100
1.93182 -0.0707 0.122555 100
1.95756 -0.0444 0.124189 100
1.99712 0.008 0.139652 100
2.02575 0.0363 0.141654 100
2.05299 0.0654 0.143559 99
2.08172 0.0953 0.145568 99
2.09518 0.1251 0.14651 99
2.13499 0.1573 0.149293 99
1.83173 -0.169 0.128087 100
1.86574 -0.146 0.130466 100
1.87851 -0.1208 0.131358 100
1.90196 -0.0957 0.132998 100
1.92899 -0.0702 0.134888 100
1.95373 -0.0439 0.136618 100
1.9859 0.0247 0.153156 100
2.03825 0.0538 0.157192 99
2.06517 0.0834 0.159269 99
2.09269 0.1139 0.161391 99
2.10485 0.1441 0.162329 99
2.14633 0.1771 0.165528 99
1.82707 -0.2058 0.140907 50
1.8536 -0.1826 0.142952 100
1.86387 -0.1573 0.143744 100
1.8858 -0.1327 0.145436 100
1.91162 -0.0809 0.147427 100
1.93645 -0.0548 0.149342 100
1.95998 -0.0281 0.151156 100
1.99257 0.0122 0.172225 100
2.04697 0.0412 0.176927 99
2.07088 0.0997 0.178993 99
2.08722 0.1298 0.180406 99
2.13584 0.1628 0.184608 99
1.83057 -0.1883 0.158223 100
1.86375 -0.1654 0.161091 100
1.87581 -0.14 0.162133 100
1.89842 -0.115 0.164087 100
1.92074 -0.0894 0.166016 100
1.94276 -0.0632 0.167919 100
1.96736 -0.0365 0.170046 100
2.0046 0.0204 0.213168 100
2.03294 0.0491 0.216182 99
2.06187 0.0786 0.219259 99
2.09141 0.109 0.2224 99
2.10752 0.1393 0.224113 99
2.15793 0.1729 0.229474 99
1.82302 -0.1788 0.193859 100
1.85802 -0.1561 0.197582 100
1.87095 -0.1309 0.198956 100
1.89442 -0.106 0.201452 100
1.91749 -0.0805 0.203905 100
1.93927 -0.0543 0.206221 100
1.9942 0.0224 0.225447 100
2.02252 0.0511 0.228649 100
2.05133 0.0805 0.231907 99
2.08084 0.1109 0.235243 99
2.09396 0.141 0.236726 99
2.13937 0.1742 0.24186 99
1.82855 -0.1996 0.206721 50
1.8529 -0.176 0.209473 100
1.86214 -0.1506 0.210518 100
1.88777 -0.1261 0.213416 100
1.91222 -0.1009 0.21618 100
1.93428 -0.0749 0.218673 100
1.95594 -0.0484 0.221122 100
1.98316 0.008 0.258976 100
2.03938 0.0369 0.266318 99
2.07032 0.0665 0.270358 99
2.09898 0.0969 0.2741 99
2.11127 0.1272 0.275706 99
1.83522 -0.1851 0.239656 100
1.86625 -0.1618 0.243709 100
1.87915 -0.1364 0.245393 100
1.90265 -0.1113 0.248461 100
1.92674 -0.0856 0.251608 100
1.95153 -0.0593 0.254845 100
1.97692 -0.0323 0.25816 100
2.00537 0.0039 0.273988 100
2.02984 0.0325 0.277332 99
2.05798 0.062 0.281176 99
2.08959 0.0924 0.285495 99
2.10494 0.1228 0.287593 99
2.15339 0.1561 0.294213 99
1.83317 -0.1804 0.250461 100
1.86805 -0.1573 0.255226 100
1.88093 -0.1317 0.256986 100
1.90243 -0.1063 0.259923 100
1.92541 -0.0804 0.263064 100
1.95117 -0.054 0.266584 100
1.99126 0.0246 0.293688 100
2.04518 0.0541 0.301641 99
2.07288 0.084 0.305726 99
2.08831 0.1141 0.308002 99
2.13688 0.1469 0.315166 99
1.82446 -0.1904 0.269088 49
1.85256 -0.167 0.273232 100
1.86354 -0.1416 0.274851 100
1.88798 -0.1168 0.278455 100
1.91211 -0.0913 0.282016 100
1.93497 -0.0651 0.285386 100
1.95742 -0.0383 0.288698 100
1.999 0.0067 0.304105 100
2.02342 0.0353 0.30782 99
2.04942 0.0647 0.311775 99
2.07898 0.095 0.316272 99
2.09322 0.1253 0.318438 99
2.13958 0.1584 0.325492 99
1.82827 -0.1893 0.278131 100
1.86326 -0.1664 0.283455 100
1.87621 -0.1409 0.285426 100
1.90162 -0.1158 0.289291 100
1.92179 -0.0899 0.292359 100
1.94532 -0.036 0.295938 100
1.98629 0.025 0.337739 100
2.04101 0.0544 0.347043 99
2.07058 0.0845 0.352071 99
2.083 0.1144 0.354184 99
2.12549 0.1468 0.361408 99
1.82057 -0.1858 0.309561 47
1.85044 -0.1625 0.31464 100
1.86227 -0.1371 0.316651 100
1.88268 -0.112 0.320121 100
1.90772 -0.0865 0.324379 100
1.93434 -0.0604 0.328905 100
1.95859 -0.0335 0.333029 100
1.99417 0.0138 0.351986 100
2.04696 0.0431 0.361302 99
2.07365 0.0731 0.366013 99
2.08921 0.1033 0.368759 99
2.14061 0.1362 0.377833 99
1.8245 -0.1856 0.322036 100
1.85926 -0.1626 0.328172 100
1.87118 -0.137 0.330276 100
1.89451 -0.1118 0.334395 100
1.91648 -0.0859 0.338271 100
1.94011 -0.0594 0.342443 100
1.96827 -0.0324 0.347414 100
2.00092 0.0252 0.380611 100
2.05741 0.0552 0.391355 99
2.07175 0.1147 0.394084 99
2.11704 0.1474 0.402698 99
1.81653 -0.2013 0.345536 41
1.84747 -0.1782 0.351422 100
1.85946 -0.1527 0.353702 100
1.88107 -0.1276 0.357813 100
1.90317 -0.1019 0.362017 100
1.9299 -0.0759 0.3671 100
1.95534 -0.049 0.37194 100
1.82291 -0.1896 0.36657 42
1.84869 -0.1658 0.371755 100
1.85859 -0.1402 0.373746 100
1.88095 -0.1151 0.378241 100
1.90673 -0.0896 0.383425 100
1.93232 -0.0634 0.388571 100
1.94575 -0.0362 0.391272 100
1.81387 -0.2057 0.386543 100
1.83989 -0.1821 0.392087 100
1.85094 -0.1566 0.394442 100
1.87343 -0.1316 0.399236 100
1.89651 -0.106 0.404155 100
1.92126 -0.0799 0.409428 100
1.93388 -0.0528 0.412116 100
