0.426715 0.0033 -0.122681 100
0.426619 0.0095 -0.122653 100
0.425465 0.0157 -0.122322 100
0.426234 0.0219 -0.122543 100
0.426811 0.0282 -0.122709 100
0.426426 0.0344 -0.122598 0
0.42585 0.0405 -0.122432 100
0.427195 0.0469 -0.122819 0
0.429406 0.0535 -0.123455 100
0.430559 0.06 -0.123786 100
0.430655 0.0664 -0.123814 100
0.430655 0.0728 -0.123814 100
0.43152 0.0794 -0.124062 0
0.432385 0.086 -0.124311 100
0.432097 0.0925 -0.124228 100
0.432673 0.0992 -0.124394 100
0.432289 0.1057 -0.124284 100
0.431712 0.1122 -0.124118 100
0.431136 0.1187 -0.123952 100
0.431328 0.1255 -0.124007 100
0.430559 0.132 -0.123786 100
0.430559 0.1388 -0.123786 100
0.428637 0.1451 -0.123234 100
0.429406 0.1523 -0.123455 100
0.42633 -0.1056 -0.12257 100
0.427676 -0.0994 -0.122957 100
0.42806 -0.093 -0.123068 100
0.428348 -0.0866 -0.123151 100
0.428445 -0.0802 -0.123178 100
0.428541 -0.0738 -0.123206 100
0.429502 -0.0676 -0.123482 0
0.429406 -0.0612 -0.123455 100
0.429021 -0.0485 -0.123344 100
0.428637 -0.0421 -0.123234 100
0.427291 -0.0357 -0.122847 100
0.424793 -0.0293 -0.122128 100
0.425177 -0.0232 -0.122239 0
0.425465 -0.017 -0.122322 100
0.425657 -0.0108 -0.122377 100
0.425818 0.0007 -0.122182 100
0.426683 0.0069 -0.12243 0
0.425625 0.0131 -0.122127 100
0.425433 0.0192 -0.122071 100
0.427644 0.0318 -0.122706 0
0.431008 0.0384 -0.123671 100
0.431393 0.0447 -0.123781 0
0.428797 0.0507 -0.123037 0
0.430047 0.0572 -0.123395 100
0.431104 0.0637 -0.123699 100
0.430239 0.07 -0.12345 0
0.430143 0.0764 -0.123423 0
0.430047 0.0828 -0.123395 100
0.431681 0.0896 -0.123864 100
0.432354 0.0963 -0.124057 100
0.431969 0.1028 -0.123947 100
0.431489 0.1093 -0.123809 100
0.431777 0.1161 -0.123892 100
0.432066 0.1229 -0.123974 100
0.430431 0.1291 -0.123506 100
0.429566 0.1357 -0.123257 100
0.428605 0.1422 -0.122982 100
0.427548 0.1487 -0.122678 100
0.426394 0.1552 -0.122347 100
0.426971 -0.1074 -0.122513 100
0.427452 -0.1009 -0.122651 100
0.427836 -0.0945 -0.122761 100
0.429086 -0.0883 -0.123119 100
0.429278 -0.0819 -0.123175 0
0.430335 -0.0756 -0.123478 100
0.429374 -0.0691 -0.123202 100
0.42649 -0.0623 -0.122375 100
0.425337 -0.0558 -0.122044 100
0.425049 -0.0495 -0.121961 100
0.42476 -0.0432 -0.121878 100
0.425241 -0.0371 -0.122016 100
0.42476 -0.0308 -0.121878 100
0.424184 -0.0246 -0.121713 100
0.425433 -0.0185 -0.122071 100
0.426587 -0.0123 -0.122402 100
0.425711 0.0019 -0.122553 100
0.425615 0.008 -0.122526 0
0.42648 0.0143 -0.122775 0
0.426191 0.0204 -0.122692 100
0.425903 0.0266 -0.122609 100
0.425519 0.0328 -0.122498 100
0.425999 0.0391 -0.122636 100
0.427345 0.0455 -0.123024 100
0.430516 0.0521 -0.123936 0
0.431669 0.0586 -0.124268 100
0.432726 0.0652 -0.124573 100
0.431861 0.0715 -0.124324 100
0.430804 0.0777 -0.124019 100
0.429459 0.0904 -0.123632 100
0.431092 0.0973 -0.124102 100
0.431573 0.104 -0.124241 100
0.432053 0.1107 -0.124379 100
0.431381 0.1172 -0.124185 100
0.430708 0.1237 -0.123992 100
0.4309 0.1305 -0.124047 100
0.4309 0.1374 -0.124047 100
0.429939 0.1439 -0.12377 100
0.428017 0.1502 -0.123217 100
0.426864 0.1567 -0.122885 100
0.426095 -0.1066 -0.122664 100
0.42648 -0.1001 -0.122775 100
0.428786 -0.0941 -0.123438 100
0.429939 -0.0879 -0.12377 100
0.431092 -0.0817 -0.124102 100
0.430324 -0.0751 -0.123881 100
0.427441 -0.0682 -0.123051 100
0.426383 -0.0617 -0.122747 100
0.427152 -0.0555 -0.122968 100
0.42696 -0.0492 -0.122913 0
0.425615 -0.0428 -0.122526 100
0.426191 -0.0366 -0.122692 100
0.426672 -0.0304 -0.12283 100
0.42696 -0.0242 -0.122913 100
0.426287 -0.018 -0.122719 100
0.42648 -0.0118 -0.122775 100
0.426629 0.0007 -0.122979 0
0.425572 0.0069 -0.122674 100
0.425476 0.0131 -0.122646 0
0.425284 0.0193 -0.122591 0
0.425956 0.0255 -0.122785 100
0.425572 0.0317 -0.122674 100
0.426052 0.0379 -0.122813 0
0.425476 0.0441 -0.122646 100
0.425764 0.0504 -0.12273 100
0.428935 0.0571 -0.123644 0
0.430953 0.0638 -0.124225 100
0.431914 0.0703 -0.124502 100
0.431914 0.0768 -0.124502 100
0.430857 0.0831 -0.124197 100
0.431529 0.0897 -0.124391 100
0.432202 0.0964 -0.124585 100
0.431337 0.1094 -0.124336 100
0.430761 0.1159 -0.12417 100
0.430088 0.1224 -0.123976 100
0.430184 0.1292 -0.124004 100
0.43028 0.136 -0.124031 100
0.429319 0.1426 -0.123754 100
0.428262 0.1491 -0.12345 100
0.42807 0.156 -0.123394 100
0.426245 -0.1054 -0.122868 100
0.426725 -0.099 -0.123006 100
0.427109 -0.0926 -0.123117 100
0.428262 -0.0863 -0.12345 100
0.429415 -0.0801 -0.123782 100
0.430472 -0.0739 -0.124087 100
0.430376 -0.0675 -0.124059 100
0.428455 -0.0608 -0.123505 100
0.42538 -0.0541 -0.122619 100
0.424131 -0.0477 -0.122259 100
0.424803 -0.0415 -0.122453 100
0.425284 -0.0353 -0.122591 100
0.424707 -0.0291 -0.122425 100
0.425092 -0.0229 -0.122536 100
0.42538 -0.0167 -0.122619 100
0.425572 -0.0105 -0.122674 100
0.429213 0.0037 -0.121212 100
0.429117 0.01 -0.121185 100
0.426999 0.0161 -0.120587 100
0.426711 0.0224 -0.120506 0
0.426422 0.0286 -0.120424 100
0.425941 0.0348 -0.120288 100
0.428347 0.0412 -0.120968 100
0.431619 0.0479 -0.121892 0
0.432966 0.0608 -0.122272 100
0.433062 0.0673 -0.122299 100
0.4321 0.0735 -0.122028 100
0.432004 0.08 -0.122 100
0.431811 0.0865 -0.121946 100
0.431619 0.0929 -0.121892 100
0.432196 0.0996 -0.122055 100
0.432677 0.1064 -0.122191 100
0.433062 0.1131 -0.122299 100
0.432389 0.1197 -0.122109 100
0.431715 0.1262 -0.121919 100
0.430849 0.1328 -0.121674 100
0.430849 0.1396 -0.121674 100
0.428924 0.1459 -0.121131 100
0.427865 0.1524 -0.120832 100
0.430271 -0.1038 -0.121511 100
0.430656 -0.0973 -0.12162 0
0.431041 -0.0909 -0.121729 100
0.430271 -0.0842 -0.121511 100
0.430464 -0.0778 -0.121566 100
0.428635 -0.071 -0.121049 100
0.425748 -0.0642 -0.120234 100
0.424593 -0.0578 -0.119908 100
0.425363 -0.0516 -0.120125 0
0.426037 -0.0454 -0.120315 100
0.426614 -0.0392 -0.120478 100
0.427096 -0.033 -0.120614 100
0.427481 -0.0268 -0.120723 100
0.426807 -0.0205 -0.120533 100
0.427096 -0.0143 -0.120614 100
0.427192 -0.0081 -0.120642 100
0.42754 0.0053 -0.119774 100
0.427444 0.0115 -0.119747 100
0.427155 0.0177 -0.119666 100
0.426962 0.0238 -0.119612 100
0.426577 0.03 -0.119504 100
0.427058 0.0363 -0.119639 0
0.428503 0.0427 -0.120043 100
0.430717 0.0492 -0.120664 100
0.432836 0.0558 -0.121257 100
0.433991 0.0624 -0.121581 100
0.433125 0.0686 -0.121338 100
0.432162 0.0749 -0.121068 0
0.432066 0.0813 -0.121041 100
0.432836 0.088 -0.121257 100
0.43351 0.0947 -0.121446 100
0.433606 0.1079 -0.121473 100
0.433028 0.1144 -0.121311 100
0.432354 0.1209 -0.121122 100
0.431584 0.1275 -0.120907 100
0.430814 0.134 -0.120691 100
0.429851 0.1405 -0.120421 100
0.428888 0.147 -0.120151 100
0.427732 0.1536 -0.119827 100
0.427251 -0.1095 -0.119693 100
0.428695 -0.1033 -0.120097 100
0.429081 -0.0969 -0.120205 0
0.429369 -0.0904 -0.120286 100
0.430525 -0.0842 -0.12061 100
0.43168 -0.078 -0.120934 100
0.432643 -0.0717 -0.121203 100
0.432643 -0.0653 -0.121203 100
0.432547 -0.0589 -0.121176 0
0.431295 -0.0524 -0.120826 100
0.428214 -0.0457 -0.119962 100
0.426866 -0.0393 -0.119585 100
0.426384 -0.033 -0.11945 100
0.426769 -0.0269 -0.119558 100
0.426095 -0.0206 -0.119369 100
0.427347 -0.0145 -0.11972 100
0.428406 -0.0083 -0.120016 100
0.428263 0.0057 -0.113312 100
0.42807 0.0119 -0.113261 100
0.427877 0.0181 -0.11321 100
0.427587 0.0243 -0.113133 100
0.428263 0.0305 -0.113312 0
0.428747 0.0368 -0.11344 0
0.4301 0.0431 -0.113798 0
0.43242 0.0497 -0.114412 100
0.434547 0.0563 -0.114975 100
0.43474 0.0627 -0.115026 100
0.43474 0.0691 -0.115026 100
0.43474 0.0755 -0.115026 100
0.433677 0.0818 -0.114744 100
0.433484 0.0882 -0.114693 100
0.433194 0.0947 -0.114616 100
0.43474 0.1016 -0.115026 100
0.435127 0.1083 -0.115128 100
0.434644 0.1149 -0.115 100
0.434837 0.1216 -0.115051 100
0.43416 0.1282 -0.114872 100
0.43329 0.1347 -0.114642 100
0.43039 0.1475 -0.113875 100
0.430197 0.1543 -0.113824 100
0.428843 -0.1097 -0.113465 100
0.429327 -0.1033 -0.113593 100
0.43068 -0.0971 -0.113951 100
0.432034 -0.0909 -0.11431 100
0.432227 -0.0844 -0.114361 100
0.432324 -0.078 -0.114386 100
0.433387 -0.0718 -0.114668 100
0.431453 -0.0651 -0.114156 100
0.42749 -0.0582 -0.113107 100
0.427297 -0.0519 -0.113056 0
0.427006 -0.0456 -0.112979 100
0.42749 -0.0394 -0.113107 100
0.42807 -0.0333 -0.113261 100
0.428457 -0.0271 -0.113363 100
0.428747 -0.0209 -0.11344 100
0.429037 -0.0147 -0.113517 100
0.429133 -0.0085 -0.113542 100
0.429236 0.0037 -0.10957 100
0.429139 0.0099 -0.109546 100
0.429914 0.0161 -0.109744 0
0.429623 0.0223 -0.109669 100
0.429333 0.0285 -0.109595 0
0.429817 0.0347 -0.109719 100
0.429333 0.0409 -0.109595 0
0.430689 0.0473 -0.109941 100
0.431949 0.0537 -0.110263 100
0.432143 0.06 -0.110312 100
0.433208 0.0665 -0.110584 100
0.434177 0.0731 -0.110832 100
0.435049 0.0797 -0.111054 100
0.434662 0.0926 -0.110955 100
0.435243 0.0992 -0.111104 100
0.434759 0.1057 -0.11098 100
0.434274 0.1122 -0.110857 100
0.433596 0.1187 -0.110683 100
0.432918 0.1252 -0.11051 100
0.433015 0.132 -0.110535 100
0.433111 0.1388 -0.11056 100
0.431174 0.145 -0.110065 100
0.430108 0.1515 -0.109793 100
0.429139 -0.1086 -0.109546 100
0.430592 -0.1024 -0.109917 100
0.431852 -0.0962 -0.110238 100
0.432239 -0.0898 -0.110337 100
0.431464 -0.0832 -0.110139 100
0.431561 -0.0768 -0.110164 100
0.430689 -0.0703 -0.109941 100
0.428654 -0.0636 -0.109422 100
0.427589 -0.0572 -0.10915 100
0.427395 -0.0509 -0.1091 0
0.427976 -0.0448 -0.109249 100
0.428557 -0.0386 -0.109397 100
0.428073 -0.0324 -0.109274 100
0.428461 -0.0262 -0.109373 100
0.428751 -0.0201 -0.109447 100
0.430011 -0.0139 -0.109768 100
0.430108 -0.0077 -0.109793 100
0.430886 0.0017 -0.107113 0
0.430789 0.0079 -0.107088 100
0.431663 0.0142 -0.107306 100
0.43108 0.0266 -0.107161 100
0.431663 0.0329 -0.107306 100
0.431177 0.0392 -0.107185 100
0.429625 0.0453 -0.106799 100
0.430886 0.0517 -0.107113 100
0.433021 0.0583 -0.107643 0
0.435059 0.065 -0.10815 0
0.43603 0.0716 -0.108391 100
0.43603 0.078 -0.108391 100
0.435836 0.0845 -0.108343 100
0.435641 0.091 -0.108295 100
0.436224 0.0977 -0.108439 100
0.436709 0.1044 -0.10856 100
0.437194 0.1112 -0.108681 100
0.435641 0.1175 -0.108295 100
0.434865 0.124 -0.108102 100
0.434089 0.1306 -0.107909 100
0.433215 0.1371 -0.107692 100
0.432245 0.1437 -0.10745 100
0.433021 0.1509 -0.107643 100
0.430692 -0.1091 -0.107064 100
0.432148 -0.1028 -0.107426 100
0.432536 -0.0964 -0.107523 100
0.431857 -0.0897 -0.107354 100
0.433118 -0.0835 -0.107667 100
0.434186 -0.0772 -0.107933 100
0.433215 -0.0706 -0.107692 100
0.432245 -0.0641 -0.10745 0
0.433118 -0.0578 -0.107667 100
0.430983 -0.0512 -0.107137 100
0.429625 -0.0448 -0.106799 100
0.430207 -0.0386 -0.106944 0
0.430692 -0.0324 -0.107064 0
0.43011 -0.0261 -0.10692 100
0.430498 -0.0199 -0.107016 100
0.431663 -0.0137 -0.107306 100
0.43176 -0.0075 -0.10733 100
0.431257 0.0042 -0.105608 0
0.432132 0.0104 -0.105822 100
0.431937 0.0166 -0.105774 0
0.431646 0.0228 -0.105703 100
0.431355 0.029 -0.105632 100
0.432812 0.0354 -0.105988 100
0.436114 0.042 -0.106797 100
0.436502 0.0483 -0.106892 100
0.435823 0.0546 -0.106726 100
0.436017 0.061 -0.106773 100
0.437085 0.0676 -0.107035 100
0.437085 0.074 -0.107035 100
0.436988 0.0804 -0.107011 100
0.436502 0.0934 -0.106892 100
0.437085 0.1001 -0.107035 100
0.4366 0.1066 -0.106916 0
0.436114 0.1131 -0.106797 100
0.435434 0.1196 -0.106631 100
0.435628 0.1264 -0.106678 100
0.434851 0.1329 -0.106488 100
0.434851 0.1398 -0.106488 100
0.432909 0.146 -0.106012 0
0.432714 0.1528 -0.105965 100
0.4332 -0.1041 -0.106084 0
0.432714 -0.0974 -0.105965 100
0.432034 -0.0908 -0.105798 100
0.433297 -0.0846 -0.106107 0
0.433394 -0.0782 -0.106131 100
0.433491 -0.0718 -0.106155 0
0.432423 -0.0653 -0.105893 100
0.430383 -0.0586 -0.105394 0
0.430189 -0.0523 -0.105346 100
0.430869 -0.0461 -0.105513 0
0.43048 -0.0399 -0.105418 100
0.430966 -0.0337 -0.105536 0
0.431452 -0.0275 -0.105655 100
0.430772 -0.0212 -0.105489 100
0.429995 -0.015 -0.105299 100
0.43116 -0.0088 -0.105584 100
0.434709 0.0023 -0.0997213 100
0.434611 0.0086 -0.0996989 100
0.433247 0.021 -0.0993859 0
0.432954 0.0272 -0.0993188 0
0.432467 0.0334 -0.099207 0
0.43198 0.0396 -0.0990952 0
0.433344 0.046 -0.0994083 0
0.436561 0.0527 -0.100146 0
0.438705 0.0593 -0.100638 0
0.438802 0.0657 -0.10066 0
0.439777 0.0723 -0.100884 0
0.439777 0.0788 -0.100884 0
0.439582 0.0853 -0.100839 100
0.439387 0.0918 -0.100795 100
0.438997 0.0983 -0.100705 100
0.437633 0.1046 -0.100392 100
0.437145 0.1111 -0.10028 100
0.437438 0.1178 -0.100347 100
0.437633 0.1246 -0.100392 100
0.436853 0.1312 -0.100213 100
0.436853 0.138 -0.100213 100
0.435878 0.1445 -0.0999896 100
0.435781 0.1514 -0.0999673 100
0.434319 -0.11 -0.0996319 100
0.433929 -0.1033 -0.0995424 100
0.435294 -0.0971 -0.0998555 100
0.436561 -0.0909 -0.100146 100
0.436756 -0.0844 -0.100191 100
0.435976 -0.0778 -0.100012 0
0.435976 -0.0714 -0.100012 100
0.435001 -0.0648 -0.0997884 100
0.43198 -0.0581 -0.0990952 0
0.43081 -0.0516 -0.0988269 100
0.432467 -0.0456 -0.099207 100
0.433052 -0.0394 -0.0993412 100
0.432564 -0.0331 -0.0992294 100
0.43198 -0.0268 -0.0990952 100
0.432272 -0.0206 -0.0991623 100
0.433539 -0.0145 -0.099453 100
0.433637 -0.0082 -0.0994754 100
0.433907 0.0051 -0.0987405 100
0.43381 0.0113 -0.0987184 0
0.433614 0.0175 -0.098674 100
0.434297 0.0238 -0.0988293 0
0.433907 0.03 -0.0987405 0
0.433419 0.0362 -0.0986296 100
0.433907 0.0425 -0.0987405 0
0.437125 0.0491 -0.0994728 0
0.439367 0.0558 -0.0999831 0
0.44044 0.0623 -0.100227 0
0.440538 0.0688 -0.100249 100
0.439562 0.0751 -0.100028 100
0.439465 0.0815 -0.100005 0
0.440245 0.0882 -0.100183 100
0.439952 0.0947 -0.100116 100
0.440538 0.1014 -0.100249 100
0.44005 0.1079 -0.100138 100
0.43849 0.1142 -0.0997834 100
0.43615 0.127 -0.0992509 100
0.436247 0.1338 -0.0992731 100
0.436247 0.1406 -0.0992731 100
0.434297 0.1468 -0.0988293 100
0.432249 0.153 -0.0983633 100
0.43381 -0.1044 -0.0987184 100
0.4342 -0.098 -0.0988071 100
0.435565 -0.0918 -0.0991178 0
0.436735 -0.0855 -0.099384 100
0.43693 -0.0791 -0.0994284 0
0.43888 -0.073 -0.0998722 100
0.437905 -0.0664 -0.0996503 100
0.433907 -0.0595 -0.0987405 0
0.431762 -0.0529 -0.0982524 100
0.432444 -0.0467 -0.0984077 100
0.432152 -0.0405 -0.0983411 0
0.432639 -0.0343 -0.0984521 0
0.432054 -0.028 -0.098319 0
0.433419 -0.0219 -0.0986296 100
0.433614 -0.0157 -0.098674 100
0.43381 -0.0095 -0.0987184 100
0.435436 0.0043 -0.0917609 0
0.435339 0.0106 -0.0917402 0
0.436121 0.0168 -0.0919052 100
0.435828 0.0231 -0.0918433 0
0.436415 0.0294 -0.0919671 0
0.437981 0.0357 -0.092297 0
0.440329 0.0423 -0.0927919 100
0.441699 0.0488 -0.0930806 100
0.442873 0.0553 -0.093328 100
0.44121 0.068 -0.0929775 0
0.440231 0.0743 -0.0927713 100
0.440133 0.0807 -0.0927506 0
0.439938 0.0872 -0.0927094 100
0.440623 0.0939 -0.0928537 100
0.440231 0.1004 -0.0927713 100
0.44072 0.1071 -0.0928744 100
0.441112 0.1139 -0.0929568 100
0.441405 0.1207 -0.0930187 100
0.441601 0.1276 -0.0930599 100
0.44072 0.1342 -0.0928744 100
0.43984 0.1407 -0.0926888 100
0.438763 0.1473 -0.092462 100
0.438568 0.1542 -0.0924207 100
0.438078 -0.1057 -0.0923176 100
0.438568 -0.0992 -0.0924207 100
0.438861 -0.0927 -0.0924826 100
0.439155 -0.0862 -0.0925444 0
0.439351 -0.0798 -0.0925857 0
0.439448 -0.0733 -0.0926063 100
0.439351 -0.0669 -0.0925857 100
0.438372 -0.0603 -0.0923795 100
0.436219 -0.0537 -0.0919258 0
0.434947 -0.0473 -0.0916578 0
0.435534 -0.041 -0.0917815 0
0.436024 -0.0348 -0.0918846 0
0.436513 -0.0286 -0.0919877 0
0.435828 -0.0223 -0.0918433 100
0.436121 -0.0161 -0.0919052 100
0.436317 -0.0098 -0.0919464 100
0.435817 0.0016 -0.0899361 100
0.436698 0.0079 -0.090118 100
0.43758 0.0141 -0.0902999 0
0.437286 0.0204 -0.0902393 0
0.438951 0.0268 -0.0905828 0
0.441497 0.0333 -0.0911083 100
0.441987 0.0396 -0.0912094 0
0.442379 0.0461 -0.0912902 0
0.441693 0.0524 -0.0911487 0
0.441889 0.0588 -0.0911892 0
0.442966 0.0654 -0.0914115 100
0.442966 0.0719 -0.0914115 0
0.441008 0.078 -0.0910073 0
0.440812 0.0845 -0.0909668 0
0.441595 0.0912 -0.0911285 0
0.441204 0.0977 -0.0910477 100
0.441791 0.1045 -0.0911689 100
0.442183 0.1113 -0.0912498 100
0.441595 0.1178 -0.0911285 100
0.440812 0.1244 -0.0909668 100
0.441008 0.1312 -0.0910073 100
0.441008 0.1381 -0.0910073 0
0.439049 0.1444 -0.0906031 100
0.438951 0.1513 -0.0905828 100
0.438265 -0.1064 -0.0904414 100
0.439735 -0.1001 -0.0907445 100
0.440126 -0.0936 -0.0908254 100
0.440322 -0.0871 -0.0908658 0
0.440518 -0.0806 -0.0909062 100
0.440616 -0.0742 -0.0909264 0
0.440616 -0.0677 -0.0909264 100
0.440518 -0.0613 -0.0909062 0
0.438461 -0.0546 -0.0904818 100
0.436209 -0.048 -0.090017 100
0.435915 -0.0417 -0.0899563 100
0.435425 -0.0354 -0.0898553 0
0.435817 -0.0292 -0.0899361 100
0.436209 -0.0229 -0.090017 100
0.436503 -0.0167 -0.0900776 0
0.436698 -0.0104 -0.090118 100
0.438403 0.0005 -0.0819658 0
0.438305 0.0067 -0.0819474 0
0.438207 0.0129 -0.081929 0
0.439976 0.0192 -0.0822598 0
0.441647 0.0256 -0.0825723 100
0.440271 0.0317 -0.082315 100
0.43978 0.038 -0.0822231 100
0.443122 0.0446 -0.0828479 100
0.4444 0.0511 -0.0830868 0
0.443712 0.0574 -0.0829582 0
0.44381 0.0639 -0.0829766 100
0.443908 0.0703 -0.082995 100
0.444793 0.0769 -0.0831604 0
0.444694 0.0834 -0.083142 100
0.4444 0.0899 -0.0830868 0
0.444105 0.0964 -0.0830317 100
0.445677 0.1034 -0.0833258 100
0.446071 0.1101 -0.0833993 100
0.444498 0.1165 -0.0831052 100
0.44381 0.123 -0.0829766 100
0.444006 0.1299 -0.0830133 0
0.443122 0.1364 -0.0828479 0
0.442139 0.143 -0.0826642 100
0.44204 0.1499 -0.0826458 100
0.440271 -0.1049 -0.082315 100
0.441647 -0.0987 -0.0825723 100
0.441942 -0.0922 -0.0826274 100
0.441254 -0.0855 -0.0824988 100
0.442434 -0.0793 -0.0827193 0
0.442434 -0.0728 -0.0827193 0
0.442434 -0.0664 -0.0827193 100
0.443318 -0.0601 -0.0828847 100
0.444105 -0.0538 -0.0830317 100
0.44381 -0.0474 -0.0829766 0
0.440566 -0.0407 -0.0823701 100
0.44204 -0.0346 -0.0826458 0
0.4444 -0.0284 -0.0830868 100
0.444793 -0.0221 -0.0831604 100
0.443023 -0.0157 -0.0828296 100
0.44322 -0.0094 -0.0828663 100
0.439034 0.0047 -0.0785201 100
0.438935 0.0109 -0.0785025 0
0.439723 0.0172 -0.0786433 0
0.439427 0.0234 -0.0785905 100
0.439034 0.0296 -0.0785201 0
0.43864 0.0359 -0.0784497 0
0.440018 0.0423 -0.0786961 100
0.442381 0.0488 -0.0791187 0
0.443562 0.0553 -0.0793299 0
0.443759 0.0618 -0.0793651 0
0.443857 0.0682 -0.0793827 0
0.443857 0.0746 -0.0793827 0
0.444645 0.0813 -0.0795236 0
0.444448 0.0878 -0.0794884 100
0.445137 0.0945 -0.0796116 0
0.445727 0.1012 -0.0797173 100
0.445235 0.1078 -0.0796292 100
0.443759 0.1141 -0.0793651 100
0.444054 0.1209 -0.079418 100
0.444251 0.1277 -0.0794532 0
0.444349 0.1346 -0.0794708 100
0.442381 0.1409 -0.0791187 100
0.442282 0.1477 -0.0791011 100
0.440313 -0.1031 -0.0787489 100
0.441692 -0.0968 -0.0789954 0
0.441002 -0.0902 -0.0788722 100
0.441199 -0.0837 -0.0789074 100
0.442381 -0.0775 -0.0791187 0
0.442381 -0.071 -0.0791187 0
0.443365 -0.0647 -0.0792947 100
0.444152 -0.0584 -0.0794356 100
0.442971 -0.0519 -0.0792243 0
0.441692 -0.0454 -0.0789954 0
0.442282 -0.0392 -0.0791011 100
0.440806 -0.0327 -0.078837 0
0.440215 -0.0264 -0.0787314 100
0.443463 -0.0203 -0.0793123 0
0.444743 -0.014 -0.0795412 0
0.440904 -0.0077 -0.0788546 100
0.443711 0.0045 -0.0749685 100
0.446374 0.0172 -0.0754183 0
0.44805 0.0236 -0.0757015 0
0.447655 0.03 -0.0756349 0
0.447162 0.0363 -0.0755516 0
0.447655 0.0427 -0.0756349 0
0.447064 0.0491 -0.0755349 0
0.447261 0.0555 -0.0755682 0
0.446472 0.0619 -0.075435 0
0.446571 0.0683 -0.0754516 0
0.447458 0.075 -0.0756016 0
0.446472 0.0813 -0.075435 100
0.446275 0.0878 -0.0754016 0
0.446867 0.0946 -0.0755016 100
0.447458 0.1013 -0.0756016 100
0.447951 0.1081 -0.0756849 100
0.44736 0.1147 -0.0755849 0
0.446669 0.1213 -0.0754683 100
0.445979 0.1279 -0.0753517 100
0.445092 0.1345 -0.0752017 100
0.445092 0.1414 -0.0752017 0
0.444007 0.148 -0.0750185 100
0.442824 0.1546 -0.0748186 100
0.443218 -0.1067 -0.0748852 0
0.443711 -0.1002 -0.0749685 100
0.444106 -0.0937 -0.0750351 0
0.443416 -0.087 -0.0749185 0
0.4445 -0.0807 -0.0751018 100
0.445585 -0.0744 -0.075285 100
0.445585 -0.068 -0.075285 0
0.445486 -0.0615 -0.0752684 0
0.445388 -0.055 -0.0752517 0
0.446078 -0.0487 -0.0753683 0
0.445683 -0.0423 -0.0753017 0
0.447261 -0.0361 -0.0755682 0
0.447655 -0.0297 -0.0756349 0
0.44805 -0.0234 -0.0757015 0
0.44736 -0.017 -0.0755849 0
0.447557 -0.0106 -0.0756182 0
0.445123 0.005 -0.0725726 100
0.44384 0.0176 -0.0723634 0
0.445517 0.024 -0.072637 100
0.447097 0.0304 -0.0728944 0
0.44759 0.0368 -0.0729749 0
0.44611 0.0431 -0.0727335 0
0.445419 0.0494 -0.0726209 0
0.445715 0.0558 -0.0726691 100
0.446801 0.0624 -0.0728461 0
0.446899 0.0689 -0.0728622 0
0.448774 0.0757 -0.073168 0
0.448676 0.0822 -0.0731519 0
0.448478 0.0887 -0.0731197 100
0.449169 0.0955 -0.0732323 100
0.448774 0.1021 -0.073168 0
0.448281 0.1086 -0.0730875 100
0.447689 0.1152 -0.072991 100
0.446998 0.1218 -0.0728783 0
0.446208 0.1284 -0.0727496 100
0.44532 0.135 -0.0726048 100
0.44532 0.1419 -0.0726048 100
0.439596 0.1469 -0.0716715 0
0.428147 0.1499 -0.0698049 100
0.443544 -0.1073 -0.0723151 0
0.443938 -0.1008 -0.0723795 0
0.44532 -0.0945 -0.0726048 0
0.445616 -0.088 -0.072653 100
0.444827 -0.0813 -0.0725243 100
0.445912 -0.075 -0.0727013 100
0.445912 -0.0686 -0.0727013 0
0.445912 -0.0621 -0.0727013 0
0.445715 -0.0557 -0.0726691 0
0.445419 -0.0492 -0.0726209 0
0.44611 -0.0429 -0.0727335 100
0.44759 -0.0367 -0.0729749 0
0.448084 -0.0303 -0.0730553 0
0.448478 -0.024 -0.0731197 0
0.448774 -0.0176 -0.073168 0
0.448972 -0.0113 -0.0732002 0
0.447082 0.0027 -0.0664977 0
0.447972 0.009 -0.0666302 0
0.447774 0.0154 -0.0666007 0
0.448565 0.0217 -0.0667184 0
0.449159 0.0281 -0.0668067 0
0.448763 0.0345 -0.0667479 0
0.450247 0.041 -0.0669685 0
0.450544 0.0475 -0.0670127 0
0.449851 0.0538 -0.0669097 100
0.44906 0.0602 -0.066792 0
0.449159 0.0667 -0.0668067 0
0.448269 0.073 -0.0666743 0
0.449159 0.0797 -0.0668067 0
0.44995 0.0864 -0.0669244 100
0.448664 0.0927 -0.0667331 100
0.449258 0.0995 -0.0668214 100
0.449752 0.1063 -0.066895 100
0.451137 0.1134 -0.0671009 0
0.450544 0.12 -0.0670127 100
0.449752 0.1266 -0.066895 100
0.447972 0.1329 -0.0666302 0
0.446983 0.1396 -0.066483 100
0.446884 0.1465 -0.0664683 100
0.445994 -0.1093 -0.0663359 100
0.444609 -0.1023 -0.06613 0
0.445005 -0.0958 -0.0661888 0
0.44629 -0.0895 -0.0663801 0
0.447477 -0.0832 -0.0665566 0
0.447576 -0.0767 -0.0665713 0
0.447675 -0.0702 -0.066586 100
0.448565 -0.0639 -0.0667184 0
0.449456 -0.0575 -0.0668508 0
0.449159 -0.0511 -0.0668067 0
0.448862 -0.0446 -0.0667626 0
0.447477 -0.0381 -0.0665566 100
0.445994 -0.0316 -0.0663359 0
0.447378 -0.0254 -0.0665419 0
0.449653 -0.0191 -0.0668803 100
0.449851 -0.0128 -0.0669097 100
0.45045 0.0033 -0.0641887 0
0.449361 0.0097 -0.0640335 0
0.448173 0.016 -0.0638642 0
0.449856 0.0224 -0.064104 0
0.450549 0.0288 -0.0642028 0
0.450054 0.0352 -0.0641323 0
0.449559 0.0415 -0.0640617 100
0.448965 0.0479 -0.0639771 0
0.449262 0.0543 -0.0640194 0
0.450351 0.0609 -0.0641746 0
0.45045 0.0674 -0.0641887 0
0.45045 0.074 -0.0641887 0
0.451341 0.0807 -0.0643156 0
0.451143 0.0872 -0.0642874 100
0.450846 0.0938 -0.0642451 100
0.450549 0.1004 -0.0642028 100
0.450054 0.1069 -0.0641323 100
0.44946 0.1135 -0.0640476 100
0.449757 0.1204 -0.0640899 0
0.450945 0.1275 -0.0642592 0
0.451044 0.1345 -0.0642733 100
0.450054 0.1411 -0.0641323 0
0.448965 0.1478 -0.0639771 0
0.449757 0.1551 -0.0640899 100
0.447678 -0.1084 -0.0637937 100
0.447183 -0.1016 -0.0637231 100
0.447579 -0.0951 -0.0637796 0
0.446886 -0.0884 -0.0636808 100
0.448074 -0.082 -0.0638501 0
0.449163 -0.0757 -0.0640053 100
0.449262 -0.0692 -0.0640194 100
0.449163 -0.0627 -0.0640053 0
0.449955 -0.0564 -0.0641181 0
0.449757 -0.0499 -0.0640899 0
0.449361 -0.0434 -0.0640335 0
0.448965 -0.037 -0.0639771 0
0.45045 -0.0307 -0.0641887 0
0.451737 -0.0244 -0.0643721 0
0.452034 -0.018 -0.0644144 0
0.452331 -0.0117 -0.0644567 0
0.45214 0.0014 -0.0592043 0
0.452041 0.0078 -0.0591913 100
0.452934 0.0142 -0.0593082 100
0.451645 0.0206 -0.0591394 0
0.450356 0.0269 -0.0589706 0
0.449959 0.0332 -0.0589187 0
0.450455 0.0396 -0.0589836 0
0.450851 0.0461 -0.0590355 0
0.450157 0.0524 -0.0589446 100
0.450356 0.0589 -0.0589706 0
0.450455 0.0654 -0.0589836 0
0.450455 0.0719 -0.0589836 0
0.450455 0.0784 -0.0589836 0
0.451248 0.0851 -0.0590875 0
0.45105 0.0917 -0.0590615 100
0.450653 0.0982 -0.0590095 0
0.451149 0.105 -0.0590745 100
0.450653 0.1116 -0.0590095 0
0.45095 0.1185 -0.0590485 100
0.450256 0.1251 -0.0589576 100
0.449463 0.1317 -0.0588537 100
0.449463 0.1386 -0.0588537 100
0.448472 0.1452 -0.0587239 0
0.449166 0.1525 -0.0588148 100
0.418329 -0.1099 -0.054777 17
0.447282 -0.1041 -0.0585681 0
0.447778 -0.0976 -0.058633 0
0.449067 -0.0913 -0.0588018 0
0.448372 -0.0846 -0.0587109 100
0.448472 -0.0781 -0.0587239 0
0.449562 -0.0717 -0.0588667 0
0.449463 -0.0652 -0.0588537 0
0.450356 -0.0589 -0.0589706 0
0.451149 -0.0525 -0.0590745 0
0.450851 -0.0461 -0.0590355 100
0.449463 -0.0395 -0.0588537 0
0.449959 -0.0332 -0.0589187 0
0.450356 -0.0269 -0.0589706 0
0.451645 -0.0205 -0.0591394 0
0.451942 -0.0142 -0.0591783 0
0.452041 -0.0078 -0.0591913 0
0.452582 0.001 -0.0557304 0
0.453376 0.0137 -0.0558282 0
0.453177 0.0201 -0.0558037 0
0.453773 0.0265 -0.0558771 0
0.453376 0.0329 -0.0558282 100
0.453872 0.0393 -0.0558893 0
0.453276 0.0457 -0.055816 0
0.451589 0.052 -0.0556082 0
0.451887 0.0584 -0.0556449 0
0.452979 0.0651 -0.0557793 0
0.450994 0.0713 -0.0555349 0
0.450994 0.0778 -0.0555349 0
0.450795 0.0843 -0.0555104 0
0.451589 0.091 -0.0556082 0
0.452185 0.0978 -0.0556815 0
0.45278 0.1046 -0.0557548 0
0.453177 0.1114 -0.0558037 100
0.452582 0.118 -0.0557304 0
0.451788 0.1246 -0.0556326 0
0.451986 0.1315 -0.0556571 0
0.451986 0.1385 -0.0556571 100
0.450001 0.1448 -0.0554126 0
0.448909 0.1514 -0.0552782 100
0.448413 -0.1099 -0.0552171 100
0.448016 -0.1032 -0.0551682 0
0.448413 -0.0966 -0.0552171 100
0.448711 -0.0901 -0.0552538 100
0.449902 -0.0838 -0.0554004 0
0.4501 -0.0773 -0.0554249 0
0.4501 -0.0708 -0.0554249 0
0.450994 -0.0645 -0.0555349 0
0.450894 -0.058 -0.0555226 0
0.451688 -0.0517 -0.0556204 0
0.452383 -0.0453 -0.055706 0
0.451887 -0.0389 -0.0556449 0
0.451391 -0.0324 -0.0555837 0
0.452879 -0.0261 -0.0557671 0
0.453177 -0.0198 -0.0558037 0
0.453376 -0.0134 -0.0558282 0
0.453475 -0.007 -0.0558404 0
0.456246 0.0048 -0.0502088 0
0.455152 0.0112 -0.0500885 0
0.453959 0.0175 -0.0499572 0
0.452667 0.0239 -0.049815 0
0.45227 0.0302 -0.0497712 0
0.452767 0.0367 -0.0498259 0
0.453264 0.0431 -0.0498806 0
0.453562 0.0496 -0.0499134 0
0.45386 0.0561 -0.0499463 100
0.453959 0.0626 -0.0499572 0
0.454059 0.0691 -0.0499681 0
0.454059 0.0757 -0.0499681 0
0.454854 0.0824 -0.0500557 0
0.454655 0.089 -0.0500338 0
0.454357 0.0955 -0.050001 0
0.453959 0.1021 -0.0499572 0
0.453462 0.1087 -0.0499025 100
0.452866 0.1153 -0.0498369 100
0.45217 0.122 -0.0497603 0
0.452369 0.1288 -0.0497822 100
0.452468 0.1358 -0.0497931 0
0.45048 0.1421 -0.0495743 0
0.451375 0.1494 -0.0496728 100
0.449188 -0.1096 -0.0494321 16
0.449685 -0.103 -0.0494868 0
0.451077 -0.0967 -0.04964 100
0.452369 -0.0903 -0.0497822 100
0.451673 -0.0836 -0.0497056 0
0.450779 -0.0769 -0.0496072 0
0.450878 -0.0704 -0.0496181 0
0.451773 -0.0641 -0.0497166 0
0.452667 -0.0577 -0.049815 0
0.453363 -0.0513 -0.0498916 0
0.455053 -0.0451 -0.0500775 0
0.454655 -0.0386 -0.0500338 100
0.454158 -0.0321 -0.0499791 0
0.452568 -0.0256 -0.0498041 0
0.452866 -0.0193 -0.0498369 100
0.454059 -0.0129 -0.0499681 0
0.454258 -0.0065 -0.04999 0
0.456738 0 -0.045508 0
0.456738 0.0064 -0.045508 0
0.455544 0.0128 -0.0453891 0
0.455047 0.0256 -0.0453395 0
0.455644 0.0321 -0.045399 0
0.456141 0.0386 -0.0454486 0
0.455544 0.045 -0.0453891 0
0.454848 0.0514 -0.0453197 0
0.455047 0.0579 -0.0453395 0
0.454251 0.0643 -0.0452602 0
0.456241 0.0711 -0.0454585 0
0.456241 0.0777 -0.0454585 0
0.455047 0.0841 -0.0453395 0
0.455843 0.0909 -0.0454188 0
0.45644 0.0977 -0.0454783 100
0.456937 0.1046 -0.0455279 0
0.457435 0.1115 -0.0455775 0
0.456738 0.1181 -0.045508 0
0.456042 0.1248 -0.0454387 100
0.455246 0.1315 -0.0453593 0
0.454251 0.1382 -0.0452602 0
0.453256 0.1449 -0.045161 0
0.454947 0.1525 -0.0453296 0
0.451664 -0.1099 -0.0450024 100
0.452161 -0.1033 -0.045052 0
0.452559 -0.0967 -0.0450916 0
0.452957 -0.0902 -0.0451313 0
0.453156 -0.0836 -0.0451511 0
0.453256 -0.077 -0.045161 0
0.45435 -0.0707 -0.0452701 0
0.454251 -0.0641 -0.0452602 100
0.455146 -0.0577 -0.0453494 0
0.455843 -0.0513 -0.0454188 0
0.455544 -0.0448 -0.0453891 0
0.455146 -0.0383 -0.0453494 0
0.454649 -0.0318 -0.0452998 0
0.454052 -0.0254 -0.0452404 0
0.455345 -0.019 -0.0453692 0
0.456539 -0.0127 -0.0454882 0
0.457197 0.0056 -0.0406429 0
0.456998 0.012 -0.0406252 0
0.455803 0.0184 -0.0405189 0
0.454508 0.0248 -0.0404038 0
0.454109 0.0311 -0.0403684 0
0.454707 0.0376 -0.0404215 0
0.454109 0.044 -0.0403684 0
0.455404 0.0506 -0.0404835 100
0.454707 0.057 -0.0404215 100
0.455803 0.0636 -0.0405189 0
0.455902 0.0702 -0.0405278 0
0.455803 0.0767 -0.0405189 0
0.456699 0.0835 -0.0405986 0
0.4564 0.0901 -0.0405721 0
0.458094 0.0971 -0.0407226 0
0.458592 0.104 -0.0407669 0
0.457097 0.1104 -0.040634 100
0.4565 0.1171 -0.0405809 0
0.454807 0.1235 -0.0404304 0
0.45401 0.1301 -0.0403595 100
0.45401 0.1371 -0.0403595 0
0.452117 0.1434 -0.0401913 100
0.452914 0.1507 -0.0402621 100
0.453412 -0.1044 -0.0403064 100
0.452814 -0.0976 -0.0402533 0
0.453213 -0.091 -0.0402887 0
0.453412 -0.0845 -0.0403064 100
0.453611 -0.0779 -0.0403241 0
0.453611 -0.0714 -0.0403241 0
0.453611 -0.0649 -0.0403241 0
0.454508 -0.0585 -0.0404038 0
0.455205 -0.0521 -0.0404658 0
0.454906 -0.0456 -0.0404392 0
0.454508 -0.0391 -0.0404038 0
0.455006 -0.0327 -0.0404481 0
0.4564 -0.0264 -0.0405721 0
0.456799 -0.02 -0.0406075 0
0.456998 -0.0136 -0.0406252 100
0.458094 -0.0072 -0.0407226 0
0.457653 0.0026 -0.0351342 0
0.457554 0.009 -0.0351265 0
0.457354 0.0154 -0.0351112 0
0.457155 0.0218 -0.0350959 0
0.45875 0.0283 -0.0352184 0
0.459348 0.0348 -0.0352643 0
0.45885 0.0412 -0.035226 0
0.458152 0.0476 -0.0351724 0
0.457454 0.054 -0.0351188 0
0.456656 0.0604 -0.0350576 0
0.456756 0.0669 -0.0350653 0
0.457753 0.0736 -0.0351418 0
0.457554 0.0867 -0.0351265 0
0.458252 0.0935 -0.0351801 0
0.457853 0.1001 -0.0351495 100
0.459348 0.1072 -0.0352643 100
0.45875 0.1139 -0.0352184 0
0.458152 0.1205 -0.0351724 0
0.457354 0.1272 -0.0351112 0
0.456457 0.1338 -0.0350423 0
0.45556 0.1405 -0.0349734 0
0.449777 0.1456 -0.0345295 0
0.438211 0.1487 -0.0336415 100
0.454662 -0.1053 -0.0349045 0
0.456058 -0.0989 -0.0350117 0
0.456457 -0.0923 -0.0350423 0
0.456656 -0.0858 -0.0350576 100
0.456856 -0.0792 -0.0350729 0
0.457952 -0.0728 -0.0351571 0
0.457853 -0.0662 -0.0351495 0
0.457753 -0.0597 -0.0351418 0
0.456557 -0.0531 -0.03505 0
0.456257 -0.0466 -0.035027 0
0.454862 -0.04 -0.0349198 0
0.45546 -0.0337 -0.0349658 0
0.455859 -0.0273 -0.0349964 0
0.456158 -0.0209 -0.0350193 0
0.457454 -0.0146 -0.0351188 0
0.458551 -0.0082 -0.035203 0
0.457882 0.0024 -0.0320182 0
0.457782 0.0088 -0.0320112 0
0.457583 0.0152 -0.0319973 0
0.457383 0.0216 -0.0319833 0
0.457982 0.0281 -0.0320252 0
0.457583 0.0345 -0.0319973 0
0.457084 0.0409 -0.0319624 0
0.457483 0.0474 -0.0319903 0
0.45868 0.054 -0.032074 0
0.459877 0.0607 -0.0321577 0
0.459977 0.0672 -0.0321647 0
0.458979 0.0737 -0.032095 0
0.457982 0.0801 -0.0320252 0
0.45878 0.0869 -0.032081 0
0.45848 0.0935 -0.0320601 100
0.459079 0.1003 -0.0321019 0
0.45858 0.1069 -0.032067 0
0.458081 0.1136 -0.0320322 100
0.458381 0.1205 -0.0320531 0
0.457583 0.1272 -0.0319973 0
0.457682 0.1341 -0.0320043 0
0.455787 0.1405 -0.0318717 0
0.455687 0.1475 -0.0318648 100
0.455588 -0.1022 -0.0318578 0
0.454989 -0.0954 -0.0318159 0
0.456286 -0.089 -0.0319066 100
0.456485 -0.0825 -0.0319206 0
0.456585 -0.0759 -0.0319275 0
0.456685 -0.0694 -0.0319345 0
0.457583 -0.063 -0.0319973 0
0.458381 -0.0566 -0.0320531 0
0.458181 -0.05 -0.0320391 0
0.456785 -0.0434 -0.0319415 0
0.455388 -0.0369 -0.0318438 0
0.455887 -0.0305 -0.0318787 0
0.457283 -0.0242 -0.0319764 0
0.45858 -0.0178 -0.032067 0
0.45878 -0.0114 -0.032081 0
0.460193 0.0051 -0.0272599 0
0.459095 0.0116 -0.0271949 0
0.459794 0.018 -0.0272363 0
0.460593 0.0245 -0.0272836 0
0.461192 0.031 -0.0273191 0
0.460692 0.0374 -0.0272895 0
0.460094 0.0439 -0.027254 0
0.459495 0.0503 -0.0272185 0
0.458696 0.0567 -0.0271712 0
0.458896 0.0633 -0.027183 0
0.457897 0.0697 -0.0271239 0
0.457897 0.0762 -0.0271239 0
0.459694 0.0832 -0.0272304 0
0.460493 0.09 -0.0272777 0
0.460193 0.0966 -0.0272599 0
0.460692 0.1035 -0.0272895 0
0.461192 0.1104 -0.0273191 0
0.460593 0.1171 -0.0272836 0
0.459894 0.1237 -0.0272422 0
0.458097 0.1302 -0.0271357 0
0.457199 0.1368 -0.0270825 0
0.457099 0.1438 -0.0270766 0
0.462689 0.1527 -0.0274078 100
0.456101 -0.106 -0.0270175 49
0.4565 -0.0994 -0.0270411 0
0.456899 -0.0928 -0.0270648 100
0.457099 -0.0863 -0.0270766 0
0.457298 -0.0797 -0.0270884 0
0.458396 -0.0733 -0.0271535 0
0.458396 -0.0667 -0.0271535 100
0.458297 -0.0602 -0.0271476 0
0.459095 -0.0538 -0.0271949 0
0.459794 -0.0473 -0.0272363 0
0.460393 -0.0409 -0.0272717 0
0.459894 -0.0344 -0.0272422 0
0.459395 -0.0279 -0.0272126 0
0.459694 -0.0215 -0.0272304 0
0.458995 -0.015 -0.027189 0
0.459095 -0.0086 -0.0271949 0
0.45939 0.0019 -0.0236737 0
0.460289 0.0084 -0.02372 0
0.460189 0.0148 -0.0237148 0
0.45989 0.0213 -0.0236994 0
0.45959 0.0277 -0.0236839 0
0.459091 0.0341 -0.0236582 0
0.45959 0.0406 -0.0236839 0
0.458991 0.047 -0.0236531 0
0.459291 0.0536 -0.0236685 0
0.45949 0.0601 -0.0236788 0
0.45959 0.0667 -0.0236839 0
0.45959 0.0733 -0.0236839 0
0.45949 0.0799 -0.0236788 0
0.459291 0.0865 -0.0236685 0
0.459091 0.0931 -0.0236582 0
0.45969 0.0999 -0.0236891 0
0.460189 0.1068 -0.0237148 0
0.460589 0.1137 -0.0237354 0
0.460888 0.1207 -0.0237509 0
0.459191 0.1271 -0.0236634 0
0.458292 0.1338 -0.023617 0
0.459191 0.1411 -0.0236634 0
0.459091 0.1481 -0.0236582 0
0.461787 0.1561 -0.0237972 100
0.457293 -0.1061 -0.0235656 0
0.456694 -0.0993 -0.0235347 100
0.456095 -0.0925 -0.0235038 0
0.456394 -0.0859 -0.0235193 0
0.456594 -0.0794 -0.0235296 0
0.456594 -0.0728 -0.0235296 0
0.456594 -0.0663 -0.0235296 0
0.457493 -0.0599 -0.0235759 0
0.457293 -0.0534 -0.0235656 0
0.457992 -0.0469 -0.0236016 0
0.458591 -0.0405 -0.0236325 0
0.458092 -0.034 -0.0236068 0
0.45959 -0.0277 -0.0236839 0
0.45989 -0.0213 -0.0236994 100
0.459191 -0.0148 -0.0236634 0
0.458292 -0.0083 -0.023617 0
0.461553 0.006 -0.0203133 0
0.461353 0.0125 -0.0203045 0
0.461154 0.0189 -0.0202957 0
0.460854 0.0254 -0.0202825 0
0.460454 0.0318 -0.0202649 0
0.459955 0.0382 -0.0202429 0
0.461353 0.0448 -0.0203045 0
0.462652 0.0515 -0.0203616 0
0.462952 0.0581 -0.0203748 0
0.462053 0.0645 -0.0203353 0
0.461154 0.071 -0.0202957 0
0.462053 0.0777 -0.0203353 0
0.461953 0.0844 -0.0203309 0
0.462652 0.0912 -0.0203616 0
0.462352 0.0978 -0.0203484 0
0.461853 0.1045 -0.0203265 0
0.461353 0.1112 -0.0203045 100
0.460754 0.1179 -0.0202781 0
0.460055 0.1245 -0.0202473 0
0.460155 0.1315 -0.0202517 0
0.461154 0.1388 -0.0202957 0
0.466748 0.1476 -0.0205419 0
0.459955 -0.1083 -0.0202429 19
0.458556 -0.1012 -0.0201814 0
0.459855 -0.0948 -0.0202385 0
0.459255 -0.088 -0.0202121 0
0.460354 -0.0816 -0.0202605 0
0.460454 -0.075 -0.0202649 0
0.460554 -0.0684 -0.0202693 0
0.460454 -0.0618 -0.0202649 0
0.461253 -0.0554 -0.0203001 0
0.460954 -0.0489 -0.0202869 0
0.460654 -0.0423 -0.0202737 0
0.462153 -0.036 -0.0203397 0
0.462652 -0.0295 -0.0203616 0
0.461953 -0.023 -0.0203309 0
0.463252 -0.0166 -0.020388 0
0.463451 -0.0101 -0.0203968 0
0.461764 0.0012 -0.0147536 0
0.464663 0.0077 -0.0148462 0
0.463563 0.0142 -0.014811 0
0.462264 0.0206 -0.0147695 0
0.461964 0.027 -0.0147599 100
0.460565 0.0334 -0.0147152 0
0.459466 0.0463 -0.0146801 0
0.460765 0.0529 -0.0147216 0
0.462964 0.0597 -0.0147919 0
0.463064 0.0663 -0.0147951 0
0.461065 0.0726 -0.0147312 0
0.460965 0.0792 -0.014728 0
0.461864 0.086 -0.0147567 0
0.462564 0.0928 -0.0147791 0
0.462164 0.0995 -0.0147663 0
0.461764 0.1062 -0.0147536 0
0.462164 0.1131 -0.0147663 0
0.461464 0.1198 -0.014744 0
0.459765 0.1262 -0.0146897 100
0.458966 0.1329 -0.0146641 0
0.459865 0.1402 -0.0146929 0
0.463563 0.1484 -0.014811 100
0.440675 0.1479 -0.0140797 100
0.459066 -0.1045 -0.0146673 0
0.458466 -0.0976 -0.0146482 100
0.459765 -0.0912 -0.0146897 0
0.459066 -0.0844 -0.0146673 0
0.459266 -0.0778 -0.0146737 0
0.459266 -0.0713 -0.0146737 0
0.460265 -0.0648 -0.0147057 0
0.461065 -0.0584 -0.0147312 0
0.460865 -0.0519 -0.0147248 0
0.460565 -0.0453 -0.0147152 0
0.461165 -0.0389 -0.0147344 100
0.461664 -0.0324 -0.0147504 0
0.461065 -0.0259 -0.0147312 0
0.461365 -0.0195 -0.0147408 0
0.461564 -0.0131 -0.0147472 0
0.462764 -0.0066 -0.0147855 0
0.463855 0.0049 -0.0115794 0
0.464755 0.0114 -0.0116019 0
0.464555 0.0179 -0.0115969 0
0.463256 0.0243 -0.0115644 0
0.463855 0.0308 -0.0115794 0
0.463356 0.0373 -0.0115669 0
0.461756 0.0437 -0.011527 0
0.462156 0.0502 -0.011537 0
0.462356 0.0568 -0.011542 0
0.463556 0.0635 -0.0115719 0
0.463556 0.0702 -0.0115719 0
0.463556 0.0768 -0.0115719 0
0.463456 0.0834 -0.0115694 0
0.463156 0.0901 -0.0115619 0
0.463855 0.097 -0.0115794 100
0.463456 0.1036 -0.0115694 0
0.463855 0.1106 -0.0115794 0
0.462256 0.117 -0.0115395 0
0.461556 0.1238 -0.011522 0
0.460756 0.1305 -0.011502 0
0.460756 0.1375 -0.011502 100
0.466455 0.1463 -0.0116443 100
0.459957 -0.1053 -0.0114821 26
0.459457 -0.0985 -0.0114696 0
0.459757 -0.0918 -0.0114771 0
0.460057 -0.0852 -0.0114846 0
0.460157 -0.0786 -0.0114871 0
0.461256 -0.0722 -0.0115145 0
0.463156 -0.0659 -0.0115619 0
0.463056 -0.0593 -0.0115594 0
0.462856 -0.0527 -0.0115545 0
0.462556 -0.0461 -0.011547 0
0.463156 -0.0396 -0.0115619 0
0.463656 -0.0332 -0.0115744 0
0.464055 -0.0267 -0.0115844 0
0.463456 -0.0202 -0.0115694 0
0.462656 -0.0137 -0.0115495 0
0.462756 -0.0072 -0.011552 0
0.462966 0.0002 -0.00557567 0
0.462966 0.0067 -0.00557567 0
0.462566 0.0196 -0.00557085 0
0.462266 0.0261 -0.00556724 0
0.462866 0.0326 -0.00557446 0
0.462366 0.0391 -0.00556844 0
0.462766 0.0456 -0.00557326 0
0.463066 0.0522 -0.00557687 0
0.463266 0.0588 -0.00557928 0
0.463366 0.0654 -0.00558049 0
0.463366 0.072 -0.00558049 0
0.463366 0.0786 -0.00558049 0
0.463166 0.0853 -0.00557808 0
0.463866 0.0921 -0.00558651 0
0.463566 0.0988 -0.00558289 0
0.463066 0.1055 -0.00557687 0
0.462566 0.1122 -0.00557085 0
0.462866 0.1191 -0.00557446 0
0.462166 0.1258 -0.00556603 0
0.463266 0.1331 -0.00557928 0
0.464166 0.1404 -0.00559012 0
0.468866 0.149 -0.00564672 0
0.432569 0.1441 -0.00520958 100
0.461167 -0.1049 -0.00555399 0
0.459667 -0.0978 -0.00553593 0
0.460967 -0.0914 -0.00555158 0
0.460267 -0.0846 -0.00554315 0
0.460367 -0.078 -0.00554436 0
0.460467 -0.0714 -0.00554556 0
0.460467 -0.0648 -0.00554556 0
0.461267 -0.0584 -0.0055552 0
0.462066 -0.0519 -0.00556483 0
0.461767 -0.0454 -0.00556122 0
0.462366 -0.0389 -0.00556844 0
0.463866 -0.0325 -0.00558651 0
0.464266 -0.026 -0.00559132 0
0.464566 -0.0196 -0.00559494 0
0.463766 -0.013 -0.0055853 0
0.464998 0.0041 0.00121737 0
0.464898 0.0106 0.0012171 0
0.465698 0.0171 0.0012192 0
0.465398 0.0236 0.00121841 0
0.465998 0.0302 0.00121998 0
0.465598 0.0367 0.00121894 0
0.464998 0.0432 0.00121737 0
0.464398 0.0497 0.0012158 0
0.464598 0.0563 0.00121632 0
0.464798 0.0629 0.00121684 0
0.464798 0.0695 0.00121684 0
0.464798 0.0762 0.00121684 0
0.464698 0.0828 0.00121658 0
0.465398 0.0897 0.00121841 100
0.465098 0.0964 0.00121763 0
0.464698 0.1031 0.00121658 0
0.465198 0.11 0.00121789 100
0.464598 0.1168 0.00121632 0
0.465798 0.124 0.00121946 0
0.468798 0.1319 0.00122731 100
0.467898 0.1387 0.00122496 0
0.470698 0.1467 0.00123229 0
0.436299 0.1427 0.00114223 100
0.460098 -0.1051 0.00120454 21
0.461598 -0.0987 0.00120846 0
0.463898 -0.0924 0.00121449 0
0.463198 -0.0856 0.00121265 0
0.463298 -0.0789 0.00121292 0
0.463398 -0.0723 0.00121318 0
0.462398 -0.0655 0.00121056 0
0.463298 -0.0591 0.00121292 0
0.463998 -0.0526 0.00121475 0
0.465698 -0.0462 0.0012192 0
0.465298 -0.0396 0.00121815 0
0.464798 -0.033 0.00121684 0
0.463198 -0.0264 0.00121265 0
0.463598 -0.0199 0.0012137 0
0.464798 -0.0135 0.00121684 0
0.464898 -0.007 0.0012171 100
0.465978 0.0049 0.00455454 0
0.465878 0.0114 0.00455356 0
0.465678 0.0179 0.00455161 100
0.465378 0.0244 0.00454867 0
0.464978 0.0309 0.00454477 0
0.465478 0.0375 0.00454965 0
0.464878 0.0439 0.00454379 0
0.465278 0.0505 0.0045477 0
0.465478 0.0572 0.00454965 0
0.464678 0.0636 0.00454183 0
0.464678 0.0703 0.00454183 0
0.464678 0.0769 0.00454183 0
0.465478 0.0838 0.00454965 100
0.465278 0.0904 0.0045477 0
0.464978 0.0971 0.00454477 100
0.465478 0.1041 0.00454965 0
0.464978 0.1108 0.00454477 0
0.464378 0.1175 0.0045389 0
0.465578 0.1247 0.00455063 100
0.468578 0.1326 0.00457995 0
0.467678 0.1394 0.00457115 100
0.469478 0.1471 0.00458875 100
0.460878 -0.1065 0.00450469 18
0.461278 -0.0998 0.0045086 0
0.462678 -0.0934 0.00452229 0
0.462878 -0.0867 0.00452424 0
0.463078 -0.0801 0.0045262 0
0.463178 -0.0734 0.00452717 100
0.464178 -0.067 0.00453695 0
0.465078 -0.0605 0.00454574 0
0.464878 -0.0539 0.00454379 0
0.464578 -0.0473 0.00454086 0
0.464178 -0.0407 0.00453695 0
0.464678 -0.0342 0.00454183 0
0.464178 -0.0277 0.00453695 0
0.463478 -0.0211 0.0045301 0
0.463778 -0.0147 0.00453304 0
0.463878 -0.0082 0.00453401 0
0.467661 0.0064 0.0178023 0
0.468461 0.0129 0.0178327 0
0.467262 0.0195 0.017787 0
0.466962 0.026 0.0177756 0
0.466562 0.0325 0.0177604 0
0.466062 0.0391 0.0177414 0
0.465463 0.0456 0.0177186 0
0.465763 0.0522 0.01773 0
0.465963 0.0588 0.0177376 0
0.466062 0.0655 0.0177414 0
0.466162 0.0722 0.0177452 0
0.467062 0.079 0.0177794 0
0.466862 0.0857 0.0177718 100
0.466562 0.0924 0.0177604 0
0.466262 0.0992 0.017749 0
0.466762 0.1061 0.017768 0
0.466162 0.1129 0.0177452 0
0.467461 0.1202 0.0177946 0
0.470559 0.128 0.0179126 100
0.472558 0.1357 0.0179886 0
0.470659 0.1423 0.0179164 0
0.471459 0.1498 0.0179468 0
0.464464 -0.1073 0.0176805 16
0.462965 -0.1002 0.0176235 100
0.464264 -0.0937 0.0176729 0
0.463564 -0.0868 0.0176463 0
0.463764 -0.0801 0.0176539 0
0.463864 -0.0735 0.0176577 0
0.464863 -0.067 0.0176957 0
0.464763 -0.0603 0.0176919 0
0.465563 -0.0538 0.0177224 0
0.465263 -0.0472 0.017711 0
0.465863 -0.0407 0.0177338 0
0.465463 -0.0341 0.0177186 0
0.465863 -0.0276 0.0177338 100
0.467162 -0.0211 0.0177832 100
0.467461 -0.0146 0.0177946 0
0.467561 -0.008 0.0177984 100
0.466764 0 0.0148318 0
0.466764 0.0065 0.0148318 100
0.467564 0.0131 0.0148572 0
0.467364 0.0196 0.0148508 0
0.466065 0.0261 0.0148095 0
0.466664 0.0327 0.0148286 0
0.467164 0.0393 0.0148445 0
0.466565 0.0458 0.0148254 0
0.467864 0.0525 0.0148667 0
0.469063 0.0593 0.0149048 0
0.468164 0.0658 0.0148762 0
0.467164 0.0724 0.0148445 0
0.467164 0.0791 0.0148445 0
0.467964 0.0859 0.0148699 0
0.467664 0.0927 0.0148603 0
0.466365 0.0992 0.0148191 0
0.468763 0.1066 0.0148953 0
0.473061 0.1145 0.0150318 0
0.47536 0.1221 0.0151049 100
0.47456 0.129 0.0150795 0
0.472661 0.1428 0.0150191 100
0.471562 0.1497 0.0149842 100
0.472262 0.1572 0.0150064 100
0.425685 -0.1024 0.0135264 16
0.464066 -0.1048 0.014746 0
0.463566 -0.0979 0.0147301 0
0.464865 -0.0914 0.0147714 0
0.464166 -0.0846 0.0147492 0
0.464266 -0.0779 0.0147524 0
0.464366 -0.0713 0.0147555 0
0.465265 -0.0648 0.0147841 0
0.466165 -0.0583 0.0148127 0
0.464965 -0.0515 0.0147746 0
0.464566 -0.0449 0.0147619 0
0.464166 -0.0384 0.0147492 0
0.465665 -0.0319 0.0147968 0
0.467064 -0.0255 0.0148413 0
0.467364 -0.0189 0.0148508 0
0.466565 -0.0124 0.0148254 0
0.469628 0.0054 0.018698 0
0.468429 0.0119 0.0186503 0
0.468229 0.0185 0.0186423 0
0.468928 0.0251 0.0186702 0
0.468529 0.0316 0.0186543 0
0.469028 0.0383 0.0186741 0
0.468529 0.0448 0.0186543 0
0.46683 0.0512 0.0185866 0
0.468029 0.058 0.0186344 0
0.468229 0.0647 0.0186423 100
0.468229 0.0714 0.0186423 0
0.469128 0.0782 0.0186781 0
0.469028 0.085 0.0186741 0
0.468729 0.0917 0.0186622 0
0.468429 0.0984 0.0186503 0
0.467929 0.1052 0.0186304 0
0.469328 0.1124 0.0186861 0
0.473525 0.1204 0.0188532 100
0.473725 0.1276 0.0188611 0
0.473825 0.1347 0.0188651 100
0.474824 0.1422 0.0189049 0
0.474724 0.1494 0.0189009 100
0.474424 0.1566 0.018889 100
0.463433 -0.1069 0.0184514 0
0.463932 -0.1002 0.0184712 0
0.464332 -0.0935 0.0184872 0
0.464632 -0.0868 0.0184991 0
0.464732 -0.0802 0.0185031 0
0.465831 -0.0737 0.0185468 0
0.465831 -0.067 0.0185468 0
0.46673 -0.0605 0.0185826 0
0.46753 -0.054 0.0186145 0
0.468229 -0.0474 0.0186423 0
0.468829 -0.0409 0.0186662 0
0.468429 -0.0343 0.0186503 0
0.468829 -0.0277 0.0186662 0
0.468129 -0.0211 0.0186383 100
0.468429 -0.0146 0.0186503 0
0.468529 -0.008 0.0186543 0
0.468498 0.0057 0.0216841 0
0.4673 0.0122 0.0216286 0
0.468099 0.0188 0.0216656 0
0.468798 0.0254 0.021698 0
0.468399 0.0319 0.0216795 0
0.467899 0.0385 0.0216564 0
0.4673 0.045 0.0216286 0
0.467699 0.0516 0.0216471 0
0.467899 0.0583 0.0216564 0
0.468998 0.0651 0.0217072 0
0.468998 0.0718 0.0217072 0
0.468998 0.0785 0.0217072 0
0.468798 0.0852 0.021698 0
0.469597 0.0921 0.0217349 0
0.470197 0.0991 0.0217627 100
0.470696 0.1061 0.0217858 0
0.473094 0.1136 0.0218968 100
0.475291 0.1212 0.0219985 0
0.474492 0.1281 0.0219615 0
0.471695 0.1416 0.021832 100
0.471595 0.1487 0.0218274 100
0.472394 0.1562 0.0218644 0
0.463903 -0.109 0.0214714 0
0.464403 -0.1023 0.0214945 0
0.463803 -0.0954 0.0214668 0
0.464103 -0.0887 0.0214807 0
0.465302 -0.0822 0.0215361 0
0.466401 -0.0757 0.021587 0
0.466401 -0.0691 0.021587 100
0.4673 -0.0625 0.0216286 0
0.4672 -0.0559 0.021624 0
0.4669 -0.0493 0.0216101 0
0.467599 -0.0427 0.0216425 0
0.4671 -0.0361 0.0216194 0
0.467599 -0.0296 0.0216425 0
0.468898 -0.0231 0.0217026 0
0.469198 -0.0166 0.0217165 0
0.468399 -0.01 0.0216795 0
0.472172 0.0012 0.0279695 100
0.472073 0.0078 0.0279636 0
0.470974 0.0143 0.0278985 0
0.470675 0.0209 0.0278808 0
0.470375 0.0275 0.0278631 0
0.469976 0.0341 0.0278394 0
0.469377 0.0407 0.0278039 0
0.469777 0.0474 0.0278276 100
0.471074 0.0542 0.0279045 0
0.470276 0.0607 0.0278572 100
0.470375 0.0675 0.0278631 0
0.470375 0.0742 0.0278631 0
0.471274 0.0811 0.0279163 0
0.472073 0.0881 0.0279636 0
0.475666 0.0957 0.0281765 100
0.477164 0.1029 0.0282652 100
0.477663 0.1101 0.0282947 0
0.478062 0.1172 0.0283184 0
0.477263 0.1241 0.0282711 0
0.477463 0.1313 0.0282829 0
0.476565 0.1383 0.0282297 100
0.475467 0.1452 0.0281646 100
0.476265 0.1528 0.0282119 0
0.466682 -0.1089 0.0276443 0
0.467181 -0.1021 0.0276738 100
0.46758 -0.0954 0.0276975 0
0.46788 -0.0886 0.0277152 100
0.46808 -0.0819 0.0277271 0
0.468179 -0.0752 0.027733 0
0.469178 -0.0686 0.0277921 0
0.470076 -0.0621 0.0278453 0
0.469976 -0.0554 0.0278394 0
0.469677 -0.0487 0.0278217 0
0.469277 -0.042 0.027798 0
0.469876 -0.0354 0.0278335 0
0.470276 -0.0288 0.0278572 0
0.469677 -0.0222 0.0278217 0
0.469876 -0.0156 0.0278335 0
0.470076 -0.009 0.0278453 0
0.470792 0.0037 0.0337468 100
0.470692 0.0103 0.0337396 0
0.470493 0.0169 0.0337253 100
0.470194 0.0235 0.0337039 0
0.469795 0.0301 0.0336753 0
0.469396 0.0367 0.0336467 0
0.469795 0.0434 0.0336753 0
0.469196 0.0499 0.0336324 0
0.469396 0.0566 0.0336467 100
0.469595 0.0633 0.033661 0
0.469595 0.0701 0.033661 0
0.470593 0.077 0.0337325 0
0.470393 0.0837 0.0337182 100
0.471191 0.0907 0.0337754 0
0.473784 0.0981 0.0339613 100
0.476278 0.1056 0.03414 100
0.47568 0.1125 0.0340971 100
0.475979 0.1196 0.0341186 100
0.476178 0.1268 0.0341329 100
0.476278 0.134 0.03414 0
0.47538 0.141 0.0340757 0
0.475281 0.1482 0.0340685 100
0.475979 0.1558 0.0341186 100
0.465406 -0.1036 0.0333607 0
0.465905 -0.0969 0.0333965 100
0.466204 -0.0902 0.0334179 0
0.467401 -0.0836 0.0335037 0
0.4675 -0.0769 0.0335108 0
0.468598 -0.0703 0.0335895 100
0.468498 -0.0636 0.0335823 0
0.468398 -0.0569 0.0335752 0
0.468099 -0.0502 0.0335537 0
0.468298 -0.037 0.033568 0
0.469795 -0.0305 0.0336753 0
0.470194 -0.0239 0.0337039 0
0.470493 -0.0173 0.0337253 100
0.47169 -0.0107 0.0338111 0
0.472406 0.0027 0.0388389 0
0.472306 0.0093 0.0388307 0
0.472107 0.016 0.0388143 0
0.472904 0.0226 0.0388798 0
0.472506 0.0292 0.038847 0
0.472007 0.0358 0.0388061 0
0.471509 0.0424 0.0387651 0
0.470911 0.049 0.0387159 0
0.47111 0.0557 0.0387323 0
0.472306 0.0626 0.0388307 100
0.472406 0.0693 0.0388389 0
0.4743 0.0764 0.0389945 0
0.47709 0.0837 0.039224 0
0.479781 0.0912 0.0394452 0
0.479482 0.0981 0.0394206 100
0.479981 0.1052 0.0394616 100
0.479482 0.1121 0.0394206 0
0.478884 0.1191 0.0393715 100
0.478087 0.126 0.0393059 0
0.478187 0.1332 0.0393141 100
0.479183 0.1408 0.039396 100
0.479084 0.148 0.0393878 100
0.478884 0.1554 0.0393715 100
0.471509 -0.107 0.0387651 0
0.468021 -0.0993 0.0384783 100
0.467423 -0.0924 0.0384292 100
0.468619 -0.0858 0.0385275 100
0.468818 -0.0791 0.0385439 0
0.469915 -0.0725 0.038634 100
0.469815 -0.0658 0.0386258 0
0.469715 -0.0591 0.0386176 100
0.471509 -0.0526 0.0387651 0
0.472207 -0.046 0.0388225 100
0.471808 -0.0393 0.0387897 100
0.472306 -0.0327 0.0388307 100
0.471709 -0.026 0.0387815 0
0.471011 -0.0194 0.0387241 0
0.47121 -0.0128 0.0387405 0
0.472131 0.0042 0.0420535 100
0.472031 0.0108 0.0420446 0
0.471832 0.0175 0.0420269 0
0.471533 0.0241 0.0420003 0
0.471135 0.0307 0.0419648 100
0.470637 0.0373 0.0419204 0
0.471135 0.044 0.0419648 0
0.47243 0.0508 0.0420801 0
0.472629 0.0575 0.0420979 0
0.471832 0.0641 0.0420269 100
0.471832 0.0709 0.0420269 0
0.473725 0.078 0.0421955 0
0.47751 0.0855 0.0425326 0
0.479203 0.0927 0.0426834 0
0.478904 0.0997 0.0426568 100
0.479402 0.1068 0.0427012 100
0.478804 0.1137 0.0426479 100
0.478207 0.1207 0.0425947 100
0.478406 0.1279 0.0426124 100
0.478506 0.1351 0.0426213 100
0.478406 0.1424 0.0426124 100
0.478306 0.1497 0.0426036 100
0.478107 0.157 0.0425858 100
0.470139 -0.1026 0.0418761 100
0.468545 -0.0954 0.0417341 0
0.467848 -0.0884 0.041672 100
0.469043 -0.0819 0.0417785 100
0.470139 -0.0753 0.0418761 0
0.470238 -0.0685 0.0418849 100
0.469143 -0.0617 0.0417873 0
0.468943 -0.055 0.0417696 100
0.470637 -0.0485 0.0419204 0
0.471234 -0.0419 0.0419736 0
0.471832 -0.0353 0.0420269 0
0.47223 -0.0287 0.0420624 100
0.472629 -0.022 0.0420979 100
0.471932 -0.0154 0.0420358 0
0.472031 -0.0088 0.0420446 0
0.473171 0.0055 0.0518206 100
0.472972 0.0121 0.0517989 100
0.473767 0.0188 0.051886 100
0.473469 0.0255 0.0518533 0
0.473071 0.0321 0.0518097 0
0.472574 0.0388 0.0517553 0
0.471978 0.0454 0.05169 100
0.472276 0.0521 0.0517227 0
0.472574 0.0589 0.0517553 100
0.474662 0.0659 0.0519839 0
0.478539 0.0734 0.0524085 0
0.480427 0.0806 0.0526154 0
0.480229 0.0875 0.0525936 100
0.480924 0.0946 0.0526698 100
0.480527 0.1016 0.0526262 0
0.481024 0.1087 0.0526807 100
0.480427 0.1157 0.0526154 0
0.480726 0.123 0.052648 100
0.47993 0.13 0.0525609 100
0.480924 0.1375 0.0526698 100
0.47993 0.1445 0.0525609 0
0.478837 0.1516 0.0524412 100
0.480527 0.1595 0.0526262 100
0.476849 -0.1091 0.0522234 100
0.47834 -0.1024 0.0523867 100
0.477743 -0.0953 0.0523214 100
0.476153 -0.088 0.0521472 0
0.472376 -0.0805 0.0517335 0
0.471481 -0.0735 0.0516356 0
0.471481 -0.0668 0.0516356 100
0.471382 -0.06 0.0516247 0
0.472177 -0.0534 0.0517118 0
0.471879 -0.0466 0.0516791 100
0.472475 -0.04 0.0517444 100
0.472972 -0.0334 0.0517989 0
0.472475 -0.0267 0.0517444 100
0.472773 -0.02 0.0517771 0
0.473966 -0.0134 0.0519077 100
0.473052 0.0018 0.0528941 0
0.472953 0.0083 0.052883 0
0.472853 0.0149 0.0528719 0
0.472555 0.0214 0.0528385 0
0.472257 0.0279 0.0528052 0
0.471859 0.0344 0.0527607 0
0.472257 0.041 0.0528052 100
0.472655 0.0476 0.0528496 0
0.472953 0.0542 0.052883 0
0.473151 0.0608 0.0529052 100
0.474245 0.0676 0.0530274 0
0.47822 0.0749 0.0534719 100
0.478915 0.0886 0.0535497 0
0.478717 0.0954 0.0535275 100
0.480207 0.1026 0.0536942 100
0.480704 0.1096 0.0537497 100
0.480207 0.1165 0.0536942 0
0.479512 0.1233 0.0536164 100
0.479711 0.1304 0.0536386 100
0.47981 0.1376 0.0536497 100
0.47981 0.1447 0.0536497 100
0.479711 0.1519 0.0536386 100
0.481301 0.1598 0.0538164 100
0.477624 -0.1053 0.0534053 0
0.478021 -0.0986 0.0534497 100
0.478319 -0.0918 0.053483 0
0.47663 -0.0847 0.0532941 100
0.472853 -0.0773 0.0528719 100
0.469872 -0.0702 0.0525385 100
0.470766 -0.0637 0.0526385 0
0.470667 -0.0571 0.0526274 100
0.471363 -0.0506 0.0527052 0
0.472058 -0.0441 0.052783 0
0.471561 -0.0375 0.0527274 0
0.472058 -0.031 0.052783 0
0.472456 -0.0245 0.0528274 100
0.473748 -0.018 0.0529719 0
0.473946 -0.0115 0.0529941 0
0.476257 0.0008 0.0598275 0
0.476158 0.0076 0.059815 0
0.476058 0.0143 0.0598025 100
0.474769 0.0209 0.0596405 0
0.473479 0.0276 0.0594785 0
0.473082 0.0342 0.0594286 0
0.472487 0.0409 0.0593538 100
0.472883 0.0476 0.0594037 100
0.474173 0.0545 0.0595657 0
0.477348 0.0617 0.0599646 100
0.479333 0.0689 0.0602139 0
0.480325 0.0759 0.0603385 0
0.481119 0.083 0.0604382 0
0.481913 0.0902 0.0605379 100
0.482607 0.0973 0.0606252 0
0.483103 0.1045 0.0606875 100
0.482607 0.1116 0.0606252 100
0.481913 0.1186 0.0605379 0
0.481218 0.1256 0.0604507 100
0.481317 0.1329 0.0604631 100
0.481317 0.1403 0.0604631 100
0.480325 0.1473 0.0603385 100
0.48102 0.155 0.0604258 100
0.478142 -0.1038 0.0600643 100
0.478638 -0.0969 0.0601266 100
0.478936 -0.09 0.060164 0
0.479134 -0.083 0.0601889 100
0.478341 -0.076 0.0600892 0
0.475364 -0.0686 0.0597153 100
0.47328 -0.0615 0.0594536 100
0.473181 -0.0548 0.0594411 100
0.47586 -0.0483 0.0597776 0
0.477448 -0.0417 0.059977 100
0.475959 -0.0348 0.0597901 100
0.473479 -0.0279 0.0594785 0
0.473082 -0.0145 0.0594286 100
0.473181 -0.0078 0.0594411 100
0.473911 0.0003 0.0623915 0
0.473812 0.0069 0.0623785 0
0.473712 0.0136 0.0623654 0
0.473514 0.0203 0.0623393 0
0.474109 0.027 0.0624176 0
0.473712 0.0337 0.0623654 100
0.4752 0.0406 0.0625612 0
0.478769 0.0545 0.0630311 100
0.479958 0.0616 0.0631877 100
0.480058 0.0685 0.0632008 0
0.481049 0.0755 0.0633313 100
0.480851 0.0825 0.0633052 0
0.480652 0.0894 0.0632791 100
0.481346 0.0966 0.0633705 100
0.48095 0.1036 0.0633183 100
0.480355 0.1106 0.0632399 100
0.480752 0.1178 0.0632922 0
0.48095 0.1251 0.0633183 100
0.481148 0.1324 0.0633444 100
0.480157 0.1395 0.0632138 100
0.480058 0.1468 0.0632008 100
0.480851 0.1545 0.0633052 100
0.476588 -0.1093 0.0627439 0
0.477083 -0.1023 0.0628092 0
0.47748 -0.0954 0.0628614 100
0.477777 -0.0885 0.0629006 100
0.476092 -0.0812 0.0626787 100
0.474208 -0.074 0.0624307 0
0.474208 -0.0672 0.0624307 100
0.474109 -0.0604 0.0624176 100
0.473911 -0.0536 0.0623915 0
0.472622 -0.0467 0.0622218 0
0.472225 -0.0399 0.0621696 100
0.472721 -0.0332 0.0622349 100
0.473217 -0.0266 0.0623002 100
0.472523 -0.0198 0.0622088 100
0.472721 -0.0132 0.0622349 0
0.476606 0.0008 0.0719097 0
0.479473 0.0076 0.0723423 100
0.479374 0.0144 0.0723274 100
0.481055 0.0212 0.072581 100
0.482736 0.0281 0.0728346 100
0.482242 0.035 0.0727601 100
0.482736 0.0418 0.0728346 0
0.482143 0.0487 0.0727451 0
0.482341 0.0556 0.072775 100
0.482637 0.0694 0.0728197 0
0.481649 0.0762 0.0726705 0
0.481451 0.0832 0.0726407 0
0.481253 0.0902 0.0726109 100
0.481945 0.0974 0.0727153 100
0.48244 0.1046 0.0727899 100
0.481945 0.1116 0.0727153 100
0.481352 0.1186 0.0726258 100
0.48155 0.1259 0.0726556 100
0.481649 0.1332 0.0726705 100
0.481649 0.1406 0.0726705 0
0.48066 0.1476 0.0725214 100
0.482341 0.1556 0.072775 100
0.478781 -0.103 0.0722379 100
0.479177 -0.096 0.0722976 100
0.479473 -0.0891 0.0723423 100
0.479671 -0.0821 0.0723722 100
0.47977 -0.0752 0.0723871 100
0.47977 -0.0683 0.0723871 0
0.478682 -0.0612 0.072223 100
0.479572 -0.0545 0.0723572 100
0.481253 -0.0478 0.0726109 100
0.482835 -0.0411 0.0728496 100
0.482341 -0.0342 0.072775 100
0.480759 -0.0273 0.0725363 100
0.479177 -0.0204 0.0722976 0
0.478386 -0.0136 0.0721782 100
0.474414 0.0055 0.0730192 100
0.481134 0.0124 0.0740537 100
0.482913 0.0192 0.0743275 100
0.483605 0.0261 0.074434 0
0.48321 0.0329 0.0743731 0
0.481727 0.0396 0.0741449 100
0.481134 0.0464 0.0740537 100
0.481431 0.0533 0.0740993 100
0.481629 0.0602 0.0741297 0
0.481727 0.0671 0.0741449 100
0.481727 0.074 0.0741449 0
0.482617 0.0811 0.0742818 100
0.482419 0.0881 0.0742514 100
0.483111 0.0953 0.0743579 100
0.483704 0.1025 0.0744492 100
0.484198 0.1097 0.0745253 100
0.483605 0.1168 0.074434 100
0.483803 0.1241 0.0744644 100
0.484001 0.1314 0.0744948 0
0.483111 0.1385 0.0743579 100
0.484001 0.1461 0.0744948 100
0.486669 0.1544 0.0749056 100
0.477972 -0.1055 0.0735669 100
0.478466 -0.0986 0.0736429 100
0.478762 -0.0916 0.0736886 100
0.479948 -0.0849 0.0738711 0
0.480146 -0.0779 0.0739015 100
0.481134 -0.0712 0.0740537 100
0.480146 -0.0641 0.0739015 100
0.480937 -0.0574 0.0740232 100
0.481727 -0.0506 0.0741449 100
0.481332 -0.0437 0.0740841 100
0.479948 -0.0368 0.0738711 100
0.478466 -0.0299 0.0736429 0
0.477774 -0.0231 0.0735364 100
0.47807 -0.0163 0.0735821 100
0.475303 -0.0096 0.0731561 100
0.481223 0.0003 0.0810472 100
0.481124 0.0071 0.0810306 100
0.482012 0.0139 0.0811801 0
0.482801 0.0208 0.0813129 100
0.483392 0.0277 0.0814126 100
0.482012 0.0345 0.0811801 0
0.482406 0.0414 0.0812465 0
0.482801 0.0484 0.0813129 0
0.483096 0.0553 0.0813628 0
0.482307 0.0622 0.0812299 0
0.481321 0.069 0.0810638 0
0.481321 0.076 0.0810638 0
0.482209 0.0831 0.0812133 0
0.482012 0.0902 0.0811801 100
0.482603 0.0974 0.0812797 100
0.482209 0.1044 0.0812133 100
0.481617 0.1115 0.0811137 100
0.482012 0.1188 0.0811801 100
0.482209 0.1261 0.0812133 100
0.48142 0.1332 0.0810804 100
0.482307 0.1408 0.0812299 100
0.484083 0.1488 0.0815288 100
0.486745 0.1572 0.0819773 100
0.478363 -0.1036 0.0805656 100
0.478758 -0.0966 0.080632 100
0.480039 -0.0898 0.0808479 0
0.480237 -0.0828 0.0808811 0
0.480335 -0.0758 0.0808977 100
0.480434 -0.0689 0.0809143 100
0.481321 -0.062 0.0810638 100
0.481124 -0.0551 0.0810306 0
0.480828 -0.0482 0.0809808 0
0.481519 -0.0413 0.081097 100
0.482012 -0.0345 0.0811801 0
0.482406 -0.0277 0.0812465 0
0.482801 -0.0208 0.0813129 100
0.482012 -0.0139 0.0811801 100
0.48211 -0.0071 0.0811967 0
0.477894 0.0052 0.0827184 100
0.479766 0.0121 0.0830425 100
0.482427 0.019 0.083503 0
0.483116 0.0259 0.0836224 100
0.482722 0.0327 0.0835541 100
0.48223 0.0396 0.0834689 0
0.482624 0.0465 0.0835371 0
0.482919 0.0535 0.0835882 100
0.483116 0.0604 0.0836224 0
0.483215 0.0674 0.0836394 0
0.483215 0.0744 0.0836394 0
0.483116 0.0814 0.0836224 0
0.481934 0.0883 0.0834177 100
0.482624 0.0955 0.0835371 100
0.483215 0.1027 0.0836394 100
0.482624 0.1098 0.0835371 100
0.482032 0.1169 0.0834347 100
0.482328 0.1242 0.0834859 100
0.482427 0.1315 0.083503 100
0.484397 0.1395 0.0838441 100
0.487156 0.1477 0.0843216 100
0.477894 -0.1084 0.0827184 100
0.478387 -0.1014 0.0828037 100
0.478781 -0.0944 0.0828719 100
0.479076 -0.0874 0.0829231 100
0.479273 -0.0804 0.0829572 100
0.479372 -0.0735 0.0829742 100
0.480357 -0.0667 0.0831448 100
0.480259 -0.0597 0.0831278 100
0.479963 -0.0528 0.0830766 0
0.480653 -0.046 0.083196 0
0.481244 -0.0392 0.0832983 0
0.480751 -0.0323 0.083213 100
0.481146 -0.0254 0.0832812 100
0.481441 -0.0186 0.0833324 100
0.481737 -0.0118 0.0833836 100
0.482684 0.0013 0.0899832 100
0.483569 0.0082 0.0901481 100
0.483471 0.015 0.0901298 100
0.484159 0.022 0.0902581 100
0.484847 0.0289 0.0903863 100
0.484355 0.0358 0.0902947 100
0.483864 0.0427 0.0902031 0
0.483176 0.0495 0.0900748 100
0.483471 0.0565 0.0901298 0
0.483569 0.0635 0.0901481 100
0.483667 0.0705 0.0901664 100
0.483569 0.0775 0.0901481 0
0.483471 0.0846 0.0901298 100
0.483176 0.0916 0.0900748 100
0.482881 0.0987 0.0900198 100
0.483372 0.106 0.0901114 100
0.483766 0.1133 0.0901847 100
0.48406 0.1206 0.0902397 100
0.483372 0.1277 0.0901114 100
0.484355 0.1354 0.0902947 100
0.488189 0.1439 0.0910094 100
0.491728 0.1526 0.0916692 100
0.479243 -0.1067 0.0893417 100
0.479637 -0.0997 0.089415 100
0.481013 -0.0929 0.0896716 100
0.48121 -0.0859 0.0897083 100
0.481406 -0.0789 0.0897449 100
0.481505 -0.0719 0.0897632 0
0.482389 -0.065 0.0899282 100
0.482291 -0.058 0.0899099 100
0.481996 -0.0511 0.0898549 0
0.483667 -0.0443 0.0901664 100
0.483274 -0.0373 0.0900931 100
0.482783 -0.0304 0.0900015 100
0.482094 -0.0235 0.0898732 100
0.482389 -0.0166 0.0899282 100
0.482586 -0.0098 0.0899648 100
0.482878 0.0002 0.0942995 100
0.481799 0.007 0.0940886 100
0.481701 0.0139 0.0940695 100
0.482486 0.0208 0.0942228 100
0.483075 0.0277 0.0943378 100
0.482682 0.0346 0.0942611 100
0.48121 0.0414 0.0939736 0
0.481504 0.0483 0.0940311 100
0.481799 0.0553 0.0940886 100
0.481995 0.0623 0.094127 0
0.482977 0.0694 0.0943186 0
0.483958 0.0766 0.0945103 100
0.48386 0.0836 0.0944911 0
0.483565 0.0907 0.0944336 100
0.483271 0.0978 0.0943761 0
0.483762 0.1051 0.094472 100
0.483271 0.1122 0.0943761 100
0.482584 0.1193 0.094242 100
0.482878 0.1266 0.0942995 100
0.486706 0.1351 0.095047 100
0.489552 0.1434 0.0956028 100
0.489454 0.1509 0.0955836 100
0.48916 0.1585 0.0955261 100
0.478266 -0.1074 0.0933986 0
0.479738 -0.1006 0.0936861 100
0.481014 -0.0938 0.0939353 100
0.481308 -0.0867 0.0939928 100
0.480523 -0.0795 0.0938395 100
0.480621 -0.0726 0.0938586 100
0.480523 -0.0656 0.0938395 100
0.480425 -0.0586 0.0938203 100
0.48121 -0.0518 0.0939736 100
0.480916 -0.0448 0.0939161 0
0.480425 -0.0379 0.0938203 100
0.481897 -0.0311 0.0941078 100
0.481308 -0.0242 0.0939928 0
0.481603 -0.0173 0.0940503 0
0.48278 -0.0105 0.0942803 100
0.482529 0.0015 0.101069 100
0.482431 0.0084 0.101049 100
0.482333 0.0153 0.101028 0
0.483018 0.0223 0.101172 100
0.483605 0.0292 0.101295 100
0.483214 0.0361 0.101213 100
0.481648 0.0429 0.100885 100
0.482039 0.0499 0.100967 100
0.482235 0.0569 0.101008 100
0.482431 0.0639 0.101049 100
0.482431 0.0709 0.101049 100
0.482431 0.078 0.101049 100
0.483214 0.0852 0.101213 100
0.48292 0.0923 0.101151 100
0.481648 0.0992 0.100885 100
0.482137 0.1065 0.100987 100
0.482529 0.1138 0.101069 100
0.481941 0.1209 0.100946 100
0.482137 0.1283 0.100987 100
0.483116 0.1359 0.101192 100
0.485954 0.1442 0.101787 100
0.487618 0.1523 0.102135 100
0.48018 -0.1064 0.100577 100
0.480669 -0.0993 0.10068 100
0.479984 -0.0921 0.100536 100
0.479299 -0.0849 0.100393 100
0.479495 -0.0778 0.100434 100
0.480473 -0.071 0.100639 100
0.481354 -0.0641 0.100823 100
0.481256 -0.0571 0.100803 100
0.481941 -0.0502 0.100946 100
0.481648 -0.0433 0.100885 100
0.481256 -0.0363 0.100803 100
0.481648 -0.0294 0.100885 0
0.483018 -0.0226 0.101172 0
0.484193 -0.0157 0.101418 100
0.48341 -0.0088 0.101254 100
0.482934 0.0043 0.103973 100
0.483814 0.0112 0.104162 0
0.484596 0.0182 0.104331 100
0.485281 0.0251 0.104478 100
0.48489 0.0321 0.104394 100
0.483423 0.0389 0.104078 0
0.481859 0.0457 0.103742 100
0.482152 0.0527 0.103805 100
0.483325 0.0598 0.104057 100
0.483423 0.0668 0.104078 0
0.483423 0.0739 0.104078 100
0.483325 0.0809 0.104057 100
0.48313 0.088 0.104015 100
0.483814 0.0953 0.104162 100
0.483423 0.1024 0.104078 100
0.483912 0.1097 0.104184 100
0.488311 0.1254 0.105131 100
0.489386 0.1331 0.105362 100
0.489386 0.1406 0.105362 100
0.489289 0.1482 0.105341 100
0.489093 0.1557 0.105299 100
0.478144 -0.1084 0.102942 100
0.478633 -0.1013 0.103047 100
0.479024 -0.0943 0.103131 100
0.479317 -0.0873 0.103194 100
0.479513 -0.0803 0.103236 100
0.48049 -0.0734 0.103447 100
0.479513 -0.0663 0.103236 100
0.479415 -0.0593 0.103215 100
0.480197 -0.0525 0.103384 100
0.479904 -0.0455 0.103321 100
0.48049 -0.0387 0.103447 0
0.481957 -0.0319 0.103763 100
0.482348 -0.025 0.103847 0
0.482641 -0.0181 0.10391 100
0.482333 0.0029 0.111267 100
0.482235 0.0098 0.111244 100
0.48204 0.0167 0.111199 100
0.482722 0.0236 0.111357 100
0.483404 0.0306 0.111514 100
0.482917 0.0375 0.111401 100
0.482333 0.0444 0.111267 100
0.480676 0.0513 0.110884 100
0.480968 0.0583 0.110952 100
0.48204 0.0654 0.111199 100
0.48204 0.0724 0.111199 100
0.481066 0.0793 0.110974 100
0.480871 0.0864 0.110929 0
0.481553 0.0937 0.111087 100
0.482138 0.101 0.111222 100
0.482625 0.1083 0.111334 0
0.483989 0.1159 0.111649 100
0.48701 0.124 0.112346 100
0.488179 0.1317 0.112615 100
0.488179 0.1392 0.112615 100
0.488082 0.1468 0.112593 100
0.487887 0.1544 0.112548 100
0.477655 -0.108 0.110188 100
0.478143 -0.1009 0.1103 100
0.479507 -0.0941 0.110615 100
0.479799 -0.087 0.110682 100
0.479994 -0.08 0.110727 100
0.479994 -0.0729 0.110727 100
0.480968 -0.066 0.110952 100
0.481845 -0.0591 0.111154 100
0.480676 -0.052 0.110884 100
0.481261 -0.0451 0.111019 100
0.481845 -0.0382 0.111154 100
0.482333 -0.0313 0.111267 100
0.481748 -0.0244 0.111132 100
0.48204 -0.0174 0.111199 0
0.482235 -0.0105 0.111244 0
0.484342 0.0026 0.115833 100
0.484244 0.0096 0.11581 100
0.48405 0.0165 0.115763 100
0.482785 0.0234 0.115461 100
0.482494 0.0303 0.115391 100
0.482007 0.0373 0.115275 100
0.481424 0.0442 0.115135 0
0.48084 0.0511 0.114996 100
0.480062 0.058 0.11481 100
0.481132 0.0651 0.115066 100
0.482202 0.0723 0.115321 100
0.482105 0.0794 0.115298 100
0.482883 0.0866 0.115484 100
0.483563 0.0939 0.115647 100
0.48512 0.1015 0.116019 100
0.487454 0.1093 0.116577 100
0.487843 0.1167 0.116671 100
0.488135 0.1242 0.11674 100
0.488232 0.1317 0.116764 100
0.489204 0.1395 0.116996 100
0.489107 0.147 0.116973 100
0.48901 0.1546 0.11695 100
0.479381 -0.11 0.114647 100
0.479868 -0.1029 0.114763 100
0.479284 -0.0956 0.114624 100
0.479576 -0.0885 0.114693 100
0.47977 -0.0815 0.11474 100
0.479868 -0.0744 0.114763 100
0.479868 -0.0674 0.114763 100
0.47977 -0.0604 0.11474 100
0.480548 -0.0535 0.114926 100
0.480257 -0.0465 0.114856 100
0.48084 -0.0396 0.114996 100
0.481326 -0.0327 0.115112 0
0.481716 -0.0258 0.115205 100
0.482007 -0.0189 0.115275 100
0.482299 -0.0119 0.115345 100
0.481078 0.0068 0.120749 100
0.481854 0.0137 0.120944 100
0.48166 0.0206 0.120895 100
0.481272 0.0275 0.120798 0
0.481854 0.0345 0.120944 100
0.482338 0.0415 0.121066 100
0.482629 0.0485 0.121139 100
0.48195 0.0555 0.120968 100
0.482145 0.0625 0.121017 100
0.482242 0.0696 0.121041 100
0.483114 0.0768 0.12126 100
0.483017 0.0839 0.121236 100
0.483696 0.0912 0.121406 100
0.486218 0.0989 0.122039 100
0.488643 0.1067 0.122648 100
0.489031 0.1142 0.122745 0
0.488449 0.1214 0.122599 100
0.488643 0.1289 0.122648 100
0.489613 0.1367 0.122891 100
0.489613 0.1443 0.122891 100
0.488546 0.1516 0.122624 100
0.489225 0.1595 0.122794 100
0.476422 -0.1033 0.119581 100
0.47778 -0.0965 0.119921 100
0.478168 -0.0894 0.120019 100
0.477392 -0.0822 0.119824 100
0.477489 -0.0752 0.119848 100
0.478459 -0.0683 0.120092 100
0.479332 -0.0614 0.120311 100
0.480108 -0.0546 0.120506 100
0.480787 -0.0477 0.120676 100
0.480399 -0.0407 0.120579 100
0.480981 -0.0338 0.120725 100
0.480399 -0.0268 0.120579 100
0.48069 -0.0199 0.120652 100
0.480884 -0.013 0.1207 100
0.480027 0.0036 0.124859 100
0.480898 0.0106 0.125085 100
0.480705 0.0175 0.125035 100
0.480414 0.0244 0.12496 100
0.480995 0.0314 0.125111 100
0.480511 0.0384 0.124985 100
0.479931 0.0453 0.124834 100
0.480221 0.0523 0.124909 100
0.479543 0.0592 0.124733 100
0.47964 0.0663 0.124758 100
0.47964 0.0733 0.124758 100
0.480511 0.0806 0.124985 100
0.480318 0.0877 0.124934 100
0.480027 0.0948 0.124859 100
0.47964 0.1019 0.124758 100
0.481092 0.1095 0.125136 100
0.484286 0.1175 0.125966 100
0.486415 0.1255 0.12652 100
0.487479 0.1332 0.126797 100
0.487479 0.1408 0.126797 100
0.48835 0.1487 0.127024 100
0.48806 0.1563 0.126948 100
0.478189 -0.1092 0.124381 100
0.478672 -0.102 0.124506 100
0.478092 -0.0948 0.124355 100
0.47935 -0.0878 0.124683 100
0.479543 -0.0808 0.124733 100
0.47964 -0.0737 0.124758 100
0.478576 -0.0665 0.124481 100
0.479447 -0.0596 0.124708 100
0.479253 -0.0526 0.124657 100
0.478963 -0.0456 0.124582 100
0.480511 -0.0387 0.124985 100
0.480027 -0.0317 0.124859 100
0.480414 -0.0248 0.12496 100
0.479737 -0.0178 0.124783 0
0.480898 -0.0109 0.125085 100
0.479659 0.0043 0.130141 100
0.479562 0.0113 0.130114 100
0.479369 0.0182 0.130062 100
0.480045 0.0252 0.130245 100
0.479659 0.0321 0.130141 100
0.480141 0.0392 0.130272 100
0.480527 0.0462 0.130376 0
0.479852 0.0532 0.130193 100
0.480045 0.0602 0.130245 100
0.480141 0.0673 0.130272 100
0.480141 0.0744 0.130272 100
0.480045 0.0815 0.130245 100
0.479852 0.0886 0.130193 100
0.480431 0.0959 0.13035 100
0.48294 0.1037 0.131031 100
0.485256 0.1115 0.131659 100
0.485546 0.119 0.131738 100
0.48487 0.1262 0.131555 100
0.485932 0.134 0.131843 100
0.4868 0.1418 0.132078 100
0.486704 0.1494 0.132052 100
0.485546 0.1568 0.131738 100
0.474544 -0.106 0.128753 100
0.475026 -0.0989 0.128884 100
0.475316 -0.0919 0.128962 100
0.476474 -0.085 0.129276 100
0.476667 -0.0779 0.129329 100
0.476667 -0.0709 0.129329 100
0.476667 -0.0638 0.129329 100
0.477439 -0.0569 0.129538 100
0.478211 -0.05 0.129748 100
0.47879 -0.0431 0.129905 100
0.479369 -0.0361 0.130062 100
0.47879 -0.0291 0.129905 100
0.479176 -0.0222 0.13001 100
0.478501 -0.0152 0.129826 0
0.477632 -0.0083 0.129591 100
0.480618 0.0026 0.134191 100
0.480522 0.0096 0.134164 100
0.481292 0.0166 0.134379 100
0.481003 0.0236 0.134299 100
0.481678 0.0306 0.134487 100
0.481196 0.0376 0.134352 100
0.481581 0.0446 0.13446 100
0.480907 0.0516 0.134272 100
0.481196 0.0587 0.134352 100
0.481292 0.0658 0.134379 100
0.481292 0.0729 0.134379 100
0.482159 0.0802 0.134621 100
0.48293 0.0875 0.134836 100
0.483604 0.0949 0.135025 100
0.484182 0.1023 0.135186 100
0.486493 0.1102 0.135831 100
0.488709 0.1181 0.13645 100
0.488998 0.1257 0.136531 100
0.489094 0.1333 0.136557 100
0.488227 0.1406 0.136315 100
0.488131 0.1482 0.136289 100
0.487938 0.1559 0.136235 100
0.480618 -0.1099 0.134191 100
0.47927 -0.1023 0.133814 100
0.478692 -0.095 0.133653 100
0.478981 -0.0879 0.133734 100
0.47821 -0.0806 0.133519 100
0.478307 -0.0735 0.133546 100
0.478307 -0.0664 0.133546 100
0.47821 -0.0594 0.133519 100
0.478884 -0.0524 0.133707 100
0.479559 -0.0455 0.133895 100
0.480137 -0.0385 0.134057 100
0.479655 -0.0315 0.133922 100
0.48004 -0.0246 0.13403 100
0.480329 -0.0176 0.13411 100
0.481485 -0.0106 0.134433 100
0.480414 0.0029 0.138573 100
0.480318 0.0099 0.138546 100
0.480126 0.0168 0.13849 100
0.479837 0.0238 0.138407 100
0.480414 0.0309 0.138573 100
0.480029 0.0378 0.138463 100
0.479453 0.0448 0.138296 100
0.479741 0.0519 0.138379 100
0.479933 0.059 0.138435 100
0.48099 0.0662 0.13874 100
0.481086 0.0733 0.138767 0
0.48099 0.0805 0.13874 100
0.481759 0.0878 0.138961 100
0.484257 0.0955 0.139682 100
0.485794 0.1032 0.140125 100
0.486179 0.1106 0.140236 100
0.485602 0.1179 0.14007 100
0.48589 0.1255 0.140153 100
0.485987 0.133 0.140181 100
0.486947 0.1409 0.140458 100
0.486851 0.1485 0.14043 100
0.485698 0.1558 0.140098 100
0.48051 -0.1099 0.138601 100
0.479069 -0.1023 0.138185 100
0.477627 -0.0947 0.13777 100
0.47782 -0.0876 0.137825 100
0.477051 -0.0804 0.137603 100
0.477147 -0.0733 0.137631 100
0.478108 -0.0663 0.137908 100
0.478973 -0.0594 0.138158 100
0.479741 -0.0524 0.138379 100
0.479357 -0.0453 0.138269 100
0.479933 -0.0384 0.138435 100
0.480414 -0.0314 0.138573 100
0.479837 -0.0243 0.138407 100
0.479165 -0.0173 0.138213 100
0.479357 -0.0104 0.138269 0
0.47978 0 0.140752 100
0.48074 0.0069 0.141034 100
0.479588 0.0138 0.140696 100
0.479396 0.0207 0.140639 100
0.479012 0.0276 0.140527 100
0.478629 0.0345 0.140414 100
0.479108 0.0414 0.140555 100
0.479492 0.0484 0.140668 100
0.479684 0.0554 0.140724 100
0.478916 0.0623 0.140499 100
0.478053 0.0692 0.140245 0
0.479012 0.0764 0.140527 100
0.481699 0.0839 0.141315 100
0.483426 0.0914 0.141822 100
0.485921 0.0991 0.142554 100
0.487361 0.1067 0.142976 100
0.489663 0.1146 0.143652 100
0.488992 0.1218 0.143455 100
0.48832 0.1291 0.143257 100
0.487456 0.1364 0.143004 100
0.487456 0.1439 0.143004 100
0.485345 0.1585 0.142385 100
0.47575 -0.1058 0.13957 100
0.47527 -0.0985 0.139429 100
0.475558 -0.0915 0.139513 100
0.475846 -0.0845 0.139598 100
0.475942 -0.0775 0.139626 100
0.476805 -0.0636 0.139879 100
0.477669 -0.0568 0.140133 100
0.477381 -0.0498 0.140048 100
0.479012 -0.043 0.140527 100
0.479492 -0.0361 0.140668 100
0.478916 -0.0292 0.140499 0
0.4793 -0.0223 0.140611 100
0.479588 -0.0154 0.140696 100
0.478724 -0.0085 0.140442 100
0.47882 0.0054 0.140471 100
0.480548 0.0124 0.140977 100
0.481315 0.0194 0.141203 100
0.481027 0.0264 0.141118 100
0.480644 0.0334 0.141005 100
0.480164 0.0404 0.140865 100
0.479588 0.0474 0.140696 100
0.47978 0.0545 0.140752 100
0.479972 0.0616 0.140808 100
0.480068 0.0687 0.140837 100
0.480068 0.0758 0.140837 100
0.479972 0.0829 0.140808 100
0.480644 0.0903 0.141005 100
0.484098 0.0982 0.142019 100
0.485537 0.1058 0.142441 100
0.486977 0.1136 0.142863 100
0.488128 0.1213 0.143201 100
0.48832 0.1289 0.143257 100
0.488416 0.1365 0.143286 100
0.488416 0.1441 0.143286 100
0.487361 0.1515 0.142976 100
0.487073 0.1592 0.142892 100
0.476134 -0.1089 0.139682 100
0.474694 -0.1013 0.13926 100
0.475078 -0.0942 0.139373 100
0.476326 -0.0873 0.139739 100
0.476517 -0.0802 0.139795 0
0.476517 -0.0731 0.139795 100
0.476517 -0.0661 0.139795 100
0.476422 -0.059 0.139767 100
0.477189 -0.0521 0.139992 100
0.477861 -0.0451 0.140189 100
0.477381 -0.0381 0.140048 100
0.476901 -0.0311 0.139908 100
0.477285 -0.0241 0.14002 100
0.477573 -0.0172 0.140105 0
0.477765 -0.0103 0.140161 100
