0.923267 0.0089 -0.259345 100
0.922015 0.0223 -0.258993 100
0.92163 0.0356 -0.258885 100
0.922015 0.0491 -0.258993 100
0.921341 0.0625 -0.258804 100
0.921341 0.0759 -0.258804 100
0.922111 0.0895 -0.25902 100
0.921823 0.1029 -0.258939 100
0.921245 0.1164 -0.258777 100
0.922496 0.1302 -0.259128 100
0.926347 0.1445 -0.26021 100
0.929043 0.1587 -0.260967 100
0.929717 0.1727 -0.261157 100
0.928177 0.1864 -0.260724 100
0.925577 0.1999 -0.259994 100
0.925674 0.2139 -0.260021 100
0.926444 0.2283 -0.260237 100
0.931643 0.2439 -0.261697 52
0.920378 -0.2287 -0.258533 44
0.9224 -0.2151 -0.259101 100
0.924326 -0.2015 -0.259642 100
0.928465 -0.1744 -0.260805 100
0.929717 -0.1607 -0.261157 100
0.927984 -0.1466 -0.26067 100
0.924133 -0.1323 -0.259588 100
0.922015 -0.1184 -0.258993 100
0.922593 -0.1049 -0.259155 100
0.922015 -0.0913 -0.258993 100
0.921149 -0.0777 -0.25875 100
0.921149 -0.0643 -0.25875 100
0.920956 -0.0509 -0.258696 100
0.922593 -0.0375 -0.259155 100
0.924903 -0.0242 -0.259804 100
0.922349 0.0074 -0.258913 100
0.923119 0.0207 -0.259129 100
0.923697 0.0341 -0.259292 100
0.925045 0.0476 -0.25967 100
0.925334 0.0611 -0.259751 100
0.925334 0.0746 -0.259751 100
0.925237 0.088 -0.259724 100
0.924852 0.1015 -0.259616 100
0.923408 0.1149 -0.259211 100
0.92466 0.1287 -0.259562 100
0.928607 0.143 -0.26067 100
0.931303 0.1572 -0.261427 100
0.931977 0.1712 -0.261616 100
0.930533 0.1849 -0.261211 100
0.928896 0.1985 -0.260751 100
0.928992 0.2126 -0.260778 100
0.931592 0.2274 -0.261508 100
0.939679 0.2438 -0.263778 29
0.923793 -0.2312 -0.259319 26
0.923986 -0.2171 -0.259373 100
0.923986 -0.2031 -0.259373 100
0.923793 -0.1891 -0.259319 100
0.924371 -0.1753 -0.259481 100
0.924756 -0.1616 -0.259589 100
0.923023 -0.1476 -0.259102 100
0.920135 -0.1335 -0.258292 100
0.919942 -0.1199 -0.258238 100
0.92052 -0.1065 -0.2584 100
0.920905 -0.093 -0.258508 100
0.921098 -0.0796 -0.258562 100
0.92206 -0.0662 -0.258832 100
0.921868 -0.0528 -0.258778 100
0.921579 -0.0394 -0.258697 100
0.922927 -0.0261 -0.259075 100
0.925973 0.0055 -0.260802 100
0.924818 0.0189 -0.260477 100
0.924529 0.0324 -0.260396 100
0.923952 0.0457 -0.260233 100
0.92424 0.0592 -0.260314 100
0.924337 0.0727 -0.260342 100
0.924144 0.0862 -0.260287 100
0.923855 0.0996 -0.260206 100
0.925299 0.1134 -0.260613 100
0.929438 0.1276 -0.261778 100
0.932422 0.1418 -0.262619 100
0.931363 0.1554 -0.262321 100
0.929149 0.1689 -0.261697 100
0.928668 0.1827 -0.261562 100
0.928957 0.1968 -0.261643 100
0.929053 0.2109 -0.26167 100
0.928957 0.225 -0.261643 100
0.934251 0.2406 -0.263134 33
0.922027 -0.2293 -0.259691 25
0.924144 -0.2157 -0.260287 100
0.925973 -0.2021 -0.260802 100
0.92578 -0.1881 -0.260748 100
0.924433 -0.1739 -0.260369 100
0.922893 -0.1598 -0.259935 100
0.922027 -0.146 -0.259691 100
0.921064 -0.1322 -0.25942 100
0.919909 -0.1185 -0.259095 100
0.921353 -0.1051 -0.259501 100
0.921738 -0.0917 -0.25961 100
0.92193 -0.0782 -0.259664 100
0.922893 -0.0648 -0.259935 100
0.923663 -0.0514 -0.260152 100
0.923278 -0.038 -0.260043 100
0.922797 -0.0246 -0.259908 100
0.923125 0.0129 -0.259479 100
0.923799 0.0263 -0.259668 100
0.922451 0.0397 -0.259289 100
0.921777 0.053 -0.2591 100
0.922933 0.0666 -0.259425 100
0.922933 0.08 -0.259425 100
0.921777 0.0934 -0.2591 100
0.922259 0.107 -0.259235 100
0.923606 0.1207 -0.259614 100
0.924762 0.1345 -0.259939 100
0.92765 0.1487 -0.260751 100
0.930345 0.163 -0.261508 100
0.928998 0.1767 -0.261129 100
0.92842 0.1905 -0.260967 100
0.924762 0.2178 -0.259939 100
0.925532 0.2321 -0.260155 100
0.931597 0.248 -0.26186 31
0.923125 -0.2298 -0.259479 36
0.924184 -0.2159 -0.259776 100
0.926109 -0.2023 -0.260318 100
0.926783 -0.1884 -0.260507 100
0.927361 -0.1746 -0.260669 100
0.926783 -0.1606 -0.260507 100
0.923125 -0.1463 -0.259479 100
0.922162 -0.1325 -0.259208 100
0.92197 -0.1188 -0.259154 100
0.920526 -0.1051 -0.258748 100
0.919948 -0.0915 -0.258586 100
0.921103 -0.0782 -0.258911 100
0.922066 -0.0648 -0.259181 100
0.923799 -0.0515 -0.259668 100
0.923414 -0.038 -0.25956 100
0.922933 -0.0246 -0.259425 100
0.921206 0.0028 -0.259286 100
0.921109 0.0162 -0.259259 100
0.919762 0.0296 -0.25888 100
0.920243 0.0429 -0.259015 100
0.920532 0.0564 -0.259097 100
0.920724 0.0698 -0.259151 100
0.920628 0.0832 -0.259124 100
0.920339 0.0967 -0.259042 100
0.919954 0.1102 -0.258934 100
0.921206 0.1239 -0.259286 100
0.921398 0.1375 -0.25934 100
0.921302 0.1512 -0.259313 100
0.923901 0.1654 -0.260045 100
0.926404 0.1797 -0.260749 100
0.926692 0.1938 -0.260831 100
0.925826 0.2076 -0.260587 100
0.924863 0.2215 -0.260316 100
0.928329 0.2366 -0.261291 100
0.919377 -0.2368 -0.258771 100
0.921591 -0.2091 -0.259395 100
0.924382 -0.1957 -0.26018 100
0.923131 -0.1815 -0.259828 100
0.919762 -0.1671 -0.25888 100
0.918125 -0.1531 -0.258419 100
0.919184 -0.1396 -0.258717 100
0.919954 -0.1261 -0.258934 100
0.919665 -0.1125 -0.258853 100
0.919184 -0.0989 -0.258717 100
0.919473 -0.0855 -0.258799 100
0.919569 -0.0721 -0.258826 100
0.919473 -0.0586 -0.258799 100
0.920147 -0.0453 -0.258988 100
0.920724 -0.0319 -0.259151 100
0.92005 -0.0185 -0.258961 100
0.924256 0.0055 -0.255798 100
0.92599 0.0189 -0.256278 100
0.924738 0.0323 -0.255931 100
0.924159 0.0457 -0.255771 100
0.924545 0.0725 -0.255878 100
0.925412 0.0861 -0.256118 100
0.925123 0.0995 -0.256038 100
0.923677 0.1129 -0.255638 100
0.923003 0.1264 -0.255451 100
0.923099 0.14 -0.255478 100
0.92493 0.154 -0.255984 100
0.927533 0.1682 -0.256705 100
0.927051 0.182 -0.256571 100
0.925509 0.1956 -0.256144 100
0.925605 0.2096 -0.256171 100
0.924545 0.2234 -0.255878 100
0.928014 0.2384 -0.256838 100
0.922617 -0.2361 -0.255344 100
0.921943 -0.2219 -0.255158 100
0.923003 -0.2081 -0.255451 100
0.920979 -0.1937 -0.254891 100
0.920593 -0.1798 -0.254784 100
0.921075 -0.1662 -0.254917 100
0.920304 -0.1524 -0.254704 100
0.920401 -0.1387 -0.254731 100
0.920208 -0.1252 -0.254677 100
0.919919 -0.1116 -0.254597 100
0.921364 -0.0983 -0.254997 100
0.921557 -0.0849 -0.255051 100
0.921654 -0.0715 -0.255078 100
0.921557 -0.0581 -0.255051 100
0.922328 -0.0447 -0.255264 100
0.921846 -0.0314 -0.255131 100
0.921172 -0.018 -0.254944 100
0.931533 0.0123 -0.247688 100
0.93134 0.0257 -0.247636 100
0.930857 0.0392 -0.247508 100
0.93221 0.0527 -0.247868 100
0.933273 0.0663 -0.24815 100
0.934239 0.08 -0.248407 100
0.935012 0.0936 -0.248613 100
0.937525 0.1076 -0.249281 100
0.938781 0.1215 -0.249615 100
0.938975 0.1353 -0.249666 100
0.938008 0.149 -0.249409 100
0.937815 0.1629 -0.249358 100
0.936462 0.1766 -0.248998 100
0.935012 0.1903 -0.248613 100
0.935206 0.2044 -0.248664 100
0.936075 0.2187 -0.248895 100
0.934916 0.2327 -0.248587 100
0.938201 0.2479 -0.249461 100
0.932016 -0.2366 -0.247816 100
0.932306 -0.2225 -0.247893 100
0.933273 -0.2086 -0.24815 100
0.934142 -0.1947 -0.248382 100
0.935689 -0.181 -0.248793 100
0.936172 -0.1671 -0.248921 100
0.936462 -0.1532 -0.248998 100
0.934529 -0.1391 -0.248484 100
0.933466 -0.1252 -0.248202 100
0.93221 -0.1114 -0.247868 100
0.931726 -0.0977 -0.247739 100
0.930953 -0.0841 -0.247534 100
0.930084 -0.0705 -0.247302 100
0.929987 -0.057 -0.247277 100
0.930663 -0.0435 -0.247456 100
0.93018 -0.0301 -0.247328 100
0.930567 -0.0166 -0.247431 100
0.934256 0.0034 -0.237618 100
0.936097 0.0169 -0.238086 100
0.935709 0.0304 -0.237988 100
0.936194 0.0439 -0.238111 100
0.936582 0.071 -0.23821 100
0.938423 0.0848 -0.238678 100
0.94104 0.0987 -0.239343 100
0.942493 0.1126 -0.239713 100
0.941815 0.1264 -0.239541 100
0.940943 0.1401 -0.239319 100
0.939974 0.1538 -0.239072 100
0.938714 0.1675 -0.238752 100
0.938326 0.1814 -0.238653 100
0.937648 0.1953 -0.238481 100
0.936776 0.2092 -0.238259 100
0.937648 0.2236 -0.238481 100
0.939198 0.2383 -0.238875 100
0.933577 -0.2367 -0.237445 100
0.934837 -0.2228 -0.237766 100
0.935903 -0.2089 -0.238037 100
0.936679 -0.1949 -0.238234 100
0.938326 -0.1812 -0.238653 100
0.939683 -0.1675 -0.238998 100
0.939005 -0.1535 -0.238826 100
0.939101 -0.1396 -0.23885 100
0.937066 -0.1255 -0.238333 100
0.934837 -0.1116 -0.237766 100
0.934256 -0.0979 -0.237618 100
0.935516 -0.0844 -0.237938 100
0.934643 -0.0707 -0.237717 100
0.933577 -0.0571 -0.237445 100
0.933287 -0.0436 -0.237371 100
0.933771 -0.0301 -0.237495 100
0.935128 -0.0167 -0.23784 100
0.95151 0.0096 -0.23037 100
0.951218 0.0232 -0.2303 100
0.951801 0.0368 -0.230441 100
0.951218 0.0504 -0.2303 100
0.950441 0.064 -0.230111 100
0.949469 0.0775 -0.229876 100
0.949371 0.0912 -0.229853 100
0.948983 0.1049 -0.229758 100
0.948399 0.1185 -0.229617 100
0.947719 0.1322 -0.229452 100
0.948691 0.1462 -0.229688 100
0.949566 0.1602 -0.2299 100
0.950149 0.1743 -0.230041 100
0.949566 0.1882 -0.2299 100
0.950732 0.2026 -0.230182 100
0.951704 0.217 -0.230417 100
0.950635 0.231 -0.230158 100
0.955883 0.2468 -0.231429 100
0.941013 -0.2296 -0.227829 100
0.942082 -0.2157 -0.228088 100
0.943929 -0.202 -0.228535 100
0.943734 -0.1879 -0.228488 100
0.943248 -0.1739 -0.22837 100
0.944609 -0.1602 -0.228699 100
0.94665 -0.1467 -0.229194 100
0.947622 -0.133 -0.229429 100
0.949274 -0.1195 -0.229829 100
0.949857 -0.1058 -0.22997 100
0.950246 -0.0921 -0.230064 100
0.950441 -0.0785 -0.230111 100
0.95219 -0.0513 -0.230535 100
0.951801 -0.0376 -0.230441 100
0.953162 -0.0241 -0.23077 100
0.953794 0.0091 -0.225116 100
0.954475 0.0227 -0.225277 100
0.955059 0.0364 -0.225414 100
0.955448 0.0502 -0.225506 100
0.95467 0.0638 -0.225323 100
0.95467 0.0776 -0.225323 100
0.955546 0.0914 -0.225529 100
0.955157 0.1052 -0.225437 100
0.954572 0.119 -0.2253 100
0.952918 0.1326 -0.224909 100
0.951945 0.1464 -0.224679 100
0.95175 0.1603 -0.224633 100
0.952431 0.1745 -0.224794 100
0.950874 0.1883 -0.224427 100
0.950193 0.2023 -0.224266 100
0.951166 0.2167 -0.224496 100
0.951847 0.2312 -0.224656 100
0.960023 0.2478 -0.226586 100
0.945911 -0.2394 -0.223255 100
0.94338 -0.2245 -0.222658 100
0.945424 -0.2108 -0.22314 100
0.944353 -0.1964 -0.222888 100
0.944061 -0.1824 -0.222819 100
0.945521 -0.1687 -0.223163 100
0.946689 -0.1549 -0.223439 100
0.948733 -0.1414 -0.223921 100
0.948636 -0.1275 -0.223898 100
0.948344 -0.1137 -0.223829 100
0.949804 -0.1001 -0.224174 100
0.950096 -0.0864 -0.224243 100
0.950193 -0.0727 -0.224266 100
0.950096 -0.0591 -0.224243 100
0.950777 -0.0455 -0.224404 100
0.952334 -0.0319 -0.224771 100
0.954572 -0.0183 -0.2253 100
0.959014 0.0003 -0.224758 100
0.959891 0.0141 -0.224964 100
0.959599 0.0278 -0.224895 100
0.960085 0.0415 -0.225009 100
0.960475 0.0553 -0.2251 100
0.959599 0.069 -0.224895 100
0.960475 0.0829 -0.2251 100
0.961254 0.0968 -0.225283 100
0.961741 0.1108 -0.225397 100
0.961156 0.1246 -0.22526 100
0.961254 0.1386 -0.225283 100
0.961254 0.1527 -0.225283 100
0.960962 0.1667 -0.225215 100
0.961546 0.181 -0.225351 100
0.963688 0.1957 -0.225853 100
0.964759 0.2103 -0.226104 100
0.963785 0.2245 -0.225876 100
0.965343 0.2394 -0.226241 100
0.958528 -0.2301 -0.224644 100
0.957749 -0.2155 -0.224462 100
0.956678 -0.201 -0.224211 100
0.957457 -0.187 -0.224393 100
0.95697 -0.1727 -0.224279 100
0.956386 -0.1586 -0.224142 100
0.957457 -0.1447 -0.224393 100
0.958333 -0.1309 -0.224598 100
0.958138 -0.117 -0.224553 100
0.958625 -0.1032 -0.224667 100
0.958041 -0.0893 -0.22453 100
0.957165 -0.0754 -0.224325 100
0.958138 -0.0617 -0.224553 100
0.959793 -0.0481 -0.224941 100
0.959404 -0.0343 -0.224849 100
0.957846 -0.0206 -0.224484 100
0.963492 0.0076 -0.21413 100
0.962321 0.0213 -0.21387 100
0.962906 0.0351 -0.214 100
0.963297 0.0489 -0.214087 100
0.962516 0.0626 -0.213913 100
0.962516 0.0765 -0.213913 100
0.962418 0.0903 -0.213892 100
0.963004 0.1042 -0.214022 100
0.963395 0.1182 -0.214109 100
0.963687 0.1322 -0.214174 100
0.964664 0.1464 -0.214391 100
0.964468 0.1605 -0.214347 100
0.965152 0.1748 -0.214499 100
0.968373 0.1897 -0.215215 100
0.970521 0.2045 -0.215692 100
0.970521 0.219 -0.215692 100
0.967397 0.2328 -0.214998 100
0.967006 0.2474 -0.214911 100
0.964761 -0.24 -0.214412 100
0.961247 -0.2247 -0.213631 100
0.962321 -0.2105 -0.21387 100
0.960271 -0.1957 -0.213414 100
0.959978 -0.1815 -0.213349 100
0.960466 -0.1674 -0.213458 100
0.961637 -0.1535 -0.213718 100
0.961735 -0.1395 -0.21374 100
0.959685 -0.1252 -0.213284 100
0.959295 -0.1113 -0.213198 100
0.960759 -0.0976 -0.213523 100
0.960954 -0.0838 -0.213566 100
0.961052 -0.07 -0.213588 100
0.960954 -0.0562 -0.213566 100
0.960661 -0.0424 -0.213501 100
0.961149 -0.0287 -0.21361 100
0.962418 -0.015 -0.213892 100
0.975931 0.0056 -0.203883 100
0.975735 0.0195 -0.203842 100
0.976322 0.0334 -0.203964 100
0.977791 0.0474 -0.204271 100
0.977008 0.0613 -0.204108 100
0.977105 0.0753 -0.204128 100
0.977889 0.0894 -0.204292 100
0.978574 0.1035 -0.204435 100
0.982881 0.1181 -0.205334 100
0.985034 0.1327 -0.205784 100
0.984055 0.1468 -0.20558 100
0.979748 0.1748 -0.20468 100
0.978182 0.1889 -0.204353 100
0.978378 0.2034 -0.204394 100
0.980336 0.2184 -0.204803 100
0.978182 0.2326 -0.204353 100
0.98151 0.2482 -0.205048 100
0.974854 -0.2294 -0.203658 100
0.97505 -0.2149 -0.203699 100
0.975931 -0.2006 -0.203883 100
0.976714 -0.1863 -0.204046 100
0.978182 -0.1722 -0.204353 100
0.978476 -0.1579 -0.204414 100
0.978574 -0.1437 -0.204435 100
0.974658 -0.129 -0.203617 100
0.973386 -0.1147 -0.203351 100
0.973875 -0.1007 -0.203453 100
0.974169 -0.0868 -0.203514 100
0.975246 -0.0729 -0.203739 100
0.975246 -0.0589 -0.203739 100
0.973973 -0.0449 -0.203474 100
0.972505 -0.031 -0.203167 100
0.974854 -0.0172 -0.203658 100
0.976692 0.0092 -0.195162 100
0.977379 0.0231 -0.1953 100
0.978948 0.037 -0.195613 100
0.97934 0.051 -0.195691 100
0.979536 0.065 -0.195731 100
0.978359 0.0928 -0.195495 100
0.979928 0.107 -0.195809 100
0.982282 0.1214 -0.196279 100
0.982478 0.1356 -0.196318 100
0.98336 0.15 -0.196495 100
0.983164 0.1643 -0.196456 100
0.982772 0.1786 -0.196377 100
0.982184 0.1929 -0.19626 100
0.981399 0.2072 -0.196103 100
0.982282 0.222 -0.196279 100
0.980124 0.2361 -0.195848 100
0.973554 -0.2342 -0.194535 100
0.974731 -0.2199 -0.19477 100
0.976594 -0.2058 -0.195143 100
0.977477 -0.1916 -0.195319 100
0.978948 -0.1775 -0.195613 100
0.978457 -0.1631 -0.195515 100
0.976692 -0.1486 -0.195162 100
0.974731 -0.1342 -0.19477 100
0.974535 -0.1201 -0.194731 100
0.974143 -0.1061 -0.194653 100
0.974437 -0.0921 -0.194712 100
0.974633 -0.0782 -0.194751 100
0.975614 -0.0644 -0.194947 100
0.976398 -0.0505 -0.195104 100
0.976986 -0.0366 -0.195221 100
0.977379 -0.0228 -0.1953 100
0.998103 0.0035 -0.189857 100
0.997907 0.0177 -0.189819 100
0.998595 0.0319 -0.18995 100
0.998103 0.046 -0.189857 100
0.997317 0.0602 -0.189707 100
0.995451 0.0743 -0.189352 100
0.995255 0.0885 -0.189315 100
0.995942 0.1028 -0.189446 100
0.997416 0.1172 -0.189726 100
0.998595 0.1317 -0.18995 100
0.999577 0.1463 -0.190137 100
1.00135 0.1611 -0.190473 100
1.00105 0.1756 -0.190417 100
1.00046 0.1902 -0.190305 100
1.00164 0.2051 -0.19053 100
1.00154 0.2199 -0.190511 100
1.00518 0.2357 -0.191202 100
0.989262 -0.2392 -0.188175 100
0.990539 -0.2247 -0.188418 100
0.991521 -0.2102 -0.188605 100
0.991423 -0.1956 -0.188586 100
0.990146 -0.1808 -0.188343 100
0.990637 -0.1664 -0.188437 100
0.991816 -0.1522 -0.188661 100
0.992798 -0.138 -0.188848 100
0.993683 -0.1238 -0.189016 100
0.99329 -0.1094 -0.188941 100
0.993683 -0.0953 -0.189016 100
0.993977 -0.0811 -0.189072 100
0.993977 -0.0669 -0.189072 100
0.994763 -0.0528 -0.189221 100
0.996433 -0.0387 -0.189539 100
0.996826 -0.0246 -0.189614 100
0.99877 0.0035 -0.180787 100
0.999557 0.0177 -0.18093 100
1.00025 0.0319 -0.181054 100
0.999754 0.0461 -0.180965 100
0.999951 0.0603 -0.181001 100
0.999065 0.0745 -0.18084 100
0.997884 0.0887 -0.180627 100
0.998573 0.103 -0.180751 100
0.998967 0.1174 -0.180823 100
1.00025 0.1319 -0.181054 100
1.00221 0.1467 -0.18141 100
1.003 0.1614 -0.181553 100
1.00162 0.1757 -0.181304 100
1.00399 0.1908 -0.181731 100
1.00802 0.2064 -0.182461 100
1.00507 0.2207 -0.181927 100
1.00674 0.2361 -0.18223 100
0.992275 -0.2288 -0.179611 100
0.992374 -0.2141 -0.179629 100
0.992374 -0.1994 -0.179629 100
0.992079 -0.1848 -0.179576 100
0.992571 -0.1703 -0.179665 100
0.992866 -0.1559 -0.179718 100
0.992964 -0.1416 -0.179736 100
0.99385 -0.1274 -0.179896 100
0.994538 -0.1131 -0.180021 100
0.996015 -0.099 -0.180288 100
0.99631 -0.0848 -0.180342 100
0.99631 -0.0706 -0.180342 100
0.997195 -0.0565 -0.180502 100
0.997884 -0.0423 -0.180627 100
0.997392 -0.0281 -0.180538 100
1.006 0.0111 -0.179558 100
1.00679 0.0253 -0.179699 100
1.0063 0.0396 -0.179611 100
1.00669 0.0539 -0.179681 100
1.00777 0.0683 -0.179875 100
1.00679 0.0826 -0.179699 100
1.00551 0.0968 -0.179471 100
1.00512 0.1111 -0.1794 100
1.00541 0.1256 -0.179453 100
1.00748 0.1404 -0.179822 100
1.00738 0.1549 -0.179804 100
1.00807 0.1697 -0.179927 100
1.00955 0.1847 -0.180191 100
1.00984 0.1995 -0.180244 100
1.00895 0.2142 -0.180086 100
1.00679 0.2287 -0.179699 100
1.00649 0.2436 -0.179646 100
1.00482 -0.2284 -0.179348 100
1.00699 -0.214 -0.179734 100
1.00492 -0.1987 -0.179365 100
1.00374 -0.1838 -0.179154 100
1.00423 -0.1692 -0.179242 100
1.00541 -0.1548 -0.179453 100
1.00551 -0.1403 -0.179471 100
1.00541 -0.1258 -0.179453 100
1.00502 -0.1113 -0.179383 100
1.00551 -0.097 -0.179471 100
1.00482 -0.0826 -0.179348 100
1.00384 -0.0682 -0.179172 100
1.00571 -0.054 -0.179506 100
1.0063 -0.0398 -0.179611 100
1.00482 -0.0255 -0.179348 100
1.00963 0.0073 -0.170947 100
1.00746 0.0215 -0.17058 100
1.00805 0.0358 -0.17068 100
1.00943 0.0501 -0.170914 100
1.00864 0.0644 -0.17078 100
1.00963 0.0787 -0.170947 100
1.01042 0.0932 -0.171081 100
1.01101 0.1076 -0.171181 100
1.01042 0.122 -0.171081 100
1.00864 0.1363 -0.17078 100
1.00766 0.1506 -0.170614 100
1.01032 0.1656 -0.171064 100
1.01279 0.1807 -0.171482 100
1.01407 0.1958 -0.171699 100
1.01229 0.2103 -0.171398 100
1.01022 0.2247 -0.171048 100
1.00993 0.2397 -0.170997 100
1.00411 -0.2297 -0.170013 100
1.00618 -0.2153 -0.170363 100
1.00421 -0.2001 -0.170029 100
1.00302 -0.1852 -0.169829 100
1.00352 -0.1707 -0.169912 100
1.00381 -0.1562 -0.169962 100
1.0049 -0.1419 -0.170146 100
1.00578 -0.1276 -0.170296 100
1.00638 -0.1133 -0.170396 100
1.00687 -0.099 -0.17048 100
1.00717 -0.0846 -0.17053 100
1.00726 -0.0704 -0.170547 100
1.00519 -0.056 -0.170196 100
1.00578 -0.0418 -0.170296 100
1.00726 -0.0276 -0.170547 100
1.02154 0.0139 -0.15942 100
1.02223 0.0284 -0.159528 100
1.02272 0.0428 -0.159605 100
1.02499 0.0575 -0.15996 100
1.02904 0.0723 -0.160592 100
1.02993 0.087 -0.160731 100
1.02964 0.1016 -0.160685 100
1.02707 0.1161 -0.160284 100
1.02638 0.1307 -0.160176 100
1.02648 0.1455 -0.160191 100
1.02727 0.1604 -0.160315 100
1.02786 0.1754 -0.160407 100
1.02825 0.1905 -0.160469 100
1.02845 0.2056 -0.1605 100
1.02845 0.2207 -0.1605 100
1.02816 0.2359 -0.160453 100
1.01847 -0.2337 -0.158942 100
1.02065 -0.219 -0.159281 100
1.02163 -0.2042 -0.159436 100
1.02242 -0.1894 -0.159559 100
1.02302 -0.1746 -0.159652 100
1.0243 -0.16 -0.159852 100
1.02549 -0.1453 -0.160037 100
1.02638 -0.1307 -0.160176 100
1.02707 -0.1161 -0.160284 100
1.02569 -0.1012 -0.160068 100
1.02401 -0.0865 -0.159806 100
1.0241 -0.0719 -0.159821 100
1.02401 -0.0574 -0.159806 100
1.02371 -0.0429 -0.159759 100
1.02285 0.0009 -0.151407 100
1.02375 0.0153 -0.151539 100
1.02543 0.0298 -0.151788 100
1.02592 0.0443 -0.151861 100
1.0281 0.0589 -0.152183 100
1.03017 0.0736 -0.15249 100
1.03008 0.0882 -0.152476 100
1.02968 0.1028 -0.152417 100
1.02919 0.1174 -0.152344 100
1.02938 0.1322 -0.152373 100
1.02948 0.1469 -0.152388 100
1.02928 0.1617 -0.152359 100
1.02889 0.1765 -0.1523 100
1.02928 0.1916 -0.152359 100
1.02948 0.2066 -0.152388 100
1.02849 0.2215 -0.152242 100
1.02147 -0.2302 -0.151202 100
1.02167 -0.2152 -0.151231 100
1.02167 -0.2002 -0.151231 100
1.02137 -0.1853 -0.151187 100
1.02187 -0.1705 -0.15126 100
1.02414 -0.1561 -0.151597 100
1.02622 -0.1417 -0.151905 100
1.02711 -0.1271 -0.152037 100
1.02572 -0.1123 -0.151832 100
1.02325 -0.0974 -0.151465 100
1.02157 -0.0828 -0.151217 100
1.02157 -0.0683 -0.151217 100
1.02246 -0.0539 -0.151348 100
1.02305 -0.0395 -0.151436 100
1.02454 -0.0251 -0.151656 100
1.04319 0.002 -0.135857 100
1.04408 0.0167 -0.135973 100
1.04468 0.0313 -0.136051 100
1.04319 0.046 -0.135857 100
1.04349 0.0607 -0.135896 100
1.04349 0.0754 -0.135896 100
1.04339 0.0901 -0.135883 100
1.04299 0.1048 -0.135831 100
1.04339 0.1197 -0.135883 100
1.0426 0.1344 -0.13578 100
1.04359 0.1494 -0.135909 100
1.04736 0.165 -0.1364 100
1.05083 0.1807 -0.136852 100
1.05112 0.196 -0.13689 100
1.04934 0.2109 -0.136658 100
1.04825 0.226 -0.136516 100
1.05083 0.242 -0.136852 100
1.03863 -0.2285 -0.135263 100
1.04071 -0.2137 -0.135534 100
1.03764 -0.198 -0.135134 100
1.03635 -0.1827 -0.134966 100
1.03585 -0.1677 -0.134901 100
1.03714 -0.153 -0.135069 100
1.03912 -0.1384 -0.135328 100
1.03893 -0.1236 -0.135302 100
1.04061 -0.109 -0.135521 100
1.04101 -0.0943 -0.135573 100
1.0422 -0.0797 -0.135728 100
1.04319 -0.0651 -0.135857 100
1.04398 -0.0504 -0.13596 100
1.04458 -0.0358 -0.136038 100
1.04398 -0.0211 -0.13596 100
1.04323 0.0037 -0.127538 100
1.04303 0.0183 -0.127514 100
1.04373 0.033 -0.127599 100
1.04413 0.0477 -0.127648 100
1.04442 0.0624 -0.127684 100
1.04442 0.0771 -0.127684 100
1.04522 0.0919 -0.127781 100
1.04581 0.1068 -0.127854 100
1.04522 0.1215 -0.127781 100
1.04542 0.1364 -0.127805 100
1.04641 0.1515 -0.127927 100
1.0481 0.1668 -0.128133 100
1.05058 0.1824 -0.128436 100
1.05187 0.1978 -0.128594 100
1.05197 0.2131 -0.128606 100
1.05088 0.2283 -0.128473 100
1.05246 0.2441 -0.128667 100
1.03906 -0.2355 -0.127029 100
1.04224 -0.2209 -0.127417 100
1.04035 -0.2053 -0.127187 100
1.03916 -0.19 -0.127041 100
1.03976 -0.1751 -0.127114 100
1.04006 -0.1601 -0.12715 100
1.03926 -0.1451 -0.127053 100
1.03916 -0.1303 -0.127041 100
1.04085 -0.1157 -0.127247 100
1.04145 -0.101 -0.12732 100
1.04075 -0.0862 -0.127235 100
1.04284 -0.0717 -0.12749 100
1.04373 -0.057 -0.127599 100
1.04333 -0.0423 -0.127551 100
1.04284 -0.0277 -0.12749 100
1.05786 0.0132 -0.122212 100
1.05856 0.0281 -0.122292 100
1.05806 0.043 -0.122235 100
1.05836 0.058 -0.122269 100
1.06144 0.0731 -0.122625 100
1.06432 0.0884 -0.122958 100
1.06591 0.1036 -0.123142 100
1.06442 0.1186 -0.122969 100
1.06363 0.1337 -0.122878 100
1.06363 0.149 -0.122878 100
1.06343 0.1642 -0.122855 100
1.06392 0.1797 -0.122912 100
1.06432 0.1952 -0.122958 100
1.06442 0.2107 -0.122969 100
1.06233 0.2259 -0.122728 100
1.06392 0.2419 -0.122912 100
1.05478 -0.2326 -0.121856 100
1.05697 -0.2176 -0.122109 100
1.05598 -0.2019 -0.121994 100
1.05667 -0.1867 -0.122074 100
1.05826 -0.1716 -0.122258 100
1.05955 -0.1566 -0.122407 100
1.05866 -0.1413 -0.122304 100
1.05558 -0.1258 -0.121948 100
1.05518 -0.1107 -0.121902 100
1.05469 -0.0956 -0.121845 100
1.05488 -0.0807 -0.121868 100
1.05399 -0.0657 -0.121764 100
1.05379 -0.0508 -0.121741 100
1.05538 -0.036 -0.121925 100
1.05578 -0.0212 -0.121971 100
1.05714 0.0004 -0.111483 100
1.05704 0.0152 -0.111472 100
1.05674 0.03 -0.111441 100
1.05724 0.0449 -0.111493 100
1.06042 0.0599 -0.111829 100
1.06251 0.075 -0.112049 100
1.06231 0.09 -0.112028 100
1.06291 0.1051 -0.112091 100
1.0644 0.1203 -0.112248 100
1.0646 0.1355 -0.112269 100
1.06549 0.1508 -0.112364 100
1.06629 0.1662 -0.112448 100
1.06678 0.1817 -0.1125 100
1.06708 0.1972 -0.112532 100
1.06619 0.2125 -0.112437 100
1.06509 0.2279 -0.112322 100
1.06569 0.2437 -0.112385 100
1.05744 -0.2307 -0.111514 100
1.06052 -0.2158 -0.111839 100
1.06042 -0.2004 -0.111829 100
1.06022 -0.185 -0.111808 100
1.06072 -0.1698 -0.11186 100
1.06291 -0.1549 -0.112091 100
1.06201 -0.1395 -0.111997 100
1.05793 -0.1239 -0.111567 100
1.05654 -0.1088 -0.11142 100
1.05604 -0.0938 -0.111367 100
1.05425 -0.0787 -0.111179 100
1.05425 -0.0639 -0.111179 100
1.05604 -0.0491 -0.111367 100
1.05654 -0.0343 -0.11142 100
1.05793 -0.0195 -0.111567 100
1.07688 0.0123 -0.104071 100
1.07768 0.0274 -0.104148 100
1.07818 0.0426 -0.104196 100
1.07848 0.0578 -0.104225 100
1.07848 0.0731 -0.104225 100
1.07838 0.0883 -0.104216 100
1.07708 0.1035 -0.104091 100
1.07748 0.1188 -0.104129 100
1.07768 0.1342 -0.104148 100
1.07867 0.1497 -0.104245 100
1.07848 0.1652 -0.104225 100
1.07997 0.181 -0.10437 100
1.08325 0.1972 -0.104687 100
1.08425 0.2132 -0.104783 100
1.08216 0.2286 -0.104581 100
1.08276 0.2447 -0.104639 100
1.06753 -0.2305 -0.103167 100
1.06773 -0.2149 -0.103186 100
1.07061 -0.1998 -0.103465 100
1.07131 -0.1844 -0.103533 100
1.07181 -0.169 -0.103581 100
1.0731 -0.1538 -0.103706 100
1.0731 -0.1384 -0.103706 100
1.073 -0.1231 -0.103696 100
1.0736 -0.1079 -0.103754 100
1.073 -0.0926 -0.103696 100
1.0732 -0.0775 -0.103716 100
1.0742 -0.0624 -0.103812 100
1.07499 -0.0473 -0.103889 100
1.07549 -0.0321 -0.103937 100
1.0739 -0.017 -0.103783 100
1.07881 0.0106 -0.0940044 100
1.07961 0.0257 -0.0940738 100
1.07811 0.0408 -0.0939436 100
1.07752 0.056 -0.0938915 100
1.07762 0.0711 -0.0939002 100
1.07851 0.0864 -0.0939783 100
1.07811 0.1016 -0.0939436 100
1.07861 0.1169 -0.093987 100
1.07981 0.1324 -0.0940912 100
1.07891 0.1477 -0.0940131 100
1.07772 0.163 -0.0939089 100
1.07931 0.1787 -0.0940478 100
1.0826 0.1949 -0.0943343 100
1.08369 0.2108 -0.0944297 100
1.0816 0.2262 -0.0942475 100
1.0812 0.242 -0.0942127 100
1.07204 -0.2279 -0.0934141 100
1.07413 -0.2127 -0.0935964 100
1.07503 -0.1972 -0.0936745 100
1.07572 -0.1818 -0.0937353 100
1.07622 -0.1664 -0.0937787 100
1.07742 -0.1511 -0.0938829 100
1.07742 -0.1358 -0.0938829 100
1.07722 -0.1204 -0.0938655 100
1.07782 -0.1052 -0.0939176 100
1.07722 -0.0899 -0.0938655 100
1.07632 -0.0747 -0.0937874 100
1.07732 -0.0595 -0.0938742 100
1.07901 -0.0445 -0.0940217 100
1.07951 -0.0293 -0.0940652 100
1.09046 0.0101 -0.087928 100
1.09116 0.0254 -0.0879842 100
1.09265 0.0407 -0.0881048 100
1.09305 0.0561 -0.0881369 100
1.09216 0.0714 -0.0880646 100
1.09405 0.0869 -0.0882173 100
1.09664 0.1025 -0.0884263 100
1.09814 0.1182 -0.0885468 100
1.09834 0.1338 -0.0885629 100
1.09734 0.1493 -0.0884825 100
1.09614 0.1648 -0.0883861 100
1.09674 0.1806 -0.0884343 100
1.09804 0.1966 -0.0885388 100
1.09714 0.2123 -0.0884665 100
1.09704 0.2283 -0.0884584 100
1.10053 0.2451 -0.0887397 100
1.08867 -0.2293 -0.0877833 100
1.08877 -0.2135 -0.0877913 100
1.09066 -0.1981 -0.087944 100
1.09036 -0.1823 -0.0879199 100
1.09186 -0.1669 -0.0880405 100
1.09305 -0.1514 -0.0881369 100
1.09106 -0.1356 -0.0879762 100
1.08787 -0.1198 -0.087719 100
1.08747 -0.1044 -0.0876868 100
1.08687 -0.089 -0.0876386 100
1.08697 -0.0737 -0.0876466 100
1.08887 -0.0585 -0.0877994 100
1.08956 -0.0433 -0.0878556 100
1.09006 -0.028 -0.0878958 100
1.09349 0.0063 -0.0741631 100
1.09429 0.0216 -0.0742172 100
1.09488 0.037 -0.0742578 100
1.09528 0.0523 -0.0742849 100
1.09738 0.0678 -0.074427 100
1.10027 0.0835 -0.0746232 100
1.10107 0.099 -0.0746773 100
1.10057 0.1145 -0.0746435 100
1.09987 0.13 -0.0745961 100
1.09888 0.1455 -0.0745285 100
1.09778 0.161 -0.074454 100
1.09738 0.1767 -0.074427 100
1.09878 0.1927 -0.0745217 100
1.09987 0.2088 -0.0745961 100
1.09788 0.2243 -0.0744608 100
1.09658 0.2401 -0.0743728 100
1.0866 -0.2294 -0.0736962 100
1.0887 -0.214 -0.0738383 100
1.0896 -0.1984 -0.0738992 100
1.0903 -0.1828 -0.0739465 100
1.09179 -0.1673 -0.074048 100
1.09299 -0.1519 -0.0741292 100
1.09299 -0.1364 -0.0741292 100
1.0899 -0.1205 -0.0739195 100
1.0885 -0.105 -0.0738247 100
1.0878 -0.0896 -0.0737774 100
1.089 -0.0744 -0.0738586 100
1.0899 -0.0591 -0.0739195 100
1.09059 -0.0439 -0.0739668 100
1.09109 -0.0286 -0.0740007 100
1.11126 0.0126 -0.0603783 100
1.11196 0.0282 -0.0604162 100
1.11146 0.0437 -0.0603891 100
1.11176 0.0593 -0.0604054 100
1.11186 0.075 -0.0604108 100
1.11166 0.0906 -0.0604 100
1.11226 0.1063 -0.0604325 100
1.11266 0.1221 -0.0604542 100
1.11286 0.1379 -0.0604651 100
1.11376 0.1539 -0.0605139 100
1.11545 0.17 -0.0606061 100
1.11795 0.1864 -0.0607418 100
1.11915 0.2028 -0.0608069 100
1.11715 0.2186 -0.0606984 100
1.11506 0.2344 -0.0605844 100
1.11056 -0.2363 -0.0603403 100
1.10487 -0.219 -0.060031 100
1.10487 -0.203 -0.060031 100
1.10567 -0.1872 -0.0600744 100
1.10517 -0.1712 -0.0600473 100
1.10547 -0.1555 -0.0600636 100
1.10657 -0.1399 -0.0601233 100
1.10647 -0.1241 -0.0601178 100
1.10607 -0.1085 -0.0600961 100
1.10547 -0.0928 -0.0600636 100
1.10667 -0.0773 -0.0601287 100
1.10866 -0.0619 -0.0602372 100
1.10837 -0.0463 -0.0602209 100
1.10896 -0.0308 -0.0602535 100
1.11086 0.0016 -0.0504436 100
1.11076 0.0171 -0.0504391 100
1.11135 0.0326 -0.0504663 100
1.11185 0.0482 -0.050489 100
1.11106 0.0637 -0.0504527 100
1.11106 0.0793 -0.0504527 100
1.11185 0.095 -0.050489 100
1.11135 0.1106 -0.0504663 100
1.11175 0.1263 -0.0504845 100
1.11285 0.1422 -0.0505344 100
1.11365 0.1582 -0.0505707 100
1.11535 0.1744 -0.0506478 100
1.11775 0.1908 -0.0507566 100
1.11785 0.2069 -0.0507612 100
1.11585 0.2227 -0.0506705 100
1.11365 0.2385 -0.0505707 100
1.10296 -0.236 -0.0500853 100
1.10216 -0.2198 -0.050049 100
1.10416 -0.2042 -0.0501397 100
1.10596 -0.1886 -0.0502214 100
1.10646 -0.1728 -0.050244 100
1.10576 -0.1569 -0.0502123 100
1.10586 -0.1412 -0.0502168 100
1.10576 -0.1255 -0.0502123 100
1.10646 -0.1099 -0.050244 100
1.10686 -0.0944 -0.0502622 100
1.10806 -0.0789 -0.0503166 100
1.10806 -0.0633 -0.0503166 100
1.10886 -0.0479 -0.0503529 100
1.10836 -0.0323 -0.0503302 100
1.10976 -0.0169 -0.0503937 100
1.12544 0.0028 -0.0355649 100
1.12624 0.0185 -0.0355902 100
1.12794 0.0344 -0.0356439 100
1.13034 0.0503 -0.0357197 100
1.13253 0.0663 -0.0357892 100
1.13243 0.0822 -0.035786 100
1.13323 0.0982 -0.0358113 100
1.13273 0.1142 -0.0357955 100
1.13194 0.1301 -0.0357702 100
1.13203 0.1462 -0.0357734 100
1.13183 0.1623 -0.0357671 100
1.13243 0.1786 -0.035786 100
1.13373 0.1951 -0.0358271 100
1.13293 0.2114 -0.0358018 100
1.13183 0.2276 -0.0357671 100
1.13533 0.2449 -0.0358776 100
1.11984 -0.236 -0.0353881 100
1.11914 -0.2195 -0.035366 100
1.12114 -0.2037 -0.0354291 100
1.12284 -0.1878 -0.0354828 100
1.12434 -0.1719 -0.0355302 100
1.12564 -0.156 -0.0355713 100
1.12384 -0.1397 -0.0355144 100
1.12064 -0.1234 -0.0354133 100
1.12034 -0.1075 -0.0354039 100
1.12164 -0.0918 -0.0354449 100
1.12184 -0.0761 -0.0354512 100
1.12184 -0.0603 -0.0354512 100
1.12254 -0.0446 -0.0354733 100
1.12404 -0.0289 -0.0355207 100
1.12655 0.0136 -0.0279259 100
1.12625 0.0293 -0.0279184 100
1.12775 0.0451 -0.0279556 100
1.13105 0.061 -0.0280374 100
1.13305 0.077 -0.0280869 100
1.13285 0.0929 -0.028082 100
1.13345 0.1089 -0.0280969 100
1.13475 0.125 -0.0281291 100
1.13395 0.141 -0.0281092 100
1.13285 0.1569 -0.028082 100
1.13255 0.173 -0.0280746 100
1.13295 0.1893 -0.0280845 100
1.13315 0.2056 -0.0280894 100
1.13215 0.2218 -0.0280646 100
1.13485 0.2388 -0.0281315 100
1.12216 -0.2308 -0.0278168 100
1.12335 -0.2148 -0.0278466 100
1.12525 -0.1989 -0.0278936 100
1.12595 -0.1829 -0.027911 100
1.12635 -0.1668 -0.0279209 100
1.12755 -0.151 -0.0279506 100
1.12665 -0.1349 -0.0279283 100
1.12535 -0.1188 -0.0278961 100
1.12595 -0.103 -0.027911 100
1.12625 -0.0872 -0.0279184 100
1.12435 -0.0713 -0.0278713 100
1.12425 -0.0556 -0.0278689 100
1.12495 -0.0399 -0.0278862 100
1.12535 -0.0242 -0.0278961 100
1.14565 0.0148 -0.0239979 100
1.14735 0.0309 -0.0240335 100
1.14775 0.0469 -0.0240419 100
1.14805 0.063 -0.0240482 100
1.14805 0.0791 -0.0240482 100
1.14785 0.0952 -0.024044 100
1.14835 0.1115 -0.0240545 100
1.14865 0.1277 -0.0240607 100
1.15075 0.1442 -0.0241047 100
1.15355 0.161 -0.0241634 100
1.15415 0.1776 -0.0241759 100
1.15255 0.1938 -0.0241424 100
1.15175 0.2103 -0.0241257 100
1.15255 0.2271 -0.0241424 100
1.13585 -0.2389 -0.0237927 100
1.13715 -0.2226 -0.0238199 100
1.13525 -0.2058 -0.0237801 100
1.13605 -0.1896 -0.0237969 100
1.13755 -0.1736 -0.0238283 100
1.13795 -0.1574 -0.0238367 100
1.13805 -0.1412 -0.0238388 100
1.13785 -0.1251 -0.0238346 100
1.13955 -0.1092 -0.0238702 100
1.13995 -0.0932 -0.0238786 100
1.14115 -0.0772 -0.0239037 100
1.14215 -0.0613 -0.0239246 100
1.14185 -0.0453 -0.0239183 100
1.14235 -0.0293 -0.0239288 100
1.14193 0.0076 -0.0123574 100
1.14273 0.0235 -0.012366 100
1.14323 0.0394 -0.0123715 100
1.14363 0.0554 -0.0123758 100
1.14373 0.0714 -0.0123769 100
1.14463 0.0875 -0.0123866 100
1.14623 0.1037 -0.0124039 100
1.14673 0.1198 -0.0124093 100
1.14593 0.1359 -0.0124007 100
1.14593 0.1521 -0.0124007 100
1.14763 0.1686 -0.0124191 100
1.15013 0.1854 -0.0124461 100
1.15033 0.2019 -0.0124483 100
1.15033 0.2184 -0.0124483 100
1.14923 0.2348 -0.0124364 100
1.14333 -0.2384 -0.0123725 100
1.13873 -0.221 -0.0123228 100
1.13873 -0.2046 -0.0123228 100
1.13753 -0.188 -0.0123098 100
1.13803 -0.1719 -0.0123152 100
1.13933 -0.1559 -0.0123293 100
1.14043 -0.1399 -0.0123412 100
1.14123 -0.1239 -0.0123498 100
1.13983 -0.1077 -0.0123347 100
1.14023 -0.0917 -0.012339 100
1.14143 -0.0758 -0.012352 100
1.14133 -0.0599 -0.0123509 100
1.14113 -0.044 -0.0123487 100
1.14163 -0.0281 -0.0123541 100
1.16596 0.0083 0.0101751 100
1.16566 0.0246 0.0101725 100
1.16526 0.0409 0.010169 100
1.16456 0.0571 0.0101629 100
1.16566 0.0735 0.0101725 100
1.16646 0.0899 0.0101795 100
1.16616 0.1062 0.0101769 100
1.16456 0.1225 0.0101629 100
1.16466 0.1389 0.0101638 100
1.16566 0.1556 0.0101725 100
1.16626 0.1723 0.0101778 100
1.16876 0.1893 0.0101996 100
1.16996 0.2063 0.01021 100
1.16986 0.2231 0.0102092 100
1.17546 0.2412 0.010258 100
1.15656 -0.2286 0.0100931 100
1.15766 -0.2121 0.0101027 100
1.15956 -0.1957 0.0101193 100
1.16016 -0.1792 0.0101245 100
1.15966 -0.1626 0.0101202 100
1.16076 -0.1463 0.0101298 100
1.16266 -0.1301 0.0101463 100
1.16146 -0.1136 0.0101359 100
1.15886 -0.097 0.0101132 100
1.16116 -0.0809 0.0101333 100
1.16416 -0.0648 0.0101594 100
1.16496 -0.0486 0.0101664 100
1.16556 -0.0323 0.0101716 100
1.16289 0.0071 0.016238 100
1.16269 0.0233 0.0162352 100
1.16419 0.0396 0.0162562 100
1.16459 0.0559 0.0162618 100
1.16569 0.0723 0.0162771 100
1.16649 0.0887 0.0162883 100
1.16719 0.1052 0.0162981 100
1.16759 0.1217 0.0163036 100
1.16779 0.1382 0.0163064 100
1.16869 0.1549 0.016319 100
1.17039 0.1718 0.0163427 100
1.16879 0.1882 0.0163204 100
1.16809 0.2049 0.0163106 100
1.16799 0.2217 0.0163092 100
1.16679 0.2384 0.0162925 100
1.15339 -0.239 0.0161054 100
1.15369 -0.2224 0.0161096 100
1.15469 -0.2059 0.0161235 100
1.15749 -0.1897 0.0161626 100
1.15899 -0.1734 0.0161836 100
1.15929 -0.1569 0.0161878 100
1.15839 -0.1404 0.0161752 100
1.15929 -0.1241 0.0161878 100
1.15989 -0.1078 0.0161961 100
1.16129 -0.0916 0.0162157 100
1.16249 -0.0754 0.0162324 100
1.16139 -0.059 0.0162171 100
1.16109 -0.0428 0.0162129 100
1.16159 -0.0266 0.0162199 100
1.17871 0.0076 0.0259255 100
1.17851 0.0241 0.0259211 100
1.18001 0.0406 0.0259541 100
1.18231 0.0572 0.0260046 100
1.18241 0.0738 0.0260068 100
1.18221 0.0904 0.0260024 100
1.18191 0.107 0.0259958 100
1.18131 0.1236 0.0259826 100
1.18341 0.1406 0.0260288 100
1.18531 0.1576 0.0260706 100
1.18591 0.1746 0.0260838 100
1.18631 0.1916 0.0260926 100
1.18651 0.2087 0.026097 100
1.18441 0.2255 0.0260508 100
1.18511 0.2428 0.0260662 100
1.16792 -0.2371 0.025688 100
1.17012 -0.2206 0.0257364 100
1.16812 -0.2034 0.0256924 100
1.16992 -0.1869 0.025732 100
1.17142 -0.1704 0.025765 100
1.17272 -0.1539 0.0257935 100
1.17172 -0.1371 0.0257715 100
1.17252 -0.1206 0.0257891 100
1.17312 -0.1041 0.0258023 100
1.17442 -0.0877 0.0258309 100
1.17452 -0.0713 0.0258331 100
1.17442 -0.0548 0.0258309 100
1.17512 -0.0384 0.0258463 100
1.17652 -0.022 0.0258771 100
1.17537 0.0109 0.0352948 100
1.17617 0.0273 0.0353188 100
1.17667 0.0438 0.0353338 100
1.17797 0.0603 0.0353729 100
1.17797 0.0768 0.0353729 100
1.17877 0.0934 0.0353969 100
1.17837 0.11 0.0353849 100
1.17967 0.1268 0.0354239 100
1.18277 0.1438 0.0355169 100
1.18557 0.161 0.035601 100
1.18517 0.1778 0.035589 100
1.18557 0.1949 0.035601 100
1.18567 0.2119 0.035604 100
1.18457 0.2289 0.035571 100
1.18617 0.2464 0.035619 100
1.17547 -0.2388 0.0352978 100
1.17177 -0.2211 0.0351868 100
1.17277 -0.2044 0.0352168 100
1.16967 -0.187 0.0351237 100
1.17017 -0.1704 0.0351387 100
1.17237 -0.154 0.0352048 100
1.17347 -0.1375 0.0352378 100
1.17527 -0.1211 0.0352918 100
1.17487 -0.1045 0.0352798 100
1.17417 -0.0879 0.0352588 100
1.17427 -0.0714 0.0352618 100
1.17717 -0.0551 0.0353488 100
1.17787 -0.0387 0.0353699 100
1.17727 -0.0222 0.0353519 100
1.19774 0.0092 0.0550174 100
1.19844 0.026 0.0550495 100
1.19794 0.0428 0.0550265 100
1.19824 0.0596 0.0550403 100
1.20033 0.0765 0.0551367 100
1.20013 0.0934 0.0551275 100
1.19964 0.1103 0.0551045 100
1.19904 0.1271 0.055077 100
1.19914 0.1441 0.0550816 100
1.19993 0.1613 0.0551183 100
1.20053 0.1785 0.0551458 100
1.20383 0.1963 0.0552973 100
1.20593 0.214 0.0553936 100
1.20383 0.231 0.0552973 100
1.20633 0.249 0.055412 100
1.19074 -0.2352 0.0546962 100
1.19094 -0.218 0.0547053 100
1.19294 -0.2011 0.0547971 100
1.19364 -0.1841 0.0548292 100
1.19414 -0.1671 0.0548522 100
1.19634 -0.1504 0.0549531 100
1.19634 -0.1334 0.0549531 100
1.19704 -0.1166 0.0549852 100
1.19764 -0.0997 0.0550128 100
1.19784 -0.0829 0.055022 100
1.19794 -0.0661 0.0550265 100
1.19874 -0.0493 0.0550633 100
1.20033 -0.0325 0.0551367 100
1.19731 0.0094 0.0635867 100
1.20001 0.0262 0.0637299 100
1.20051 0.043 0.0637564 100
1.20181 0.0598 0.0638254 100
1.2029 0.0767 0.0638837 100
1.2037 0.0936 0.0639261 100
1.20161 0.1273 0.0638148 100
1.20071 0.1441 0.063767 100
1.20061 0.1611 0.0637617 100
1.20021 0.1782 0.0637405 100
1.20151 0.1955 0.0638094 100
1.2046 0.2133 0.0639739 100
1.2044 0.2307 0.0639632 100
1.2089 0.249 0.0642019 100
1.18713 -0.2256 0.0630458 100
1.18912 -0.2089 0.0631518 100
1.18992 -0.1919 0.0631943 100
1.19152 -0.1752 0.0632791 100
1.19192 -0.1583 0.0633003 100
1.19292 -0.1415 0.0633534 100
1.19482 -0.1249 0.0634541 100
1.19542 -0.1081 0.063486 100
1.19382 -0.0912 0.0634011 100
1.19502 -0.0745 0.0634647 100
1.19691 -0.0579 0.0635655 100
1.19861 -0.0412 0.0636557 100
1.19911 -0.0245 0.0636822 100
1.21156 0.0036 0.103867 100
1.21036 0.0206 0.103764 100
1.21096 0.0376 0.103816 100
1.21335 0.0547 0.104021 100
1.21644 0.0719 0.104286 100
1.21923 0.0893 0.104525 100
1.22092 0.1066 0.10467 100
1.22132 0.1239 0.104704 100
1.22042 0.1411 0.104627 100
1.22032 0.1585 0.104619 100
1.21893 0.1757 0.104499 100
1.21833 0.1931 0.104448 100
1.21953 0.2109 0.10455 100
1.21843 0.2283 0.104456 100
1.22291 0.2469 0.104841 100
1.20936 -0.2332 0.103679 100
1.21056 -0.2159 0.103782 100
1.21245 -0.1987 0.103944 100
1.21415 -0.1815 0.104089 100
1.21355 -0.1641 0.104038 100
1.21076 -0.1465 0.103799 100
1.20877 -0.1291 0.103628 100
1.20837 -0.1119 0.103594 100
1.20887 -0.0949 0.103636 100
1.20807 -0.0778 0.103568 100
1.20807 -0.0608 0.103568 100
1.20777 -0.0438 0.103542 100
1.20727 -0.0269 0.1035 100
1.2088 0.0095 0.100868 100
1.21049 0.0265 0.10101 100
1.20999 0.0435 0.100968 100
1.21229 0.0606 0.101159 100
1.21727 0.078 0.101575 100
1.21906 0.0953 0.101725 100
1.21856 0.1124 0.101683 100
1.21787 0.1296 0.101625 100
1.21797 0.1469 0.101633 100
1.21876 0.1644 0.1017 100
1.21837 0.1818 0.101667 100
1.21767 0.1991 0.101608 100
1.21966 0.2171 0.101775 100
1.22145 0.2351 0.101924 100
1.20631 -0.2239 0.10066 100
1.2073 -0.2066 0.100744 100
1.2091 -0.1895 0.100893 100
1.2087 -0.1721 0.10086 100
1.20701 -0.1546 0.100719 100
1.20601 -0.1374 0.100635 100
1.2078 -0.1204 0.100785 100
1.2084 -0.1034 0.100835 100
1.2077 -0.0863 0.100777 100
1.2078 -0.0693 0.100785 100
1.2087 -0.0524 0.10086 100
1.2093 -0.0354 0.10091 100
1.2087 -0.0184 0.10086 100
1.23008 0.0172 0.0970254 100
1.23068 0.0345 0.0970726 100
1.23008 0.0517 0.0970254 100
1.23227 0.0691 0.0971984 100
1.23317 0.0865 0.0972691 100
1.23377 0.1039 0.0973163 100
1.23526 0.1214 0.0974343 100
1.23636 0.1391 0.0975208 100
1.23536 0.1565 0.0974421 100
1.23596 0.1742 0.0974893 100
1.24035 0.1925 0.0978353 100
1.24144 0.2105 0.0979218 100
1.24134 0.2284 0.0979139 100
1.24683 0.2475 0.0983464 100
1.225 -0.229 0.0966244 100
1.2232 -0.211 0.0964828 100
1.224 -0.1935 0.0965457 100
1.22559 -0.1762 0.0966715 100
1.22699 -0.1589 0.0967816 100
1.22709 -0.1415 0.0967895 100
1.22799 -0.1242 0.0968602 100
1.22958 -0.107 0.0969861 100
1.22789 -0.0896 0.0968524 100
1.22809 -0.0723 0.0968681 100
1.22998 -0.0551 0.0970175 100
1.23157 -0.0379 0.0971433 100
1.23098 -0.0207 0.0970961 100
1.22846 0.0159 0.115691 100
1.23016 0.0332 0.115851 100
1.23056 0.0505 0.115888 100
1.23065 0.0678 0.115898 100
1.23265 0.0852 0.116085 100
1.23434 0.1027 0.116245 100
1.23374 0.1201 0.116188 100
1.23294 0.1375 0.116113 100
1.23284 0.155 0.116104 100
1.23454 0.1728 0.116263 100
1.23991 0.1913 0.11677 100
1.242 0.2095 0.116967 100
1.24001 0.2271 0.116779 100
1.23962 0.245 0.116742 100
1.2209 -0.232 0.114979 100
1.22299 -0.2147 0.115176 100
1.22289 -0.197 0.115166 100
1.22349 -0.1796 0.115223 100
1.22388 -0.1622 0.11526 100
1.22408 -0.1448 0.115279 100
1.22498 -0.1275 0.115363 100
1.22568 -0.1102 0.115429 100
1.22607 -0.093 0.115466 100
1.22627 -0.0757 0.115485 100
1.22717 -0.0585 0.11557 100
1.22886 -0.0414 0.115729 100
1.22836 -0.0241 0.115682 100
1.24842 0.0011 0.146655 100
1.2503 0.0187 0.146877 100
1.24891 0.0362 0.146713 100
1.2502 0.0538 0.146865 100
1.25239 0.0716 0.147122 100
1.25418 0.0894 0.147332 100
1.25288 0.107 0.14718 100
1.2513 0.1246 0.146993 100
1.2504 0.1423 0.146888 100
1.2513 0.1602 0.146993 100
1.25288 0.1784 0.14718 100
1.25318 0.1964 0.147215 100
1.25716 0.2152 0.147682 100
1.25795 0.2336 0.147775 100
1.24047 -0.2301 0.145722 100
1.24256 -0.2125 0.145967 100
1.24434 -0.1948 0.146177 100
1.24603 -0.1772 0.146375 100
1.24732 -0.1595 0.146527 100
1.24742 -0.1417 0.146538 100
1.24534 -0.1238 0.146293 100
1.24494 -0.1061 0.146247 100
1.24633 -0.0886 0.14641 100
1.24444 -0.0709 0.146188 100
1.24236 -0.0533 0.145943 100
1.24295 -0.0358 0.146013 100
1.24732 -0.0184 0.146527 100
1.24646 0.0151 0.145322 100
1.25411 0.0329 0.146214 100
1.25351 0.0505 0.146145 100
1.25271 0.0682 0.146052 100
1.25162 0.0858 0.145925 100
1.2542 0.1037 0.146226 100
1.25669 0.1218 0.146515 100
1.25778 0.1398 0.146643 100
1.25768 0.1577 0.146631 100
1.26026 0.1761 0.146932 100
1.26265 0.1946 0.14721 100
1.26374 0.213 0.147337 100
1.2694 0.2324 0.147997 100
1.24119 -0.2374 0.144709 100
1.2405 -0.2192 0.144628 100
1.24248 -0.2016 0.144859 100
1.24417 -0.1839 0.145056 100
1.24656 -0.1664 0.145334 100
1.24676 -0.1486 0.145357 100
1.24676 -0.1308 0.145357 100
1.24646 -0.1131 0.145322 100
1.24695 -0.0954 0.14538 100
1.24715 -0.0778 0.145403 100
1.24417 -0.06 0.145056 100
1.24586 -0.0425 0.145253 100
1.24934 -0.0251 0.145658 100
1.26802 0.0154 0.150305 100
1.26971 0.0332 0.150505 100
1.2711 0.0511 0.15067 100
1.2712 0.0689 0.150681 100
1.27219 0.0869 0.150799 100
1.27478 0.105 0.151105 100
1.27915 0.1235 0.151623 100
1.28123 0.1418 0.15187 100
1.28113 0.16 0.151859 100
1.28073 0.1783 0.151812 100
1.28014 0.1965 0.151741 100
1.28024 0.2149 0.151753 100
1.28401 0.2341 0.1522 100
1.26574 -0.2234 0.150034 100
1.26772 -0.2055 0.15027 100
1.26842 -0.1874 0.150352 100
1.26504 -0.1688 0.149952 100
1.26425 -0.1507 0.149858 100
1.26624 -0.133 0.150093 100
1.26693 -0.1151 0.150175 100
1.26842 -0.0973 0.150352 100
1.26862 -0.0795 0.150375 100
1.26961 -0.0617 0.150493 100
1.27031 -0.0439 0.150576 100
1.2708 -0.0261 0.150634 100
1.26701 0.0029 0.167255 100
1.26681 0.0207 0.167229 100
1.2674 0.0386 0.167307 100
1.26582 0.0564 0.167098 100
1.26879 0.0745 0.16749 100
1.27563 0.0929 0.168393 100
1.27811 0.1112 0.168721 100
1.27643 0.1292 0.168498 100
1.27653 0.1474 0.168511 100
1.27633 0.1656 0.168485 100
1.27682 0.1839 0.16855 100
1.27712 0.2024 0.16859 100
1.27613 0.2207 0.168459 100
1.28079 0.2401 0.169074 100
1.26393 -0.2328 0.166849 100
1.26612 -0.2148 0.167137 100
1.26403 -0.1962 0.166862 100
1.26265 -0.1778 0.166679 100
1.26205 -0.1597 0.1666 100
1.26215 -0.1417 0.166613 100
1.26304 -0.1238 0.166731 100
1.26364 -0.1059 0.16681 100
1.26304 -0.088 0.166731 100
1.26314 -0.0701 0.166744 100
1.26592 -0.0524 0.167111 100
1.2675 -0.0346 0.16732 100
1.29224 0.0011 0.195894 100
1.29411 0.0194 0.196179 100
1.29471 0.0377 0.196268 100
1.295 0.056 0.196313 100
1.2951 0.0744 0.196328 100
1.29491 0.0927 0.196298 100
1.29649 0.1113 0.196538 100
1.29975 0.1301 0.197033 100
1.30272 0.149 0.197483 100
1.30351 0.1677 0.197602 100
1.30301 0.1864 0.197527 100
1.30123 0.2049 0.197258 100
1.3042 0.2243 0.197707 100
1.28087 -0.2368 0.19417 100
1.28116 -0.2182 0.194215 100
1.28205 -0.1998 0.19435 100
1.28373 -0.1815 0.194605 100
1.28314 -0.163 0.194515 100
1.28235 -0.1446 0.194395 100
1.28324 -0.1263 0.19453 100
1.28482 -0.1082 0.19477 100
1.28621 -0.0901 0.19498 100
1.2863 -0.0718 0.194995 100
1.28719 -0.0537 0.195129 100
1.28878 -0.0355 0.195369 100
1.28667 0.0111 0.205631 100
1.28934 0.0294 0.206057 100
1.28875 0.0476 0.205962 100
1.28993 0.066 0.206152 100
1.29092 0.0843 0.206309 100
1.29161 0.1027 0.20642 100
1.29497 0.1214 0.206956 100
1.29902 0.1404 0.207604 100
1.2999 0.1591 0.207746 100
1.3005 0.1779 0.20784 100
1.30089 0.1967 0.207903 100
1.3 0.2154 0.207761 100
1.30464 0.2351 0.208503 100
1.28124 -0.2258 0.204763 100
1.28233 -0.2073 0.204936 100
1.28015 -0.1884 0.204589 100
1.28164 -0.1702 0.204826 100
1.28282 -0.1519 0.205015 100
1.2848 -0.1338 0.205331 100
1.28657 -0.1156 0.205615 100
1.28805 -0.0974 0.205852 100
1.28924 -0.0792 0.206041 100
1.28825 -0.0608 0.205883 100
1.28697 -0.0426 0.205678 100
1.28845 -0.0244 0.205915 100
1.30685 0.0021 0.224557 100
1.30665 0.0206 0.224524 100
1.30724 0.0392 0.224625 100
1.30655 0.0578 0.224507 100
1.30764 0.0765 0.224693 100
1.30842 0.0952 0.224828 100
1.30793 0.1138 0.224744 100
1.3102 0.1328 0.225133 100
1.31217 0.1519 0.225472 100
1.31187 0.1707 0.225421 100
1.31325 0.1899 0.225658 100
1.31345 0.209 0.225692 100
1.31818 0.229 0.226505 100
1.29886 -0.2366 0.223186 100
1.30103 -0.2179 0.223558 100
1.30202 -0.1991 0.223728 100
1.30172 -0.1802 0.223677 100
1.3031 -0.1616 0.223914 100
1.3032 -0.1428 0.223931 100
1.3031 -0.1241 0.223914 100
1.30468 -0.1056 0.224185 100
1.30596 -0.0871 0.224405 100
1.30803 -0.0685 0.224761 100
1.3099 -0.05 0.225082 100
1.30842 -0.0313 0.224828 100
1.30529 0.0019 0.233448 100
1.30608 0.0204 0.233588 100
1.30667 0.039 0.233694 100
1.30696 0.0576 0.233747 100
1.30804 0.0763 0.233941 100
1.30883 0.0951 0.234081 100
1.30834 0.1138 0.233993 100
1.30962 0.1326 0.234222 100
1.3106 0.1516 0.234398 100
1.31031 0.1705 0.234345 100
1.31464 0.1901 0.23512 100
1.31877 0.2098 0.23586 100
1.31572 0.2286 0.235314 100
1.31434 0.2476 0.235067 1
1.29318 -0.2376 0.231282 100
1.29633 -0.2192 0.231846 100
1.2982 -0.2006 0.23218 100
1.29889 -0.1819 0.232303 100
1.29938 -0.1631 0.232391 100
1.30047 -0.1445 0.232585 100
1.30135 -0.1259 0.232743 100
1.30106 -0.1073 0.232691 100
1.30135 -0.0887 0.232743 100
1.30243 -0.0702 0.232937 100
1.30332 -0.0516 0.233095 100
1.30588 -0.0332 0.233553 100
