0.91086 0.0066 -0.259121 100
0.910667 0.0199 -0.259067 100
0.910282 0.0331 -0.258957 100
0.909802 0.0463 -0.25882 100
0.909994 0.0596 -0.258875 100
0.91009 0.0729 -0.258903 100
0.910956 0.0863 -0.259149 100
0.911629 0.0998 -0.25934 100
0.911148 0.1131 -0.259204 100
0.910475 0.1265 -0.259012 100
0.908647 0.1397 -0.258492 100
0.907685 0.1531 -0.258218 100
0.908359 0.1668 -0.25841 100
0.907878 0.1804 -0.258273 100
0.908166 0.1941 -0.258355 100
0.907397 0.2078 -0.258136 100
0.906339 0.2214 -0.257835 100
0.905185 0.235 -0.257507 100
0.909417 0.2502 -0.258711 100
0.905281 -0.2389 -0.257534 18
0.905569 -0.225 -0.257617 100
0.908455 -0.2118 -0.258437 100
0.909417 -0.1982 -0.258711 100
0.909128 -0.1844 -0.258629 100
0.910571 -0.1709 -0.259039 100
0.911821 -0.1575 -0.259395 100
0.910956 -0.1438 -0.259149 100
0.910956 -0.1303 -0.259149 100
0.911629 -0.1169 -0.25934 100
0.913168 -0.1036 -0.259778 100
0.911533 -0.0901 -0.259313 100
0.911725 -0.0767 -0.259368 100
0.912687 -0.0634 -0.259641 100
0.913456 -0.0502 -0.25986 100
0.913072 -0.0368 -0.259751 100
0.913456 -0.0236 -0.25986 100
0.910174 0.0079 -0.265119 100
0.909981 0.0212 -0.265063 100
0.910558 0.0345 -0.265231 100
0.910942 0.0478 -0.265343 100
0.910174 0.0611 -0.265119 100
0.91027 0.0744 -0.265147 100
0.910078 0.0877 -0.265091 100
0.90979 0.1011 -0.265007 100
0.909309 0.1144 -0.264867 100
0.907677 0.1277 -0.264392 100
0.906813 0.141 -0.26414 100
0.906717 0.1545 -0.264112 100
0.906525 0.1681 -0.264056 100
0.906045 0.1816 -0.263917 100
0.904413 0.195 -0.263441 100
0.903645 0.2086 -0.263217 100
0.902589 0.2222 -0.26291 100
0.903261 0.2363 -0.263105 100
0.911998 0.2528 -0.26565 100
0.902781 -0.2383 -0.262966 100
0.902109 -0.2242 -0.26277 100
0.903165 -0.2106 -0.263078 100
0.906621 -0.1838 -0.264084 100
0.907101 -0.1702 -0.264224 100
0.908349 -0.1568 -0.264588 100
0.910366 -0.1436 -0.265175 100
0.91027 -0.1301 -0.265147 100
0.911038 -0.1167 -0.265371 100
0.912478 -0.1034 -0.26579 100
0.912862 -0.09 -0.265902 100
0.912958 -0.0766 -0.26593 100
0.912958 -0.0632 -0.26593 100
0.911806 -0.0498 -0.265594 100
0.910462 -0.0365 -0.265203 100
0.910846 -0.0232 -0.265315 100
0.911733 0.0046 -0.263331 100
0.910581 0.0178 -0.262998 100
0.911253 0.0311 -0.263192 100
0.911733 0.0443 -0.263331 100
0.912022 0.0576 -0.263414 100
0.912118 0.0709 -0.263442 100
0.911061 0.0841 -0.263137 100
0.910773 0.0975 -0.263053 100
0.910292 0.1108 -0.262915 100
0.910677 0.1242 -0.263025 100
0.909908 0.1376 -0.262804 100
0.908851 0.1509 -0.262498 100
0.905873 0.1639 -0.261638 100
0.904528 0.1772 -0.26125 100
0.904816 0.1909 -0.261333 100
0.904048 0.2044 -0.261111 100
0.904048 0.2182 -0.261111 100
0.90203 0.2315 -0.260528 100
0.90251 0.2456 -0.260667 100
0.9052 -0.2348 -0.261444 50
0.905393 -0.221 -0.261499 100
0.90741 -0.2076 -0.262082 100
0.908179 -0.194 -0.262304 100
0.909716 -0.1806 -0.262748 100
0.909236 -0.1669 -0.262609 100
0.910388 -0.1535 -0.262942 100
0.911445 -0.1402 -0.263247 100
0.91231 -0.1268 -0.263497 100
0.912022 -0.1133 -0.263414 100
0.911541 -0.0999 -0.263275 100
0.909908 -0.0864 -0.262804 100
0.909043 -0.073 -0.262554 100
0.909908 -0.0598 -0.262804 100
0.909716 -0.0466 -0.262748 100
0.909236 -0.0333 -0.262609 100
0.908659 -0.0201 -0.262443 100
0.912322 0.0129 -0.264536 100
0.912033 0.0262 -0.264452 100
0.911649 0.0395 -0.264341 100
0.911937 0.0528 -0.264425 100
0.91213 0.0661 -0.26448 100
0.910209 0.0793 -0.263923 100
0.910017 0.0927 -0.263868 100
0.910593 0.1061 -0.264035 100
0.910017 0.1195 -0.263868 100
0.908288 0.1327 -0.263366 100
0.907423 0.1461 -0.263116 100
0.907231 0.1596 -0.26306 100
0.906943 0.1732 -0.262976 100
0.906367 0.1867 -0.262809 100
0.904734 0.2001 -0.262336 100
0.903774 0.2137 -0.262057 100
0.902717 0.2273 -0.261751 100
0.903293 0.2414 -0.261918 100
0.905791 -0.2353 -0.262642 100
0.905118 -0.2211 -0.262447 100
0.907039 -0.2077 -0.263004 100
0.907904 -0.1941 -0.263255 100
0.90848 -0.1805 -0.263422 100
0.90896 -0.1669 -0.263561 100
0.909248 -0.1533 -0.263645 100
0.909248 -0.1398 -0.263645 100
0.910113 -0.1264 -0.263895 100
0.909824 -0.1129 -0.263812 100
0.909344 -0.0995 -0.263673 100
0.909632 -0.0861 -0.263756 100
0.909728 -0.0728 -0.263784 100
0.908672 -0.0594 -0.263478 100
0.90848 -0.0461 -0.263422 100
0.90896 -0.0329 -0.263561 100
0.909344 -0.0197 -0.263673 100
0.910451 0.0033 -0.260552 100
0.910355 0.0165 -0.260524 100
0.909971 0.0298 -0.260414 100
0.90949 0.043 -0.260277 100
0.908817 0.0562 -0.260084 100
0.909874 0.0695 -0.260387 100
0.910836 0.0829 -0.260662 100
0.910547 0.0963 -0.260579 100
0.909202 0.1095 -0.260194 100
0.908625 0.1228 -0.260029 100
0.908721 0.1363 -0.260057 100
0.908721 0.1498 -0.260057 100
0.907567 0.1632 -0.259726 100
0.907183 0.1767 -0.259616 100
0.906606 0.1903 -0.259451 100
0.906798 0.204 -0.259506 100
0.905837 0.2177 -0.259231 100
0.902856 0.2308 -0.258378 100
0.902376 0.2446 -0.258241 100
0.904875 -0.2346 -0.258956 100
0.904202 -0.2205 -0.258764 100
0.906125 -0.2072 -0.259314 100
0.906029 -0.1934 -0.259286 100
0.906606 -0.1798 -0.259451 100
0.907086 -0.1663 -0.259589 100
0.90824 -0.1529 -0.259919 100
0.908336 -0.1394 -0.259947 100
0.909105 -0.1261 -0.260167 100
0.91074 -0.1129 -0.260634 100
0.910259 -0.0994 -0.260497 100
0.910547 -0.0861 -0.260579 100
0.910644 -0.0728 -0.260607 100
0.910547 -0.0595 -0.260579 100
0.910355 -0.0462 -0.260524 100
0.909874 -0.0329 -0.260387 100
0.910259 -0.0197 -0.260497 100
0.914078 0.0109 -0.254699 100
0.913886 0.0242 -0.254646 100
0.9135 0.0374 -0.254538 100
0.911959 0.0505 -0.254109 100
0.912152 0.0638 -0.254163 100
0.913115 0.0771 -0.254431 100
0.911959 0.0903 -0.254109 100
0.910611 0.1035 -0.253733 100
0.911092 0.1169 -0.253867 100
0.911381 0.1304 -0.253948 100
0.909455 0.1436 -0.253411 100
0.909358 0.157 -0.253384 100
0.909069 0.1705 -0.253304 100
0.908588 0.1841 -0.253169 100
0.90695 0.1974 -0.252713 100
0.907046 0.2111 -0.25274 100
0.905987 0.2247 -0.252445 100
0.907624 0.239 -0.252901 100
0.918221 0.256 -0.255854 100
0.903386 -0.24 -0.25172 100
0.903675 -0.2262 -0.251801 100
0.904734 -0.2127 -0.252096 100
0.906565 -0.1994 -0.252606 100
0.907239 -0.1858 -0.252794 100
0.90878 -0.1725 -0.253223 100
0.912056 -0.146 -0.254136 100
0.912056 -0.1325 -0.254136 100
0.91273 -0.1192 -0.254324 100
0.912345 -0.1057 -0.254216 100
0.911767 -0.0923 -0.254055 100
0.910996 -0.079 -0.253841 100
0.911959 -0.0658 -0.254109 100
0.911767 -0.0525 -0.254055 100
0.911478 -0.0393 -0.253975 100
0.9109 -0.0261 -0.253814 100
0.912928 0.0049 -0.244106 100
0.913701 0.0182 -0.244313 100
0.913411 0.0314 -0.244235 100
0.912831 0.0446 -0.24408 100
0.913121 0.0578 -0.244158 100
0.912252 0.071 -0.243925 100
0.912155 0.0843 -0.243899 100
0.912928 0.0977 -0.244106 100
0.912445 0.111 -0.243977 100
0.910899 0.1242 -0.243564 100
0.91003 0.1375 -0.243331 100
0.91003 0.1509 -0.243331 100
0.910706 0.1646 -0.243512 100
0.91032 0.1781 -0.243409 100
0.90974 0.1916 -0.243254 100
0.908967 0.2052 -0.243047 100
0.907035 0.2186 -0.24253 100
0.905876 0.2321 -0.24222 100
0.906359 0.2462 -0.24235 100
0.907421 -0.2341 -0.242634 100
0.906745 -0.22 -0.242453 100
0.907711 -0.2065 -0.242711 100
0.90945 -0.1931 -0.243176 100
0.91003 -0.1796 -0.243331 100
0.910513 -0.1661 -0.24346 100
0.912638 -0.1529 -0.244029 100
0.912735 -0.1394 -0.244054 100
0.913507 -0.126 -0.244261 100
0.914184 -0.1127 -0.244442 100
0.913701 -0.0993 -0.244313 100
0.913024 -0.0859 -0.244132 100
0.913121 -0.0726 -0.244158 100
0.913024 -0.0593 -0.244132 100
0.913797 -0.0461 -0.244339 100
0.913314 -0.0329 -0.244209 100
0.913701 -0.0197 -0.244313 100
0.916074 0.005 -0.23606 100
0.91588 0.0181 -0.23601 100
0.91559 0.0313 -0.235935 100
0.915106 0.0445 -0.235811 100
0.914331 0.0576 -0.235611 100
0.914428 0.0708 -0.235636 100
0.915396 0.0841 -0.235885 100
0.916074 0.0975 -0.23606 100
0.91559 0.1108 -0.235935 100
0.915009 0.1241 -0.235786 100
0.914234 0.1373 -0.235586 100
0.914137 0.1508 -0.235561 100
0.913944 0.1643 -0.235511 100
0.913556 0.1778 -0.235411 100
0.912975 0.1913 -0.235262 100
0.912201 0.2048 -0.235062 100
0.911232 0.2183 -0.234812 100
0.912007 0.2324 -0.235012 100
0.919076 0.2483 -0.236834 100
0.907456 -0.2385 -0.233839 27
0.909683 -0.2252 -0.234413 100
0.912588 -0.2121 -0.235162 100
0.913459 -0.1986 -0.235386 100
0.914137 -0.1851 -0.235561 100
0.914718 -0.1715 -0.235711 100
0.915977 -0.1582 -0.236035 100
0.918011 -0.145 -0.236559 100
0.917914 -0.1315 -0.236534 100
0.916752 -0.1179 -0.236235 100
0.915299 -0.1044 -0.235861 100
0.914718 -0.0911 -0.235711 100
0.914912 -0.0778 -0.235761 100
0.913944 -0.0645 -0.235511 100
0.914718 -0.0514 -0.235711 100
0.914331 -0.0382 -0.235611 100
0.914815 -0.025 -0.235736 100
0.918417 0.0089 -0.226775 100
0.918125 0.0221 -0.226703 100
0.917737 0.0354 -0.226607 100
0.917252 0.0486 -0.226487 100
0.917446 0.0618 -0.226535 100
0.917446 0.0751 -0.226535 100
0.917349 0.0884 -0.226511 100
0.91599 0.1016 -0.226176 100
0.914533 0.1148 -0.225816 100
0.914825 0.1283 -0.225888 0
0.913951 0.1416 -0.225672 100
0.912883 0.1549 -0.225408 100
0.912592 0.1684 -0.225337 0
0.914048 0.1822 -0.225696 100
0.914339 0.196 -0.225768 100
0.913465 0.2096 -0.225552 100
0.912494 0.2232 -0.225313 0
0.910262 0.2366 -0.224761 100
0.909776 0.2504 -0.224641 100
0.910262 -0.2366 -0.224761 100
0.912494 -0.2232 -0.225313 100
0.913465 -0.2096 -0.225552 100
0.914339 -0.196 -0.225768 100
0.915019 -0.1824 -0.225936 100
0.915504 -0.1689 -0.226056 100
0.918805 -0.1423 -0.226871 100
0.919679 -0.1289 -0.227087 100
0.919388 -0.1154 -0.227015 100
0.917931 -0.1019 -0.226655 100
0.917349 -0.0884 -0.226511 100
0.916475 -0.0751 -0.226295 100
0.917446 -0.0618 -0.226535 100
0.917252 -0.0486 -0.226487 100
0.917737 -0.0354 -0.226607 100
0.917155 -0.0221 -0.226463 100
0.918426 0.0054 -0.22253 100
0.919203 0.0187 -0.222718 100
0.918912 0.0319 -0.222648 100
0.918328 0.0451 -0.222506 100
0.91862 0.0584 -0.222577 100
0.918717 0.0716 -0.222601 100
0.91862 0.0849 -0.222577 100
0.918328 0.0982 -0.222506 100
0.915316 0.1246 -0.221776 100
0.913566 0.1377 -0.221353 100
0.913469 0.1512 -0.221329 100
0.914246 0.1648 -0.221517 0
0.91376 0.1783 -0.2214 100
0.914149 0.192 -0.221494 100
0.913372 0.2056 -0.221305 100
0.9124 0.2192 -0.22107 100
0.910262 0.2325 -0.220552 100
0.91172 0.2468 -0.220905 100
0.911817 -0.23 -0.220929 100
0.913955 -0.2166 -0.221447 100
0.913955 -0.2028 -0.221447 100
0.915607 -0.1895 -0.221847 100
0.917162 -0.1761 -0.222224 100
0.918523 -0.1627 -0.222553 100
0.919689 -0.1493 -0.222836 100
0.919689 -0.1358 -0.222836 100
0.918523 -0.1222 -0.222553 100
0.917259 -0.1086 -0.222247 100
0.916676 -0.0952 -0.222106 100
0.915024 -0.0818 -0.221706 100
0.914052 -0.0685 -0.22147 100
0.916871 -0.0554 -0.222153 100
0.918523 -0.0423 -0.222553 100
0.918037 -0.029 -0.222436 100
0.918328 -0.0158 -0.222506 100
0.921942 0.0096 -0.216409 100
0.920676 0.0228 -0.216112 100
0.92126 0.036 -0.216249 100
0.920676 0.0492 -0.216112 100
0.920871 0.0625 -0.216158 100
0.920968 0.0758 -0.216181 100
0.921747 0.0892 -0.216363 100
0.920481 0.1024 -0.216066 100
0.918923 0.1156 -0.215701 0
0.918242 0.1289 -0.215541 100
0.918339 0.1424 -0.215564 100
0.919216 0.156 -0.215769 100
0.918923 0.1696 -0.215701 100
0.918437 0.1831 -0.215587 100
0.917755 0.1967 -0.215427 100
0.916879 0.2103 -0.215221 100
0.915808 0.2238 -0.21497 0
0.913666 0.2372 -0.214467 100
0.915029 0.2516 -0.214787 100
0.91464 -0.2289 -0.214695 100
0.914835 -0.2151 -0.214741 100
0.916684 -0.2018 -0.215175 100
0.917463 -0.1882 -0.215358 100
0.918047 -0.1747 -0.215495 100
0.919313 -0.1613 -0.215792 100
0.920481 -0.1479 -0.216066 100
0.921455 -0.1346 -0.216295 100
0.92126 -0.1211 -0.216249 100
0.919897 -0.1075 -0.215929 100
0.919313 -0.0941 -0.215792 100
0.919508 -0.0808 -0.215838 100
0.920578 -0.0676 -0.216089 100
0.922331 -0.0545 -0.216501 100
0.921065 -0.0412 -0.216204 100
0.918631 -0.0278 -0.215632 100
0.920871 -0.0147 -0.216158 100
0.922747 0.005 -0.208458 100
0.922552 0.0182 -0.208414 100
0.922259 0.0313 -0.208347 100
0.922747 0.0446 -0.208458 100
0.922942 0.0578 -0.208502 100
0.923039 0.0711 -0.208524 100
0.922942 0.0844 -0.208502 100
0.921771 0.0976 -0.208237 100
0.921284 0.1109 -0.208127 100
0.920698 0.1242 -0.207995 100
0.920796 0.1376 -0.208017 100
0.920796 0.1511 -0.208017 100
0.921479 0.1648 -0.208171 100
0.922064 0.1785 -0.208303 100
0.920503 0.1918 -0.207951 100
0.919723 0.2054 -0.207775 100
0.918747 0.219 -0.207554 100
0.916601 0.2324 -0.207069 0
0.918065 0.2467 -0.2074 100
0.913675 -0.24 -0.206408 11
0.915041 -0.2264 -0.206717 100
0.917089 -0.2131 -0.20718 100
0.918943 -0.1997 -0.207598 100
0.919625 -0.1862 -0.207753 100
0.920113 -0.1727 -0.207863 100
0.921479 -0.1593 -0.208171 100
0.922552 -0.146 -0.208414 100
0.922552 -0.1325 -0.208414 100
0.923234 -0.1192 -0.208568 100
0.924795 -0.1059 -0.20892 100
0.923234 -0.0924 -0.208568 100
0.923429 -0.0791 -0.208612 100
0.924405 -0.0659 -0.208832 100
0.925185 -0.0527 -0.209009 100
0.924893 -0.0394 -0.208942 100
0.925283 -0.0262 -0.209031 100
0.923615 0.0129 -0.194636 100
0.926257 0.0261 -0.195193 100
0.926844 0.0394 -0.195317 100
0.926159 0.0526 -0.195172 100
0.925376 0.0658 -0.195007 100
0.925376 0.0791 -0.195007 100
0.92518 0.0924 -0.194966 100
0.924789 0.1057 -0.194884 100
0.923223 0.1189 -0.194554 0
0.922538 0.1323 -0.194409 100
0.923517 0.1459 -0.194615 100
0.923321 0.1594 -0.194574 100
0.923028 0.1729 -0.194512 100
0.92244 0.1865 -0.194389 100
0.920777 0.1998 -0.194038 100
0.919896 0.2134 -0.193853 100
0.919701 0.2272 -0.193811 100
0.922245 0.2418 -0.194347 100
0.935846 0.2597 -0.197214 100
0.920386 -0.2371 -0.193956 32
0.919701 -0.223 -0.193811 100
0.920777 -0.2095 -0.194038 100
0.92156 -0.1959 -0.194203 100
0.923223 -0.1825 -0.194554 100
0.924691 -0.1691 -0.194863 100
0.925963 -0.1558 -0.195131 100
0.926061 -0.1422 -0.195152 100
0.926942 -0.1288 -0.195337 100
0.926648 -0.1154 -0.195275 100
0.926159 -0.1019 -0.195172 100
0.925572 -0.0885 -0.195049 100
0.925669 -0.0752 -0.195069 100
0.926648 -0.0619 -0.195275 100
0.925474 -0.0486 -0.195028 100
0.923028 -0.0353 -0.194512 100
0.92244 -0.0221 -0.194389 0
0.927491 0.0096 -0.19123 100
0.929156 0.0228 -0.191574 100
0.929744 0.0361 -0.191695 100
0.929156 0.0493 -0.191574 100
0.929352 0.0626 -0.191614 100
0.92945 0.0759 -0.191634 100
0.928275 0.0891 -0.191392 100
0.927981 0.1024 -0.191331 100
0.926512 0.1156 -0.191028 100
0.925826 0.1289 -0.190887 0
0.925826 0.1423 -0.190887 100
0.925728 0.1558 -0.190867 100
0.924553 0.1691 -0.190624 100
0.923084 0.1824 -0.190322 100
0.922398 0.196 -0.19018 100
0.921615 0.2095 -0.190019 100
0.920537 0.223 -0.189797 100
0.919264 0.2366 -0.189534 100
0.920733 0.2509 -0.189837 100
0.917697 -0.2308 -0.189211 47
0.920733 -0.2177 -0.189837 100
0.920733 -0.204 -0.189837 100
0.921517 -0.1905 -0.189998 100
0.923084 -0.1772 -0.190322 100
0.924455 -0.1638 -0.190604 100
0.924651 -0.1504 -0.190645 100
0.92563 -0.1371 -0.190847 100
0.925434 -0.1236 -0.190806 100
0.92612 -0.1103 -0.190948 100
0.926512 -0.097 -0.191028 100
0.925826 -0.0837 -0.190887 100
0.924945 -0.0704 -0.190705 100
0.924847 -0.0571 -0.190685 100
0.925532 -0.044 -0.190826 100
0.924063 -0.0307 -0.190523 0
0.923378 -0.0176 -0.190382 100
0.928739 0.0035 -0.185075 100
0.928641 0.0167 -0.185055 100
0.928249 0.0299 -0.184977 100
0.927758 0.0431 -0.184879 100
0.928053 0.0563 -0.184938 100
0.928151 0.0696 -0.184957 100
0.928151 0.0829 -0.184957 100
0.928837 0.0963 -0.185094 100
0.929426 0.1097 -0.185212 100
0.928739 0.1231 -0.185075 100
0.927955 0.1364 -0.184918 100
0.926974 0.1498 -0.184723 100
0.926778 0.1633 -0.184684 100
0.925405 0.1766 -0.18441 100
0.922168 0.2033 -0.183765 100
0.921188 0.2169 -0.18357 100
0.920011 0.2304 -0.183335 100
0.917755 0.2437 -0.182886 100
0.918049 0.2578 -0.182945 100
0.919618 -0.2277 -0.183257 100
0.921776 -0.2144 -0.183687 100
0.923639 -0.2011 -0.184059 100
0.924326 -0.1875 -0.184195 100
0.924914 -0.174 -0.184313 100
0.926189 -0.1606 -0.184567 100
0.926385 -0.1471 -0.184606 100
0.927366 -0.1338 -0.184801 100
0.929131 -0.1206 -0.185153 100
0.92972 -0.1073 -0.18527 100
0.929131 -0.0938 -0.185153 100
0.929328 -0.0805 -0.185192 100
0.929328 -0.0672 -0.185192 100
0.929229 -0.0539 -0.185172 100
0.928837 -0.0407 -0.185094 100
0.929328 -0.0274 -0.185192 100
0.930602 -0.0142 -0.185446 100
0.931884 0.0093 -0.174061 100
0.932572 0.0225 -0.174189 100
0.933161 0.0358 -0.174299 100
0.932572 0.0491 -0.174189 100
0.932867 0.0624 -0.174244 100
0.932867 0.0757 -0.174244 100
0.933653 0.0891 -0.174391 100
0.933358 0.1025 -0.174336 100
0.93385 0.1159 -0.174428 100
0.934046 0.1295 -0.174465 100
0.934144 0.143 -0.174483 100
0.931097 0.1561 -0.173914 100
0.928935 0.1693 -0.17351 100
0.92746 0.1827 -0.173234 100
0.926772 0.1962 -0.173106 100
0.925887 0.2098 -0.172941 100
0.925789 0.2236 -0.172922 100
0.923626 0.237 -0.172518 100
0.925003 0.2514 -0.172775 100
0.924609 -0.2327 -0.172702 29
0.922938 -0.2185 -0.17239 100
0.924904 -0.2051 -0.172757 100
0.925691 -0.1916 -0.172904 100
0.92628 -0.178 -0.173014 100
0.926772 -0.1645 -0.173106 100
0.927952 -0.1512 -0.173326 100
0.928935 -0.1378 -0.17351 100
0.929721 -0.1245 -0.173657 100
0.930409 -0.1112 -0.173785 100
0.930901 -0.0978 -0.173877 100
0.930114 -0.0844 -0.17373 100
0.930212 -0.0711 -0.173748 100
0.931097 -0.0579 -0.173914 100
0.931785 -0.0447 -0.174042 100
0.930409 -0.0314 -0.173785 100
0.930704 -0.0182 -0.17384 100
0.936081 0.0005 -0.162026 100
0.935982 0.0138 -0.162009 100
0.936672 0.027 -0.162128 100
0.93618 0.0403 -0.162043 100
0.936574 0.0536 -0.162111 100
0.937658 0.067 -0.162299 100
0.936672 0.0803 -0.162128 100
0.936475 0.0936 -0.162094 100
0.936081 0.107 -0.162026 100
0.93549 0.1203 -0.161923 100
0.934702 0.1337 -0.161787 100
0.932829 0.1469 -0.161463 100
0.931647 0.1603 -0.161258 100
0.931253 0.1738 -0.16119 100
0.929775 0.1872 -0.160934 100
0.929085 0.2008 -0.160815 100
0.9281 0.2143 -0.160644 100
0.928001 0.2282 -0.160627 100
0.926622 0.2418 -0.160388 100
0.931745 0.2572 -0.161275 1
0.927016 -0.2319 -0.160457 7
0.927311 -0.2181 -0.160508 100
0.929184 -0.2048 -0.160832 100
0.929972 -0.1912 -0.160968 100
0.930563 -0.1776 -0.161071 100
0.931943 -0.1643 -0.161309 100
0.933223 -0.1509 -0.161531 100
0.933223 -0.1374 -0.161531 100
0.933026 -0.1239 -0.161497 100
0.932731 -0.1104 -0.161446 100
0.933125 -0.0971 -0.161514 100
0.935391 -0.084 -0.161906 100
0.936475 -0.0707 -0.162094 100
0.936377 -0.0574 -0.162077 100
0.935096 -0.0441 -0.161855 100
0.934603 -0.0308 -0.16177 100
0.933913 -0.0175 -0.161651 100
0.933793 0.0005 -0.157604 100
0.933695 0.0137 -0.157587 100
0.934385 0.027 -0.157704 100
0.933892 0.0403 -0.157621 100
0.934286 0.0536 -0.157687 100
0.935371 0.067 -0.15787 100
0.936357 0.0804 -0.158037 100
0.934779 0.1071 -0.15777 100
0.933202 0.1203 -0.157504 100
0.933399 0.1338 -0.157537 100
0.933399 0.1474 -0.157537 100
0.932216 0.1608 -0.157338 100
0.930934 0.1742 -0.157121 100
0.929356 0.1876 -0.156855 100
0.928666 0.2011 -0.156739 100
0.928666 0.215 -0.156739 100
0.928469 0.2288 -0.156705 100
0.928074 0.2427 -0.156639 100
0.934188 0.2585 -0.157671 100
0.92768 -0.2278 -0.156572 100
0.929751 -0.2143 -0.156922 100
0.930737 -0.2007 -0.157088 100
0.933399 -0.1875 -0.157537 100
0.933991 -0.1739 -0.157637 100
0.934286 -0.1603 -0.157687 100
0.93547 -0.1468 -0.157887 100
0.93547 -0.1333 -0.157887 100
0.936258 -0.1198 -0.15802 100
0.93685 -0.1064 -0.15812 100
0.937245 -0.093 -0.158187 100
0.939414 -0.0798 -0.158553 100
0.939414 -0.0664 -0.158553 100
0.937245 -0.0529 -0.158187 100
0.935963 -0.0395 -0.15797 100
0.934385 -0.0262 -0.157704 100
0.938969 0.003 -0.144353 100
0.937881 0.0162 -0.144186 100
0.937486 0.0295 -0.144125 100
0.93798 0.0428 -0.144201 100
0.937288 0.0561 -0.144095 100
0.936498 0.0693 -0.143973 100
0.936399 0.0826 -0.143958 100
0.937091 0.0961 -0.144065 100
0.937684 0.1096 -0.144156 100
0.937091 0.1229 -0.144065 100
0.936201 0.1363 -0.143928 100
0.935213 0.1497 -0.143776 100
0.935015 0.1632 -0.143746 0
0.93462 0.1768 -0.143685 100
0.934027 0.1904 -0.143594 100
0.932248 0.2038 -0.14332 100
0.93037 0.2172 -0.143031 100
0.929184 0.2308 -0.142849 100
0.929678 0.2449 -0.142925 100
0.932149 -0.2183 -0.143305 100
0.932149 -0.2045 -0.143305 100
0.933928 -0.1911 -0.143578 100
0.934521 -0.1775 -0.14367 100
0.934916 -0.1639 -0.14373 100
0.935114 -0.1504 -0.143761 100
0.937091 -0.1371 -0.144065 100
0.93798 -0.1237 -0.144201 100
0.937585 -0.1102 -0.144141 100
0.938079 -0.0968 -0.144217 100
0.938277 -0.0835 -0.144247 100
0.939364 -0.0702 -0.144414 100
0.940254 -0.0569 -0.144551 100
0.939957 -0.0436 -0.144505 100
0.938474 -0.0302 -0.144277 100
0.937783 -0.0169 -0.144171 100
0.94082 0.0129 -0.138089 100
0.941513 0.0263 -0.138191 100
0.941117 0.0396 -0.138133 100
0.941414 0.0529 -0.138177 100
0.942601 0.0663 -0.138351 100
0.941611 0.0796 -0.138206 100
0.941414 0.093 -0.138177 100
0.941018 0.1064 -0.138118 100
0.941414 0.12 -0.138177 100
0.940622 0.1334 -0.13806 100
0.940622 0.147 -0.13806 100
0.939435 0.1604 -0.137886 0
0.938149 0.1738 -0.137697 100
0.937555 0.1875 -0.13761 100
0.937852 0.2013 -0.137654 100
0.936862 0.215 -0.137509 100
0.933795 0.2282 -0.137058 100
0.932509 0.2419 -0.13687 100
0.909753 -0.2308 -0.133529 9
0.927265 -0.2214 -0.1361 100
0.935081 -0.2094 -0.137247 100
0.935972 -0.1957 -0.137378 100
0.936566 -0.1821 -0.137465 100
0.93805 -0.1687 -0.137683 100
0.939336 -0.1553 -0.137872 100
0.940424 -0.1418 -0.138031 100
0.940325 -0.1283 -0.138017 100
0.940028 -0.1147 -0.137973 100
0.940523 -0.1013 -0.138046 100
0.941809 -0.088 -0.138235 100
0.943986 -0.0748 -0.138554 100
0.943887 -0.0614 -0.13854 100
0.943689 -0.048 -0.138511 100
0.943293 -0.0347 -0.138452 100
0.94171 -0.0213 -0.13822 100
0.942821 0.002 -0.12446 100
0.943713 0.0153 -0.124577 100
0.941433 0.0285 -0.124276 100
0.940937 0.0417 -0.124211 100
0.942226 0.055 -0.124381 100
0.942325 0.0683 -0.124394 100
0.942325 0.0816 -0.124394 100
0.942127 0.095 -0.124368 100
0.941631 0.1083 -0.124302 100
0.941036 0.1217 -0.124224 100
0.940243 0.135 -0.124119 100
0.940243 0.1485 -0.124119 0
0.940045 0.1621 -0.124093 100
0.94064 0.1758 -0.124172 100
0.940144 0.1894 -0.124106 100
0.938359 0.2028 -0.123871 100
0.936476 0.2162 -0.123622 100
0.935286 0.2298 -0.123465 100
0.935881 0.2439 -0.123543 100
0.934394 -0.2251 -0.123347 42
0.934493 -0.2113 -0.12336 100
0.936377 -0.1979 -0.123609 100
0.937071 -0.1844 -0.1237 100
0.937566 -0.1708 -0.123766 100
0.937864 -0.1573 -0.123805 100
0.938954 -0.144 -0.123949 100
0.939846 -0.1306 -0.124067 100
0.939648 -0.1171 -0.124041 0
0.940144 -0.1038 -0.124106 100
0.94054 -0.0905 -0.124159 100
0.940739 -0.0772 -0.124185 100
0.941631 -0.064 -0.124302 100
0.942424 -0.0507 -0.124407 100
0.943118 -0.0375 -0.124499 100
0.943515 -0.0242 -0.124551 100
0.943122 0.0045 -0.122155 100
0.941932 0.0177 -0.122001 100
0.941634 0.031 -0.121963 100
0.941139 0.0442 -0.121899 100
0.941436 0.0575 -0.121937 100
0.942527 0.0709 -0.122078 100
0.942428 0.0842 -0.122065 100
0.94213 0.0976 -0.122027 100
0.940643 0.1108 -0.121834 100
0.941039 0.1243 -0.121886 100
0.940246 0.1377 -0.121783 100
0.939155 0.1511 -0.121642 100
0.938957 0.1646 -0.121616 100
0.93856 0.1782 -0.121565 0
0.938858 0.1919 -0.121603 100
0.938064 0.2056 -0.1215 0
0.937073 0.2192 -0.121372 100
0.937767 0.2333 -0.121462 100
0.945006 0.2493 -0.122399 100
0.945601 -0.2308 -0.122477 7
0.938957 -0.2153 -0.121616 100
0.937965 -0.2012 -0.121487 100
0.938758 -0.1876 -0.12159 100
0.939254 -0.174 -0.121654 100
0.939651 -0.1605 -0.121706 100
0.940841 -0.1471 -0.12186 0
0.939849 -0.1334 -0.121732 100
0.940544 -0.1201 -0.121821 100
0.941139 -0.1067 -0.121899 100
0.941535 -0.0934 -0.12195 0
0.942725 -0.0801 -0.122104 100
0.943816 -0.0668 -0.122245 100
0.943618 -0.0535 -0.12222 100
0.94332 -0.0402 -0.122181 100
0.943717 -0.0269 -0.122232 100
0.944015 -0.0136 -0.122271 100
0.944774 0.009 -0.108646 100
0.944476 0.0222 -0.108611 100
0.945072 0.0356 -0.10868 100
0.944476 0.0488 -0.108611 100
0.942787 0.0621 -0.108417 100
0.94378 0.0755 -0.108531 100
0.944674 0.0889 -0.108634 0
0.944277 0.1023 -0.108589 100
0.942787 0.1156 -0.108417 100
0.942091 0.1289 -0.108337 100
0.941197 0.1423 -0.108234 100
0.940104 0.1557 -0.108109 100
0.9408 0.1694 -0.108189 100
0.941197 0.1832 -0.108234 100
0.940601 0.1968 -0.108166 0
0.939707 0.2105 -0.108063 100
0.938614 0.2241 -0.107937 100
0.938316 0.238 -0.107903 100
0.944476 0.2538 -0.108611 100
0.942091 -0.2176 -0.108337 100
0.940204 -0.2033 -0.10812 100
0.941992 -0.1899 -0.108326 100
0.942588 -0.1763 -0.108394 100
0.942985 -0.1626 -0.10844 100
0.944178 -0.1492 -0.108577 100
0.945171 -0.1358 -0.108691 100
0.944972 -0.1222 -0.108669 0
0.945568 -0.1088 -0.108737 100
0.945966 -0.0954 -0.108783 100
0.946264 -0.082 -0.108817 0
0.946264 -0.0686 -0.108817 100
0.945171 -0.0552 -0.108691 100
0.944873 -0.0419 -0.108657 100
0.94537 -0.0286 -0.108714 100
0.945668 -0.0153 -0.108749 100
0.946296 0.0116 -0.103135 0
0.946097 0.0249 -0.103113 0
0.945601 0.0382 -0.103059 100
0.945998 0.0516 -0.103102 100
0.946197 0.065 -0.103124 100
0.945203 0.0783 -0.103016 100
0.945004 0.0916 -0.102994 100
0.943612 0.1049 -0.102842 100
0.943115 0.1183 -0.102788 100
0.943314 0.1318 -0.10281 100
0.94232 0.1452 -0.102702 100
0.941226 0.1586 -0.102582 100
0.940928 0.1722 -0.10255 100
0.940332 0.1858 -0.102485 100
0.94063 0.1996 -0.102517 100
0.94063 0.2135 -0.102517 100
0.938542 0.227 -0.10229 0
0.938145 0.2409 -0.102246 100
0.941525 -0.2228 -0.102615 100
0.939735 -0.2085 -0.10242 100
0.941525 -0.195 -0.102615 0
0.94222 -0.1814 -0.102691 100
0.943712 -0.1679 -0.102853 100
0.943911 -0.1543 -0.102875 100
0.945004 -0.1409 -0.102994 100
0.945899 -0.1275 -0.103092 100
0.945601 -0.1139 -0.103059 100
0.945103 -0.1004 -0.103005 100
0.945402 -0.087 -0.103037 100
0.946595 -0.0737 -0.103167 100
0.947489 -0.0604 -0.103265 0
0.948185 -0.047 -0.103341 100
0.948782 -0.0337 -0.103406 100
0.949179 -0.0204 -0.103449 100
0.947961 0.0017 -0.0876059 100
0.947861 0.015 -0.0875967 100
0.947562 0.0283 -0.0875691 100
0.947064 0.0416 -0.0875231 0
0.947363 0.0549 -0.0875507 0
0.947562 0.0683 -0.0875691 100
0.947463 0.0817 -0.0875599 100
0.948259 0.0951 -0.0876335 100
0.947761 0.1086 -0.0875875 100
0.947164 0.122 -0.0875323 100
0.947363 0.1355 -0.0875507 0
0.946367 0.149 -0.0874587 0
0.946168 0.1626 -0.0874403 0
0.94577 0.1762 -0.0874035 0
0.944177 0.1897 -0.0872562 0
0.94338 0.2033 -0.0871826 100
0.94338 0.2172 -0.0871826 0
0.943181 0.2311 -0.0871642 0
0.949554 0.2469 -0.0877531 100
0.95513 -0.224 -0.0882685 6
0.947463 -0.2082 -0.0875599 100
0.947363 -0.1943 -0.0875507 100
0.947961 -0.1806 -0.0876059 100
0.947463 -0.1667 -0.0875599 100
0.947761 -0.1531 -0.0875875 100
0.946766 -0.1394 -0.0874955 100
0.946666 -0.1258 -0.0874863 100
0.947363 -0.1124 -0.0875507 100
0.946865 -0.0989 -0.0875047 100
0.947164 -0.0855 -0.0875323 0
0.947264 -0.0721 -0.0875415 100
0.94816 -0.0588 -0.0876243 0
0.948857 -0.0455 -0.0876887 100
0.948458 -0.0321 -0.0876519 0
0.949753 -0.0188 -0.0877715 100
0.948364 0.013 -0.0819705 100
0.948065 0.0262 -0.0819446 100
0.948663 0.0395 -0.0819963 100
0.947966 0.0528 -0.081936 0
0.948165 0.0661 -0.0819532 100
0.950157 0.0796 -0.0821255 100
0.950954 0.0931 -0.0821944 100
0.950556 0.1065 -0.0821599 100
0.948962 0.1198 -0.0820221 0
0.947169 0.1331 -0.0818671 100
0.947268 0.1466 -0.0818757 0
0.947069 0.1602 -0.0818585 100
0.94667 0.1738 -0.0818241 100
0.943482 0.2006 -0.0815485 100
0.942486 0.2142 -0.0814624 100
0.94139 0.2279 -0.0813677 0
0.941091 0.2418 -0.0813419 0
0.946272 0.2573 -0.0817896 100
0.950755 -0.2275 -0.0821771 11
0.94408 -0.212 -0.0816002 100
0.94398 -0.1981 -0.0815916 100
0.944678 -0.1845 -0.0816519 100
0.945176 -0.1709 -0.0816949 100
0.945475 -0.1574 -0.0817207 0
0.945674 -0.1438 -0.081738 100
0.945575 -0.1303 -0.0817294 100
0.946272 -0.1169 -0.0817896 0
0.94687 -0.1036 -0.0818413 100
0.947169 -0.0902 -0.0818671 100
0.948364 -0.077 -0.0819705 0
0.948364 -0.0636 -0.0819705 100
0.949161 -0.0504 -0.0820394 0
0.949759 -0.0371 -0.082091 100
0.951154 -0.0238 -0.0822116 100
0.950954 0.001 -0.0761778 100
0.950854 0.0143 -0.0761698 100
0.950555 0.0277 -0.0761459 0
0.94906 0.0409 -0.0760261 100
0.949458 0.0543 -0.0760581 100
0.949558 0.0677 -0.076066 0
0.949558 0.0811 -0.076066 0
0.949259 0.0945 -0.0760421 0
0.947864 0.1078 -0.0759303 100
0.948262 0.1213 -0.0759622 0
0.947465 0.1347 -0.0758984 100
0.947465 0.1483 -0.0758984 0
0.946269 0.1617 -0.0758025 100
0.946867 0.1755 -0.0758504 0
0.946269 0.1892 -0.0758025 100
0.945571 0.2028 -0.0757466 100
0.946468 0.2169 -0.0758185 0
0.946269 0.2309 -0.0758025 100
0.951651 0.2464 -0.0762337 100
0.952748 -0.2254 -0.0763216 23
0.945072 -0.2097 -0.0757067 100
0.944973 -0.1958 -0.0756987 100
0.945671 -0.1821 -0.0757546 100
0.946169 -0.1685 -0.0757945 100
0.946368 -0.1549 -0.0758105 100
0.946468 -0.1413 -0.0758185 100
0.947365 -0.1279 -0.0758904 100
0.947066 -0.1144 -0.0758664 100
0.946667 -0.1009 -0.0758345 100
0.946966 -0.0875 -0.0758584 100
0.948063 -0.0742 -0.0759463 100
0.949957 -0.061 -0.076098 100
0.950754 -0.0477 -0.0761619 100
0.951352 -0.0343 -0.0762098 100
0.948761 -0.0209 -0.0760022 100
0.950355 0.0075 -0.0709571 100
0.949158 0.0208 -0.0708678 0
0.948759 0.0341 -0.070838 100
0.948161 0.0474 -0.0707933 0
0.949457 0.0608 -0.0708901 100
0.949457 0.0742 -0.0708901 100
0.949358 0.0875 -0.0708827 0
0.949058 0.1009 -0.0708603 100
0.949457 0.1145 -0.0708901 100
0.948759 0.1279 -0.070838 100
0.947961 0.1413 -0.0707784 100
0.947862 0.1549 -0.070771 0
0.946565 0.1684 -0.0706742 100
0.946067 0.182 -0.070637 100
0.945369 0.1956 -0.0705848 100
0.945468 0.2095 -0.0705923 100
0.945369 0.2234 -0.0705848 0
0.945069 0.2374 -0.0705625 0
0.949358 0.2527 -0.0708827 100
0.952648 -0.2318 -0.0711284 41
0.949956 -0.2171 -0.0709273 24
0.949956 -0.2032 -0.0709273 100
0.948759 -0.1891 -0.070838 100
0.949358 -0.1754 -0.0708827 0
0.950654 -0.1619 -0.0709795 100
0.950853 -0.1483 -0.0709944 100
0.950853 -0.1346 -0.0709944 100
0.950654 -0.1211 -0.0709795 0
0.949358 -0.1074 -0.0708827 100
0.947762 -0.0938 -0.0707635 0
0.947961 -0.0804 -0.0707784 100
0.949956 -0.0672 -0.0709273 0
0.950853 -0.0539 -0.0709944 100
0.950454 -0.0405 -0.0709646 100
0.950953 -0.0272 -0.0710018 100
0.951252 -0.0138 -0.0710241 100
0.952494 0.0017 -0.0535862 100
0.952394 0.015 -0.0535806 0
0.952094 0.0283 -0.0535637 0
0.951595 0.0415 -0.0535357 100
0.951895 0.0549 -0.0535525 100
0.951096 0.0682 -0.0535076 0
0.950996 0.0815 -0.0535019 100
0.949798 0.0948 -0.0534345 0
0.950397 0.1083 -0.0534682 100
0.949798 0.1217 -0.0534345 0
0.948999 0.135 -0.0533896 100
0.948999 0.1486 -0.0533896 0
0.9488 0.1622 -0.0533784 0
0.9484 0.1757 -0.0533559 100
0.947801 0.1894 -0.0533222 100
0.947002 0.203 -0.0532773 100
0.948001 0.2171 -0.0533334 100
0.9488 0.2312 -0.0533784 0
0.954191 0.2467 -0.0536817 100
0.953892 -0.2397 -0.0536648 24
0.951296 -0.225 -0.0535188 100
0.953392 -0.2115 -0.0536368 100
0.949399 -0.1968 -0.0534121 0
0.947102 -0.1825 -0.0532829 100
0.9486 -0.1691 -0.0533671 100
0.949798 -0.1557 -0.0534345 100
0.949898 -0.1421 -0.0534402 100
0.949798 -0.1286 -0.0534345 0
0.950597 -0.1152 -0.0534795 0
0.950098 -0.1017 -0.0534514 0
0.950397 -0.0883 -0.0534682 0
0.950597 -0.075 -0.0534795 0
0.951495 -0.0617 -0.05353 100
0.952294 -0.0484 -0.053575 100
0.952893 -0.0351 -0.0536087 100
0.952294 -0.0218 -0.053575 0
0.953682 0.008 -0.0501473 100
0.953483 0.0213 -0.0501368 100
0.953083 0.0346 -0.0501158 100
0.952484 0.0479 -0.0500843 0
0.951685 0.0612 -0.0500423 0
0.950786 0.0745 -0.049995 100
0.950687 0.0879 -0.0499898 100
0.950287 0.1013 -0.0499688 0
0.949788 0.1146 -0.0499425 100
0.950087 0.1282 -0.0499582 0
0.950187 0.1417 -0.0499635 100
0.950087 0.1553 -0.0499582 0
0.949788 0.1689 -0.0499425 100
0.950287 0.1827 -0.0499688 0
0.949588 0.1964 -0.049932 0
0.947791 0.2098 -0.0498375 100
0.949588 0.2242 -0.049932 100
0.949289 0.2381 -0.0499162 0
0.954581 0.2537 -0.0501945 100
0.956379 -0.2304 -0.0502891 23
0.952684 -0.2154 -0.0500948 30
0.953583 -0.2017 -0.050142 100
0.950487 -0.1872 -0.0499793 100
0.950986 -0.1736 -0.0500055 100
0.951386 -0.1599 -0.0500265 100
0.951485 -0.1463 -0.0500318 100
0.951485 -0.1327 -0.0500318 100
0.951286 -0.1192 -0.0500213 100
0.950886 -0.1057 -0.0500003 0
0.950187 -0.0922 -0.0499635 100
0.951386 -0.0789 -0.0500265 0
0.951386 -0.0656 -0.0500265 100
0.951286 -0.0522 -0.0500213 100
0.951885 -0.0389 -0.0500528 100
0.952384 -0.0256 -0.050079 100
0.956214 0.013 -0.0362326 100
0.955914 0.0264 -0.0362213 100
0.955514 0.0398 -0.0362061 0
0.955814 0.0532 -0.0362175 100
0.956014 0.0666 -0.0362251 100
0.956014 0.0801 -0.0362251 0
0.955714 0.0935 -0.0362137 0
0.955314 0.107 -0.0361985 0
0.954715 0.1205 -0.0361758 100
0.953915 0.134 -0.0361455 0
0.954015 0.1476 -0.0361493 100
0.952816 0.1611 -0.0361039 0
0.952417 0.1748 -0.0360887 100
0.950918 0.1883 -0.0360319 0
0.950118 0.202 -0.0360017 100
0.951117 0.2161 -0.0360395 100
0.950918 0.2301 -0.0360319 100
0.954315 0.2451 -0.0361607 100
0.956314 -0.2246 -0.0362364 18
0.951517 -0.2094 -0.0360547 100
0.951417 -0.1955 -0.0360509 100
0.952117 -0.1818 -0.0360774 0
0.953616 -0.1683 -0.0361342 100
0.953915 -0.1546 -0.0361455 100
0.953915 -0.141 -0.0361455 100
0.954815 -0.1275 -0.0361796 100
0.955514 -0.114 -0.0362061 100
0.955015 -0.1004 -0.0361872 100
0.955414 -0.0869 -0.0362023 0
0.954515 -0.0734 -0.0361683 0
0.954415 -0.06 -0.0361645 100
0.955215 -0.0466 -0.0361948 100
0.955714 -0.0333 -0.0362137 0
0.955115 -0.0199 -0.036191 0
0.956523 0.0085 -0.030227 0
0.955323 0.0218 -0.0301891 0
0.953924 0.0351 -0.0301449 0
0.953324 0.0485 -0.030126 0
0.953524 0.0618 -0.0301323 0
0.953524 0.0752 -0.0301323 100
0.953424 0.0886 -0.0301291 0
0.954124 0.1021 -0.0301512 0
0.953524 0.1155 -0.0301323 100
0.953824 0.1291 -0.0301418 100
0.953924 0.1427 -0.0301449 0
0.952824 0.1562 -0.0301102 0
0.951525 0.1696 -0.0300691 100
0.951025 0.1833 -0.0300533 100
0.950326 0.1969 -0.0300312 100
0.952425 0.2113 -0.0300975 100
0.956123 0.2261 -0.0302144 100
0.953924 0.2397 -0.0301449 100
0.957222 0.2548 -0.0302492 100
0.951225 -0.212 -0.0300596 12
0.951125 -0.1981 -0.0300565 100
0.952824 -0.1846 -0.0301102 100
0.951325 -0.1706 -0.0300628 100
0.951625 -0.157 -0.0300723 100
0.952824 -0.1435 -0.0301102 100
0.952724 -0.13 -0.030107 100
0.952425 -0.1164 -0.0300975 100
0.953024 -0.103 -0.0301165 100
0.953324 -0.0896 -0.030126 100
0.953524 -0.0762 -0.0301323 100
0.954424 -0.0629 -0.0301607 0
0.955223 -0.0496 -0.030186 100
0.955823 -0.0362 -0.0302049 100
0.956223 -0.0229 -0.0302176 100
0.955782 0.0115 -0.0150146 100
0.955582 0.0249 -0.0150115 100
0.954082 0.0382 -0.0149879 0
0.955482 0.0517 -0.0150099 0
0.955682 0.0651 -0.0150131 0
0.955682 0.0786 -0.0150131 0
0.955482 0.092 -0.0150099 0
0.955082 0.1055 -0.0150036 100
0.954482 0.119 -0.0149942 0
0.954682 0.1326 -0.0149973 100
0.954782 0.1462 -0.0149989 0
0.953582 0.1597 -0.0149801 0
0.953282 0.1734 -0.0149754 0
0.952682 0.1871 -0.0149659 100
0.950983 0.2007 -0.0149392 100
0.953882 0.2153 -0.0149848 0
0.953682 0.2293 -0.0149816 0
0.958182 0.2446 -0.0150523 100
0.950983 -0.2051 -0.0149392 100
0.951883 -0.1913 -0.0149534 0
0.953482 -0.1778 -0.0149785 0
0.953882 -0.1641 -0.0149848 0
0.954082 -0.1504 -0.0149879 100
0.954082 -0.1368 -0.0149879 0
0.954982 -0.1233 -0.0150021 0
0.955582 -0.1098 -0.0150115 0
0.956082 -0.0963 -0.0150193 100
0.956282 -0.0828 -0.0150225 100
0.956382 -0.0694 -0.015024 100
0.957282 -0.056 -0.0150382 100
0.957982 -0.0426 -0.0150492 100
0.957482 -0.0291 -0.0150413 100
0.957782 -0.0157 -0.015046 100
0.957982 0.0013 -0.00585205 0
0.958882 0.0147 -0.00585755 0
0.959582 0.0281 -0.00586183 0
0.959082 0.0415 -0.00585877 0
0.959382 0.0549 -0.0058606 0
0.959582 0.0683 -0.00586183 100
0.959482 0.0818 -0.00586122 100
0.959282 0.0952 -0.00585999 100
0.959882 0.1088 -0.00586366 100
0.958182 0.1222 -0.00585327 0
0.957382 0.1357 -0.00584839 100
0.957382 0.1493 -0.00584839 100
0.957182 0.163 -0.00584717 100
0.957782 0.1768 -0.00585083 100
0.959182 0.1909 -0.00585938 0
0.961282 0.2053 -0.00587221 100
0.963182 0.2198 -0.00588382 100
0.961982 0.2337 -0.00587649 100
0.965482 0.2488 -0.00589787 100
0.956382 -0.2139 -0.00584228 49
0.952382 -0.1991 -0.00581784 100
0.953082 -0.1854 -0.00582212 100
0.953682 -0.1718 -0.00582579 100
0.953982 -0.1581 -0.00582762 0
0.954082 -0.1445 -0.00582823 100
0.954082 -0.131 -0.00582823 100
0.954782 -0.1175 -0.0058325 0
0.956282 -0.1042 -0.00584167 100
0.956682 -0.0908 -0.00584411 100
0.956882 -0.0774 -0.00584533 100
0.957882 -0.064 -0.00585144 0
0.958682 -0.0507 -0.00585633 0
0.958282 -0.0373 -0.00585388 100
0.958682 -0.0239 -0.00585633 0
0.957986 0.007 0.00518325 100
0.957786 0.0204 0.00518217 100
0.957386 0.0338 0.00518001 100
0.957786 0.0472 0.00518217 0
0.957086 0.0605 0.00517838 100
0.957086 0.074 0.00517838 100
0.955986 0.0873 0.00517243 0
0.955686 0.1008 0.00517081 0
0.956186 0.1143 0.00517351 100
0.955486 0.1278 0.00516973 0
0.954586 0.1413 0.00516486 0
0.953486 0.1547 0.00515891 0
0.953186 0.1684 0.00515728 0
0.953686 0.1822 0.00515999 0
0.953086 0.1959 0.00515674 100
0.953186 0.2099 0.00515728 100
0.955986 0.2245 0.00517243 100
0.954686 0.2383 0.0051654 0
0.957986 0.2534 0.00518325 100
0.957886 -0.2116 0.00518271 7
0.953886 -0.1968 0.00516107 100
0.953586 -0.1829 0.00515945 0
0.955086 -0.1694 0.00516756 0
0.954386 -0.1556 0.00516378 100
0.954486 -0.1419 0.00516432 100
0.955386 -0.1285 0.00516919 0
0.957086 -0.1151 0.00517838 0
0.957586 -0.1016 0.00518109 100
0.956986 -0.0881 0.00517784 0
0.956086 -0.0746 0.00517297 100
0.955986 -0.0611 0.00517243 0
0.956786 -0.0478 0.00517676 100
0.957386 -0.0344 0.00518001 100
0.957786 -0.0211 0.00518217 100
0.962856 0.0096 0.0166386 0
0.962556 0.023 0.0166334 100
0.963156 0.0365 0.0166438 0
0.963556 0.05 0.0166507 100
0.963756 0.0635 0.0166542 100
0.963756 0.077 0.0166542 100
0.963656 0.0905 0.0166524 0
0.963256 0.1041 0.0166455 100
0.961656 0.1175 0.0166179 100
0.961956 0.1312 0.0166231 100
0.961956 0.1449 0.0166231 0
0.960857 0.1585 0.0166041 100
0.961556 0.1724 0.0166162 100
0.964956 0.187 0.0166749 100
0.966156 0.2012 0.0166956 100
0.964156 0.2149 0.0166611 100
0.962056 0.2286 0.0166248 100
0.962656 0.243 0.0166352 100
0.954857 -0.2242 0.0165004 7
0.954058 -0.21 0.0164866 100
0.954857 -0.1963 0.0165004 100
0.952658 -0.182 0.0164624 100
0.953158 -0.1683 0.016471 0
0.954358 -0.1549 0.0164918 100
0.955457 -0.1414 0.0165108 0
0.957357 -0.128 0.0165436 100
0.958057 -0.1145 0.0165557 100
0.957557 -0.1009 0.016547 0
0.957857 -0.0875 0.0165522 0
0.957957 -0.074 0.016554 0
0.958957 -0.0606 0.0165712 100
0.958657 -0.0472 0.0165661 100
0.960257 -0.0339 0.0165937 100
0.960657 -0.0205 0.0166006 100
0.959684 0.0077 0.0246274 100
0.960484 0.0211 0.0246479 100
0.960084 0.0346 0.0246376 100
0.959484 0.048 0.0246223 100
0.959684 0.0614 0.0246274 100
0.959784 0.0749 0.02463 100
0.960584 0.0885 0.0246505 100
0.960284 0.102 0.0246428 100
0.960784 0.1157 0.0246556 100
0.959984 0.1292 0.0246351 100
0.959084 0.1428 0.024612 0
0.957985 0.1563 0.0245838 100
0.957685 0.17 0.0245761 100
0.960184 0.1843 0.0246402 0
0.963383 0.1989 0.0247223 100
0.964383 0.2132 0.024748 100
0.963283 0.2272 0.0247197 100
0.964882 0.2418 0.0247608 0
0.956485 -0.2211 0.0245453 8
0.954586 -0.2067 0.0244966 100
0.955386 -0.193 0.0245171 100
0.954086 -0.1788 0.0244837 0
0.955485 -0.1653 0.0245196 0
0.955685 -0.1516 0.0245248 100
0.955785 -0.138 0.0245273 100
0.956585 -0.1245 0.0245479 100
0.957285 -0.111 0.0245658 100
0.957685 -0.0975 0.0245761 100
0.957985 -0.084 0.0245838 100
0.959084 -0.0706 0.024612 100
0.958984 -0.0572 0.0246094 100
0.959684 -0.0438 0.0246274 100
0.959184 -0.0303 0.0246146 100
0.959584 -0.0169 0.0246248 100
0.961449 0.0097 0.0325665 100
0.960149 0.0231 0.0325225 100
0.960749 0.0366 0.0325428 100
0.962148 0.0501 0.0325902 100
0.962348 0.0636 0.032597 100
0.961349 0.077 0.0325631 100
0.962148 0.0906 0.0325902 100
0.962848 0.1042 0.0326139 100
0.961249 0.1177 0.0325597 100
0.960549 0.1312 0.032536 100
0.960549 0.1449 0.032536 100
0.962448 0.1589 0.0326004 100
0.967045 0.1736 0.0327561 100
0.968445 0.1878 0.0328035 100
0.967645 0.2017 0.0327764 100
0.966646 0.2157 0.0327425 100
0.964547 0.2294 0.0326714 100
0.962648 0.2575 0.0326071 100
0.960849 -0.2278 0.0325462 100
0.961948 -0.2139 0.0325834 100
0.962948 -0.2 0.0326173 100
0.961648 -0.1858 0.0325733 100
0.957251 -0.1712 0.0324243 100
0.956651 -0.1573 0.032404 100
0.95875 -0.1439 0.0324751 0
0.95965 -0.1304 0.0325056 100
0.960349 -0.1169 0.0325293 100
0.960949 -0.1033 0.0325496 100
0.960249 -0.0897 0.0325259 100
0.960449 -0.0762 0.0325327 100
0.961449 -0.0628 0.0325665 100
0.961149 -0.0494 0.0325564 100
0.961748 -0.0359 0.0325767 100
0.962148 -0.0225 0.0325902 100
0.961916 0.0111 0.0435121 100
0.962716 0.0246 0.0435483 0
0.962316 0.038 0.0435302 0
0.962616 0.0515 0.0435438 0
0.961817 0.065 0.0435076 100
0.961817 0.0785 0.0435076 0
0.961617 0.092 0.0434986 100
0.961217 0.1055 0.0434805 100
0.961617 0.1192 0.0434986 100
0.960917 0.1328 0.0434669 0
0.960917 0.1465 0.0434669 100
0.961717 0.1604 0.0435031 100
0.965313 0.1749 0.0436658 0
0.96771 0.1893 0.0437742 100
0.968809 0.2036 0.0438239 100
0.96791 0.2176 0.0437833 100
0.965713 0.2313 0.0436839 100
0.966312 0.2458 0.043711 100
0.960518 -0.2358 0.0434489 100
0.961817 -0.2219 0.0435076 100
0.963814 -0.2082 0.043598 100
0.962716 -0.1939 0.0435483 100
0.95842 -0.1792 0.043354 0
0.956922 -0.1651 0.0432862 100
0.957121 -0.1514 0.0432952 100
0.95812 -0.1379 0.0433404 100
0.959019 -0.1243 0.0433811 100
0.959619 -0.1108 0.0434082 100
0.960118 -0.0973 0.0434308 100
0.960418 -0.0838 0.0434444 100
0.960418 -0.0703 0.0434444 100
0.960318 -0.0568 0.0434398 100
0.961017 -0.0433 0.0434715 100
0.962516 -0.0299 0.0435392 100
0.962915 -0.0165 0.0435573 100
0.962372 0.0035 0.0559956 100
0.962273 0.017 0.0559898 100
0.962871 0.0305 0.0560247 100
0.963371 0.044 0.0560537 100
0.962672 0.0575 0.056013 0
0.962772 0.071 0.0560189 0
0.962672 0.0846 0.056013 100
0.962372 0.0982 0.0559956 100
0.961873 0.1118 0.0559666 100
0.961274 0.1253 0.0559317 100
0.960376 0.1389 0.0558795 100
0.959377 0.1525 0.0558214 100
0.960076 0.1664 0.055862 100
0.964569 0.1811 0.0561234 100
0.965866 0.1954 0.0561989 100
0.965966 0.2096 0.0562047 0
0.965866 0.2237 0.0561989 100
0.96357 0.2375 0.0560653 100
0.965966 0.2525 0.0562047 100
0.960476 -0.2378 0.0558853 100
0.96367 -0.2243 0.0560711 100
0.96377 -0.2101 0.0560769 0
0.961673 -0.1956 0.055955 100
0.958479 -0.181 0.0557691 100
0.955983 -0.1668 0.0556239 0
0.957181 -0.1532 0.0556936 100
0.958279 -0.1396 0.0557575 0
0.959178 -0.1261 0.0558097 100
0.959777 -0.1125 0.0558446 100
0.961574 -0.0855 0.0559492 100
0.961673 -0.072 0.055955 100
0.962572 -0.0585 0.0560072 100
0.963271 -0.045 0.0560479 100
0.962871 -0.0315 0.0560247 100
0.962173 -0.018 0.055984 100
0.961847 0.0084 0.0643917 100
0.962645 0.0219 0.0644451 100
0.963244 0.0354 0.0644852 100
0.962645 0.0488 0.0644451 100
0.961847 0.0623 0.0643917 100
0.961847 0.0758 0.0643917 100
0.961747 0.0894 0.064385 100
0.961348 0.1029 0.0643583 100
0.960849 0.1165 0.0643249 100
0.960151 0.13 0.0642781 100
0.959153 0.1436 0.0642113 100
0.962047 0.1578 0.064405 100
0.964641 0.1721 0.0645787 100
0.966038 0.1863 0.0646722 100
0.965339 0.2002 0.0646255 100
0.965339 0.2144 0.0646255 100
0.965239 0.2285 0.0646188 100
0.96484 0.2427 0.0645921 100
0.969131 0.2583 0.0648793 100
0.963144 -0.2287 0.0644785 100
0.962346 -0.2144 0.0644251 100
0.964242 -0.2007 0.064552 100
0.965938 -0.187 0.0646655 100
0.964541 -0.1728 0.064572 100
0.960949 -0.1583 0.0643316 0
0.959053 -0.1443 0.0642046 100
0.960051 -0.1307 0.0642714 100
0.960749 -0.1171 0.0643182 100
0.961248 -0.1036 0.0643516 100
0.961647 -0.09 0.0643783 100
0.962845 -0.0766 0.0644585 100
0.962745 -0.063 0.0644518 100
0.962545 -0.0495 0.0644384 100
0.964142 -0.0361 0.0645453 100
0.963543 -0.0226 0.0645052 100
0.9648 0.0057 0.0786429 100
0.964601 0.0193 0.0786267 100
0.964202 0.0328 0.0785942 100
0.9647 0.0463 0.0786348 100
0.964999 0.0599 0.0786592 100
0.964003 0.0734 0.0785779 100
0.963903 0.0869 0.0785698 100
0.963604 0.1005 0.0785454 100
0.964102 0.1143 0.0785861 100
0.964401 0.128 0.0786104 100
0.967392 0.1422 0.0788542 100
0.970282 0.1565 0.0790898 100
0.968986 0.1703 0.0789842 100
0.968488 0.1842 0.0789435 100
0.968787 0.1983 0.0789679 100
0.968787 0.2125 0.0789679 100
0.967691 0.2265 0.0788785 100
0.968388 0.241 0.0789354 100
0.975465 0.2573 0.0795122 100
0.962607 -0.231 0.0784642 100
0.9647 -0.2173 0.0786348 100
0.966694 -0.2036 0.0787973 100
0.967491 -0.1896 0.0788623 100
0.966993 -0.1755 0.0788217 100
0.965498 -0.1613 0.0786998 100
0.9647 -0.1473 0.0786348 100
0.962607 -0.1333 0.0784642 100
0.961411 -0.1194 0.0783667 100
0.962009 -0.1058 0.0784155 100
0.963405 -0.0923 0.0785292 100
0.963604 -0.0788 0.0785454 100
0.962607 -0.0651 0.0784642 100
0.963405 -0.0517 0.0785292 100
0.964003 -0.0382 0.0785779 100
0.964501 -0.0247 0.0786186 100
0.965327 0.0041 0.0842854 100
0.965128 0.0176 0.084268 100
0.964829 0.0311 0.0842419 100
0.964331 0.0447 0.0841984 100
0.963634 0.0582 0.0841376 100
0.963634 0.0718 0.0841376 100
0.96453 0.0854 0.0842158 100
0.964232 0.0991 0.0841897 100
0.963833 0.1127 0.0841549 100
0.965128 0.1266 0.084268 100
0.968216 0.1408 0.0845377 100
0.97001 0.155 0.0846942 100
0.96981 0.1689 0.0846768 100
0.970209 0.1831 0.0847116 100
0.969611 0.197 0.0846594 100
0.969611 0.2113 0.0846594 100
0.969512 0.2255 0.0846507 100
0.969213 0.2398 0.0846247 100
0.973496 0.2554 0.0849987 100
0.963136 -0.2265 0.0840941 100
0.966224 -0.213 0.0843637 100
0.967121 -0.199 0.084442 100
0.966822 -0.1849 0.0844159 100
0.966423 -0.1708 0.0843811 100
0.966722 -0.1569 0.0844072 100
0.965825 -0.1429 0.0843289 100
0.961841 -0.1285 0.083981 100
0.961542 -0.1148 0.0839549 100
0.963036 -0.1013 0.0840854 100
0.963335 -0.0877 0.0841115 100
0.962538 -0.074 0.0840419 100
0.963435 -0.0605 0.0841202 100
0.964232 -0.047 0.0841897 100
0.96473 -0.0335 0.0842332 100
0.965128 -0.02 0.084268 0
0.968015 0.0092 0.0879259 100
0.967716 0.0227 0.0878988 100
0.968314 0.0363 0.0879531 100
0.968712 0.0499 0.0879892 100
0.968911 0.0636 0.0880073 100
0.970903 0.0774 0.0881883 100
0.975683 0.0915 0.0886225 100
0.977277 0.1055 0.0887672 100
0.976779 0.1193 0.088722 100
0.974986 0.133 0.0885591 0
0.974986 0.147 0.0885591 100
0.975783 0.1611 0.0886315 100
0.97648 0.1753 0.0886948 100
0.974887 0.1891 0.0885501 100
0.973094 0.203 0.0883873 100
0.97409 0.2175 0.0884777 100
0.973891 0.2318 0.0884596 100
0.979269 0.2476 0.0889481 100
0.964729 -0.2275 0.0876274 100
0.96682 -0.2137 0.0878174 100
0.967716 -0.1997 0.0878988 100
0.968413 -0.1858 0.0879621 100
0.969907 -0.172 0.0880978 100
0.971202 -0.1582 0.0882154 100
0.971401 -0.1443 0.0882335 100
0.971301 -0.1304 0.0882244 100
0.972098 -0.1167 0.0882968 100
0.970604 -0.1027 0.0881611 100
0.968015 -0.0888 0.0879259 100
0.966123 -0.075 0.087754 100
0.965127 -0.0613 0.0876636 100
0.964828 -0.0477 0.0876365 100
0.965426 -0.0342 0.0876907 100
0.965824 -0.0206 0.0877269 100
0.965276 0.0125 0.104351 100
0.964978 0.0261 0.104319 100
0.96458 0.0397 0.104276 100
0.963884 0.0533 0.104201 100
0.965077 0.067 0.10433 100
0.966966 0.0808 0.104534 100
0.970744 0.0949 0.104942 100
0.971341 0.1088 0.105007 100
0.970645 0.1226 0.104932 100
0.969849 0.1364 0.104846 100
0.968855 0.1502 0.104738 100
0.968656 0.1641 0.104717 100
0.969153 0.1783 0.10477 100
0.969551 0.1925 0.104813 100
0.968756 0.2065 0.104727 100
0.967662 0.2206 0.104609 100
0.967463 0.2349 0.104588 100
0.972732 0.2507 0.105157 100
0.96627 -0.2353 0.104459 46
0.965574 -0.2208 0.104383 100
0.967563 -0.207 0.104598 100
0.967463 -0.1928 0.104588 100
0.967066 -0.1786 0.104545 100
0.968557 -0.1648 0.104706 100
0.968756 -0.1508 0.104727 100
0.96975 -0.137 0.104835 100
0.971539 -0.1234 0.105028 100
0.972235 -0.1096 0.105104 100
0.971639 -0.0957 0.105039 100
0.969949 -0.0817 0.104856 100
0.968955 -0.0679 0.104749 100
0.966867 -0.0541 0.104523 100
0.965574 -0.0404 0.104383 100
0.964978 -0.0268 0.104319 100
0.965243 0.0064 0.114415 100
0.966037 0.0201 0.114509 100
0.967626 0.0337 0.114697 100
0.971995 0.0476 0.115215 100
0.975272 0.0615 0.115604 100
0.975272 0.0753 0.115604 100
0.975173 0.0891 0.115592 100
0.974776 0.1029 0.115545 100
0.975272 0.1169 0.115604 100
0.974478 0.1307 0.11551 100
0.974577 0.1447 0.115521 100
0.974379 0.1587 0.115498 100
0.974081 0.1728 0.115462 100
0.973584 0.1868 0.115404 100
0.973783 0.2011 0.115427 100
0.975769 0.2159 0.115663 100
0.976464 0.2305 0.115745 100
0.983813 0.2469 0.116616 100
0.972591 -0.2383 0.115286 100
0.968122 -0.2228 0.114756 100
0.968222 -0.2085 0.114768 100
0.969016 -0.1945 0.114862 100
0.969711 -0.1805 0.114945 100
0.970109 -0.1665 0.114992 100
0.970406 -0.1525 0.115027 0
0.9714 -0.1387 0.115145 100
0.972293 -0.1249 0.115251 100
0.972889 -0.111 0.115321 100
0.974379 -0.0973 0.115498 100
0.974677 -0.0835 0.115533 100
0.974677 -0.0697 0.115533 100
0.97557 -0.056 0.115639 100
0.975272 -0.0422 0.115604 100
0.971797 -0.0284 0.115192 100
0.967129 -0.0146 0.114638 0
0.964013 0.0051 0.124348 100
0.964807 0.0187 0.12445 100
0.967484 0.0324 0.124796 100
0.970857 0.0462 0.125231 100
0.973138 0.06 0.125525 100
0.973138 0.0738 0.125525 100
0.973038 0.0876 0.125512 100
0.973733 0.1015 0.125602 100
0.973237 0.1153 0.125538 100
0.972443 0.1291 0.125436 100
0.971551 0.1429 0.12532 100
0.971452 0.1569 0.125308 100
0.970162 0.1707 0.125141 0
0.969666 0.1847 0.125077 100
0.968972 0.1988 0.124988 100
0.968972 0.213 0.124988 100
0.970757 0.2278 0.125218 100
0.97046 0.2421 0.12518 100
0.973733 0.2576 0.125602 100
0.968972 -0.2311 0.124988 100
0.968278 -0.2166 0.124898 100
0.968278 -0.2023 0.124898 100
0.968972 -0.1883 0.124988 100
0.970559 -0.1745 0.125192 100
0.970857 -0.1605 0.125231 100
0.972047 -0.1466 0.125384 100
0.973038 -0.1328 0.125512 100
0.973733 -0.119 0.125602 100
0.974328 -0.1052 0.125679 100
0.974725 -0.0913 0.12573 100
0.975815 -0.0776 0.12587 100
0.976807 -0.0639 0.125998 100
0.976609 -0.0501 0.125973 100
0.97522 -0.0362 0.125794 100
0.972642 -0.0224 0.125461 100
0.973987 0.0118 0.139313 100
0.974779 0.0256 0.139426 100
0.975274 0.0394 0.139497 100
0.97468 0.0531 0.139412 100
0.974779 0.0669 0.139426 100
0.974779 0.0807 0.139426 100
0.974581 0.0945 0.139398 100
0.974086 0.1084 0.139327 100
0.973492 0.1222 0.139242 100
0.9727 0.1361 0.139129 100
0.97369 0.1502 0.13927 100
0.973492 0.1643 0.139242 100
0.973096 0.1783 0.139185 100
0.973393 0.1926 0.139228 100
0.976462 0.2075 0.139667 100
0.978343 0.2224 0.139936 100
0.977056 0.2366 0.139752 100
0.981412 0.2523 0.140375 100
0.965672 -0.229 0.138123 100
0.966761 -0.2149 0.138279 100
0.966761 -0.2007 0.138279 100
0.967454 -0.1866 0.138378 100
0.968048 -0.1726 0.138463 100
0.969335 -0.1588 0.138647 100
0.969434 -0.1448 0.138661 100
0.970424 -0.131 0.138803 100
0.971116 -0.1172 0.138902 100
0.97171 -0.1034 0.138987 100
0.972997 -0.0897 0.139171 100
0.974185 -0.076 0.139341 100
0.973096 -0.0621 0.139185 100
0.973888 -0.0484 0.139299 100
0.975472 -0.0347 0.139525 100
0.975868 -0.021 0.139582 100
0.972292 0.0113 0.150692 100
0.973082 0.0251 0.150815 100
0.973576 0.0389 0.150892 100
0.972983 0.0526 0.1508 100
0.973181 0.0665 0.15083 100
0.972094 0.0802 0.150662 100
0.971896 0.094 0.150631 100
0.971501 0.1079 0.15057 100
0.971896 0.1218 0.150631 100
0.972094 0.1358 0.150662 100
0.971106 0.1497 0.150509 100
0.96992 0.1636 0.150325 100
0.969525 0.1776 0.150264 100
0.969821 0.1919 0.15031 100
0.971007 0.2064 0.150493 100
0.974762 0.2216 0.151075 100
0.973576 0.2358 0.150892 100
0.975948 0.2511 0.151259 100
0.973675 -0.2395 0.150907 36
0.969228 -0.224 0.150218 100
0.969327 -0.2096 0.150233 100
0.96824 -0.1951 0.150065 100
0.968833 -0.181 0.150156 100
0.970315 -0.1672 0.150386 100
0.970513 -0.1531 0.150417 100
0.970612 -0.1391 0.150432 100
0.970513 -0.1251 0.150417 100
0.972094 -0.1114 0.150662 100
0.973576 -0.0977 0.150892 100
0.974762 -0.0839 0.151075 100
0.974861 -0.07 0.151091 100
0.97575 -0.0563 0.151229 100
0.976442 -0.0425 0.151336 100
0.975948 -0.0286 0.151259 100
0.975256 -0.0148 0.151152 100
0.975152 0.0086 0.158814 100
0.974856 0.0224 0.158765 100
0.975449 0.0362 0.158862 100
0.97683 0.0501 0.159087 100
0.977028 0.0639 0.159119 100
0.976139 0.0777 0.158974 100
0.974955 0.0915 0.158782 100
0.97456 0.1053 0.158717 100
0.974955 0.1193 0.158782 100
0.974264 0.1332 0.158669 100
0.974264 0.1473 0.158669 100
0.974067 0.1613 0.158637 100
0.973672 0.1754 0.158573 100
0.974067 0.1897 0.158637 100
0.978113 0.2049 0.159296 100
0.981074 0.2199 0.159778 100
0.978903 0.234 0.159424 100
0.980384 0.249 0.159666 100
0.968638 -0.2258 0.157753 100
0.969724 -0.2116 0.15793 100
0.967651 -0.197 0.157592 100
0.967355 -0.1827 0.157544 100
0.968836 -0.1689 0.157785 100
0.969132 -0.1549 0.157833 100
0.970119 -0.141 0.157994 100
0.97002 -0.1271 0.157978 100
0.970711 -0.1132 0.15809 100
0.971204 -0.0994 0.158171 100
0.971501 -0.0856 0.158219 100
0.971599 -0.0718 0.158235 100
0.972488 -0.0581 0.15838 100
0.973178 -0.0444 0.158492 100
0.973672 -0.0306 0.158573 100
0.974067 -0.0169 0.158637 100
0.972889 0.0034 0.166299 100
0.973382 0.0309 0.166383 100
0.973875 0.0447 0.166468 100
0.974171 0.0585 0.166518 100
0.974269 0.0724 0.166535 100
0.974072 0.0862 0.166501 100
0.973776 0.1 0.166451 100
0.972396 0.1138 0.166215 100
0.971707 0.1276 0.166097 100
0.970819 0.1415 0.165945 100
0.970721 0.1555 0.165928 100
0.970425 0.1695 0.165878 100
0.970918 0.1837 0.165962 100
0.973185 0.1984 0.16635 100
0.976142 0.2134 0.166855 100
0.976931 0.2281 0.16699 100
0.974664 0.2421 0.166602 100
0.975058 0.2568 0.16667 100
0.968355 -0.2257 0.165524 100
0.969439 -0.2116 0.165709 100
0.968355 -0.1971 0.165524 100
0.968059 -0.1828 0.165473 100
0.968552 -0.1688 0.165558 100
0.968848 -0.1548 0.165608 100
0.969932 -0.141 0.165794 100
0.969735 -0.127 0.16576 100
0.969439 -0.1131 0.165709 100
0.969932 -0.0993 0.165794 100
0.971214 -0.0856 0.166013 100
0.971312 -0.0718 0.166029 100
0.971214 -0.058 0.166013 100
0.970918 -0.0442 0.165962 100
0.971411 -0.0305 0.166046 100
0.972791 -0.0168 0.166282 100
0.972654 0.0129 0.178515 100
0.973342 0.0268 0.178642 100
0.973932 0.0406 0.17875 100
0.974227 0.0545 0.178804 100
0.974326 0.0683 0.178822 100
0.974326 0.0822 0.178822 100
0.973146 0.096 0.178606 100
0.972654 0.1099 0.178515 100
0.972064 0.1238 0.178407 100
0.971178 0.1377 0.178245 100
0.973146 0.1521 0.178606 100
0.974818 0.1665 0.178913 100
0.976293 0.1811 0.179183 100
0.976588 0.1955 0.179237 100
0.97767 0.2101 0.179436 100
0.976686 0.2244 0.179256 100
0.97826 0.2394 0.179544 100
0.969703 -0.2328 0.177974 100
0.970883 -0.2186 0.17819 100
0.9699 -0.204 0.17801 100
0.967834 -0.1892 0.177631 100
0.967441 -0.175 0.177559 100
0.967736 -0.1609 0.177613 100
0.968916 -0.147 0.177829 100
0.968916 -0.133 0.177829 100
0.969605 -0.1192 0.177956 100
0.969211 -0.1052 0.177884 100
0.968621 -0.0913 0.177775 0
0.969801 -0.0775 0.177992 100
0.97167 -0.0638 0.178335 100
0.972457 -0.05 0.178479 100
0.972064 -0.0362 0.178407 100
0.972457 -0.0224 0.178479 100
0.971059 0.01 0.186996 100
0.972826 0.0239 0.187337 100
0.972434 0.0378 0.187261 100
0.972826 0.0517 0.187337 100
0.971943 0.0655 0.187167 100
0.971943 0.0794 0.187167 100
0.972728 0.0935 0.187318 100
0.972335 0.1074 0.187242 100
0.971746 0.1214 0.187129 100
0.971943 0.1355 0.187167 100
0.972826 0.1498 0.187337 100
0.97263 0.164 0.187299 100
0.974201 0.1785 0.187602 100
0.97646 0.1933 0.188037 100
0.97754 0.208 0.188245 100
0.97646 0.2224 0.188037 100
0.974299 0.2365 0.18762 100
0.973808 0.2511 0.187526 100
0.971746 -0.2301 0.187129 100
0.971943 -0.2155 0.187167 100
0.970961 -0.2009 0.186978 100
0.9688 -0.1861 0.186562 100
0.967426 -0.1716 0.186297 100
0.968702 -0.1576 0.186543 100
0.969782 -0.1437 0.186751 100
0.970666 -0.1297 0.186921 100
0.97047 -0.1156 0.186883 100
0.970961 -0.1017 0.186978 100
0.971255 -0.0878 0.187034 100
0.972335 -0.0739 0.187242 100
0.973317 -0.06 0.187431 100
0.973023 -0.0461 0.187375 100
0.97263 -0.0322 0.187299 100
0.972925 -0.0184 0.187356 100
0.972368 0.0026 0.201368 100
0.97227 0.0165 0.201348 100
0.972858 0.0304 0.201469 100
0.973347 0.0443 0.201571 100
0.973641 0.0582 0.201631 100
0.973739 0.0722 0.201652 100
0.973641 0.0861 0.201631 100
0.972368 0.1 0.201368 100
0.970899 0.1139 0.201064 100
0.969235 0.1277 0.200719 100
0.970312 0.1419 0.200942 100
0.973054 0.1565 0.20151 100
0.973739 0.1709 0.201652 100
0.975208 0.1855 0.201956 100
0.975404 0.2 0.201996 100
0.975502 0.2145 0.202017 100
0.974327 0.2289 0.201773 100
0.974914 0.2437 0.201895 100
0.967864 -0.2352 0.200435 100
0.968158 -0.2207 0.200496 100
0.968158 -0.2062 0.200496 100
0.96806 -0.1918 0.200476 100
0.96571 -0.1771 0.199989 100
0.965122 -0.1628 0.199867 100
0.965318 -0.1488 0.199908 100
0.967276 -0.135 0.200313 100
0.96806 -0.1211 0.200476 100
0.967668 -0.107 0.200394 100
0.96806 -0.0931 0.200476 100
0.968256 -0.0792 0.200516 100
0.968256 -0.0653 0.200516 100
0.968158 -0.0515 0.200496 100
0.968745 -0.0377 0.200617 100
0.970116 -0.0239 0.200901 100
0.968838 0.0093 0.208408 100
0.969522 0.0232 0.208556 100
0.969131 0.037 0.208472 100
0.969522 0.0509 0.208556 100
0.969718 0.0648 0.208598 100
0.969718 0.0787 0.208598 100
0.969522 0.0927 0.208556 100
0.969131 0.1066 0.208472 100
0.968545 0.1206 0.208345 100
0.96874 0.1346 0.208387 100
0.970695 0.1491 0.208808 100
0.972357 0.1635 0.209166 100
0.974899 0.1783 0.209712 100
0.97617 0.193 0.209986 100
0.975388 0.2073 0.209817 100
0.973433 0.2214 0.209397 100
0.972162 0.2357 0.209123 100
0.972651 0.2506 0.209229 100
0.966296 -0.231 0.207862 100
0.967371 -0.2168 0.208093 100
0.966394 -0.2021 0.207883 100
0.965221 -0.1876 0.20763 100
0.963852 -0.1731 0.207336 100
0.965221 -0.1591 0.20763 100
0.966296 -0.1452 0.207862 100
0.966198 -0.1311 0.207841 100
0.966003 -0.1171 0.207799 100
0.966492 -0.1032 0.207904 100
0.966883 -0.0893 0.207988 100
0.967958 -0.0755 0.208219 100
0.967958 -0.0616 0.208219 100
0.968642 -0.0478 0.208366 100
0.969229 -0.0339 0.208493 100
0.96962 -0.0201 0.208577 100
0.967002 0.001 0.221295 100
0.966904 0.0149 0.221273 100
0.967587 0.0287 0.221429 100
0.968074 0.0426 0.221541 100
0.967392 0.0564 0.221385 100
0.966514 0.0703 0.221184 100
0.967392 0.0843 0.221385 100
0.968074 0.0983 0.221541 100
0.969634 0.1124 0.221898 100
0.970901 0.1267 0.222188 100
0.972948 0.1411 0.222656 100
0.972851 0.1553 0.222634 100
0.973533 0.1697 0.22279 100
0.974995 0.1844 0.223125 100
0.974215 0.1987 0.222946 100
0.973338 0.213 0.222745 100
0.97324 0.2276 0.222723 100
0.970998 0.2417 0.22221 100
0.971388 0.2566 0.222299 1
0.967684 -0.2343 0.221452 100
0.969829 -0.2202 0.221942 100
0.969926 -0.2057 0.221965 100
0.970706 -0.1915 0.222143 100
0.971291 -0.1772 0.222277 100
0.971681 -0.163 0.222366 100
0.969926 -0.1485 0.221965 100
0.967977 -0.1341 0.221518 100
0.966807 -0.1198 0.221251 100
0.967392 -0.1059 0.221385 100
0.968659 -0.0921 0.221675 100
0.968854 -0.0781 0.221719 100
0.969829 -0.0643 0.221942 100
0.969634 -0.0503 0.221898 100
0.969244 -0.0364 0.221808 100
0.969634 -0.0226 0.221898 100
0.966247 0.0045 0.228945 100
0.966052 0.0184 0.228899 100
0.966733 0.0323 0.229061 100
0.96615 0.0462 0.228922 100
0.965468 0.0601 0.228761 100
0.965468 0.074 0.228761 100
0.966344 0.088 0.228968 100
0.967998 0.1022 0.22936 100
0.968388 0.1164 0.229453 100
0.96868 0.1305 0.229522 100
0.970626 0.145 0.229983 100
0.972377 0.1596 0.230398 100
0.972085 0.1739 0.230329 100
0.972474 0.1884 0.230421 100
0.972669 0.2029 0.230467 100
0.972669 0.2175 0.230467 100
0.970528 0.2317 0.22996 100
0.971112 0.2466 0.230098 1
0.96469 -0.2266 0.228576 100
0.966733 -0.2126 0.229061 100
0.96576 -0.1979 0.22883 100
0.966442 -0.1836 0.228991 100
0.964982 -0.169 0.228646 100
0.964301 -0.1547 0.228484 100
0.965371 -0.1407 0.228738 100
0.964301 -0.1264 0.228484 100
0.964009 -0.1123 0.228415 100
0.964398 -0.0984 0.228507 100
0.965663 -0.0845 0.228807 100
0.96576 -0.0705 0.22883 100
0.965663 -0.0566 0.228807 100
0.966344 -0.0427 0.228968 100
0.966831 -0.0288 0.229084 100
0.967123 -0.0149 0.229153 100
0.966875 0.001 0.239098 100
0.966778 0.015 0.239074 100
0.967458 0.0289 0.239242 100
0.966972 0.0428 0.239122 100
0.967264 0.0568 0.239194 100
0.967361 0.0708 0.239218 100
0.967264 0.0848 0.239194 100
0.968914 0.099 0.239603 100
0.972312 0.1135 0.240443 100
0.973574 0.1278 0.240755 100
0.973671 0.1421 0.240779 100
0.974544 0.1566 0.240995 100
0.975127 0.1711 0.241139 100
0.974641 0.1854 0.241019 100
0.973962 0.1998 0.240851 100
0.973088 0.2143 0.240635 100
0.971923 0.2287 0.240347 100
0.973476 0.2438 0.240731 100
0.964254 -0.2364 0.23845 100
0.96639 -0.2223 0.238978 100
0.967361 -0.2079 0.239218 100
0.967264 -0.1934 0.239194 100
0.966972 -0.1789 0.239122 100
0.967361 -0.1647 0.239218 100
0.967555 -0.1504 0.239266 100
0.966584 -0.1361 0.239026 100
0.964546 -0.1217 0.238522 100
0.963187 -0.1075 0.238186 100
0.964546 -0.0936 0.238522 100
0.96474 -0.0796 0.23857 100
0.96571 -0.0658 0.23881 100
0.965613 -0.0518 0.238786 100
0.965225 -0.0379 0.23869 100
0.965613 -0.024 0.238786 100
0.965402 0.0052 0.240881 100
0.965208 0.019 0.240832 100
0.965887 0.0329 0.241002 100
0.966275 0.0468 0.241099 100
0.966567 0.0607 0.241171 100
0.966567 0.0746 0.241171 100
0.966469 0.0885 0.241147 100
0.968022 0.1027 0.241534 100
0.971418 0.1171 0.242382 100
0.971612 0.1313 0.24243 100
0.972679 0.1456 0.242696 100
0.973455 0.16 0.24289 100
0.974134 0.1744 0.24306 100
0.973552 0.1887 0.242914 100
0.972776 0.2031 0.242721 100
0.971903 0.2174 0.242503 100
0.970739 0.2318 0.242212 100
0.971321 0.2466 0.242358 100
0.966955 -0.2353 0.241268 100
0.966275 -0.2205 0.241099 100
0.968216 -0.2065 0.241583 100
0.968022 -0.192 0.241534 100
0.967634 -0.1776 0.241438 100
0.968022 -0.1634 0.241534 100
0.967246 -0.1491 0.241341 100
0.966275 -0.1348 0.241099 100
0.967052 -0.1208 0.241292 100
0.965693 -0.1066 0.240953 100
0.966081 -0.0927 0.24105 100
0.966275 -0.0788 0.241099 100
0.966275 -0.0648 0.241099 100
0.966081 -0.0509 0.24105 100
0.965693 -0.0371 0.240953 100
0.966081 -0.0232 0.24105 100
0.963923 0.0059 0.254679 100
0.964696 0.0198 0.254884 100
0.96431 0.0337 0.254782 100
0.964793 0.0477 0.254909 100
0.965953 0.0617 0.255216 100
0.968854 0.076 0.255982 100
0.969724 0.0901 0.256212 100
0.96837 0.1041 0.255854 100
0.969724 0.1184 0.256212 100
0.970981 0.1327 0.256544 100
0.971948 0.1472 0.2568 100
0.972721 0.1616 0.257004 100
0.973301 0.1762 0.257157 100
0.972721 0.1906 0.257004 100
0.971948 0.205 0.2568 100
0.970981 0.2194 0.256544 100
0.972624 0.2345 0.256978 100
0.982583 0.2519 0.25961 100
0.961022 -0.2288 0.253913 100
0.963053 -0.2147 0.25445 100
0.963053 -0.2002 0.25445 100
0.962763 -0.1857 0.254373 100
0.962376 -0.1713 0.254271 100
0.962666 -0.1571 0.254347 100
0.96373 -0.1431 0.254628 100
0.9646 -0.129 0.254858 100
0.96431 -0.1149 0.254782 100
0.964793 -0.1009 0.254909 100
0.965083 -0.0869 0.254986 100
0.963246 -0.0727 0.254501 100
0.962279 -0.0587 0.254245 100
0.961989 -0.0448 0.254169 100
0.96344 -0.0309 0.254552 100
0.963826 -0.017 0.254654 100
0.962304 0.0066 0.260731 100
0.962111 0.0205 0.260679 100
0.96269 0.0345 0.260835 100
0.962111 0.0484 0.260679 100
0.9624 0.0624 0.260757 100
0.9624 0.0764 0.260757 100
0.963172 0.0905 0.260966 100
0.965682 0.1048 0.261646 100
0.967033 0.1191 0.262012 100
0.968288 0.1335 0.262352 100
0.969253 0.1479 0.262614 100
0.96906 0.1623 0.262561 100
0.969639 0.1768 0.262718 100
0.96906 0.1912 0.262561 100
0.968288 0.2056 0.262352 100
0.967226 0.22 0.262065 100
0.965103 0.2342 0.261489 100
0.965682 0.2491 0.261646 100
0.963269 -0.2339 0.260992 100
0.963462 -0.2193 0.261045 100
0.965392 -0.2051 0.261568 100
0.966165 -0.1908 0.261777 100
0.964813 -0.1761 0.261411 100
0.964234 -0.1616 0.261254 100
0.964427 -0.1474 0.261306 100
0.965392 -0.1333 0.261568 100
0.966068 -0.1192 0.261751 100
0.965682 -0.105 0.261646 100
0.963172 -0.0906 0.260966 100
0.9624 -0.0766 0.260757 100
0.963269 -0.0626 0.260992 100
0.963076 -0.0486 0.26094 100
0.963655 -0.0347 0.261097 100
0.964041 -0.0207 0.261202 100
0.962607 0.003 0.274569 100
0.963473 0.0169 0.274816 100
0.965011 0.031 0.275255 100
0.966454 0.045 0.275666 100
0.966742 0.0591 0.275749 100
0.966742 0.0732 0.275749 100
0.966646 0.0873 0.275721 100
0.967319 0.1015 0.275913 100
0.968762 0.1159 0.276325 100
0.969916 0.1303 0.276654 100
0.970012 0.1446 0.276681 100
0.968954 0.1588 0.27638 100
0.968569 0.1732 0.27627 100
0.968089 0.1876 0.276133 100
0.968281 0.2022 0.276188 100
0.969243 0.217 0.276462 100
0.96905 0.2317 0.276407 100
0.972416 0.2474 0.277367 100
0.964531 -0.2342 0.275118 100
0.963857 -0.2193 0.274926 100
0.963857 -0.2047 0.274926 100
0.964627 -0.1903 0.275145 100
0.966165 -0.1762 0.275584 100
0.967416 -0.162 0.275941 100
0.967608 -0.1477 0.275996 100
0.966646 -0.1332 0.275721 100
0.966454 -0.119 0.275666 100
0.967031 -0.1048 0.275831 100
0.967319 -0.0907 0.275913 100
0.967512 -0.0766 0.275968 100
0.967512 -0.0625 0.275968 100
0.967223 -0.0484 0.275886 100
0.963954 -0.0343 0.274953 100
0.964338 -0.0203 0.275063 100
0.967602 0.0025 0.278918 100
0.966545 0.0165 0.278613 100
0.968082 0.0306 0.279057 100
0.968563 0.0447 0.279195 100
0.968851 0.0588 0.279278 100
0.968947 0.0729 0.279306 100
0.968755 0.0871 0.279251 100
0.969428 0.1013 0.279444 100
0.969908 0.1156 0.279583 100
0.971157 0.1301 0.279943 100
0.970196 0.1443 0.279666 100
0.968178 0.1584 0.279084 100
0.966929 0.1726 0.278724 100
0.966449 0.187 0.278586 100
0.96568 0.2014 0.278364 100
0.966641 0.2162 0.278641 100
0.965584 0.2307 0.278336 100
0.970773 0.2468 0.279832 100
0.962605 -0.2307 0.277478 100
0.964623 -0.2165 0.27806 100
0.965584 -0.2021 0.278336 100
0.966257 -0.1877 0.27853 100
0.967794 -0.1735 0.278974 100
0.967122 -0.1589 0.27878 100
0.967314 -0.1446 0.278835 100
0.966257 -0.1301 0.27853 100
0.965969 -0.1159 0.278447 100
0.966545 -0.1017 0.278613 100
0.967794 -0.0877 0.278974 100
0.966929 -0.0735 0.278724 100
0.965969 -0.0593 0.278447 100
0.967602 -0.0453 0.278918 100
0.968082 -0.0313 0.279057 100
0.965584 -0.0172 0.278336 100
0.960569 0.0017 0.281618 100
0.960473 0.0157 0.28159 100
0.962104 0.0298 0.282068 100
0.964407 0.0439 0.282743 100
0.965655 0.0581 0.283109 100
0.964791 0.0721 0.282856 100
0.965655 0.0863 0.283109 100
0.966326 0.1006 0.283306 100
0.967766 0.115 0.283728 100
0.967958 0.1293 0.283784 100
0.968054 0.1437 0.283812 100
0.967958 0.1581 0.283784 100
0.96767 0.1725 0.2837 100
0.967094 0.1869 0.283531 100
0.968246 0.2017 0.283869 100
0.970165 0.2169 0.284431 100
0.968054 0.2312 0.283812 100
0.969589 0.2465 0.284263 100
0.957306 -0.2356 0.280661 100
0.959417 -0.2214 0.28128 100
0.960377 -0.207 0.281562 100
0.961145 -0.1926 0.281787 100
0.962776 -0.1785 0.282265 100
0.96316 -0.1641 0.282378 100
0.962392 -0.1496 0.282153 100
0.962392 -0.1353 0.282153 100
0.9622 -0.1211 0.282096 100
0.961816 -0.1068 0.281984 100
0.9622 -0.0927 0.282096 100
0.964311 -0.0788 0.282715 100
0.964311 -0.0647 0.282715 100
0.9622 -0.0505 0.282096 100
0.961816 -0.0364 0.281984 100
0.964119 -0.0225 0.282659 100
