0.432589 0.0057 -0.123961 100
0.444894 0.0123 -0.127487 100
0.452392 0.0191 -0.129636 100
0.458833 0.0261 -0.131482 100
0.465178 0.0332 -0.1333 100
0.474214 0.0408 -0.135889 100
0.48325 0.0487 -0.138479 100
0.492094 0.0568 -0.141013 100
0.502669 0.0654 -0.144043 100
0.512282 0.0743 -0.146798 100
0.518819 0.0829 -0.148671 100
0.527086 0.0921 -0.15104 100
0.539006 0.1023 -0.154456 100
0.552753 0.1132 -0.158395 100
0.564289 0.1242 -0.161701 100
0.573806 0.135 -0.164428 100
0.579478 0.1452 -0.166053 100
0.595147 0.1583 -0.170543 100
0.613316 0.1727 -0.17575 100
0.354243 -0.0797 -0.101511 84
0.360876 -0.0757 -0.103411 100
0.364721 -0.071 -0.104513 0
0.367509 -0.066 -0.105312 100
0.371258 -0.0611 -0.106386 100
0.375872 -0.0563 -0.107709 100
0.381352 -0.0515 -0.109279 100
0.388658 -0.0467 -0.111372 100
0.395964 -0.0418 -0.113466 100
0.400289 -0.0364 -0.114706 100
0.404615 -0.0308 -0.115945 100
0.409806 -0.0252 -0.117433 100
0.415863 -0.0195 -0.119168 100
0.421823 -0.0137 -0.120876 100
0.426725 -0.0076 -0.122281 100
0.434837 0.0055 -0.123374 100
0.445226 0.0121 -0.126322 100
0.453692 0.019 -0.128724 100
0.4611 0.026 -0.130826 100
0.467449 0.0332 -0.132627 100
0.47553 0.0407 -0.13492 100
0.483611 0.0485 -0.137213 100
0.490538 0.0564 -0.139178 100
0.49833 0.0646 -0.141389 100
0.508816 0.0735 -0.144364 100
0.517282 0.0824 -0.146766 100
0.526614 0.0918 -0.149414 100
0.539505 0.1021 -0.153071 100
0.553166 0.113 -0.156947 100
0.562882 0.1236 -0.159704 100
0.572406 0.1344 -0.162406 100
0.5827 0.1457 -0.165327 100
0.594725 0.1579 -0.168739 100
0.598958 0.1684 -0.16994 100
0.615217 0.1825 -0.174553 100
0.355469 -0.0797 -0.100856 100
0.361241 -0.0755 -0.102493 100
0.36509 -0.0708 -0.103585 100
0.368841 -0.0659 -0.10465 100
0.372497 -0.061 -0.105687 100
0.376153 -0.056 -0.106724 100
0.381636 -0.0512 -0.10828 100
0.388948 -0.0465 -0.110354 100
0.396259 -0.0415 -0.112429 100
0.400588 -0.0361 -0.113657 100
0.403955 -0.0305 -0.114613 100
0.408188 -0.0248 -0.115814 100
0.415211 -0.0192 -0.117806 100
0.4231 -0.0134 -0.120044 100
0.428968 -0.0073 -0.121709 100
0.436825 0.0005 -0.123691 100
0.443464 0.0069 -0.125571 100
0.452028 0.0136 -0.127996 100
0.45857 0.0205 -0.129849 100
0.463959 0.0275 -0.131375 100
0.471271 0.0348 -0.133445 100
0.48224 0.0427 -0.136551 100
0.49215 0.0508 -0.139357 100
0.501002 0.0591 -0.141864 100
0.508699 0.0675 -0.144043 100
0.511586 0.0755 -0.144861 100
0.521881 0.0848 -0.147776 100
0.541606 0.096 -0.153361 100
0.557289 0.1072 -0.157802 100
0.561426 0.1165 -0.158974 100
0.572972 0.1275 -0.162243 100
0.585288 0.1392 -0.16573 100
0.589907 0.1494 -0.167038 100
0.609246 0.1637 -0.172514 100
0.627335 0.1783 -0.177636 100
0.359659 -0.0787 -0.101841 100
0.362546 -0.0738 -0.102658 100
0.367357 -0.0693 -0.104021 100
0.371975 -0.0646 -0.105328 100
0.374765 -0.0595 -0.106119 100
0.38025 -0.0547 -0.107672 100
0.388621 -0.0501 -0.110042 100
0.395933 -0.0452 -0.112112 100
0.399397 -0.0398 -0.113093 100
0.402765 -0.0342 -0.114047 100
0.40796 -0.0287 -0.115518 100
0.417005 -0.0232 -0.118079 100
0.424028 -0.0174 -0.120068 100
0.42807 -0.0114 -0.121212 100
0.435386 0.0026 -0.125092 100
0.442979 0.0091 -0.127273 100
0.452398 0.0159 -0.129979 100
0.458933 0.0228 -0.131857 100
0.464316 0.0298 -0.133404 100
0.471524 0.0372 -0.135475 100
0.479598 0.0449 -0.137794 100
0.487575 0.0528 -0.140086 100
0.49536 0.0609 -0.142323 100
0.504971 0.0696 -0.145084 100
0.514486 0.0785 -0.147818 100
0.52477 0.0879 -0.150773 100
0.537745 0.0981 -0.154501 100
0.549567 0.1085 -0.157897 100
0.55937 0.1189 -0.160714 100
0.569942 0.1298 -0.163751 100
0.582149 0.1415 -0.167258 100
0.593202 0.1533 -0.170434 100
0.599449 0.1642 -0.172229 100
0.620401 0.1797 -0.178249 100
0.357343 -0.0786 -0.102669 83
0.361188 -0.074 -0.103774 100
0.364936 -0.0692 -0.104851 100
0.369646 -0.0646 -0.106204 100
0.373298 -0.0597 -0.107253 100
0.377911 -0.0548 -0.108579 100
0.385312 -0.0501 -0.110705 100
0.390694 -0.0451 -0.112251 100
0.396076 -0.0399 -0.113798 100
0.400401 -0.0344 -0.11504 100
0.406553 -0.029 -0.116807 100
0.414626 -0.0235 -0.119127 100
0.421546 -0.0178 -0.121115 100
0.426544 -0.0118 -0.122551 100
0.436216 0.0031 -0.125825 100
0.440924 0.0095 -0.127183 100
0.448418 0.0162 -0.129344 100
0.456777 0.0232 -0.131756 100
0.463215 0.0302 -0.133613 100
0.46946 0.0375 -0.135414 100
0.478492 0.0452 -0.138019 100
0.486371 0.0531 -0.140292 100
0.496171 0.0614 -0.143119 100
0.506644 0.0702 -0.14614 100
0.509527 0.0782 -0.146971 100
0.521633 0.0878 -0.150463 100
0.540369 0.099 -0.155867 100
0.554974 0.11 -0.16008 100
0.559106 0.1193 -0.161272 100
0.570635 0.1304 -0.164598 100
0.581877 0.1418 -0.16784 100
0.593023 0.1537 -0.171055 100
0.599268 0.1646 -0.172857 100
0.619157 0.1797 -0.178594 100
0.354545 -0.0772 -0.102267 83
0.361175 -0.0732 -0.10418 0
0.365979 -0.0686 -0.105565 100
0.36963 -0.0638 -0.106618 100
0.373378 -0.0589 -0.107699 0
0.378854 -0.0541 -0.109279 0
0.385292 -0.0493 -0.111136 100
0.390672 -0.0443 -0.112688 100
0.396053 -0.0391 -0.11424 100
0.401242 -0.0337 -0.115737 100
0.405565 -0.0282 -0.116984 100
0.410658 -0.0225 -0.118453 100
0.416711 -0.0168 -0.120199 100
0.423629 -0.0109 -0.122194 100
0.435349 0.0019 -0.121552 100
0.439106 0.0083 -0.122601 100
0.445752 0.0149 -0.124456 100
0.455094 0.0218 -0.127065 100
0.464341 0.029 -0.129646 100
0.472624 0.0364 -0.131959 100
0.480714 0.044 -0.134218 100
0.487745 0.0518 -0.136181 100
0.495547 0.0599 -0.138359 100
0.505179 0.0686 -0.141048 100
0.513751 0.0773 -0.143442 100
0.521264 0.0862 -0.145539 100
0.53051 0.0956 -0.148121 100
0.544283 0.1063 -0.151967 100
0.557864 0.1173 -0.155758 100
0.568459 0.1282 -0.158716 100
0.577994 0.1391 -0.161379 100
0.582617 0.1491 -0.16267 100
0.599183 0.1626 -0.167295 100
0.616424 0.1769 -0.172109 100
0.352903 -0.0797 -0.0985322 84
0.359645 -0.0758 -0.100415 100
0.364364 -0.0713 -0.101732 100
0.367254 -0.0663 -0.102539 100
0.370914 -0.0615 -0.103561 100
0.375537 -0.0566 -0.104852 100
0.381027 -0.0518 -0.106385 100
0.388443 -0.0471 -0.108455 100
0.394704 -0.0421 -0.110203 100
0.399135 -0.0367 -0.11144 100
0.402409 -0.0311 -0.112355 100
0.40761 -0.0256 -0.113807 100
0.422636 -0.0143 -0.118002 100
0.427548 -0.0082 -0.119374 100
0.435714 0.0033 -0.116423 100
0.440448 0.0097 -0.117688 100
0.447017 0.0163 -0.119444 100
0.456389 0.0233 -0.121948 100
0.463731 0.0304 -0.123909 100
0.470977 0.0378 -0.125846 100
0.480058 0.0455 -0.128272 100
0.488077 0.0534 -0.130415 100
0.497835 0.0617 -0.133022 100
0.508462 0.0705 -0.135862 100
0.511263 0.0785 -0.13661 100
0.523533 0.0881 -0.139889 100
0.542275 0.0994 -0.144897 100
0.555994 0.1102 -0.148562 100
0.560148 0.1195 -0.149672 100
0.564206 0.1289 -0.150756 100
0.578311 0.1409 -0.154525 100
0.596088 0.1544 -0.159275 100
0.604203 0.1658 -0.161444 100
0.618598 0.1794 -0.16529 100
0.36142 -0.0773 -0.0965719 100
0.366251 -0.0728 -0.0978626 100
0.369053 -0.0678 -0.0986112 100
0.373593 -0.0576 -0.0998245 100
0.378231 -0.0527 -0.101064 100
0.384607 -0.0479 -0.102767 100
0.391949 -0.0431 -0.104729 100
0.398326 -0.038 -0.106433 100
0.402577 -0.0325 -0.107569 100
0.40876 -0.027 -0.109221 100
0.415909 -0.0215 -0.111131 100
0.420933 -0.0156 -0.112474 100
0.42499 -0.0096 -0.113558 100
0.438866 0.0036 -0.112274 100
0.443613 0.01 -0.113488 100
0.449232 0.0166 -0.114926 100
0.45863 0.0236 -0.11733 100
0.465993 0.0307 -0.119213 100
0.473259 0.0381 -0.121072 100
0.482365 0.0458 -0.123402 100
0.490406 0.0537 -0.125459 100
0.499223 0.062 -0.127714 100
0.507942 0.0705 -0.129945 100
0.517436 0.0795 -0.132374 100
0.526833 0.0887 -0.134778 100
0.537975 0.0986 -0.137628 100
0.549891 0.109 -0.140677 100
0.560741 0.1195 -0.143452 100
0.57227 0.1307 -0.146402 100
0.584574 0.1423 -0.149549 100
0.594843 0.1539 -0.152177 100
0.599203 0.1643 -0.153292 100
0.619354 0.1794 -0.158447 100
0.36049 -0.0772 -0.092223 100
0.365238 -0.0727 -0.0934374 100
0.369113 -0.068 -0.0944288 100
0.373763 -0.0633 -0.0956184 100
0.376572 -0.0582 -0.0963372 100
0.380157 -0.0531 -0.0972542 100
0.38471 -0.0481 -0.0984191 100
0.393042 -0.0434 -0.100551 100
0.399339 -0.0383 -0.102162 100
0.404668 -0.0329 -0.103525 100
0.410868 -0.0275 -0.105111 100
0.416003 -0.0218 -0.106424 100
0.422106 -0.016 -0.107986 100
0.428113 -0.01 -0.109523 100
0.437755 0.0017 -0.108496 100
0.448335 0.0081 -0.111118 100
0.457944 0.0148 -0.113499 100
0.465418 0.0218 -0.115352 100
0.471436 0.0356 -0.116843 100
0.48056 0.0432 -0.119105 100
0.489587 0.0511 -0.121342 100
0.498517 0.0592 -0.123555 100
0.508223 0.0677 -0.125961 100
0.517832 0.0766 -0.128342 100
0.526374 0.0855 -0.130459 100
0.536663 0.0951 -0.133009 100
0.547728 0.1051 -0.135752 100
0.55957 0.1157 -0.138687 100
0.571217 0.1267 -0.141574 100
0.581797 0.1377 -0.144196 100
0.587427 0.1479 -0.145591 100
0.605092 0.1616 -0.149969 100
0.623437 0.1761 -0.154516 100
0.361658 -0.0796 -0.0896352 0
0.36554 -0.075 -0.0905975 100
0.370296 -0.0705 -0.0917763 100
0.374082 -0.0657 -0.0927145 0
0.377867 -0.0608 -0.0936527 100
0.382526 -0.0559 -0.0948074 100
0.389903 -0.0513 -0.0966357 100
0.395436 -0.0463 -0.0980069 100
0.399901 -0.041 -0.0991135 100
0.405239 -0.0357 -0.100437 100
0.412422 -0.0304 -0.102217 100
0.420575 -0.025 -0.104238 100
0.427661 -0.0193 -0.105994 100
0.431737 -0.0133 -0.107004 100
0.436688 -0.0072 -0.108231 100
0.439713 0.0041 -0.104673 100
0.452262 0.0106 -0.107661 100
0.45985 0.0173 -0.109467 100
0.467341 0.0242 -0.11125 100
0.474734 0.0313 -0.11301 100
0.484949 0.0389 -0.115442 100
0.493412 0.0536 -0.117456 100
0.501292 0.0616 -0.119332 100
0.511993 0.0703 -0.12188 100
0.520651 0.079 -0.123941 100
0.529115 0.0879 -0.125955 100
0.540399 0.0977 -0.128642 100
0.552365 0.1079 -0.13149 100
0.564233 0.1185 -0.134315 100
0.57688 0.1297 -0.137326 100
0.588359 0.141 -0.140058 100
0.600519 0.1529 -0.142953 100
0.605092 0.1631 -0.144042 100
0.621532 0.177 -0.147955 100
0.359553 -0.0793 -0.0855913 0
0.365293 -0.0752 -0.0869576 0
0.369184 -0.0706 -0.0878839 100
0.372978 -0.0659 -0.088787 100
0.376674 -0.0611 -0.0896671 100
0.379398 -0.056 -0.0903155 100
0.385916 -0.0514 -0.091867 100
0.394282 -0.0469 -0.0938586 100
0.400703 -0.0419 -0.095387 100
0.405081 -0.0366 -0.0964291 100
0.409361 -0.0312 -0.0974481 100
0.414614 -0.0257 -0.0986986 100
0.422689 -0.0202 -0.100621 100
0.42979 -0.0145 -0.102311 100
0.434752 -0.0085 -0.103492 100
0.442039 0.0033 -0.0990504 100
0.457554 0.01 -0.102527 100
0.464189 0.0168 -0.104014 100
0.468385 0.0304 -0.104954 100
0.476679 0.0378 -0.106813 100
0.485852 0.0456 -0.108868 100
0.493951 0.0535 -0.110683 100
0.501855 0.0616 -0.112454 100
0.511613 0.0703 -0.11464 100
0.521274 0.0792 -0.116805 100
0.529763 0.0883 -0.118707 100
0.540009 0.098 -0.121003 100
0.552011 0.1084 -0.123693 100
0.564794 0.1193 -0.126557 100
0.576504 0.1304 -0.129181 100
0.588897 0.1421 -0.131958 100
0.59924 0.1537 -0.134276 100
0.604607 0.1643 -0.135478 100
0.624806 0.1794 -0.140004 100
0.365145 -0.0769 -0.0818204 100
0.369927 -0.0724 -0.0828918 100
0.37383 -0.0676 -0.0837664 100
0.377538 -0.0627 -0.0845973 100
0.381344 -0.0578 -0.0854501 100
0.386906 -0.0529 -0.0866964 100
0.395298 -0.0483 -0.0885768 100
0.402714 -0.0434 -0.0902386 100
0.407202 -0.038 -0.0912444 100
0.412569 -0.0325 -0.092447 100
0.41979 -0.027 -0.094065 100
0.425938 -0.0213 -0.0954426 100
0.431012 -0.0154 -0.0965796 100
0.436086 -0.0093 -0.0977166 100
0.442517 0.0002 -0.096889 100
0.449355 0.0067 -0.0983862 100
0.458928 0.0134 -0.100482 100
0.466548 0.0203 -0.10215 100
0.472018 0.0273 -0.103348 100
0.479443 0.0346 -0.104974 100
0.487648 0.0422 -0.10677 100
0.495756 0.0501 -0.108546 100
0.504743 0.0583 -0.110513 100
0.514609 0.0669 -0.112674 100
0.52428 0.0758 -0.114791 100
0.532877 0.0848 -0.116673 100
0.544111 0.0946 -0.119133 100
0.557201 0.1051 -0.121999 100
0.561499 0.1142 -0.12294 100
0.578008 0.1262 -0.126555 100
0.596275 0.1391 -0.130554 100
0.610439 0.1516 -0.133655 100
0.60829 0.1603 -0.133185 100
0.62773 0.175 -0.137441 100
0.364368 -0.0778 -0.0797783 100
0.369253 -0.0733 -0.0808478 100
0.374039 -0.0687 -0.0818958 100
0.377849 -0.0639 -0.0827299 100
0.381561 -0.0589 -0.0835427 100
0.387129 -0.0541 -0.0847618 100
0.394651 -0.0494 -0.0864087 100
0.401098 -0.0444 -0.0878203 100
0.405592 -0.039 -0.0888042 100
0.409988 -0.0336 -0.0897667 100
0.415263 -0.028 -0.0909216 100
0.423371 -0.0225 -0.0926969 100
0.430502 -0.0167 -0.0942582 100
0.435582 -0.0107 -0.0953704 100
0.442155 0.0027 -0.0938217 100
0.447927 0.0091 -0.0950464 100
0.454579 0.0157 -0.0964579 100
0.463187 0.0227 -0.0982845 100
0.470622 0.0298 -0.099862 100
0.477958 0.0371 -0.101419 100
0.487154 0.0448 -0.10337 100
0.494295 0.0526 -0.104885 100
0.500262 0.0604 -0.106151 100
0.510142 0.069 -0.108248 100
0.520707 0.078 -0.11049 100
0.531174 0.0874 -0.112711 100
0.541543 0.097 -0.114911 100
0.553575 0.1074 -0.117464 100
0.564531 0.1178 -0.119789 100
0.576269 0.1289 -0.12228 100
0.587715 0.1403 -0.124708 100
0.599062 0.152 -0.127116 100
0.60454 0.1626 -0.128278 100
0.624887 0.1776 -0.132596 100
0.354409 -0.0798 -0.0752027 0
0.362235 -0.0761 -0.0768633 0
0.368985 -0.0721 -0.0782955 100
0.3728 -0.0673 -0.079105 100
0.376615 -0.0625 -0.0799145 100
0.380332 -0.0576 -0.0807033 100
0.383951 -0.0525 -0.0814713 100
0.387571 -0.0474 -0.0822393 0
0.393049 -0.0424 -0.0834017 100
0.402342 -0.0376 -0.0853736 100
0.409679 -0.0324 -0.0869304 100
0.413005 -0.0267 -0.0876362 100
0.418189 -0.0211 -0.0887363 100
0.42621 -0.0154 -0.0904384 100
0.433254 -0.0094 -0.0919329 100
0.445059 0.0026 -0.0896588 100
0.451823 0.0091 -0.0910214 100
0.46045 0.0158 -0.0927593 100
0.467116 0.0227 -0.0941022 100
0.472605 0.0297 -0.0952081 100
0.478977 0.037 -0.0964918 100
0.488192 0.0447 -0.0983482 100
0.498289 0.0528 -0.100382 100
0.50623 0.0609 -0.101982 100
0.516033 0.0696 -0.103957 100
0.525738 0.0785 -0.105912 100
0.536227 0.0879 -0.108025 100
0.547501 0.0977 -0.110296 100
0.557696 0.1077 -0.11235 100
0.568675 0.1183 -0.114562 100
0.581321 0.1296 -0.117109 100
0.593869 0.1412 -0.119637 100
0.604162 0.1528 -0.121711 100
0.608672 0.1632 -0.122619 100
0.629062 0.1782 -0.126727 100
0.361733 -0.0774 -0.0728724 0
0.368497 -0.0734 -0.0742351 100
0.37232 -0.0687 -0.0750053 100
0.376143 -0.0639 -0.0757755 100
0.380849 -0.0591 -0.0767234 100
0.386535 -0.0544 -0.0778688 100
0.393005 -0.0496 -0.0791722 100
0.399573 -0.0447 -0.0804954 100
0.404964 -0.0395 -0.0815816 100
0.410356 -0.0341 -0.0826677 100
0.414669 -0.0285 -0.0835367 100
0.419963 -0.0229 -0.0846031 100
0.426139 -0.0171 -0.0858473 100
0.433197 -0.0113 -0.0872692 100
0.443875 0.0017 -0.0853162 100
0.448687 0.0081 -0.0862411 100
0.455463 0.0147 -0.0875435 100
0.464989 0.0216 -0.0893744 100
0.472452 0.0287 -0.0908089 100
0.478933 0.036 -0.0920547 100
0.488164 0.0437 -0.0938289 100
0.497297 0.0517 -0.0955843 100
0.50427 0.0597 -0.0969245 100
0.514188 0.0683 -0.0988309 100
0.523812 0.0772 -0.100681 100
0.533436 0.0864 -0.10253 100
0.545711 0.0963 -0.10489 100
0.556906 0.1065 -0.107042 100
0.567905 0.117 -0.109156 100
0.578707 0.1279 -0.111232 100
0.589313 0.139 -0.11327 100
0.601686 0.151 -0.115649 100
0.607088 0.1616 -0.116687 100
0.627514 0.1766 -0.120613 100
0.366393 -0.0772 -0.0704236 0
0.370321 -0.0725 -0.0711786 100
0.374151 -0.0678 -0.0719148 100
0.378963 -0.0631 -0.0728397 100
0.382695 -0.0581 -0.0735569 0
0.388293 -0.0533 -0.0746328 0
0.395854 -0.0486 -0.0760862 100
0.402336 -0.0436 -0.077332 100
0.406755 -0.0382 -0.0781814 100
0.410192 -0.0327 -0.078842 100
0.415495 -0.0271 -0.0798613 100
0.423744 -0.0216 -0.0814468 100
0.430814 -0.0158 -0.0828058 100
0.436903 -0.0098 -0.0839761 100
0.44352 0.0059 -0.0818012 100
0.45414 0.0125 -0.0837601 100
0.463778 0.0194 -0.0855376 100
0.470367 0.0264 -0.0867528 100
0.476759 0.0336 -0.0879318 100
0.486101 0.0412 -0.0896548 100
0.495247 0.0491 -0.0913417 100
0.501344 0.0569 -0.0924662 100
0.510293 0.0653 -0.0941167 100
0.521012 0.0743 -0.0960937 100
0.532617 0.0837 -0.098234 100
0.544024 0.0934 -0.100338 100
0.554252 0.1033 -0.102224 100
0.564381 0.1136 -0.104092 100
0.574314 0.1241 -0.105924 100
0.586901 0.1356 -0.108246 100
0.599292 0.1475 -0.110531 100
0.611487 0.1597 -0.11278 100
0.613945 0.1697 -0.113234 100
0.626729 0.1829 -0.115592 1
0.361405 -0.0796 -0.0666562 0
0.367207 -0.0755 -0.0677263 0
0.372124 -0.071 -0.0686332 0
0.376942 -0.0663 -0.069522 0
0.380778 -0.0614 -0.0702293 100
0.383531 -0.0563 -0.0707372 100
0.39012 -0.0516 -0.0719524 100
0.397594 -0.0468 -0.0733309 100
0.403101 -0.0417 -0.0743466 100
0.40851 -0.0363 -0.0753442 100
0.412935 -0.0308 -0.0761604 100
0.419229 -0.0253 -0.0773212 100
0.427392 -0.0197 -0.0788266 100
0.433489 -0.0137 -0.0799512 100
0.438504 -0.0077 -0.0808762 100
0.445188 0.0017 -0.0781782 100
0.455924 0.0083 -0.0800635 100
0.465674 0.015 -0.0817758 100
0.473258 0.022 -0.0831076 100
0.478774 0.0291 -0.0840762 100
0.488131 0.0366 -0.0857193 100
0.496503 0.0443 -0.0871895 100
0.505564 0.0524 -0.0887807 100
0.516595 0.0609 -0.0907179 100
0.525459 0.0696 -0.0922745 100
0.535112 0.0786 -0.0939695 100
0.544469 0.0958 -0.0956126 100
0.555598 0.1059 -0.0975671 100
0.566629 0.1164 -0.0995042 100
0.576577 0.1269 -0.101251 100
0.588199 0.1383 -0.103292 100
0.60061 0.1502 -0.105471 100
0.60514 0.1605 -0.106267 100
0.62474 0.1752 -0.109709 100
0.370826 -0.0755 -0.0651197 0
0.374765 -0.0707 -0.0658115 0
0.379592 -0.0661 -0.066659 100
0.384319 -0.0613 -0.0674892 100
0.387077 -0.0561 -0.0679735 100
0.393676 -0.0514 -0.0691324 0
0.402146 -0.0467 -0.0706198 0
0.407662 -0.0415 -0.0715884 0
0.412094 -0.0361 -0.0723667 100
0.418496 -0.0306 -0.073491 100
0.42677 -0.0252 -0.0749438 100
0.432975 -0.0194 -0.0760335 100
0.439081 -0.0134 -0.0771058 100
0.443119 -0.0072 -0.077815 100
0.444697 0.0055 -0.0751351 100
0.456332 0.0121 -0.0771009 100
0.465009 0.019 -0.078567 100
0.471616 0.026 -0.0796832 100
0.47911 0.0332 -0.0809493 100
0.488378 0.0408 -0.0825153 100
0.497647 0.0487 -0.0840813 100
0.50376 0.0565 -0.0851142 100
0.511747 0.0648 -0.0864637 100
0.522495 0.0737 -0.0882796 100
0.531172 0.0826 -0.0897456 100
0.540638 0.092 -0.091345 100
0.551977 0.102 -0.0932608 100
0.564006 0.1125 -0.0952933 100
0.569232 0.1219 -0.0961763 100
0.583826 0.1337 -0.0986419 100
0.602067 0.1469 -0.101724 100
0.618139 0.1602 -0.104439 100
0.615871 0.1689 -0.104056 100
0.63145 0.1829 -0.106689 100
0.363449 -0.0789 -0.0614075 0
0.369365 -0.0748 -0.0624071 0
0.373309 -0.0701 -0.0630735 0
0.377155 -0.0653 -0.0637232 100
0.381888 -0.0605 -0.0645229 100
0.38662 -0.0557 -0.0653226 100
0.392241 -0.0508 -0.0662722 0
0.399735 -0.046 -0.0675383 100
0.405256 -0.0408 -0.0684712 100
0.409693 -0.0354 -0.0692209 0
0.414032 -0.0299 -0.0699539 100
0.41837 -0.0242 -0.070687 100
0.423596 -0.0185 -0.0715699 100
0.432668 -0.0127 -0.0731026 100
0.440655 -0.0067 -0.0744521 100
0.449172 0.0017 -0.0725892 100
0.454997 0.0082 -0.0735304 100
0.463783 0.0149 -0.0749503 100
0.471384 0.0218 -0.0761787 100
0.476912 0.0289 -0.0770721 100
0.484415 0.0362 -0.0782846 100
0.493695 0.0439 -0.0797843 100
0.502876 0.0519 -0.081268 100
0.510872 0.0601 -0.0825602 100
0.520744 0.0687 -0.0841556 100
0.530517 0.0776 -0.085735 100
0.54108 0.087 -0.087442 100
0.552531 0.0969 -0.0892926 100
0.562798 0.1069 -0.0909518 100
0.573855 0.1174 -0.0927386 100
0.585701 0.1285 -0.0946531 100
0.599226 0.1403 -0.0968387 100
0.611565 0.1524 -0.0988329 100
0.615218 0.1625 -0.0994232 100
0.631902 0.1765 -0.102119 100
0.368124 -0.0783 -0.0594912 84
0.37306 -0.0738 -0.0602889 100
0.377897 -0.0693 -0.0610706 0
0.381747 -0.0644 -0.0616928 0
0.385498 -0.0595 -0.0622991 100
0.391126 -0.0547 -0.0632084 0
0.39774 -0.0499 -0.0642773 0
0.403367 -0.0448 -0.0651867 100
0.408796 -0.0396 -0.0660641 0
0.415213 -0.0343 -0.0671011 100
0.419557 -0.0287 -0.0678031 100
0.424887 -0.023 -0.0686646 100
0.432094 -0.0173 -0.0698292 100
0.438215 -0.0113 -0.0708183 100
0.447883 0.0024 -0.0678959 100
0.452728 0.0088 -0.0686303 100
0.459451 0.0154 -0.0696495 100
0.46914 0.0224 -0.0711183 100
0.477643 0.0296 -0.0724073 100
0.48407 0.0368 -0.0733815 100
0.492375 0.0445 -0.0746405 100
0.50157 0.0524 -0.0760344 100
0.510567 0.0607 -0.0773983 100
0.522431 0.0696 -0.0791968 100
0.532219 0.0785 -0.0806807 100
0.540821 0.0876 -0.0819846 100
0.551301 0.0973 -0.0835734 100
0.562474 0.1075 -0.085267 100
0.573547 0.1181 -0.0869457 100
0.5864 0.1293 -0.0888941 100
0.600934 0.1415 -0.0910974 100
0.613293 0.1535 -0.0929709 100
0.616853 0.1637 -0.0935104 100
0.633562 0.1778 -0.0960434 100
0.367996 -0.0766 -0.0557855 0
0.373928 -0.0723 -0.0566848 100
0.376795 -0.0673 -0.0571195 100
0.381541 -0.0627 -0.0578389 0
0.386287 -0.0579 -0.0585583 100
0.390044 -0.0528 -0.0591278 0
0.395581 -0.0479 -0.0599672 100
0.403095 -0.043 -0.0611063 100
0.410609 -0.0379 -0.0622454 100
0.414959 -0.0325 -0.0629048 100
0.419408 -0.0268 -0.0635793 100
0.425637 -0.0212 -0.0645235 100
0.432756 -0.0154 -0.0656027 100
0.439874 -0.0095 -0.0666818 100
0.447601 0.0051 -0.0629062 100
0.459385 0.0117 -0.0645624 100
0.468991 0.0186 -0.0659124 100
0.476616 0.0256 -0.066984 100
0.482162 0.0328 -0.0677634 100
0.491569 0.0404 -0.0690855 100
0.501769 0.0483 -0.070519 100
0.509889 0.0564 -0.0716602 100
0.519891 0.0649 -0.0730659 100
0.528803 0.0736 -0.0743184 100
0.538409 0.0827 -0.0756684 100
0.550886 0.0926 -0.077422 100
0.562274 0.1027 -0.0790225 100
0.573464 0.1131 -0.0805952 100
0.577623 0.1224 -0.0811797 100
0.592279 0.1342 -0.0832394 100
0.610599 0.1474 -0.0858141 100
0.620997 0.1592 -0.0872755 100
0.63496 0.1724 -0.0892378 100
0.373727 -0.0762 -0.0525239 0
0.376698 -0.0712 -0.0529414 0
0.38056 -0.0664 -0.0534842 0
0.385313 -0.0617 -0.0541523 0
0.389076 -0.0567 -0.0546811 0
0.394721 -0.0518 -0.0554744 100
0.401356 -0.047 -0.0564069 0
0.407891 -0.0419 -0.0573254 100
0.413338 -0.0366 -0.0580909 100
0.417794 -0.031 -0.0587171 100
0.424033 -0.0255 -0.0595939 100
0.431262 -0.0199 -0.0606099 100
0.43651 -0.0139 -0.0613475 100
0.441561 -0.0079 -0.0620573 100
0.45036 0.0011 -0.0573729 100
0.454229 0.0075 -0.0578658 100
0.461074 0.0141 -0.0587378 100
0.470696 0.0211 -0.0599636 100
0.479326 0.0282 -0.061063 100
0.486766 0.0355 -0.0620108 100
0.495099 0.0432 -0.0630723 100
0.503332 0.051 -0.0641212 100
0.512458 0.0593 -0.0652838 100
0.52337 0.068 -0.0666739 100
0.531207 0.0767 -0.0676723 100
0.540928 0.0858 -0.0689107 100
0.552336 0.0957 -0.070364 100
0.563645 0.1058 -0.0718046 100
0.575747 0.1165 -0.0733464 100
0.586758 0.1273 -0.0747491 100
0.597471 0.1385 -0.0761139 100
0.60997 0.1505 -0.0777062 100
0.614533 0.1608 -0.0782875 100
0.636159 0.1761 -0.0810424 100
0.372192 -0.077 -0.0474148 0
0.37616 -0.0723 -0.0479203 0
0.380029 -0.0675 -0.0484132 0
0.383897 -0.0627 -0.048906 0
0.388659 -0.0578 -0.0495126 0
0.394313 -0.053 -0.0502329 0
0.40086 -0.0482 -0.051067 0
0.406415 -0.043 -0.0517747 0
0.411971 -0.0377 -0.0524823 100
0.416434 -0.0322 -0.053051 100
0.422783 -0.0268 -0.0538598 100
0.430025 -0.0211 -0.0547823 100
0.436175 -0.0153 -0.0555658 100
0.441333 -0.0092 -0.056223 100
0.449943 0.0059 -0.0525377 100
0.46067 0.0125 -0.0537903 100
0.470404 0.0193 -0.0549269 100
0.478052 0.0264 -0.0558199 100
0.484508 0.0336 -0.0565737 100
0.493944 0.0412 -0.0576755 100
0.503181 0.0491 -0.0587541 100
0.511326 0.0572 -0.0597051 100
0.521358 0.0657 -0.0608765 100
0.531191 0.0746 -0.0620247 100
0.539932 0.0835 -0.0630453 100
0.551453 0.0933 -0.0643906 100
0.56377 0.1035 -0.0658287 100
0.575987 0.1142 -0.0672553 100
0.586019 0.1247 -0.0684266 100
0.597739 0.136 -0.0697952 100
0.610254 0.1479 -0.0712565 100
0.615915 0.1585 -0.0719175 100
0.637568 0.1736 -0.0744459 100
0.367007 -0.0797 -0.0428536 0
0.373959 -0.0757 -0.0436655 0
0.378826 -0.0712 -0.0442338 0
0.3827 -0.0664 -0.0446861 0
0.386574 -0.0615 -0.0451384 0
0.390348 -0.0565 -0.0455791 0
0.39601 -0.0516 -0.0462402 0
0.402565 -0.0467 -0.0470056 0
0.40912 -0.0417 -0.0477711 100
0.414583 -0.0364 -0.0484089 0
0.420046 -0.0309 -0.0490468 0
0.426403 -0.0253 -0.0497891 100
0.433654 -0.0197 -0.0506357 100
0.440805 -0.0138 -0.0514707 100
0.444878 -0.0077 -0.0519462 100
0.452304 0.0021 -0.0494555 0
0.458169 0.0086 -0.0500968 100
0.466917 0.0153 -0.0510533 100
0.474671 0.0223 -0.0519011 100
0.480238 0.0293 -0.0525098 100
0.486699 0.0366 -0.0532163 100
0.496044 0.0443 -0.054238 100
0.505288 0.0523 -0.0552488 100
0.514434 0.0605 -0.0562488 100
0.525369 0.0693 -0.0574445 100
0.534117 0.0781 -0.058401 100
0.543859 0.0874 -0.0594661 100
0.55529 0.0972 -0.0607161 100
0.566623 0.1074 -0.0619552 100
0.576762 0.1178 -0.0630639 100
0.588592 0.1289 -0.0643573 100
0.601316 0.1405 -0.0657486 100
0.6041 0.1501 -0.066053 100
0.620303 0.1634 -0.0678247 100
0.637998 0.1777 -0.0697594 100
0.372977 -0.0767 -0.0407818 0
0.375959 -0.0718 -0.0411078 0
0.379936 -0.067 -0.0415426 0
0.384707 -0.0623 -0.0420643 0
0.389479 -0.0575 -0.0425861 0
0.396139 -0.0528 -0.0433143 100
0.403793 -0.048 -0.0441513 0
0.40936 -0.0429 -0.0447599 0
0.412839 -0.0374 -0.0451404 0
0.417313 -0.0319 -0.0456295 100
0.422681 -0.0263 -0.0462164 100
0.431926 -0.0208 -0.0472273 100
0.439083 -0.015 -0.0480099 100
0.444252 -0.0089 -0.0485751 100
0.455853 0.0041 -0.0442952 100
0.462721 0.0106 -0.0449625 100
0.471479 0.0175 -0.0458136 0
0.479143 0.0245 -0.0465583 100
0.486708 0.0317 -0.0472933 100
0.495168 0.0393 -0.0481154 100
0.503429 0.047 -0.0489181 100
0.51169 0.0551 -0.0497209 100
0.522738 0.0637 -0.0507944 100
0.531596 0.0724 -0.0516551 100
0.533487 0.0803 -0.0518389 100
0.544137 0.0897 -0.0528737 100
0.564342 0.1012 -0.054837 100
0.580466 0.1125 -0.0564038 100
0.584746 0.1219 -0.0568197 100
0.59659 0.1331 -0.0579706 100
0.601467 0.1431 -0.0584445 100
0.618686 0.1564 -0.0601176 100
0.639588 0.1712 -0.0621486 100
0.641877 0.1816 -0.0623711 100
0.370953 -0.0791 -0.0360454 0
0.37782 -0.0751 -0.0367128 100
0.381802 -0.0703 -0.0370996 0
0.385683 -0.0655 -0.0374768 100
0.389565 -0.0605 -0.037854 0
0.393248 -0.0554 -0.0382118 100
0.399916 -0.0507 -0.0388598 0
0.40559 -0.0456 -0.0394111 0
0.411064 -0.0404 -0.039943 0
0.417533 -0.0351 -0.0405717 100
0.423008 -0.0296 -0.0411036 0
0.429278 -0.024 -0.0417129 0
0.436544 -0.0182 -0.0424189 0
0.442715 -0.0123 -0.0430185 0
0.455155 0.0059 -0.0410219 100
0.470891 0.0127 -0.0424402 100
0.47866 0.0196 -0.0431403 100
0.484337 0.0267 -0.043652 100
0.491807 0.034 -0.0443252 0
0.502264 0.0418 -0.0452677 100
0.511527 0.0498 -0.0461025 100
0.521685 0.0582 -0.0470181 100
0.531645 0.0669 -0.0479157 100
0.538617 0.0755 -0.0485441 100
0.548278 0.0847 -0.0494148 100
0.561823 0.0949 -0.0506356 100
0.576065 0.1056 -0.0519192 100
0.586323 0.116 -0.0528438 100
0.593494 0.1348 -0.0534901 100
0.599371 0.145 -0.0540197 100
0.618493 0.1589 -0.0557431 100
0.637416 0.1733 -0.0574486 100
0.641599 0.1841 -0.0578256 100
0.375378 -0.0788 -0.0338319 0
0.379362 -0.0741 -0.0341909 0
0.383247 -0.0693 -0.034541 0
0.388127 -0.0646 -0.0349808 0
0.391911 -0.0596 -0.0353219 0
0.396692 -0.0546 -0.0357528 0
0.404261 -0.0499 -0.036435 100
0.410934 -0.0448 -0.0370364 0
0.416412 -0.0396 -0.0375301 0
0.420894 -0.034 -0.037934 0
0.426372 -0.0284 -0.0384277 100
0.433642 -0.0228 -0.039083 100
0.440913 -0.017 -0.0397383 0
0.446092 -0.0109 -0.0402051 100
0.456662 0.0024 -0.0349779 100
0.463542 0.0089 -0.0355049 100
0.472317 0.0157 -0.0361769 0
0.479097 0.0227 -0.0366963 100
0.48468 0.0297 -0.0371239 100
0.493156 0.0372 -0.0377731 100
0.502528 0.045 -0.038491 100
0.511801 0.053 -0.0392012 100
0.521871 0.0615 -0.0399726 100
0.531842 0.0702 -0.0407363 100
0.539719 0.0789 -0.0413396 100
0.549391 0.0882 -0.0420804 100
0.561854 0.0983 -0.0430351 100
0.574118 0.1088 -0.0439744 100
0.585286 0.1194 -0.0448298 100
0.597151 0.1306 -0.0457386 100
0.609914 0.1423 -0.0467161 100
0.62138 0.1542 -0.0475944 100
0.625966 0.1647 -0.0479457 100
0.642817 0.1787 -0.0492364 100
0.375799 -0.0786 -0.0287842 0
0.380785 -0.0741 -0.0291661 0
0.383676 -0.0691 -0.0293876 0
0.388562 -0.0644 -0.0297618 0
0.393348 -0.0595 -0.0301284 0
0.399131 -0.0547 -0.0305713 0
0.405811 -0.0498 -0.031083 0
0.410398 -0.0446 -0.0314343 0
0.414984 -0.0392 -0.0317856 100
0.419471 -0.0337 -0.0321293 0
0.425853 -0.0282 -0.032618 100
0.434128 -0.0227 -0.0332519 0
0.442404 -0.0169 -0.0338858 100
0.447589 -0.0108 -0.0342829 100
0.457893 0.0055 -0.0318584 0
0.464677 0.0121 -0.0323304 100
0.474453 0.019 -0.0330106 100
0.481137 0.026 -0.0334756 100
0.486723 0.0332 -0.0338643 100
0.496101 0.0408 -0.0345167 0
0.505478 0.0487 -0.0351692 100
0.515653 0.057 -0.0358771 100
0.525629 0.0656 -0.0365712 100
0.534608 0.0743 -0.0371959 100
0.544384 0.0834 -0.0378761 100
0.554958 0.093 -0.0386118 100
0.567329 0.1033 -0.0394725 100
0.579499 0.1139 -0.0403193 100
0.582791 0.1231 -0.0405483 100
0.597555 0.1349 -0.0415755 100
0.616011 0.1482 -0.0428596 100
0.632172 0.1615 -0.043984 100
0.629877 0.1703 -0.0438244 100
0.643744 0.1838 -0.0447891 100
0.373796 -0.0793 -0.0260073 0
0.378784 -0.0748 -0.0263543 0
0.382775 -0.07 -0.0266319 100
0.386665 -0.0652 -0.0269026 0
0.390456 -0.0602 -0.0271664 100
0.395245 -0.0553 -0.0274995 100
0.402826 -0.0506 -0.0280271 0
0.408512 -0.0455 -0.0284227 0
0.414099 -0.0403 -0.0288114 100
0.419586 -0.0349 -0.0291931 100
0.426968 -0.0295 -0.0297067 0
0.43425 -0.0239 -0.0302134 0
0.440535 -0.0181 -0.0306507 100
0.444725 -0.012 -0.0309422 100
0.458114 0.0027 -0.028501 100
0.465001 0.0092 -0.0289295 100
0.474782 0.016 -0.029538 100
0.481569 0.023 -0.0299602 100
0.489154 0.0301 -0.0304321 100
0.498636 0.0377 -0.031022 100
0.50702 0.0454 -0.0315436 100
0.515204 0.0534 -0.0320528 100
0.524386 0.0617 -0.0326241 0
0.534367 0.0704 -0.033245 100
0.544148 0.0794 -0.0338535 100
0.555825 0.089 -0.03458 100
0.55852 0.0974 -0.0347477 100
0.573791 0.1083 -0.0356977 100
0.592754 0.1205 -0.0368775 100
0.609522 0.1327 -0.0379207 100
0.61541 0.143 -0.038287 100
0.626988 0.1549 -0.0390073 100
0.633475 0.1659 -0.0394109 100
0.654235 0.1811 -0.0407025 100
0.37747 -0.0771 -0.0234839 0
0.381462 -0.0724 -0.0237322 0
0.385355 -0.0676 -0.0239744 0
0.390245 -0.0629 -0.0242787 0
0.396034 -0.0582 -0.0246388 0
0.403719 -0.0536 -0.0251169 0
0.409309 -0.0485 -0.0254646 0
0.413001 -0.0432 -0.0256944 0
0.418491 -0.0379 -0.0260359 0
0.42398 -0.0324 -0.0263774 100
0.42937 -0.0268 -0.0267127 0
0.437654 -0.0213 -0.0272281 100
0.44484 -0.0154 -0.0276752 100
0.45003 -0.0093 -0.0279981 100
0.463364 0.0044 -0.0242839 100
0.472252 0.0111 -0.0247497 100
0.478044 0.0179 -0.0250532 100
0.483736 0.0249 -0.0253515 100
0.490327 0.0321 -0.025697 100
0.499714 0.0398 -0.0261889 100
0.508103 0.0476 -0.0266285 100
0.516291 0.0557 -0.0270577 100
0.526378 0.0642 -0.0275863 100
0.535365 0.0729 -0.0280573 100
0.54615 0.0822 -0.0286225 100
0.558733 0.0921 -0.029282 0
0.570118 0.1022 -0.0298786 100
0.581402 0.1127 -0.03047 100
0.584698 0.1218 -0.0306427 100
0.599477 0.1337 -0.0314173 100
0.617952 0.1469 -0.0323855 100
0.624543 0.1577 -0.0327309 100
0.644515 0.1724 -0.0337776 100
0.376284 -0.0792 -0.0197202 0
0.381277 -0.0747 -0.0199819 0
0.38617 -0.0701 -0.0202383 0
0.390065 -0.0652 -0.0204424 0
0.394858 -0.0603 -0.0206936 0
0.401649 -0.0556 -0.0210495 0
0.40834 -0.0507 -0.0214002 0
0.411935 -0.0453 -0.0215886 0
0.416528 -0.0399 -0.0218293 0
0.422021 -0.0345 -0.0221172 0
0.428412 -0.029 -0.0224521 0
0.435802 -0.0233 -0.0228394 100
0.443092 -0.0175 -0.0232215 100
0.448285 -0.0114 -0.0234936 100
0.459667 0.0024 -0.0174979 100
0.475556 0.0092 -0.0181028 100
0.482351 0.0161 -0.0183614 100
0.489745 0.0301 -0.0186429 100
0.499238 0.0377 -0.0190043 100
0.508632 0.0455 -0.0193618 100
0.516826 0.0536 -0.0196738 100
0.527918 0.0622 -0.020096 100
0.536911 0.0709 -0.0204384 100
0.544805 0.0798 -0.0207389 100
0.554498 0.0891 -0.0211078 100
0.567989 0.0995 -0.0216214 100
0.58028 0.11 -0.0220892 100
0.590372 0.1206 -0.0224734 100
0.601364 0.1316 -0.0228919 100
0.614055 0.1434 -0.023375 100
0.627446 0.1559 -0.0238847 100
0.632942 0.1667 -0.0240939 100
0.652727 0.1817 -0.0248471 100
0.381923 -0.0778 -0.0145385 0
0.38682 -0.0732 -0.0147249 0
0.390817 -0.0682 -0.0148771 0
0.396613 -0.0635 -0.0150977 100
0.404407 -0.059 -0.0153944 100
0.411202 -0.0541 -0.015653 0
0.414899 -0.0487 -0.0157938 0
0.419496 -0.0433 -0.0159688 0
0.425991 -0.0379 -0.016216 100
0.433486 -0.0325 -0.0165013 100
0.440881 -0.0268 -0.0167828 100
0.446177 -0.0209 -0.0169844 100
0.451473 -0.0148 -0.017186 100
0.456569 -0.0086 -0.01738 0
0.462789 0.0021 -0.0139778 100
0.471685 0.0087 -0.0142465 100
0.478482 0.0156 -0.0144518 100
0.484279 0.0226 -0.0146269 100
0.492875 0.0299 -0.0148865 100
0.50337 0.0376 -0.0152035 100
0.512766 0.0455 -0.0154873 0
0.522961 0.0538 -0.0157952 100
0.532157 0.0623 -0.0160729 100
0.539154 0.0708 -0.0162843 100
0.54895 0.0799 -0.0165801 100
0.560644 0.0896 -0.0169334 100
0.572139 0.0997 -0.0172805 100
0.584433 0.1103 -0.0176519 100
0.596528 0.1212 -0.0180172 100
0.606523 0.1321 -0.0183191 100
0.619218 0.144 -0.0187025 100
0.624915 0.1546 -0.0188745 100
0.648804 0.1702 -0.0195961 100
0.378627 -0.0792 -0.0114358 0
0.382626 -0.0744 -0.0115566 0
0.387623 -0.0698 -0.0117075 0
0.391521 -0.0648 -0.0118253 0
0.398318 -0.0602 -0.0120306 0
0.406015 -0.0556 -0.012263 0
0.411712 -0.0505 -0.0124351 0
0.41641 -0.0452 -0.012577 0
0.420908 -0.0397 -0.0127128 0
0.426406 -0.0342 -0.0128789 0
0.434802 -0.0288 -0.0131325 100
0.442198 -0.0231 -0.0133559 100
0.447496 -0.0171 -0.0135159 100
0.452694 -0.0109 -0.0136729 100
0.46488 0.0046 -0.0105496 100
0.480776 0.0115 -0.0109103 100
0.487574 0.0185 -0.0110646 100
0.497172 0.0258 -0.0112824 100
0.50577 0.0333 -0.0114775 100
0.514268 0.0411 -0.0116704 100
0.524565 0.0493 -0.011904 100
0.533763 0.0577 -0.0121128 100
0.541861 0.0662 -0.0122965 100
0.550758 0.0751 -0.0124985 100
0.555557 0.0837 -0.0126074 100
0.569153 0.0939 -0.0129159 100
0.588448 0.1055 -0.0133538 100
0.596746 0.1157 -0.0135421 100
0.602945 0.1256 -0.0136827 100
0.62154 0.1386 -0.0141047 100
0.634137 0.1507 -0.0143906 100
0.645634 0.163 -0.0146515 100
0.664529 0.1776 -0.0150803 100
0.383901 -0.0787 -0.00871194 0
0.3879 -0.0739 -0.00880268 0
0.391899 -0.0689 -0.00889343 0
0.398697 -0.0644 -0.00904771 100
0.406495 -0.0599 -0.00922467 0
0.413294 -0.055 -0.00937894 100
0.416993 -0.0496 -0.00946289 0
0.421591 -0.0442 -0.00956725 0
0.42809 -0.0388 -0.00971472 100
0.435588 -0.0334 -0.00988487 100
0.441986 -0.0277 -0.0100301 100
0.446385 -0.0217 -0.0101299 100
0.452583 -0.0156 -0.0102706 100
0.456782 -0.0094 -0.0103658 100
0.461964 0.0037 -0.00580551 100
0.478862 0.0105 -0.00601788 100
0.484662 0.0174 -0.00609076 100
0.492361 0.0246 -0.00618752 100
0.50196 0.0321 -0.00630815 100
0.50946 0.0398 -0.0064024 100
0.517759 0.0477 -0.0065067 100
0.526958 0.056 -0.0066223 100
0.536058 0.0645 -0.00673665 100
0.544057 0.0732 -0.00683718 100
0.552856 0.0823 -0.00694776 100
0.566455 0.0924 -0.00711866 100
0.581854 0.1033 -0.00731218 100
0.592153 0.1137 -0.00744161 100
0.602252 0.1244 -0.00756853 100
0.607252 0.1343 -0.00763136 100
0.624851 0.1474 -0.00785252 100
0.644049 0.1614 -0.00809379 100
0.658148 0.1748 -0.00827097 100
0.38437 -0.0768 -0.00483039 0
0.388369 -0.072 -0.00488065 0
0.393269 -0.0672 -0.00494222 0
0.399068 -0.0625 -0.00501511 0
0.406868 -0.0579 -0.00511312 0
0.412567 -0.0528 -0.00518475 100
0.416267 -0.0474 -0.00523124 0
0.420867 -0.042 -0.00528905 0
0.428366 -0.0367 -0.00538329 0
0.436865 -0.0313 -0.0054901 100
0.443265 -0.0255 -0.00557053 100
0.448565 -0.0195 -0.00563713 100
0.453764 -0.0134 -0.00570247 0
0.456864 -0.0071 -0.00574142 100
0.474999 0.0028 -0.000829031 100
0.481899 0.0096 -0.000841074 100
0.487699 0.0165 -0.000851197 100
0.496399 0.0238 -0.000866381 100
0.504999 0.0313 -0.000881391 100
0.513499 0.039 -0.000896226 100
0.523899 0.0472 -0.000914377 100
0.533099 0.0555 -0.000930435 100
0.540199 0.0639 -0.000942826 100
0.549199 0.0728 -0.000958534 100
0.559999 0.0822 -0.000977384 100
0.570599 0.0919 -0.000995884 100
0.583099 0.1023 -0.0010177 100
0.594399 0.1129 -0.00103742 100
0.604499 0.1236 -0.00105505 100
0.617399 0.1352 -0.00107757 100
0.630999 0.1475 -0.0011013 100
0.636599 0.1582 -0.00111108 100
0.657599 0.1732 -0.00114773 100
0.388499 -0.0769 -0.00067806 0
0.392499 -0.072 -0.000685041 0
0.397399 -0.0672 -0.000693593 100
0.404199 -0.0625 -0.000705462 0
0.410999 -0.0577 -0.00071733 100
0.415699 -0.0524 -0.000725533 0
0.420399 -0.0471 -0.000733736 0
0.425999 -0.0417 -0.00074351 100
0.433499 -0.0363 -0.0007566 100
0.439899 -0.0306 -0.00076777 100
0.444299 -0.0247 -0.000775449 100
0.449599 -0.0187 -0.0007847 100
0.454799 -0.0126 -0.000793775 100
0.469986 0.0025 0.00369133 100
0.477885 0.0092 0.00375338 100
0.485685 0.0161 0.00381464 100
0.492485 0.0232 0.00386805 100
0.501085 0.0306 0.00393559 100
0.509584 0.0383 0.00400235 100
0.517884 0.0462 0.00406753 100
0.528184 0.0546 0.00414843 100
0.537283 0.0631 0.0042199 100
0.547283 0.072 0.00429844 100
0.559083 0.0816 0.00439112 100
0.569682 0.0912 0.00447437 100
0.581182 0.1014 0.00456469 100
0.592482 0.1119 0.00465344 100
0.602681 0.1226 0.00473355 100
0.607681 0.1325 0.00477281 100
0.624281 0.1453 0.00490319 100
0.64258 0.159 0.00504692 100
0.65098 0.1708 0.00511289 100
0.382788 -0.0795 0.00300647 0
0.386788 -0.0748 0.00303789 0
0.391788 -0.0701 0.00307716 0
0.397688 -0.0654 0.0031235 0
0.405488 -0.0609 0.00318476 100
0.411187 -0.0559 0.00322952 100
0.415887 -0.0506 0.00326644 0
0.420587 -0.0452 0.00330335 100
0.427087 -0.0399 0.0033544 0
0.435587 -0.0346 0.00342116 100
0.442086 -0.0289 0.00347221 100
0.447386 -0.023 0.00351383 100
0.451686 -0.0169 0.00354761 100
0.456886 -0.0107 0.00358845 100
0.475896 0.0015 0.00996859 100
0.482794 0.0083 0.0101131 100
0.489693 0.0152 0.0102576 100
0.49939 0.0225 0.0104607 100
0.507989 0.03 0.0106408 100
0.515487 0.0377 0.0107979 100
0.524885 0.0458 0.0109948 100
0.534183 0.0541 0.0111895 100
0.541281 0.0625 0.0113382 100
0.550279 0.0713 0.0115267 100
0.563076 0.081 0.0117948 100
0.576673 0.0912 0.0120796 100
0.587171 0.1013 0.0122995 100
0.598469 0.1119 0.0125361 100
0.610566 0.123 0.0127895 100
0.621564 0.1343 0.0130199 100
0.633261 0.1461 0.0132649 100
0.63886 0.1568 0.0133822 100
0.660855 0.172 0.0138429 100
0.387815 -0.0796 0.00812357 0
0.391814 -0.0747 0.00820734 0
0.397813 -0.0701 0.00833299 0
0.405611 -0.0657 0.00849634 0
0.41141 -0.0607 0.00861781 0
0.416209 -0.0555 0.00871833 0
0.419908 -0.05 0.00879582 100
0.425607 -0.0447 0.00891519 0
0.433105 -0.0394 0.00907226 100
0.439604 -0.0338 0.00920838 100
0.445002 -0.0279 0.00932147 100
0.450401 -0.022 0.00943456 100
0.4546 -0.0158 0.00952252 100
0.461799 -0.0096 0.0096733 100
0.473833 0.0018 0.0125733 100
0.480731 0.0086 0.0127563 100
0.488628 0.0155 0.0129659 100
0.498325 0.0228 0.0132232 100
0.506922 0.0303 0.0134513 100
0.514419 0.038 0.0136502 100
0.521816 0.0459 0.0138465 100
0.532013 0.0543 0.0141171 100
0.54121 0.0629 0.0143611 100
0.550106 0.0717 0.0145972 100
0.562002 0.0812 0.0149129 100
0.573598 0.0911 0.0152206 100
0.585094 0.1014 0.0155256 100
0.59639 0.1119 0.0158253 100
0.608486 0.123 0.0161463 100
0.619382 0.1343 0.0164354 100
0.630178 0.1458 0.0167219 100
0.636776 0.1568 0.016897 100
0.659668 0.1722 0.0175044 100
0.387764 -0.0798 0.0102894 0
0.391762 -0.0749 0.0103955 100
0.39666 -0.0701 0.0105255 100
0.404558 -0.0657 0.010735 0
0.411355 -0.0609 0.0109154 0
0.415154 -0.0556 0.0110162 0
0.418853 -0.0501 0.0111143 0
0.42545 -0.0449 0.0112894 0
0.433048 -0.0396 0.011491 0
0.439545 -0.034 0.0116634 100
0.444943 -0.0282 0.0118067 100
0.450341 -0.0222 0.0119499 100
0.45554 -0.0161 0.0120878 100
0.460738 -0.0098 0.0122258 100
0.481759 0.0052 0.0152241 100
0.488556 0.0121 0.0154388 100
0.499351 0.0194 0.01578 100
0.508046 0.0268 0.0160548 100
0.513644 0.0343 0.0162316 100
0.52104 0.0421 0.0164654 100
0.531335 0.0505 0.0167907 100
0.54053 0.059 0.0170813 100
0.549526 0.0677 0.0173655 100
0.559421 0.0769 0.0176782 100
0.572214 0.0868 0.0180825 100
0.583709 0.097 0.0184458 100
0.595103 0.1074 0.0188058 100
0.607297 0.1184 0.0191912 100
0.618291 0.1295 0.0195386 100
0.628087 0.1408 0.0198481 100
0.64068 0.153 0.0202461 100
0.646177 0.1639 0.0204198 100
0.668966 0.1797 0.02114 100
0.393204 -0.0776 0.0124256 0
0.4002 -0.0732 0.0126467 0
0.405098 -0.0682 0.0128015 100
0.408996 -0.063 0.0129247 100
0.414793 -0.058 0.0131079 0
0.419491 -0.0527 0.0132563 100
0.424188 -0.0473 0.0134048 100
0.431784 -0.042 0.0136448 0
0.439281 -0.0365 0.0138817 0
0.444678 -0.0307 0.0140523 100
0.449076 -0.0247 0.0141912 100
0.454373 -0.0187 0.0143586 100
0.459571 -0.0124 0.0145229 100
0.475506 0.0053 0.0216758 100
0.490291 0.0124 0.0223497 100
0.50108 0.0196 0.0228415 100
0.509771 0.0271 0.0232377 100
0.517263 0.0348 0.0235792 100
0.526753 0.0429 0.0240118 100
0.536043 0.0512 0.0244353 100
0.543136 0.0596 0.0247586 100
0.552227 0.0684 0.025173 100
0.564114 0.0779 0.0257149 100
0.574803 0.0876 0.0262022 100
0.586291 0.0978 0.0267259 100
0.597679 0.1083 0.027245 100
0.609767 0.1193 0.027796 100
0.622753 0.131 0.028388 100
0.634541 0.1427 0.0289253 100
0.640235 0.1535 0.0291849 100
0.662212 0.1686 0.0301867 100
0.390694 -0.0792 0.0178097 0
0.395689 -0.0744 0.0180373 100
0.402582 -0.0699 0.0183515 100
0.409375 -0.0652 0.0186612 0
0.41427 -0.06 0.0188843 100
0.418965 -0.0547 0.0190984 100
0.425658 -0.0496 0.0194035 100
0.43325 -0.0443 0.0197495 100
0.439843 -0.0388 0.0200501 100
0.444339 -0.0329 0.020255 100
0.448734 -0.0269 0.0204554 100
0.454029 -0.0208 0.0206967 100
0.458324 -0.0146 0.0208925 100
0.465417 -0.0083 0.0212158 100
0.482261 0.0025 0.0267093 100
0.490149 0.0094 0.0271461 100
0.499934 0.0166 0.0276881 100
0.507622 0.024 0.0281139 100
0.513214 0.0315 0.0284235 100
0.522699 0.0394 0.0289489 100
0.533083 0.0477 0.029524 100
0.54127 0.0561 0.0299774 100
0.550357 0.0648 0.0304807 100
0.562238 0.0742 0.0311387 100
0.573022 0.0838 0.0317359 100
0.585603 0.0941 0.0324327 100
0.598982 0.1048 0.0331737 100
0.610265 0.1156 0.0337986 100
0.621248 0.1268 0.0344069 100
0.63313 0.1384 0.0350649 100
0.646609 0.1509 0.0358114 100
0.651302 0.1616 0.0360714 100
0.668276 0.1758 0.0370114 100
0.394695 -0.0784 0.0218596 0
0.402583 -0.0742 0.0222964 100
0.408574 -0.0694 0.0226282 100
0.413367 -0.0643 0.0228937 100
0.416262 -0.0587 0.023054 0
0.420955 -0.0534 0.0233139 100
0.426646 -0.0481 0.0236291 0
0.435233 -0.0429 0.0241047 100
0.442722 -0.0374 0.0245195 100
0.447215 -0.0314 0.0247683 100
0.451608 -0.0254 0.0250116 100
0.455901 -0.0192 0.0252494 100
0.46309 -0.013 0.0256475 100
0.480872 0.0012 0.0329512 100
0.486759 0.008 0.0333546 100
0.495638 0.0151 0.033963 100
0.504317 0.0224 0.0345578 100
0.5119 0.03 0.0350773 100
0.519382 0.0377 0.0355901 100
0.529758 0.0459 0.036301 100
0.540034 0.0544 0.0370052 100
0.547117 0.0629 0.0374906 100
0.558091 0.0721 0.0382426 100
0.568866 0.0816 0.0389809 100
0.579541 0.0914 0.0397124 100
0.590914 0.1017 0.0404917 100
0.602188 0.1123 0.0412642 100
0.61426 0.1235 0.0420914 100
0.628127 0.1355 0.0430417 100
0.642693 0.1481 0.0440398 100
0.647382 0.1587 0.0443611 100
0.668233 0.1738 0.0457899 100
0.397667 -0.0771 0.0272497 100
0.404551 -0.0726 0.0277214 100
0.408542 -0.0674 0.0279949 0
0.412433 -0.0622 0.0282615 0
0.417122 -0.0569 0.0285828 100
0.421911 -0.0516 0.0289109 100
0.427498 -0.0462 0.0292938 100
0.436077 -0.0409 0.0298817 100
0.442562 -0.0353 0.0303261 100
0.446952 -0.0294 0.0306269 100
0.451342 -0.0233 0.0309277 100
0.459622 -0.0173 0.0314951 100
0.469798 -0.0111 0.0321924 100
0.479524 0.0065 0.0376551 100
0.496272 0.0137 0.0389703 100
0.504048 0.021 0.0395809 100
0.510628 0.0284 0.0400976 100
0.518105 0.0361 0.0406848 100
0.528573 0.0443 0.0415068 100
0.538742 0.0528 0.0423053 100
0.547913 0.0614 0.0430255 100
0.557883 0.0705 0.0438083 100
0.567653 0.0798 0.0445755 100
0.580314 0.0899 0.0455698 100
0.583902 0.0988 0.0458516 100
0.598159 0.1099 0.0469711 100
0.6171 0.1223 0.0484585 100
0.633948 0.1349 0.0497815 100
0.637836 0.1451 0.0500868 100
0.642522 0.1556 0.0504547 100
0.660566 0.1698 0.0518717 100
0.403757 -0.0756 0.0317055 100
0.408742 -0.0706 0.0320969 100
0.413627 -0.0655 0.0324805 100
0.417415 -0.0602 0.032778 100
0.421203 -0.0547 0.0330755 100
0.426886 -0.0494 0.0335217 100
0.434463 -0.0441 0.0341166 100
0.44194 -0.0386 0.0347038 100
0.447423 -0.0328 0.0351344 100
0.450812 -0.0267 0.0354005 100
0.456096 -0.0206 0.0358154 100
0.463374 -0.0144 0.0363869 100
0.471449 -0.0081 0.037021 100
0.481191 0.0033 0.0417603 100
0.496036 0.0103 0.0430486 100
0.503806 0.0176 0.0437229 100
0.510481 0.025 0.0443022 100
0.519049 0.0327 0.0450458 100
0.52941 0.0408 0.045945 100
0.538775 0.0491 0.0467577 100
0.548937 0.0578 0.0476396 100
0.559895 0.0669 0.0485907 100
0.570755 0.0764 0.0495331 100
0.581514 0.0861 0.0504668 100
0.593071 0.0963 0.0514698 100
0.606321 0.1072 0.0526197 100
0.618475 0.1184 0.0536745 100
0.63043 0.1298 0.054712 100
0.642186 0.1417 0.0557323 100
0.646968 0.1523 0.0561473 100
0.667989 0.1671 0.0579716 100
0.40438 -0.0765 0.0350942 100
0.409262 -0.0715 0.0355179 0
0.413147 -0.0662 0.0358551 100
0.418029 -0.061 0.0362787 100
0.423807 -0.0558 0.0367802 100
0.430482 -0.0505 0.0373595 100
0.437057 -0.0451 0.0379301 100
0.442636 -0.0394 0.0384143 100
0.448016 -0.0336 0.0388812 100
0.453495 -0.0276 0.0393567 100
0.460768 -0.0216 0.0399879 100
0.469934 -0.0154 0.0407833 100
0.47611 -0.0089 0.0413194 100
0.480587 0.0005 0.0482231 100
0.488447 0.0074 0.0490118 100
0.497303 0.0145 0.0499004 100
0.504964 0.0218 0.0506692 100
0.512626 0.0293 0.051438 100
0.523073 0.0373 0.0524863 100
0.532426 0.0455 0.0534248 100
0.53959 0.0537 0.0541436 100
0.549739 0.0625 0.055162 100
0.560684 0.0717 0.0562603 100
0.57143 0.0813 0.0573385 100
0.581977 0.0911 0.0583969 100
0.594415 0.1016 0.0596449 100
0.606654 0.1125 0.0608729 100
0.616703 0.1233 0.0618813 100
0.627648 0.1347 0.0629795 100
0.64118 0.147 0.0643374 100
0.645857 0.1577 0.0648066 100
0.665757 0.1725 0.0668034 100
0.397106 -0.08 0.0398464 100
0.403971 -0.0755 0.0405353 100
0.408946 -0.0705 0.0410345 100
0.412827 -0.0652 0.0414239 100
0.417603 -0.06 0.0419032 100
0.424369 -0.0549 0.0425821 100
0.431035 -0.0496 0.043251 100
0.436608 -0.0441 0.0438101 100
0.441085 -0.0383 0.0442594 100
0.445563 -0.0324 0.0447087 100
0.450936 -0.0264 0.0452478 100
0.458199 -0.0204 0.0459767 100
0.467453 -0.0143 0.0469052 100
0.475512 -0.0078 0.0477139 100
0.483018 0.0014 0.0537524 100
0.49087 0.0084 0.0546262 100
0.499715 0.0155 0.0556105 100
0.507368 0.0229 0.0564622 100
0.514921 0.0305 0.0573027 100
0.525357 0.0386 0.058464 100
0.533705 0.0467 0.0593931 100
0.539867 0.0549 0.0600788 100
0.548912 0.0637 0.0610853 100
0.560838 0.073 0.0624125 100
0.571572 0.0826 0.063607 100
0.5831 0.0927 0.06489 100
0.595524 0.1033 0.0662725 100
0.607649 0.1142 0.0676219 100
0.619675 0.1255 0.0689601 100
0.631502 0.1371 0.0702763 100
0.645018 0.1496 0.0717805 100
0.650584 0.1606 0.0723999 100
0.671356 0.1757 0.0747114 100
0.402316 -0.0768 0.0447716 100
0.407286 -0.0718 0.0453246 100
0.411162 -0.0665 0.0457559 100
0.414939 -0.0612 0.0461762 100
0.420703 -0.056 0.0468177 100
0.427362 -0.0508 0.0475587 100
0.433921 -0.0454 0.0482887 100
0.439487 -0.0397 0.0489081 100
0.443959 -0.0339 0.0494058 100
0.449326 -0.0279 0.050003 100
0.453699 -0.0218 0.0504897 100
0.460855 -0.0156 0.051286 100
0.470993 -0.0094 0.0524141 100
0.483401 0.0043 0.0590973 100
0.501169 0.0115 0.0612694 100
0.507918 0.0188 0.0620946 100
0.515462 0.0264 0.0630169 100
0.525984 0.0344 0.0643032 100
0.534322 0.0425 0.0653225 100
0.541568 0.0507 0.0662084 100
0.5507 0.0594 0.0673248 100
0.564596 0.0689 0.0690237 100
0.577401 0.0787 0.0705891 100
0.587029 0.0885 0.0717662 100
0.597551 0.0987 0.0730525 100
0.608768 0.1093 0.0744237 100
0.620877 0.1205 0.0759042 100
0.633682 0.1323 0.0774696 100
0.647281 0.1447 0.0791321 100
0.651053 0.1551 0.0795932 100
0.668126 0.1691 0.0816804 100
0.40568 -0.0778 0.0495956 100
0.40965 -0.0726 0.050081 100
0.414514 -0.0675 0.0506756 100
0.420271 -0.0624 0.0513794 100
0.428013 -0.0574 0.052326 100
0.433671 -0.0519 0.0530176 100
0.439329 -0.0463 0.0537093 100
0.443895 -0.0405 0.0542676 100
0.448362 -0.0346 0.0548136 100
0.452729 -0.0285 0.0553476 100
0.460075 -0.0225 0.0562456 100
0.470199 -0.0164 0.0574833 100
0.478339 -0.0099 0.0584784 100
0.483781 0.0039 0.0640345 100
0.493595 0.0109 0.0653336 100
0.50331 0.0182 0.0666196 100
0.510944 0.0257 0.0676299 100
0.520361 0.0336 0.0688765 100
0.529779 0.0416 0.0701231 100
0.537016 0.0498 0.071081 100
0.546137 0.0584 0.0722882 100
0.557141 0.0675 0.0737447 100
0.567946 0.077 0.075175 100
0.578554 0.0867 0.076579 100
0.590054 0.097 0.0781012 100
0.600364 0.1073 0.0794658 100
0.61335 0.1186 0.0811848 100
0.627229 0.1304 0.0830218 100
0.639919 0.1425 0.0847014 100
0.644578 0.1531 0.0853182 100
0.665496 0.168 0.0880869 100
0.402787 -0.0794 0.053314 100
0.406752 -0.0742 0.0538389 100
0.410718 -0.069 0.0543638 100
0.414584 -0.0636 0.0548755 0
0.420334 -0.0585 0.0556366 100
0.428959 -0.0535 0.0567782 100
0.434609 -0.048 0.0575261 100
0.43917 -0.0423 0.0581297 100
0.443631 -0.0365 0.0587202 100
0.448092 -0.0305 0.0593107 100
0.455329 -0.0245 0.0602686 100
0.463557 -0.0184 0.0613577 100
0.470695 -0.0121 0.0623025 100
0.489359 0.0066 0.067556 100
0.506992 0.014 0.0699902 100
0.513728 0.0215 0.0709201 100
0.524228 0.0293 0.0723697 100
0.532648 0.0373 0.0735321 100
0.538988 0.0454 0.0744073 100
0.548201 0.054 0.0756791 100
0.559197 0.0631 0.0771971 100
0.570093 0.0725 0.0787014 100
0.580792 0.0822 0.0801783 100
0.591292 0.0922 0.0816279 100
0.602684 0.1027 0.0832005 100
0.615859 0.1139 0.0850193 100
0.629728 0.1256 0.0869339 100
0.641516 0.1374 0.0885612 100
0.653998 0.1498 0.0902843 100
0.660536 0.1611 0.0911869 100
0.68322 0.1769 0.0943186 100
0.407535 -0.0793 0.0562602 100
0.411497 -0.0741 0.0568072 100
0.41546 -0.0687 0.0573542 100
0.420314 -0.0635 0.0580243 100
0.428041 -0.0585 0.059091 100
0.434678 -0.0531 0.0600072 100
0.440324 -0.0475 0.0607867 100
0.444881 -0.0417 0.0614158 100
0.449338 -0.0357 0.0620312 100
0.456669 -0.0298 0.0630431 100
0.46499 -0.0238 0.0641919 100
0.472221 -0.0175 0.0651902 100
0.478363 -0.011 0.066038 100
0.484868 0.0028 0.0707345 100
0.50357 0.01 0.0734629 100
0.510298 0.0174 0.0744445 100
0.519897 0.0251 0.0758447 100
0.529396 0.033 0.0772306 100
0.536719 0.0411 0.0782988 100
0.54602 0.0496 0.0796558 100
0.558093 0.0586 0.0814169 100
0.568977 0.0679 0.0830048 100
0.578774 0.0774 0.0844339 100
0.582534 0.0863 0.0849825 100
0.595991 0.0969 0.0869457 100
0.61499 0.1089 0.0897174 100
0.63389 0.1215 0.0924746 100
0.638937 0.1318 0.0932108 100
0.652493 0.1443 0.0951885 100
0.656254 0.1548 0.095737 100
0.671294 0.1684 0.0979312 100
0.409466 -0.0774 0.0597346 100
0.413424 -0.0721 0.060312 100
0.419262 -0.067 0.0611637 100
0.427079 -0.0621 0.0623041 100
0.43272 -0.0567 0.063127 100
0.437469 -0.051 0.0638199 100
0.442021 -0.0453 0.0644839 100
0.447563 -0.0394 0.0652923 100
0.454984 -0.0336 0.066375 100
0.463296 -0.0277 0.0675876 100
0.46953 -0.0214 0.068497 100
0.474774 -0.0149 0.0692621 100
0.480811 -0.0083 0.0701427 100
0.491216 0 0.0756053 100
0.500111 0.0071 0.0769744 100
0.505843 0.0143 0.0778567 100
0.513454 0.0218 0.0790281 100
0.524029 0.0296 0.0806558 100
0.533419 0.0377 0.082101 100
0.541721 0.046 0.0833788 100
0.550814 0.0546 0.0847784 100
0.560796 0.0636 0.0863148 100
0.573645 0.0732 0.0882924 100
0.584319 0.083 0.0899353 100
0.593906 0.0929 0.0914109 100
0.605174 0.1035 0.0931451 100
0.616342 0.1143 0.0948641 100
0.62929 0.1259 0.096857 100
0.641941 0.1379 0.0988041 100
0.653505 0.1501 0.100584 100
0.660028 0.1614 0.101588 100
0.680685 0.1766 0.104767 100
0.40681 -0.0783 0.062614 100
0.411751 -0.0732 0.0633746 100
0.416594 -0.0681 0.06412 100
0.424402 -0.0632 0.0653218 100
0.431123 -0.058 0.0663562 100
0.436757 -0.0525 0.0672233 100
0.440414 -0.0466 0.0677862 100
0.44496 -0.0408 0.068486 100
0.449408 -0.0348 0.0691705 100
0.45771 -0.0289 0.0704483 100
0.466902 -0.0229 0.0718631 100
0.473129 -0.0165 0.0728215 100
0.478268 -0.01 0.0736125 100
0.490082 0.0029 0.0763942 100
0.505792 0.0102 0.0788431 100
0.512511 0.0175 0.0798905 100
0.522095 0.0253 0.0813845 100
0.53158 0.0332 0.0828631 100
0.540868 0.0415 0.0843109 100
0.551144 0.0501 0.0859127 100
0.560136 0.0589 0.0873143 100
0.569127 0.068 0.0887159 100
0.579897 0.0776 0.0903947 100
0.592445 0.0878 0.0923508 100
0.603907 0.0982 0.0941374 100
0.615072 0.1089 0.0958778 100
0.626138 0.12 0.0976029 100
0.639971 0.132 0.0997591 100
0.653508 0.1445 0.101869 100
0.658152 0.1553 0.102593 100
0.677123 0.1698 0.10555 100
0.410839 -0.0778 0.0640418 100
0.413803 -0.0724 0.0645038 100
0.42062 -0.0675 0.0655666 100
0.428327 -0.0625 0.0667679 100
0.434058 -0.0571 0.0676613 100
0.438702 -0.0515 0.0683852 100
0.443346 -0.0457 0.069109 100
0.447891 -0.0398 0.0698175 100
0.454313 -0.0339 0.0708187 100
0.463601 -0.028 0.0722665 100
0.469826 -0.0217 0.0732368 100
0.475063 -0.0153 0.0740531 100
0.482078 -0.0087 0.0751467 100
0.495444 0.0044 0.0808657 100
0.503241 0.0116 0.0821383 100
0.512913 0.019 0.083717 100
0.522387 0.0268 0.0852634 100
0.531862 0.0348 0.0868098 100
0.540152 0.0431 0.088163 100
0.549331 0.0516 0.0896611 100
0.561372 0.0607 0.0916263 100
0.571241 0.07 0.0932372 100
0.580025 0.0794 0.0946709 100
0.590585 0.0894 0.0963945 100
0.603909 0.1001 0.0985692 100
0.616048 0.1111 0.100551 100
0.638846 0.134 0.104272 100
0.653256 0.1467 0.106624 100
0.657006 0.1573 0.107236 100
0.673883 0.1714 0.10999 100
0.408001 -0.0797 0.0665934 100
0.412936 -0.0746 0.0673988 100
0.418759 -0.0696 0.0683492 100
0.424582 -0.0644 0.0692997 100
0.430306 -0.0591 0.070234 100
0.43603 -0.0536 0.0711683 100
0.44057 -0.0478 0.0719093 100
0.446097 -0.0421 0.0728114 100
0.452611 -0.0362 0.0738745 100
0.462875 -0.0305 0.0755498 100
0.469191 -0.0242 0.0765808 100
0.473435 -0.0177 0.0772735 100
0.478567 -0.0112 0.0781111 100
0.492644 0.0058 0.0854487 100
0.509197 0.0132 0.0883198 100
0.517868 0.0207 0.0898237 100
0.525356 0.0285 0.0911225 100
0.53383 0.0366 0.0925922 100
0.544077 0.045 0.0943696 100
0.555112 0.0538 0.0962836 100
0.564176 0.0628 0.0978559 100
0.573044 0.072 0.0993939 100
0.58467 0.0819 0.101411 100
0.595114 0.092 0.103222 100
0.607431 0.1027 0.105358 100
0.61955 0.1138 0.10746 100
0.631472 0.1253 0.109528 100
0.644083 0.1373 0.111716 100
0.648911 0.1479 0.112553 100
0.668814 0.1625 0.116005 100
0.409683 -0.0777 0.0710591 100
0.41658 -0.0729 0.0722554 100
0.423379 -0.0679 0.0734346 100
0.429093 -0.0626 0.0744258 100
0.434808 -0.0572 0.075417 100
0.440424 -0.0516 0.0763911 100
0.44407 -0.0456 0.0770235 100
0.448602 -0.0397 0.0778096 100
0.455992 -0.0338 0.0790913 100
0.465253 -0.0279 0.0806978 100
0.472446 -0.0216 0.0819453 100
0.476683 -0.015 0.0826802 100
0.484664 -0.0084 0.0840644 100
0.498735 0.0003 0.091175 100
0.506506 0.0075 0.0925957 100
0.515261 0.0149 0.0941962 100
0.522835 0.0225 0.0955809 100
0.531295 0.0305 0.0971275 100
0.539656 0.0386 0.0986561 100
0.548903 0.0471 0.100346 100
0.560904 0.0562 0.10254 100
0.571823 0.0655 0.104537 100
0.580676 0.0748 0.106155 100
0.592186 0.0849 0.108259 100
0.603695 0.0952 0.110363 100
0.614909 0.106 0.112413 100
0.625927 0.117 0.114427 100
0.637829 0.1286 0.116603 100
0.651404 0.141 0.119085 100
0.656126 0.1518 0.119948 100
0.674915 0.1662 0.123383 100
0.412759 -0.0789 0.0754577 100
0.420629 -0.0743 0.0768963 100
0.427416 -0.0692 0.0781372 100
0.432237 -0.0637 0.0790184 100
0.435975 -0.058 0.0797017 100
0.44168 -0.0524 0.0807448 100
0.445221 -0.0464 0.0813922 100
0.451714 -0.0406 0.0825791 100
0.462043 -0.035 0.0844673 100
0.469322 -0.0288 0.0857981 100
0.47365 -0.0224 0.0865893 100
0.478765 -0.0158 0.0875244 100
0.486832 -0.0092 0.0889991 100
0.500833 0.0064 0.0962639 100
0.518313 0.014 0.0996237 100
0.527936 0.0218 0.101473 100
0.5354 0.0297 0.102908 100
0.543747 0.038 0.104512 100
0.555924 0.0468 0.106853 100
0.567905 0.0559 0.109156 100
0.576841 0.0651 0.110873 100
0.586662 0.0747 0.112761 100
0.599133 0.0849 0.115158 100
0.610525 0.0954 0.117348 100
0.620836 0.1061 0.119329 100
0.632817 0.1174 0.121632 100
0.644601 0.1291 0.123897 100
0.650493 0.1399 0.12503 100
0.671508 0.1545 0.129069 100
0.419521 -0.0768 0.0806351 100
0.424333 -0.0714 0.08156 100
0.430127 -0.0661 0.0826737 100
0.434939 -0.0606 0.0835986 100
0.440536 -0.055 0.0846744 100
0.445152 -0.0491 0.0855616 100
0.451731 -0.0433 0.0868262 100
0.461061 -0.0376 0.0886194 100
0.467444 -0.0315 0.0898463 100
0.472648 -0.0251 0.0908467 100
0.479817 -0.0186 0.0922246 100
0.48895 -0.012 0.09398 100
0.503038 0.0003 0.100608 100
0.512745 0.0076 0.10255 100
0.521473 0.0151 0.104295 100
0.528043 0.0228 0.105609 100
0.535495 0.0308 0.1071 100
0.545791 0.0392 0.109159 100
0.555989 0.0479 0.111198 100
0.565991 0.0568 0.113199 100
0.576875 0.0662 0.115376 100
0.586583 0.0758 0.117317 100
0.597174 0.0858 0.119435 100
0.610411 0.0966 0.122083 100
0.623551 0.1078 0.124711 100
0.634534 0.119 0.126907 100
0.647281 0.1309 0.129457 100
0.652184 0.1416 0.130438 100
0.669344 0.1553 0.13387 100
0.42312 -0.0752 0.0846246 100
0.428906 -0.07 0.0857817 100
0.43273 -0.0643 0.0865466 100
0.437535 -0.0587 0.0875075 100
0.442144 -0.0529 0.0884293 100
0.446752 -0.047 0.089351 100
0.453224 -0.0412 0.0906454 100
0.46254 -0.0354 0.0925085 100
0.469796 -0.0293 0.0939598 100
0.476072 -0.0229 0.0952149 100
0.483132 -0.0163 0.096627 100
0.491173 -0.0096 0.0982351 100
0.504892 0.0034 0.106489 100
0.513601 0.0108 0.108326 100
0.521233 0.0184 0.109936 100
0.527788 0.0262 0.111319 100
0.536105 0.0343 0.113073 100
0.547358 0.0429 0.115446 100
0.559295 0.0519 0.117964 100
0.570254 0.0612 0.120275 100
0.57906 0.0705 0.122133 100
0.588747 0.0802 0.124176 100
0.600195 0.0905 0.12659 100
0.612426 0.1013 0.12917 100
0.624461 0.1125 0.131708 100
0.63728 0.1242 0.134412 100
0.649902 0.1363 0.137074 100
0.65362 0.1469 0.137858 100
0.670645 0.1608 0.141449 100
0.417906 -0.0768 0.0881427 100
0.424755 -0.0718 0.0895874 100
0.42955 -0.0663 0.0905986 100
0.434344 -0.0607 0.0916098 100
0.438943 -0.055 0.0925798 100
0.443542 -0.0492 0.0935498 100
0.450098 -0.0434 0.0949325 100
0.459393 -0.0377 0.096893 100
0.465753 -0.0315 0.0982345 100
0.470939 -0.0251 0.0993283 100
0.478082 -0.0186 0.100835 100
0.486203 -0.012 0.102548 100
0.504998 0.0051 0.110754 100
0.521408 0.0128 0.114353 100
0.530003 0.0206 0.116238 100
0.538501 0.0286 0.118102 100
0.548758 0.0371 0.120351 100
0.557939 0.0457 0.122365 100
0.567903 0.0547 0.12455 100
0.579722 0.0643 0.127142 100
0.590466 0.074 0.129498 100
0.601016 0.0841 0.131812 100
0.613323 0.0948 0.134511 100
0.625435 0.1058 0.137168 100
0.638329 0.1174 0.139995 100
0.650148 0.1292 0.142587 100
0.655032 0.1399 0.143659 100
0.673981 0.1541 0.147815 100
0.42412 -0.0773 0.093016 100
0.428027 -0.0717 0.0938729 100
0.432813 -0.0662 0.0949226 100
0.437502 -0.0605 0.0959509 100
0.44219 -0.0547 0.0969792 100
0.447758 -0.0489 0.0982002 100
0.457135 -0.0433 0.100257 100
0.464461 -0.0373 0.101863 100
0.469833 -0.031 0.103042 100
0.476085 -0.0246 0.104413 100
0.485169 -0.0181 0.106405 100
0.494155 -0.0113 0.108376 100
0.498439 0.007 0.112602 100
0.514826 0.0146 0.116304 100
0.524288 0.0223 0.118442 100
0.531799 0.0303 0.120139 100
0.54009 0.0385 0.122012 100
0.551112 0.0472 0.124502 100
0.561159 0.0562 0.126771 100
0.571888 0.0655 0.129195 100
0.582618 0.0752 0.131619 100
0.593152 0.0852 0.133999 100
0.598615 0.0948 0.135233 100
0.613636 0.1062 0.138627 100
0.632267 0.1187 0.142835 100
0.647874 0.1312 0.146361 100
0.651678 0.1417 0.14722 100
0.657335 0.1528 0.148499 100
0.680745 0.1686 0.153787 100
0.416211 -0.0791 0.0940263 100
0.422064 -0.074 0.0953485 100
0.427916 -0.0687 0.0966706 100
0.432598 -0.0631 0.0977283 100
0.43728 -0.0574 0.098786 100
0.440987 -0.0515 0.0996234 100
0.447425 -0.0458 0.101078 100
0.456789 -0.0401 0.103193 100
0.463129 -0.034 0.104625 100
0.468396 -0.0277 0.105815 100
0.474541 -0.0212 0.107204 100
0.482637 -0.0147 0.109033 100
0.491514 -0.0079 0.111038 100
0.504252 0 0.11855 100
0.513889 0.0074 0.120816 100
0.523526 0.015 0.123081 100
0.531995 0.0229 0.125072 100
0.539394 0.031 0.126812 100
0.548642 0.0395 0.128986 100
0.557792 0.0482 0.131137 100
0.568695 0.0574 0.1337 100
0.5795 0.0669 0.136241 100
0.589137 0.0766 0.138506 100
0.599553 0.0867 0.140955 100
0.611819 0.0974 0.143839 100
0.62389 0.1086 0.146677 100
0.635766 0.12 0.149469 100
0.648324 0.1321 0.152421 100
0.653191 0.1428 0.153565 100
0.670129 0.1566 0.157548 100
0.423844 -0.0759 0.0996459 100
0.428711 -0.0705 0.10079 100
0.432508 -0.0648 0.101683 100
0.437181 -0.0591 0.102781 100
0.44088 -0.0531 0.103651 100
0.447402 -0.0474 0.105184 100
0.457623 -0.0419 0.107587 100
0.465021 -0.0358 0.109327 100
0.469305 -0.0294 0.110334 100
0.475535 -0.0229 0.111798 100
0.484491 -0.0164 0.113904 100
0.493446 -0.0096 0.116009 100
0.505313 0.0034 0.122715 100
0.513961 0.0109 0.124815 100
0.522513 0.0186 0.126892 100
0.529995 0.0265 0.128709 100
0.538255 0.0347 0.130715 100
0.549333 0.0433 0.133405 100
0.558371 0.0521 0.1356 100
0.569254 0.0614 0.138243 100
0.579944 0.071 0.140839 100
0.590439 0.0809 0.143388 100
0.601808 0.0912 0.146149 100
0.61104 0.1016 0.148391 100
0.622992 0.1128 0.151293 100
0.636694 0.1248 0.154621 100
0.64165 0.1353 0.155824 100
0.660599 0.1492 0.160426 100
0.679354 0.1637 0.164981 100
0.421062 -0.0763 0.102255 100
0.426892 -0.0711 0.103671 100
0.430682 -0.0654 0.104591 100
0.434375 -0.0596 0.105488 100
0.438067 -0.0537 0.106384 100
0.444578 -0.048 0.107966 100
0.453907 -0.0424 0.110231 100
0.461195 -0.0364 0.112001 100
0.465568 -0.0301 0.113063 100
0.470718 -0.0236 0.114314 100
0.477812 -0.0171 0.116036 100
0.486752 -0.0104 0.118207 100
0.502582 0.0042 0.129509 100
0.520884 0.0118 0.134225 100
0.52834 0.0196 0.136146 100
0.536765 0.0277 0.138317 100
0.547901 0.0362 0.141187 100
0.557101 0.0449 0.143558 100
0.567947 0.054 0.146352 100
0.576759 0.0633 0.148623 100
0.586442 0.0729 0.151118 100
0.597869 0.0831 0.154063 100
0.610167 0.0938 0.157232 100
0.622175 0.1048 0.160326 100
0.635926 0.1166 0.16387 100
0.647643 0.1284 0.166889 100
0.652485 0.1391 0.168137 100
0.6704 0.1531 0.172753 100
0.425694 -0.0751 0.109696 100
0.429567 -0.0694 0.110694 100
0.433344 -0.0637 0.111667 100
0.437992 -0.0579 0.112865 100
0.44448 -0.0523 0.114537 100
0.452905 -0.0466 0.116708 100
0.460264 -0.0407 0.118604 100
0.466559 -0.0345 0.120226 100
0.473725 -0.0281 0.122073 100
0.481762 -0.0217 0.124144 100
0.489799 -0.0149 0.126215 100
0.495706 -0.008 0.127737 100
0.502818 0.0013 0.132569 100
0.512391 0.0087 0.135092 100
0.520996 0.0164 0.137361 100
0.527475 0.0242 0.139069 100
0.536758 0.0324 0.141517 100
0.546814 0.0409 0.144168 100
0.556871 0.0497 0.14682 100
0.567604 0.059 0.149649 100
0.578337 0.0685 0.152479 100
0.586943 0.0781 0.154748 100
0.597289 0.0883 0.157476 100
0.608506 0.0989 0.160433 100
0.621367 0.1102 0.163824 100
0.633163 0.1217 0.166934 100
0.64467 0.1336 0.169968 100
0.649505 0.1444 0.171243 100
0.668167 0.1586 0.176163 100
0.424011 -0.0755 0.111791 100
0.428845 -0.07 0.113066 100
0.432617 -0.0643 0.11406 100
0.437258 -0.0585 0.115284 100
0.442866 -0.0528 0.116762 100
0.450215 -0.0471 0.1187 100
0.456597 -0.0411 0.120382 100
0.463849 -0.035 0.122294 100
0.470135 -0.0287 0.123952 100
0.477193 -0.0222 0.125813 100
0.485219 -0.0156 0.127929 100
0.492084 -0.0087 0.129739 100
0.500814 0.0054 0.132321 100
0.519958 0.0131 0.137379 100
0.526532 0.0209 0.139116 100
0.535814 0.029 0.141568 100
0.547029 0.0376 0.144531 100
0.556987 0.0463 0.147162 100
0.567912 0.0555 0.150049 100
0.577677 0.0649 0.152629 100
0.587249 0.0746 0.155158 100
0.599624 0.0849 0.158427 100
0.611806 0.0957 0.161646 100
0.622828 0.1066 0.164558 100
0.63472 0.1181 0.1677 100
0.647288 0.1301 0.171021 100
0.652993 0.1411 0.172528 100
0.672716 0.1555 0.177739 100
0.424822 -0.0764 0.112243 100
0.428689 -0.0707 0.113265 100
0.43246 -0.0649 0.114261 100
0.437101 -0.0592 0.115487 100
0.443675 -0.0536 0.117224 100
0.452957 -0.0481 0.119676 100
0.460305 -0.0422 0.121618 100
0.464752 -0.0358 0.122793 100
0.47094 -0.0294 0.124428 100
0.480028 -0.0231 0.126829 100
0.487956 -0.0164 0.128923 100
0.49395 -0.0095 0.130507 100
0.508573 0.0011 0.134276 100
0.518145 0.0086 0.136803 100
0.525783 0.0163 0.13882 100
0.533228 0.0243 0.140785 100
0.543476 0.0326 0.143491 100
0.554499 0.0413 0.146401 100
0.565424 0.0503 0.149286 100
0.575286 0.0596 0.15189 100
0.585052 0.0691 0.154468 100
0.595494 0.0791 0.157225 100
0.607773 0.0897 0.160467 100
0.619956 0.1006 0.163684 100
0.631848 0.1119 0.166824 100
0.64258 0.1234 0.169657 100
0.653216 0.1352 0.172465 100
0.657954 0.1461 0.173716 100
0.675744 0.1603 0.178413 100
0.421361 -0.0794 0.11125 100
0.426195 -0.0739 0.112526 100
0.430063 -0.0682 0.113547 100
0.432867 -0.0623 0.114288 100
0.439442 -0.0568 0.116023 100
0.44882 -0.0514 0.1185 100
0.457135 -0.0457 0.120695 100
0.46255 -0.0395 0.122125 100
0.468834 -0.0332 0.123784 100
0.475989 -0.0268 0.125673 100
0.483047 -0.0202 0.127536 100
0.490976 -0.0135 0.12963 100
0.501665 0.0019 0.133014 100
0.518001 0.0095 0.137345 100
0.52554 0.0172 0.139345 100
0.534916 0.0253 0.141831 100
0.546129 0.0337 0.144804 100
0.555215 0.0423 0.147213 100
0.564301 0.0513 0.149622 100
0.57503 0.0606 0.152467 100
0.585663 0.0703 0.155286 100
0.596199 0.0803 0.158079 100
0.607508 0.0908 0.161078 100
0.621427 0.1021 0.164768 100
0.63525 0.1138 0.168433 100
0.646945 0.1256 0.171534 100
0.650909 0.1361 0.172585 100
0.666954 0.1495 0.17684 100
0.425981 -0.0749 0.112947 100
0.430717 -0.0693 0.114203 100
0.434487 -0.0635 0.115202 100
0.439126 -0.0577 0.116432 100
0.445699 -0.052 0.118175 100
0.454012 -0.0464 0.120379 100
0.460392 -0.0403 0.122071 100
0.466675 -0.0341 0.123737 100
0.473827 -0.0277 0.125633 100
0.482817 -0.0212 0.128017 100
0.491806 -0.0145 0.1304 100
0.499636 -0.0075 0.132476 100
0.505695 0.0049 0.133422 100
0.522036 0.0126 0.137733 100
0.528514 0.0205 0.139442 100
0.53596 0.0285 0.141407 100
0.547079 0.0371 0.14434 100
0.557135 0.0458 0.146993 100
0.567964 0.055 0.149851 100
0.580631 0.0647 0.153193 100
0.592234 0.0747 0.156254 100
0.60258 0.0849 0.158983 100
0.611959 0.0952 0.161458 100
0.622982 0.1062 0.164366 100
0.634778 0.1177 0.167479 100
0.648315 0.1299 0.17105 100
0.652182 0.1405 0.172071 100
0.669103 0.1543 0.176535 100
0.424861 -0.0764 0.112095 100
0.428729 -0.0707 0.113115 100
0.4325 -0.0649 0.11411 100
0.436271 -0.059 0.115105 100
0.443716 -0.0535 0.117069 100
0.452998 -0.048 0.119518 100
0.460347 -0.0421 0.121457 100
0.465762 -0.0358 0.122886 100
0.472917 -0.0295 0.124773 100
0.482006 -0.023 0.127171 100
0.488968 -0.0163 0.129008 100
0.494963 -0.0093 0.13059 100
