0.428161 0.0014 -0.117533 100
0.428065 0.0076 -0.117507 100
0.427968 0.0138 -0.11748 100
0.427775 0.02 -0.117427 100
0.42739 0.0262 -0.117322 100
0.427004 0.0323 -0.117216 100
0.426522 0.0385 -0.117083 0
0.426907 0.0448 -0.117189 100
0.427293 0.0511 -0.117295 0
0.427486 0.0574 -0.117348 100
0.426715 0.0635 -0.117136 0
0.42575 0.0697 -0.116872 0
0.42575 0.076 -0.116872 100
0.425654 0.0824 -0.116845 100
0.427293 0.0891 -0.117295 100
0.430765 0.0963 -0.118248 100
0.432308 0.1032 -0.118672 100
0.432693 0.1099 -0.118777 100
0.432115 0.1164 -0.118619 100
0.432404 0.1232 -0.118698 100
0.431633 0.1297 -0.118486 100
0.430765 0.1363 -0.118248 0
0.428836 0.1425 -0.117719 100
0.427583 0.1558 -0.117374 100
0.430861 -0.1093 -0.118275 100
0.431343 -0.1028 -0.118407 100
0.430861 -0.0962 -0.118275 100
0.431151 -0.0897 -0.118354 100
0.432308 -0.0835 -0.118672 100
0.432404 -0.0771 -0.118698 100
0.430572 -0.0703 -0.118195 100
0.427679 -0.0635 -0.117401 100
0.426522 -0.0571 -0.117083 100
0.427293 -0.0509 -0.117295 100
0.427968 -0.0447 -0.11748 100
0.42845 -0.0385 -0.117613 100
0.428933 -0.0323 -0.117745 100
0.428354 -0.0261 -0.117586 100
0.42874 -0.0199 -0.117692 100
0.427968 -0.0136 -0.11748 100
0.428065 -0.0074 -0.117507 100
0.429208 0.0039 -0.117498 100
0.428147 0.0101 -0.117208 100
0.427954 0.0163 -0.117155 100
0.427664 0.0225 -0.117076 0
0.427375 0.0287 -0.116997 0
0.426893 0.0349 -0.116865 100
0.427375 0.0411 -0.116997 100
0.426796 0.0473 -0.116838 100
0.427086 0.0536 -0.116918 0
0.428243 0.0601 -0.117234 100
0.427375 0.0663 -0.116997 100
0.42641 0.0725 -0.116733 0
0.427279 0.079 -0.11697 0
0.429979 0.0859 -0.11771 100
0.431619 0.0928 -0.118159 100
0.432198 0.0994 -0.118317 100
0.43268 0.1061 -0.118449 100
0.432198 0.1127 -0.118317 100
0.431522 0.1192 -0.118132 100
0.431715 0.1259 -0.118185 100
0.429111 0.1387 -0.117472 100
0.429015 0.1455 -0.117446 100
0.426989 0.1517 -0.116891 100
0.425832 0.1582 -0.116574 100
0.4294 -0.1075 -0.117551 0
0.429883 -0.101 -0.117683 100
0.431522 -0.0883 -0.118132 100
0.431715 -0.0819 -0.118185 100
0.432776 -0.0756 -0.118475 100
0.431812 -0.069 -0.118211 100
0.428918 -0.0622 -0.117419 100
0.427761 -0.0558 -0.117102 100
0.428436 -0.0496 -0.117287 100
0.428147 -0.0432 -0.117208 100
0.427761 -0.037 -0.117102 100
0.428147 -0.0308 -0.117208 100
0.428532 -0.0245 -0.117314 100
0.428822 -0.0183 -0.117393 100
0.429015 -0.0121 -0.117446 100
0.428058 0.0042 -0.117907 100
0.428926 0.0104 -0.118146 100
0.427769 0.0166 -0.117827 100
0.42748 0.0227 -0.117748 100
0.428155 0.029 -0.117933 100
0.427673 0.0352 -0.117801 100
0.427191 0.0413 -0.117668 100
0.426805 0.0538 -0.117562 100
0.42613 0.0599 -0.117376 100
0.426227 0.0662 -0.117402 0
0.426227 0.0725 -0.117402 100
0.42613 0.0789 -0.117376 100
0.426901 0.0854 -0.117588 0
0.42854 0.0922 -0.11804 100
0.430083 0.099 -0.118465 100
0.430661 0.1057 -0.118624 100
0.431047 0.1124 -0.11873 100
0.431336 0.1191 -0.11881 100
0.431529 0.1259 -0.118863 0
0.430758 0.1324 -0.11865 100
0.42989 0.1389 -0.118411 100
0.427962 0.1451 -0.11788 100
0.426901 0.1516 -0.117588 100
0.429601 -0.11 -0.118332 100
0.431047 -0.1038 -0.11873 0
0.431433 -0.0973 -0.118836 0
0.431818 -0.0909 -0.118943 100
0.432011 -0.0845 -0.118996 100
0.43124 -0.0779 -0.118783 100
0.428444 -0.071 -0.118013 100
0.427384 -0.0645 -0.117721 100
0.427287 -0.0582 -0.117694 100
0.428058 -0.052 -0.117907 100
0.428637 -0.0458 -0.118066 100
0.428251 -0.0396 -0.11796 100
0.427866 -0.0333 -0.117854 100
0.428251 -0.0271 -0.11796 100
0.42854 -0.0209 -0.11804 100
0.427866 -0.0147 -0.117854 0
0.427962 -0.0085 -0.11788 100
0.429084 0.0005 -0.117948 100
0.42812 0.0066 -0.117683 100
0.427927 0.0128 -0.11763 100
0.427734 0.019 -0.117577 100
0.428409 0.0252 -0.117762 100
0.428024 0.0314 -0.117656 100
0.427541 0.0376 -0.117524 0
0.426963 0.0437 -0.117365 0
0.426384 0.0499 -0.117206 0
0.426674 0.0562 -0.117285 0
0.42677 0.0624 -0.117312 100
0.428795 0.0691 -0.117868 0
0.429566 0.0819 -0.11808 100
0.430338 0.0885 -0.118292 0
0.431013 0.0951 -0.118478 100
0.430627 0.1016 -0.118372 100
0.430145 0.108 -0.118239 100
0.430531 0.1147 -0.118345 100
0.43082 0.1214 -0.118425 100
0.431013 0.1282 -0.118478 100
0.431109 0.135 -0.118504 0
0.430145 0.1415 -0.118239 100
0.428216 0.1477 -0.117709 100
0.427059 0.1542 -0.117391 100
0.43082 -0.1051 -0.118425 100
0.43217 -0.0988 -0.118796 100
0.431591 -0.0922 -0.118637 100
0.431881 -0.0858 -0.118716 100
0.432941 -0.0795 -0.119008 100
0.431109 -0.0728 -0.118504 100
0.428216 -0.066 -0.117709 100
0.426192 -0.0594 -0.117153 100
0.426963 -0.0532 -0.117365 100
0.427638 -0.0471 -0.11755 100
0.428216 -0.0409 -0.117709 100
0.427734 -0.0346 -0.117577 100
0.427252 -0.0284 -0.117444 0
0.427541 -0.0222 -0.117524 100
0.427831 -0.0161 -0.117603 100
0.428024 -0.0099 -0.117656 100
0.428981 0.0047 -0.118322 100
0.428885 0.0108 -0.118296 100
0.428692 0.017 -0.118242 100
0.428403 0.0232 -0.118163 100
0.427053 0.0293 -0.11779 100
0.427632 0.0356 -0.11795 100
0.427053 0.0417 -0.11779 100
0.426475 0.0479 -0.117631 0
0.426764 0.0542 -0.117711 100
0.426957 0.0605 -0.117764 100
0.426089 0.0666 -0.117525 0
0.425125 0.0727 -0.117259 100
0.426957 0.0794 -0.117764 100
0.429656 0.0863 -0.118508 100
0.431295 0.0931 -0.11896 100
0.431873 0.0998 -0.11912 100
0.432355 0.1065 -0.119253 100
0.430909 0.1127 -0.118854 100
0.431198 0.1194 -0.118934 100
0.428788 0.1321 -0.118269 100
0.428788 0.1389 -0.118269 100
0.428788 0.1457 -0.118269 100
0.4258 0.1515 -0.117445 100
0.423776 0.1576 -0.116886 100
0.42927 -0.1071 -0.118402 100
0.430716 -0.1009 -0.118801 100
0.430138 -0.0942 -0.118641 100
0.431295 -0.088 -0.11896 100
0.430524 -0.0814 -0.118748 100
0.427824 -0.0746 -0.118003 100
0.425896 -0.0679 -0.117471 100
0.4258 -0.0616 -0.117445 100
0.426571 -0.0555 -0.117657 100
0.427342 -0.0493 -0.11787 100
0.428499 -0.037 -0.118189 0
0.428885 -0.0308 -0.118296 100
0.428306 -0.0245 -0.118136 0
0.428596 -0.0184 -0.118216 100
0.427824 -0.0121 -0.118003 0
0.428058 0.0022 -0.117907 100
0.426998 0.0084 -0.117615 100
0.426901 0.0146 -0.117588 100
0.427576 0.0207 -0.117774 100
0.428251 0.027 -0.11796 100
0.427866 0.0331 -0.117854 100
0.427384 0.0393 -0.117721 100
0.427769 0.0456 -0.117827 100
0.427094 0.0517 -0.117641 100
0.427287 0.058 -0.117694 100
0.425552 0.0703 -0.117216 100
0.425552 0.0766 -0.117216 100
0.426419 0.0831 -0.117455 100
0.429022 0.09 -0.118172 100
0.430565 0.0968 -0.118597 100
0.431143 0.1035 -0.118757 100
0.430661 0.1099 -0.118624 100
0.430083 0.1164 -0.118465 100
0.430276 0.1231 -0.118518 100
0.429504 0.1295 -0.118305 100
0.429601 0.1363 -0.118332 0
0.428637 0.1428 -0.118066 100
0.427673 0.1493 -0.117801 100
0.426516 0.1558 -0.117482 100
0.429504 -0.1061 -0.118305 100
0.429987 -0.0997 -0.118438 100
0.429408 -0.0931 -0.118279 100
0.430565 -0.0869 -0.118597 100
0.429794 -0.0803 -0.118385 100
0.427962 -0.0673 -0.11788 100
0.426901 -0.0609 -0.117588 100
0.427673 -0.0547 -0.117801 100
0.428444 -0.0485 -0.118013 100
0.428058 -0.0423 -0.117907 0
0.42854 -0.0361 -0.11804 100
0.428058 -0.0298 -0.117907 100
0.428444 -0.0237 -0.118013 100
0.428733 -0.0175 -0.118093 100
0.428926 -0.0113 -0.118146 100
0.429595 0.0008 -0.116074 100
0.429498 0.007 -0.116048 100
0.429402 0.0132 -0.116022 0
0.429209 0.0194 -0.11597 100
0.428919 0.0256 -0.115892 0
0.428533 0.0318 -0.115788 100
0.42805 0.0379 -0.115657 100
0.428436 0.0442 -0.115761 100
0.428726 0.0505 -0.11584 100
0.429016 0.0568 -0.115918 100
0.429112 0.0632 -0.115944 0
0.428243 0.0693 -0.115709 0
0.427181 0.0819 -0.115422 100
0.430753 0.089 -0.116387 100
0.431429 0.0956 -0.11657 100
0.431043 0.1021 -0.116466 100
0.43056 0.1085 -0.116335 100
0.431815 0.1155 -0.116674 100
0.432105 0.1222 -0.116753 100
0.431332 0.1287 -0.116544 100
0.430464 0.1352 -0.116309 100
0.429595 0.1417 -0.116074 100
0.428533 0.1482 -0.115788 100
0.426506 0.1544 -0.11524 100
0.432105 -0.106 -0.116753 100
0.431622 -0.0994 -0.116622 100
0.432008 -0.0929 -0.116727 100
0.432201 -0.0865 -0.116779 100
0.43336 -0.0802 -0.117092 100
0.432491 -0.0736 -0.116857 100
0.429595 -0.0668 -0.116074 100
0.427568 -0.0602 -0.115527 100
0.42834 -0.054 -0.115735 100
0.42805 -0.0477 -0.115657 100
0.429691 -0.0416 -0.116101 100
0.430174 -0.0354 -0.116231 100
0.429595 -0.0291 -0.116074 0
0.42805 -0.0228 -0.115657 100
0.42834 -0.0166 -0.115735 100
0.429498 -0.0105 -0.116048 100
0.429131 0.0017 -0.113942 100
0.429034 0.0079 -0.113917 100
0.428937 0.0141 -0.113891 100
0.429614 0.0203 -0.114071 100
0.429324 0.0265 -0.113994 100
0.428937 0.0326 -0.113891 100
0.428454 0.0388 -0.113763 100
0.427874 0.045 -0.113609 100
0.428164 0.0512 -0.113686 100
0.428454 0.0575 -0.113763 100
0.428551 0.0638 -0.113788 100
0.427681 0.07 -0.113557 100
0.428647 0.0765 -0.113814 0
0.43232 0.0836 -0.114789 100
0.433963 0.0904 -0.115225 100
0.432707 0.0966 -0.114892 100
0.43232 0.1031 -0.114789 100
0.432707 0.1098 -0.114892 100
0.433093 0.1165 -0.114994 0
0.431644 0.1295 -0.11461 100
0.43174 0.1363 -0.114635 100
0.430774 0.1428 -0.114379 100
0.428841 0.1489 -0.113865 100
0.426714 0.1551 -0.113301 100
0.43087 -0.1091 -0.114404 100
0.43232 -0.1029 -0.114789 100
0.43174 -0.0963 -0.114635 100
0.43116 -0.0896 -0.114481 100
0.433287 -0.0836 -0.115046 100
0.432417 -0.077 -0.114815 100
0.429614 -0.0702 -0.114071 100
0.427681 -0.0635 -0.113557 100
0.427488 -0.0573 -0.113506 0
0.428261 -0.0511 -0.113711 100
0.427874 -0.0448 -0.113609 100
0.428454 -0.0387 -0.113763 100
0.428937 -0.0325 -0.113891 100
0.429324 -0.0263 -0.113994 100
0.428647 -0.0201 -0.113814 100
0.428937 -0.0139 -0.113891 100
0.430001 -0.0077 -0.114173 100
0.430281 0.0046 -0.109517 100
0.430184 0.0107 -0.109493 0
0.429021 0.0169 -0.109197 100
0.4297 0.0231 -0.109369 100
0.430281 0.0293 -0.109517 0
0.430863 0.0356 -0.109665 0
0.429312 0.0417 -0.109271 100
0.428731 0.0478 -0.109123 0
0.428052 0.054 -0.10895 100
0.428246 0.0602 -0.108999 0
0.428343 0.0665 -0.109024 100
0.428343 0.0728 -0.109024 100
0.430184 0.0795 -0.109493 100
0.432898 0.0864 -0.110183 100
0.433576 0.093 -0.110356 100
0.43096 0.1054 -0.10969 100
0.431347 0.1121 -0.109789 100
0.431638 0.1188 -0.109863 100
0.431929 0.1255 -0.109937 100
0.432026 0.1323 -0.109961 100
0.431153 0.1387 -0.109739 100
0.430087 0.1452 -0.109468 100
0.425339 0.1504 -0.108259 100
0.431347 -0.1078 -0.109789 100
0.432801 -0.1016 -0.110159 100
0.433189 -0.0952 -0.110257 100
0.431541 -0.0884 -0.109838 100
0.428925 -0.0814 -0.109172 100
0.428052 -0.075 -0.10895 100
0.429021 -0.0688 -0.109197 100
0.4297 -0.0563 -0.109369 0
0.430475 -0.0502 -0.109567 100
0.430087 -0.0439 -0.109468 0
0.430669 -0.0377 -0.109616 100
0.429215 -0.0314 -0.109246 100
0.428634 -0.0252 -0.109098 100
0.429894 -0.0191 -0.109419 100
0.430087 -0.0129 -0.109468 100
0.430184 -0.0067 -0.109493 100
0.432229 0.0005 -0.105846 100
0.43116 0.0067 -0.105584 100
0.431063 0.0129 -0.10556 100
0.429898 0.019 -0.105275 0
0.430578 0.0252 -0.105441 100
0.43116 0.0314 -0.105584 100
0.430675 0.0376 -0.105465 100
0.430092 0.0437 -0.105322 0
0.429509 0.0499 -0.10518 100
0.428829 0.056 -0.105013 100
0.428052 0.0684 -0.104823 100
0.429023 0.0748 -0.105061 100
0.428926 0.0811 -0.105037 100
0.429703 0.0876 -0.105227 100
0.432326 0.0946 -0.105869 100
0.432909 0.1012 -0.106012 100
0.433297 0.1079 -0.106107 100
0.433686 0.1145 -0.106202 100
0.433103 0.121 -0.10606 100
0.433297 0.1277 -0.106107 100
0.433394 0.1345 -0.106131 100
0.432423 0.141 -0.105893 100
0.43048 0.1471 -0.105418 100
0.429412 0.1536 -0.105156 100
0.4332 -0.1042 -0.106084 100
0.432617 -0.0975 -0.105941 100
0.434171 -0.0849 -0.106321 100
0.433394 -0.0784 -0.106131 100
0.430578 -0.0715 -0.105441 100
0.429509 -0.0651 -0.10518 0
0.429412 -0.0588 -0.105156 100
0.429218 -0.0526 -0.105108 0
0.429898 -0.0464 -0.105275 100
0.429509 -0.0402 -0.10518 0
0.429995 -0.034 -0.105299 100
0.430383 -0.0279 -0.105394 100
0.430772 -0.0217 -0.105489 0
0.430966 -0.0156 -0.105536 100
0.430189 -0.0094 -0.105346 100
0.432304 0.0023 -0.101237 100
0.432207 0.0085 -0.101214 100
0.43211 0.0147 -0.101191 100
0.431818 0.0209 -0.101123 100
0.431525 0.027 -0.101054 0
0.43211 0.0333 -0.101191 0
0.431525 0.0394 -0.101054 0
0.432012 0.0457 -0.101168 100
0.430552 0.058 -0.100826 0
0.429773 0.0642 -0.100644 100
0.429773 0.0705 -0.100644 0
0.432597 0.0773 -0.101305 0
0.435323 0.0842 -0.101944 0
0.437075 0.091 -0.102354 100
0.436686 0.0975 -0.102263 100
0.435323 0.1037 -0.101944 100
0.434836 0.1102 -0.10183 100
0.435225 0.1169 -0.101921 100
0.43542 0.1236 -0.101967 100
0.434641 0.1301 -0.101784 100
0.433765 0.1366 -0.101579 100
0.432791 0.1431 -0.101351 0
0.432694 0.1499 -0.101328 100
0.434933 -0.101 -0.101853 100
0.436296 -0.0948 -0.102172 100
0.435615 -0.0882 -0.102012 100
0.432012 -0.081 -0.101168 100
0.431136 -0.0745 -0.100963 100
0.43211 -0.0684 -0.101191 100
0.431039 -0.0619 -0.10094 100
0.430844 -0.0556 -0.100895 0
0.431623 -0.0494 -0.101077 100
0.432207 -0.0433 -0.101214 0
0.431818 -0.037 -0.101123 100
0.432207 -0.0308 -0.101214 100
0.431623 -0.0246 -0.101077 100
0.431915 -0.0184 -0.101146 100
0.43211 -0.0122 -0.101191 100
0.432742 0.0023 -0.0993497 100
0.432645 0.0085 -0.0993273 100
0.432547 0.0147 -0.0993049 100
0.432255 0.0209 -0.0992378 100
0.432937 0.0271 -0.0993944 100
0.433522 0.0333 -0.0995287 0
0.432937 0.0395 -0.0993944 100
0.43245 0.0457 -0.0992825 100
0.431767 0.0519 -0.0991259 0
0.431085 0.0643 -0.0989693 100
0.430208 0.0705 -0.0987679 0
0.430208 0.0768 -0.0987679 100
0.431962 0.0835 -0.0991706 0
0.433619 0.0902 -0.099551 100
0.435276 0.0971 -0.0999314 100
0.434886 0.1035 -0.0998419 100
0.435276 0.1102 -0.0999314 100
0.435666 0.1169 -0.100021 100
0.434984 0.1234 -0.0998643 100
0.434204 0.1298 -0.0996853 100
0.434204 0.1366 -0.0996853 100
0.433229 0.1431 -0.0994615 0
0.434009 0.1502 -0.0996405 100
0.436251 -0.1015 -0.100155 100
0.435763 -0.0948 -0.100043 100
0.435958 -0.0884 -0.100088 100
0.436251 -0.082 -0.100155 100
0.435374 -0.0754 -0.0999538 100
0.43245 -0.0686 -0.0992825 100
0.4305 -0.062 -0.098835 100
0.43128 -0.0558 -0.099014 0
0.432937 -0.0498 -0.0993944 100
0.433619 -0.0436 -0.099551 100
0.433132 -0.0373 -0.0994392 100
0.432645 -0.031 -0.0993273 100
0.433034 -0.0249 -0.0994168 100
0.432352 -0.0186 -0.0992602 0
0.432547 -0.0125 -0.0993049 100
0.434818 0.003 -0.0946467 100
0.434721 0.0091 -0.0946255 100
0.434525 0.0153 -0.0945829 100
0.43433 0.0215 -0.0945404 0
0.433939 0.0277 -0.0944553 0
0.434525 0.034 -0.0945829 0
0.434037 0.0401 -0.0944766 100
0.432766 0.0525 -0.0942001 100
0.431985 0.0586 -0.0940299 0
0.43218 0.0649 -0.0940725 100
0.43218 0.0712 -0.0940725 100
0.434037 0.0779 -0.0944766 100
0.43775 0.085 -0.0952848 100
0.438434 0.0916 -0.0954337 100
0.438141 0.0981 -0.0953699 100
0.438629 0.1048 -0.0954762 0
0.439118 0.1115 -0.0955826 100
0.438434 0.118 -0.0954337 100
0.43687 0.1242 -0.0950934 100
0.435991 0.1307 -0.094902 100
0.436089 0.1375 -0.0949232 100
0.434134 0.1437 -0.0944979 100
0.434037 0.1505 -0.0944766 100
0.434037 -0.1074 -0.0944766 100
0.435502 -0.1012 -0.0947956 100
0.433939 -0.0943 -0.0944553 100
0.437066 -0.0885 -0.0951359 100
0.438238 -0.0823 -0.0953912 100
0.437359 -0.0757 -0.0951997 100
0.434525 -0.0689 -0.0945829 100
0.43345 -0.0624 -0.094349 0
0.43433 -0.0562 -0.0945404 0
0.434037 -0.0499 -0.0944766 100
0.434721 -0.0437 -0.0946255 100
0.434232 -0.0374 -0.0945191 0
0.433744 -0.0312 -0.0944128 100
0.435111 -0.0251 -0.0947106 100
0.435405 -0.0189 -0.0947744 100
0.434623 -0.0126 -0.0946042 100
0.435532 0.0057 -0.0913048 100
0.435337 0.0119 -0.0912638 100
0.43612 0.0182 -0.0914279 100
0.435826 0.0244 -0.0913664 0
0.435532 0.0306 -0.0913048 100
0.434064 0.0367 -0.0909971 0
0.434456 0.0429 -0.0910791 0
0.434847 0.0492 -0.0911612 100
0.434162 0.0554 -0.0910176 100
0.43426 0.0617 -0.0910381 0
0.433379 0.0679 -0.0908534 0
0.432303 0.0804 -0.0906277 0
0.434064 0.0871 -0.0909971 100
0.437686 0.0943 -0.0917562 100
0.439154 0.1012 -0.092064 100
0.438762 0.1076 -0.0919819 100
0.437196 0.1139 -0.0916536 100
0.436609 0.1203 -0.0915305 100
0.437686 0.1273 -0.0917562 100
0.437783 0.1341 -0.0917767 100
0.437783 0.1409 -0.0917767 100
0.433966 0.1465 -0.0909765 100
0.42829 0.1514 -0.0897865 100
0.43749 -0.1043 -0.0917152 0
0.437881 -0.0978 -0.0917973 100
0.439154 -0.0916 -0.092064 100
0.43749 -0.0848 -0.0917152 100
0.434749 -0.0779 -0.0911407 0
0.43289 -0.0712 -0.0907508 100
0.43289 -0.0649 -0.0907508 0
0.433673 -0.0587 -0.090915 100
0.434456 -0.0525 -0.0910791 100
0.435141 -0.0464 -0.0912227 100
0.434749 -0.0401 -0.0911407 100
0.435239 -0.0339 -0.0912433 100
0.43563 -0.0277 -0.0913253 100
0.436022 -0.0215 -0.0914074 0
0.435239 -0.0153 -0.0912433 100
0.435434 -0.0091 -0.0912843 0
0.436854 0.0051 -0.0847575 0
0.436756 0.0113 -0.0847385 100
0.436559 0.0175 -0.0847004 0
0.436265 0.0237 -0.0846432 0
0.43489 0.0299 -0.0843766 100
0.435381 0.0361 -0.0844718 0
0.43489 0.0423 -0.0843766 100
0.435185 0.0486 -0.0844337 0
0.435479 0.0549 -0.0844909 0
0.435676 0.0612 -0.084529 100
0.434792 0.0674 -0.0843575 0
0.43381 0.0735 -0.0841671 0
0.433712 0.0799 -0.084148 0
0.436461 0.0868 -0.0846813 100
0.439112 0.0938 -0.0851956 100
0.440584 0.1007 -0.0854813 100
0.441075 0.1074 -0.0855765 100
0.440584 0.1139 -0.0854813 100
0.439897 0.1204 -0.085348 0
0.43921 0.1269 -0.0852146 100
0.437345 0.1399 -0.0848527 100
0.436363 0.1464 -0.0846623 0
0.436167 0.1533 -0.0846242 100
0.438228 -0.107 -0.0850242 100
0.439602 -0.1008 -0.0852908 100
0.440977 -0.0945 -0.0855575 100
0.44029 -0.0879 -0.0854241 100
0.437541 -0.0809 -0.0848908 0
0.434792 -0.074 -0.0843575 0
0.43381 -0.0675 -0.0841671 100
0.434694 -0.0614 -0.0843385 0
0.434498 -0.055 -0.0843004 100
0.435185 -0.0489 -0.0844337 100
0.435872 -0.0427 -0.084567 0
0.435381 -0.0364 -0.0844718 0
0.435872 -0.0302 -0.084567 100
0.436265 -0.024 -0.0846432 100
0.436461 -0.0178 -0.0846813 0
0.437205 0.0013 -0.0829269 100
0.437107 0.0075 -0.0829083 0
0.436812 0.0199 -0.0828523 0
0.437401 0.0261 -0.0829642 0
0.437008 0.0323 -0.0828896 0
0.4375 0.0386 -0.0829828 0
0.436026 0.0447 -0.0827033 0
0.435338 0.0509 -0.0825728 100
0.435535 0.0572 -0.0826101 0
0.435731 0.0635 -0.0826474 0
0.434847 0.0697 -0.0824796 100
0.433766 0.0758 -0.0822747 0
0.43465 0.0823 -0.0824424 100
0.438286 0.0895 -0.0831319 100
0.44084 0.0965 -0.0836164 100
0.44143 0.1032 -0.0837282 100
0.441921 0.1099 -0.0838214 100
0.441331 0.1164 -0.0837096 0
0.440644 0.1229 -0.0835791 100
0.439858 0.1294 -0.08343 100
0.439858 0.1362 -0.08343 100
0.436026 0.1486 -0.0827033 100
0.435731 0.1555 -0.0826474 100
0.438286 -0.1081 -0.0831319 0
0.440644 -0.1021 -0.0835791 0
0.441037 -0.0956 -0.0836537 0
0.439465 -0.0888 -0.0833555 100
0.436714 -0.0818 -0.0828337 0
0.434945 -0.0751 -0.0824983 0
0.434945 -0.0688 -0.0824983 100
0.435829 -0.0626 -0.082666 0
0.435633 -0.0563 -0.0826287 100
0.435436 -0.05 -0.0825915 0
0.436026 -0.0439 -0.0827033 0
0.436615 -0.0377 -0.0828151 0
0.436124 -0.0314 -0.0827219 100
0.436517 -0.0252 -0.0827964 100
0.436812 -0.019 -0.0828523 100
0.437008 -0.0129 -0.0828896 100
0.437205 -0.0067 -0.0829269 0
0.439034 0.0061 -0.0785201 0
0.438837 0.0123 -0.0784849 0
0.43864 0.0186 -0.0784497 0
0.438345 0.0248 -0.0783968 100
0.436966 0.031 -0.0781504 0
0.437459 0.0373 -0.0782384 100
0.438935 0.0437 -0.0785025 0
0.438246 0.05 -0.0783792 0
0.438542 0.0563 -0.0784321 0
0.43864 0.0627 -0.0784497 0
0.437754 0.069 -0.0782912 0
0.435785 0.075 -0.0779391 0
0.437557 0.0818 -0.078256 0
0.442184 0.0892 -0.0790835 0
0.443857 0.0961 -0.0793827 100
0.443463 0.1026 -0.0793123 100
0.442873 0.1092 -0.0792067 0
0.443267 0.116 -0.0792771 0
0.441593 0.1223 -0.0789778 100
0.440806 0.1288 -0.078837 0
0.440904 0.1357 -0.0788546 0
0.43992 0.1423 -0.0786785 100
0.439821 0.1491 -0.0786609 100
0.441002 -0.1087 -0.0788722 100
0.441495 -0.1022 -0.0789602 0
0.441888 -0.0957 -0.0790306 0
0.440313 -0.0888 -0.0787489 100
0.438542 -0.082 -0.0784321 0
0.43677 -0.0752 -0.0781152 0
0.43677 -0.0688 -0.0781152 0
0.436671 -0.0625 -0.0780976 0
0.436573 -0.0561 -0.07808 0
0.436277 -0.0498 -0.0780271 0
0.436966 -0.0435 -0.0781504 100
0.437459 -0.0373 -0.0782384 100
0.438935 -0.0311 -0.0785025 100
0.439329 -0.0249 -0.0785729 0
0.439624 -0.0186 -0.0786257 0
0.439479 0.0014 -0.0759901 0
0.438395 0.0076 -0.0758027 100
0.438296 0.0137 -0.0757857 0
0.438099 0.0199 -0.0757516 100
0.43869 0.0261 -0.0758538 100
0.437311 0.0322 -0.0756153 0
0.436818 0.0383 -0.0755301 100
0.436325 0.0445 -0.0754449 100
0.436621 0.0507 -0.075496 0
0.436917 0.057 -0.0755472 100
0.438001 0.0634 -0.0757346 0
0.438099 0.0697 -0.0757516 0
0.438001 0.076 -0.0757346 0
0.439873 0.0827 -0.0760583 0
0.442533 0.0897 -0.0765183 0
0.442238 0.0961 -0.0764672 100
0.442829 0.1028 -0.0765694 0
0.443322 0.1095 -0.0766546 100
0.441055 0.1222 -0.0762628 100
0.440366 0.1286 -0.0761435 100
0.439479 0.1351 -0.0759901 0
0.439479 0.1419 -0.0759901 0
0.437508 0.148 -0.0756494 100
0.436325 0.1545 -0.0754449 100
0.441351 -0.109 -0.0763139 100
0.441844 -0.1026 -0.0763991 0
0.442238 -0.0961 -0.0764672 0
0.442533 -0.0897 -0.0765183 100
0.440858 -0.0829 -0.0762287 100
0.438001 -0.076 -0.0757346 100
0.437114 -0.0696 -0.0755812 0
0.438001 -0.0634 -0.0757346 0
0.437804 -0.0571 -0.0757005 100
0.437606 -0.0508 -0.0756664 100
0.438296 -0.0447 -0.0757857 0
0.437804 -0.0384 -0.0757005 100
0.438296 -0.0323 -0.0757857 0
0.43869 -0.0261 -0.0758538 100
0.44007 -0.02 -0.0760924 100
0.440267 -0.0138 -0.0761264 100
0.442349 0.0023 -0.070932 0
0.441263 0.0086 -0.0707579 0
0.440177 0.0148 -0.0705837 0
0.439881 0.0211 -0.0705362 0
0.440572 0.0273 -0.070647 0
0.441065 0.0337 -0.0707262 100
0.439584 0.0398 -0.0704887 0
0.438992 0.046 -0.0703937 0
0.439288 0.0524 -0.0704412 0
0.44146 0.059 -0.0707895 0
0.444521 0.0658 -0.0712803 0
0.443534 0.0721 -0.071122 0
0.441559 0.0782 -0.0708054 0
0.443336 0.085 -0.0710903 0
0.445015 0.0919 -0.0713595 100
0.445607 0.0986 -0.0714545 100
0.4462 0.1054 -0.0715495 100
0.445607 0.112 -0.0714545 100
0.444028 0.1183 -0.0712012 0
0.444225 0.1251 -0.0712328 100
0.443435 0.1316 -0.0711062 100
0.442546 0.1382 -0.0709637 100
0.440572 0.1445 -0.070647 100
0.439486 0.151 -0.0704729 100
0.442941 -0.1061 -0.071027 0
0.443435 -0.0996 -0.0711062 100
0.44383 -0.0931 -0.0711695 100
0.441164 -0.0861 -0.070742 0
0.438399 -0.0791 -0.0702987 100
0.437511 -0.0726 -0.0701562 0
0.439387 -0.0601 -0.070457 0
0.440177 -0.0539 -0.0705837 100
0.440868 -0.0477 -0.0706945 100
0.440473 -0.0413 -0.0706312 0
0.440967 -0.0351 -0.0707104 100
0.44146 -0.0288 -0.0707895 0
0.441757 -0.0226 -0.070837 0
0.442053 -0.0163 -0.0708845 0
0.441263 -0.01 -0.0707579 0
0.44157 0.0025 -0.0694638 0
0.441471 0.0087 -0.0694483 0
0.441372 0.0149 -0.0694328 0
0.439792 0.0273 -0.0691841 100
0.440285 0.0336 -0.0692618 0
0.439792 0.0397 -0.0691841 0
0.439199 0.0459 -0.0690909 100
0.439495 0.0522 -0.0691375 0
0.438804 0.0584 -0.0690287 0
0.438902 0.0647 -0.0690442 0
0.43989 0.0712 -0.0691997 0
0.442755 0.0781 -0.0696503 100
0.445521 0.0851 -0.0700854 0
0.445323 0.0915 -0.0700544 100
0.445916 0.0982 -0.0701476 0
0.445521 0.1047 -0.0700854 100
0.445916 0.1115 -0.0701476 100
0.445323 0.118 -0.0700544 0
0.444632 0.1245 -0.0699456 0
0.443842 0.131 -0.0698212 100
0.442953 0.1376 -0.0696814 0
0.440977 0.1438 -0.0693706 0
0.43989 0.1503 -0.0691997 100
0.443743 -0.1038 -0.0698057 0
0.444138 -0.0973 -0.0698679 100
0.444434 -0.0909 -0.0699145 0
0.444731 -0.0844 -0.0699611 0
0.445817 -0.0781 -0.070132 100
0.444928 -0.0715 -0.0699922 0
0.440977 -0.0646 -0.0693706 0
0.439792 -0.0581 -0.0691841 0
0.439594 -0.0518 -0.069153 100
0.440285 -0.0456 -0.0692618 0
0.440878 -0.0394 -0.069355 100
0.441372 -0.0332 -0.0694328 0
0.441767 -0.0269 -0.0694949 100
0.441076 -0.0207 -0.0693861 0
0.441372 -0.0145 -0.0694328 0
0.442459 -0.0083 -0.0696037 100
0.443694 0.0036 -0.0619624 100
0.443595 0.0098 -0.0619485 0
0.443397 0.016 -0.0619209 0
0.4431 0.0222 -0.0618794 0
0.443793 0.0285 -0.0619762 0
0.443397 0.0347 -0.0619209 100
0.442803 0.0409 -0.0618379 0
0.44419 0.0473 -0.0620315 0
0.447458 0.054 -0.0624879 0
0.449637 0.0606 -0.0627922 0
0.449736 0.0671 -0.0628061 0
0.449736 0.0735 -0.0628061 100
0.449637 0.08 -0.0627922 0
0.450429 0.0867 -0.0629029 0
0.450231 0.0932 -0.0628752 0
0.448844 0.0994 -0.0626816 0
0.448448 0.1059 -0.0626263 0
0.447854 0.1125 -0.0625433 0
0.44825 0.1192 -0.0625986 100
0.448448 0.126 -0.0626263 100
0.448547 0.1329 -0.0626401 100
0.447656 0.1394 -0.0625156 100
0.445675 0.1457 -0.062239 100
0.442407 0.1584 -0.0617826 100
0.445477 -0.1054 -0.0622113 0
0.445972 -0.099 -0.0622805 0
0.44726 -0.0927 -0.0624603 100
0.447458 -0.0863 -0.0624879 100
0.445675 -0.0795 -0.062239 0
0.444784 -0.0729 -0.0621145 0
0.446765 -0.0668 -0.0623911 0
0.448646 -0.0607 -0.0626539 100
0.447458 -0.0542 -0.0624879 100
0.44518 -0.0476 -0.0621698 0
0.443793 -0.0411 -0.0619762 0
0.443298 -0.0349 -0.061907 0
0.443793 -0.0286 -0.0619762 0
0.44409 -0.0224 -0.0620177 0
0.443397 -0.0162 -0.0619209 100
0.44527 0.0052 -0.0577515 0
0.44418 0.0114 -0.05761 0
0.443981 0.0177 -0.0575843 0
0.444675 0.024 -0.0576743 0
0.44527 0.0303 -0.0577515 100
0.444775 0.0365 -0.0576872 0
0.444279 0.0428 -0.0576229 0
0.443585 0.0491 -0.0575329 0
0.443882 0.0554 -0.0575714 0
0.446956 0.0622 -0.0579702 0
0.449039 0.0689 -0.0582403 0
0.449931 0.0756 -0.058356 100
0.449832 0.0821 -0.0583432 100
0.449634 0.0886 -0.0583174 0
0.450328 0.0953 -0.0584075 100
0.449931 0.1019 -0.058356 100
0.449436 0.1084 -0.0582917 100
0.448146 0.1216 -0.0581245 0
0.448345 0.1284 -0.0581502 0
0.447452 0.135 -0.0580345 0
0.447452 0.1419 -0.0580345 100
0.445469 0.1482 -0.0577772 0
0.443386 0.1544 -0.0575071 100
0.449237 -0.105 -0.058266 100
0.449634 -0.0985 -0.0583174 0
0.450031 -0.092 -0.0583689 0
0.451221 -0.0856 -0.0585232 0
0.450427 -0.0789 -0.0584203 0
0.448543 -0.0721 -0.058176 0
0.44656 -0.0653 -0.0579187 0
0.44646 -0.0589 -0.0579059 0
0.44527 -0.0524 -0.0577515 0
0.443882 -0.0459 -0.0575714 100
0.444477 -0.0397 -0.0576486 100
0.445072 -0.0334 -0.0577258 100
0.444477 -0.0271 -0.0576486 0
0.444775 -0.0208 -0.0576872 0
0.44408 -0.0145 -0.0575972 0
0.44418 -0.0083 -0.05761 0
0.446972 0.0041 -0.0521118 0
0.44588 0.0104 -0.0519844 0
0.445681 0.0166 -0.0519613 0
0.445383 0.0229 -0.0519265 0
0.445979 0.0292 -0.051996 0
0.445085 0.0418 -0.0518918 0
0.44439 0.0481 -0.0518107 0
0.443695 0.0543 -0.0517296 100
0.443893 0.0607 -0.0517528 0
0.445979 0.0674 -0.051996 0
0.44886 0.0743 -0.0523318 0
0.450747 0.0812 -0.0525519 0
0.450548 0.0877 -0.0525287 0
0.451243 0.0944 -0.0526098 100
0.450846 0.101 -0.0525634 100
0.45035 0.1076 -0.0525055 0
0.450747 0.1144 -0.0525519 100
0.451045 0.1212 -0.0525866 100
0.45025 0.1279 -0.052494 100
0.449356 0.1345 -0.0523897 0
0.448462 0.1411 -0.0522855 100
0.444589 0.1468 -0.0518339 100
0.439622 0.152 -0.0512548 100
0.447767 -0.1055 -0.0522044 0
0.449158 -0.0992 -0.0523666 0
0.450548 -0.0929 -0.0525287 0
0.450846 -0.0863 -0.0525634 100
0.450946 -0.0798 -0.052575 0
0.450052 -0.0731 -0.0524708 100
0.450052 -0.0666 -0.0524708 0
0.450946 -0.0603 -0.052575 100
0.449754 -0.0537 -0.0524361 0
0.447568 -0.047 -0.0521813 0
0.446178 -0.0406 -0.0520192 0
0.445681 -0.0342 -0.0519613 0
0.446078 -0.0279 -0.0520076 0
0.446476 -0.0216 -0.0520539 0
0.446674 -0.0153 -0.0520771 0
0.446873 -0.009 -0.0521002 100
0.445847 0 -0.0438728 0
0.446842 0.0062 -0.0439707 0
0.446643 0.0125 -0.0439511 0
0.446444 0.0187 -0.0439315 0
0.446145 0.0249 -0.0439022 0
0.445747 0.0312 -0.043863 0
0.445249 0.0374 -0.043814 0
0.444752 0.0436 -0.043765 0
0.44505 0.0499 -0.0437944 0
0.447339 0.0565 -0.0440197 0
0.450424 0.0633 -0.0443233 0
0.45142 0.0699 -0.0444212 0
0.45142 0.0764 -0.0444212 0
0.453311 0.0832 -0.0446073 0
0.453012 0.0897 -0.0445779 0
0.450424 0.1023 -0.0443233 0
0.449927 0.1088 -0.0442743 0
0.450325 0.1156 -0.0443135 100
0.450524 0.1224 -0.044333 100
0.449827 0.129 -0.0442645 0
0.449827 0.1358 -0.0442645 0
0.448932 0.1424 -0.0441764 0
0.44306 0.1474 -0.0435986 0
0.428829 0.1493 -0.0421982 100
0.448733 -0.1093 -0.0441568 100
0.44923 -0.1028 -0.0442057 0
0.450624 -0.0965 -0.0443428 0
0.450922 -0.09 -0.0443722 100
0.451221 -0.0835 -0.0444016 0
0.45132 -0.0771 -0.0444114 0
0.452315 -0.0708 -0.0445093 100
0.450325 -0.064 -0.0443135 0
0.446245 -0.0571 -0.0439119 0
0.445946 -0.0507 -0.0438826 100
0.448235 -0.0384 -0.0441078 0
0.447737 -0.032 -0.0440588 0
0.44714 -0.0257 -0.0440001 0
0.447439 -0.0195 -0.0440295 0
0.447638 -0.0132 -0.0440491 0
0.447737 -0.007 -0.0440588 0
0.44905 0.0039 -0.0418943 0
0.44895 0.0102 -0.041885 0
0.447756 0.0165 -0.0417735 0
0.447457 0.0228 -0.0417456 0
0.44915 0.0292 -0.0419036 0
0.452634 0.0358 -0.0422287 0
0.454028 0.0423 -0.0423587 0
0.453431 0.0487 -0.042303 0
0.452734 0.0551 -0.042238 0
0.452933 0.0615 -0.0422565 0
0.453929 0.0682 -0.0423494 0
0.454924 0.0749 -0.0424423 0
0.454825 0.0814 -0.042433 0
0.45363 0.0878 -0.0423216 0
0.452336 0.0942 -0.0422008 0
0.452933 0.1009 -0.0422565 0
0.452535 0.1075 -0.0422194 0
0.452933 0.1143 -0.0422565 0
0.453132 0.1212 -0.0422751 0
0.452435 0.1278 -0.0422101 100
0.452535 0.1347 -0.0422194 100
0.448552 0.1474 -0.0418478 0
0.448353 0.1543 -0.0418292 0
0.42376 -0.1035 -0.0395348 21
0.45134 -0.1036 -0.0421079 0
0.451738 -0.097 -0.0421451 0
0.452137 -0.0905 -0.0421822 0
0.453331 -0.0841 -0.0422937 0
0.453431 -0.0776 -0.042303 0
0.453531 -0.0711 -0.0423123 0
0.454427 -0.0647 -0.0423959 0
0.454327 -0.0582 -0.0423866 0
0.453132 -0.0516 -0.0422751 0
0.450842 -0.0449 -0.0420615 0
0.448453 -0.0383 -0.0418385 0
0.446959 -0.0319 -0.0416992 0
0.447357 -0.0256 -0.0417363 0
0.449647 -0.0194 -0.04195 0
0.450842 -0.0131 -0.0420615 0
0.449946 -0.0068 -0.0419779 0
0.450294 0.0005 -0.0392372 0
0.449198 0.0068 -0.0391417 0
0.447903 0.0193 -0.0390289 0
0.447604 0.0256 -0.0390028 0
0.448202 0.0319 -0.0390549 0
0.447704 0.0382 -0.0390115 0
0.449098 0.0447 -0.039133 0
0.45139 0.0513 -0.0393327 0
0.451589 0.0577 -0.0393501 0
0.452784 0.0643 -0.0394542 0
0.452784 0.0708 -0.0394542 0
0.451788 0.0772 -0.0393674 0
0.451589 0.0837 -0.0393501 0
0.453382 0.0906 -0.0395063 0
0.45398 0.0974 -0.0395584 100
0.453581 0.1039 -0.0395237 0
0.453083 0.1105 -0.0394803 0
0.453382 0.1173 -0.0395063 0
0.452685 0.124 -0.0394456 0
0.452784 0.1308 -0.0394542 0
0.451888 0.1375 -0.0393761 0
0.450891 0.1441 -0.0392893 100
0.449796 0.1507 -0.0391938 100
0.45129 -0.1094 -0.039324 16
0.452784 -0.1031 -0.0394542 0
0.453183 -0.0965 -0.039489 0
0.452485 -0.0898 -0.0394282 0
0.452685 -0.0832 -0.0394456 0
0.452884 -0.0767 -0.0394629 0
0.454876 -0.0705 -0.0396365 0
0.455773 -0.0641 -0.0397147 0
0.454677 -0.0575 -0.0396192 100
0.451489 -0.0507 -0.0393414 0
0.448202 -0.0439 -0.0390549 0
0.447704 -0.0376 -0.0390115 0
0.448202 -0.0313 -0.0390549 100
0.4486 -0.025 -0.0390896 0
0.448899 -0.0187 -0.0391157 100
0.448102 -0.0124 -0.0390462 100
0.44964 0.0061 -0.0349927 0
0.449441 0.0124 -0.0349772 0
0.450239 0.0187 -0.0350392 0
0.448943 0.0249 -0.0349384 0
0.448544 0.0312 -0.0349073 0
0.449042 0.0375 -0.0349461 0
0.450538 0.0439 -0.0350625 0
0.453828 0.0506 -0.0353185 0
0.455024 0.0572 -0.0354117 0
0.455224 0.0637 -0.0354272 0
0.455224 0.0702 -0.0354272 0
0.454127 0.083 -0.0353418 0
0.453927 0.0895 -0.0353263 0
0.452631 0.0958 -0.0352254 0
0.45323 0.1026 -0.035272 100
0.453728 0.1093 -0.0353108 0
0.45313 0.1159 -0.0352642 100
0.453329 0.1227 -0.0352798 0
0.452532 0.1293 -0.0352177 0
0.451734 0.1359 -0.0351556 0
0.450737 0.1424 -0.035078 0
0.450637 0.1493 -0.0350703 0
0.420229 0.1458 -0.0327038 100
0.453429 -0.1061 -0.0352875 43
0.453828 -0.0995 -0.0353185 0
0.455224 -0.0932 -0.0354272 0
0.455523 -0.0867 -0.0354505 0
0.454625 -0.08 -0.0353806 0
0.454725 -0.0735 -0.0353884 0
0.454725 -0.067 -0.0353884 0
0.454625 -0.0605 -0.0353806 0
0.455423 -0.0542 -0.0354427 100
0.454127 -0.0476 -0.0353418 0
0.450837 -0.0409 -0.0350858 0
0.449341 -0.0345 -0.0349694 0
0.448743 -0.0282 -0.0349228 0
0.450139 -0.022 -0.0350315 100
0.452332 -0.0158 -0.0352022 0
0.451535 -0.0095 -0.0351401 0
0.454928 0.0057 -0.0312532 0
0.451735 0.012 -0.0310339 0
0.451536 0.0183 -0.0310201 0
0.452234 0.0247 -0.0310681 0
0.454828 0.0312 -0.0312463 0
0.456324 0.0377 -0.0313491 0
0.454828 0.044 -0.0312463 0
0.45413 0.0503 -0.0311983 0
0.455427 0.0569 -0.0312874 0
0.455526 0.0634 -0.0312943 0
0.454628 0.0697 -0.0312326 0
0.455626 0.0764 -0.0313012 0
0.455427 0.0829 -0.0312874 0
0.455227 0.0895 -0.0312737 0
0.454928 0.096 -0.0312532 0
0.455526 0.1028 -0.0312943 0
0.455925 0.1096 -0.0313217 0
0.456324 0.1165 -0.0313491 0
0.455626 0.1231 -0.0313012 0
0.455826 0.13 -0.0313149 0
0.454928 0.1366 -0.0312532 100
0.452035 0.1427 -0.0310544 0
0.446148 0.1477 -0.03065 0
0.454628 -0.0976 -0.0312326 0
0.454928 -0.0911 -0.0312532 0
0.455127 -0.0845 -0.0312669 0
0.455327 -0.078 -0.0312806 0
0.456324 -0.0716 -0.0313491 0
0.456324 -0.0651 -0.0313491 0
0.456225 -0.0586 -0.0313423 0
0.455925 -0.0521 -0.0313217 0
0.456624 -0.0457 -0.0313697 0
0.454229 -0.0391 -0.0312052 0
0.453731 -0.0327 -0.0311709 0
0.455127 -0.0264 -0.0312669 0
0.452533 -0.0199 -0.0310887 0
0.451735 -0.0136 -0.0310339 0
0.455826 -0.0073 -0.0313149 0
0.457175 0.0005 -0.0274815 0
0.456077 0.0069 -0.0274155 0
0.454979 0.0132 -0.0273495 0
0.454779 0.0196 -0.0273375 0
0.456476 0.0261 -0.0274395 0
0.456975 0.0325 -0.0274695 0
0.456476 0.0389 -0.0274395 0
0.455977 0.0453 -0.0274095 0
0.455278 0.0517 -0.0273675 0
0.455478 0.0582 -0.0273795 0
0.456576 0.0648 -0.0274455 0
0.457674 0.0715 -0.0275115 0
0.456576 0.0779 -0.0274455 0
0.456476 0.0845 -0.0274395 0
0.457175 0.0912 -0.0274815 0
0.455378 0.1042 -0.0273735 100
0.454879 0.1108 -0.0273435 0
0.45428 0.1174 -0.0273075 0
0.455478 0.1246 -0.0273795 0
0.455578 0.1315 -0.0273855 100
0.454679 0.1381 -0.0273315 0
0.450786 0.1439 -0.0270975 0
0.4431 0.1483 -0.0266354 100
0.453481 -0.108 -0.0272595 25
0.454979 -0.1016 -0.0273495 0
0.456376 -0.0952 -0.0274335 0
0.457674 -0.0888 -0.0275115 0
0.457873 -0.0822 -0.0275235 0
0.457973 -0.0757 -0.0275295 0
0.457973 -0.0691 -0.0275295 0
0.457973 -0.0625 -0.0275295 100
0.457774 -0.056 -0.0275175 0
0.457474 -0.0495 -0.0274995 0
0.459171 -0.0432 -0.0276015 0
0.45967 -0.0367 -0.0276315 0
0.459171 -0.0302 -0.0276015 0
0.457574 -0.0237 -0.0275055 0
0.456875 -0.0173 -0.0274635 0
0.456077 -0.0108 -0.0274155 0
0.458535 0.0046 -0.0206616 0
0.460433 0.0111 -0.0207471 0
0.460233 0.0175 -0.0207381 0
0.458934 0.0239 -0.0206796 0
0.459534 0.0303 -0.0207066 0
0.459034 0.0367 -0.0206841 0
0.458535 0.0431 -0.0206616 0
0.457835 0.0495 -0.02063 0
0.458135 0.056 -0.0206435 0
0.458335 0.0625 -0.0206526 0
0.458335 0.0691 -0.0206526 0
0.459334 0.0758 -0.0206976 0
0.460233 0.0825 -0.0207381 0
0.459034 0.0889 -0.0206841 0
0.459634 0.0957 -0.0207111 0
0.457835 0.1088 -0.02063 0
0.458235 0.1156 -0.0206481 100
0.458435 0.1225 -0.0206571 0
0.457636 0.1292 -0.020621 0
0.456836 0.1358 -0.020585 0
0.454838 0.1422 -0.020495 0
0.454739 0.1491 -0.0204905 0
0.457436 -0.106 -0.020612 0
0.456936 -0.0992 -0.0205895 0
0.458235 -0.0929 -0.0206481 0
0.456537 -0.0859 -0.0205715 100
0.456737 -0.0794 -0.0205805 0
0.457736 -0.073 -0.0206255 0
0.459734 -0.0667 -0.0207156 0
0.461632 -0.0604 -0.0208011 0
0.461432 -0.0539 -0.0207921 0
0.460133 -0.0472 -0.0207336 0
0.457736 -0.0406 -0.0206255 0
0.458235 -0.0342 -0.0206481 0
0.458735 -0.0278 -0.0206706 0
0.459034 -0.0214 -0.0206841 0
0.460333 -0.015 -0.0207426 0
0.460433 -0.0086 -0.0207471 0
0.459734 0.0003 -0.0156526 0
0.460733 0.0067 -0.0156866 0
0.460533 0.0132 -0.0156798 0
0.459334 0.0196 -0.015639 0
0.459034 0.026 -0.0156288 0
0.458634 0.0324 -0.0156152 0
0.458135 0.0388 -0.0155981 0
0.457535 0.0451 -0.0155777 0
0.457835 0.0516 -0.0155879 0
0.459034 0.0583 -0.0156288 100
0.459234 0.0648 -0.0156356 0
0.459234 0.0713 -0.0156356 0
0.459134 0.0779 -0.0156322 0
0.459034 0.0845 -0.0156288 0
0.458434 0.0977 -0.0156083 0
0.458035 0.1043 -0.0155947 0
0.458434 0.1111 -0.0156083 100
0.457835 0.1178 -0.0155879 0
0.458035 0.1247 -0.0155947 100
0.456336 0.131 -0.0155369 0
0.455436 0.1377 -0.0155063 0
0.454337 0.1443 -0.0154688 0
0.455136 0.1516 -0.0154961 100
0.457135 -0.1083 -0.0155641 22
0.455636 -0.1012 -0.0155131 0
0.456036 -0.0947 -0.0155267 0
0.457335 -0.0883 -0.0155709 0
0.457535 -0.0817 -0.0155777 0
0.458634 -0.0754 -0.0156152 0
0.458634 -0.0688 -0.0156152 0
0.459534 -0.0624 -0.0156458 0
0.460333 -0.056 -0.015673 0
0.460133 -0.0494 -0.0156662 0
0.459734 -0.0429 -0.0156526 0
0.459334 -0.0364 -0.015639 0
0.459734 -0.03 -0.0156526 0
0.460133 -0.0236 -0.0156662 0
0.459434 -0.0172 -0.0156424 0
0.459634 -0.0107 -0.0156492 0
0.460844 0.0019 -0.0119871 0
0.460744 0.0084 -0.0119845 0
0.460644 0.0148 -0.0119819 0
0.461344 0.0213 -0.0120001 0
0.460044 0.0277 -0.0119663 0
0.459545 0.0341 -0.0119533 0
0.458045 0.0404 -0.0119143 0
0.457445 0.0468 -0.0118987 100
0.457745 0.0533 -0.0119065 0
0.457945 0.0599 -0.0119117 0
0.458045 0.0664 -0.0119143 0
0.459045 0.0731 -0.0119403 0
0.458945 0.0797 -0.0119377 0
0.458845 0.0863 -0.0119351 0
0.459545 0.0931 -0.0119533 0
0.459145 0.0997 -0.0119429 0
0.459645 0.1065 -0.0119559 0
0.460044 0.1134 -0.0119663 0
0.458445 0.1199 -0.0119247 0
0.457645 0.1265 -0.0119039 100
0.457745 0.1335 -0.0119065 0
0.455846 0.1398 -0.0118571 0
0.455746 0.1468 -0.0118545 0
0.457445 -0.1072 -0.0118987 0
0.457945 -0.1006 -0.0119117 0
0.458345 -0.094 -0.0119221 0
0.459545 -0.0876 -0.0119533 0
0.460744 -0.0811 -0.0119845 0
0.459844 -0.0744 -0.0119611 0
0.459844 -0.0678 -0.0119611 0
0.459744 -0.0612 -0.0119585 0
0.457645 -0.0545 -0.0119039 0
0.456346 -0.0478 -0.0118701 0
0.457945 -0.0416 -0.0119117 0
0.458945 -0.0287 -0.0119377 0
0.460344 -0.0224 -0.0119741 0
0.460544 -0.0159 -0.0119793 0
0.459744 -0.0095 -0.0119585 0
0.459934 0.006 -0.00778729 0
0.460734 0.0125 -0.00780083 0
0.460534 0.0189 -0.00779744 0
0.460234 0.0253 -0.00779237 0
0.459834 0.0317 -0.00778559 0
0.459334 0.0382 -0.00777713 0
0.458734 0.0446 -0.00776697 0
0.459134 0.0511 -0.00777374 0
0.460334 0.0577 -0.00779406 0
0.461434 0.0644 -0.00781268 0
0.460534 0.0709 -0.00779744 0
0.460434 0.0774 -0.00779575 0
0.461334 0.0842 -0.00781099 0
0.462034 0.091 -0.00782284 0
0.461734 0.0977 -0.00781776 0
0.460734 0.111 -0.00780083 0
0.459134 0.1174 -0.00777374 0
0.458434 0.1241 -0.00776189 0
0.457634 0.1307 -0.00774835 0
0.456735 0.1374 -0.00773311 0
0.452835 0.1431 -0.00766709 100
0.447036 0.1482 -0.0075689 0
0.458734 -0.1064 -0.00776697 22
0.458234 -0.0996 -0.00775851 0
0.459534 -0.0932 -0.00778052 0
0.459834 -0.0866 -0.00778559 0
0.461034 -0.0802 -0.00780591 0
0.461134 -0.0736 -0.0078076 0
0.460134 -0.0668 -0.00779067 100
0.460034 -0.0603 -0.00778898 0
0.460834 -0.0539 -0.00780252 0
0.461534 -0.0474 -0.00781437 0
0.462134 -0.041 -0.00782453 0
0.461634 -0.0345 -0.00781607 0
0.461134 -0.0279 -0.0078076 0
0.460434 -0.0215 -0.00779575 0
0.459734 -0.015 -0.0077839 0
0.460834 -0.0086 -0.00780252 0
0.462995 0.0007 -0.00218183 0
0.462895 0.0072 -0.00218136 100
0.461795 0.0136 -0.00217617 0
0.461595 0.02 -0.00217523 0
0.462195 0.0265 -0.00217806 0
0.462795 0.033 -0.00218089 0
0.461295 0.0394 -0.00217382 0
0.460695 0.0458 -0.00217099 0
0.460995 0.0524 -0.0021724 0
0.462195 0.059 -0.00217806 0
0.462395 0.0656 -0.002179 0
0.462395 0.0722 -0.002179 0
0.461295 0.0787 -0.00217382 0
0.461195 0.0853 -0.00217335 0
0.461895 0.0921 -0.00217664 0
0.462495 0.0989 -0.00217947 0
0.463095 0.1058 -0.0021823 0
0.463495 0.1127 -0.00218418 0
0.462795 0.1194 -0.00218089 0
0.462095 0.1261 -0.00217759 0
0.461295 0.1328 -0.00217382 100
0.455495 0.1381 -0.00214649 0
0.444995 0.1417 -0.00209701 100
0.461895 -0.1019 -0.00217664 0
0.460295 -0.0949 -0.0021691 0
0.461595 -0.0884 -0.00217523 0
0.461795 -0.0818 -0.00217617 0
0.461895 -0.0752 -0.00217664 100
0.461895 -0.0686 -0.00217664 0
0.462795 -0.0622 -0.00218089 0
0.462695 -0.0556 -0.00218041 0
0.462395 -0.049 -0.002179 0
0.462095 -0.0425 -0.00217759 0
0.461595 -0.036 -0.00217523 0
0.461095 -0.0295 -0.00217287 0
0.462395 -0.0231 -0.002179 0
0.462695 -0.0166 -0.00218041 0
0.461895 -0.0101 -0.00217664 0
0.464 0.0019 8.09833e-05 0
0.4639 0.0084 8.09658e-05 0
0.4638 0.0149 8.09484e-05 0
0.4625 0.0213 8.07215e-05 0
0.4632 0.0279 8.08437e-05 0
0.4627 0.0343 8.07564e-05 0
0.4622 0.0408 8.06691e-05 0
0.4616 0.0472 8.05644e-05 0
0.4609 0.0537 8.04422e-05 0
0.4611 0.0602 8.04771e-05 0
0.4612 0.0668 8.04946e-05 0
0.4612 0.0734 8.04946e-05 0
0.4621 0.0802 8.06517e-05 0
0.4619 0.0868 8.06168e-05 0
0.4616 0.0934 8.05644e-05 100
0.4622 0.1003 8.06691e-05 100
0.4618 0.107 8.05993e-05 100
0.4622 0.1139 8.06691e-05 0
0.4605 0.1203 8.03724e-05 0
0.4598 0.127 8.02502e-05 100
0.4599 0.134 8.02677e-05 0
0.456 0.1398 7.9587e-05 0
0.4483 0.1443 7.82431e-05 100
0.4594 -0.1081 8.01804e-05 45
0.4599 -0.1015 8.02677e-05 0
0.4613 -0.0951 8.0512e-05 0
0.4606 -0.0882 8.03899e-05 0
0.4608 -0.0816 8.04248e-05 0
0.4619 -0.0686 8.06168e-05 0
0.4619 -0.062 8.06168e-05 0
0.4627 -0.0555 8.07564e-05 0
0.4634 -0.049 8.08786e-05 0
0.4631 -0.0425 8.08262e-05 0
0.4626 -0.0359 8.07389e-05 0
0.4621 -0.0294 8.06517e-05 0
0.4624 -0.0229 8.0704e-05 0
0.4637 -0.0165 8.09309e-05 0
0.4639 -0.01 8.09658e-05 0
0.465941 0.0003 0.00740093 0
0.466841 0.0068 0.00741523 0
0.466741 0.0133 0.00741364 0
0.465541 0.0198 0.00739458 0
0.465241 0.0263 0.00738982 0
0.464741 0.0328 0.00738187 0
0.464241 0.0393 0.00737393 0
0.464641 0.0458 0.00738029 0
0.466041 0.0525 0.00740252 0
0.466241 0.0591 0.0074057 0
0.465341 0.0656 0.0073914 0
0.464341 0.0721 0.00737552 0
0.464341 0.0787 0.00737552 0
0.466141 0.0858 0.00740411 100
0.466841 0.0926 0.00741523 0
0.466041 0.1061 0.00740252 0
0.465441 0.1128 0.00739299 0
0.464841 0.1195 0.00738346 0
0.464041 0.1262 0.00737076 0
0.463242 0.133 0.00735805 100
0.464241 0.1403 0.00737393 0
0.463142 0.147 0.00735646 0
0.463941 0.1544 0.00736917 100
0.465641 -0.1034 0.00739617 100
0.464041 -0.0963 0.00737076 0
0.464341 -0.0896 0.00737552 0
0.464541 -0.083 0.0073787 0
0.465741 -0.0765 0.00739776 0
0.465741 -0.0698 0.00739776 0
0.465641 -0.0632 0.00739617 0
0.465541 -0.0566 0.00739458 0
0.465241 -0.05 0.00738982 0
0.464941 -0.0434 0.00738505 0
0.465441 -0.0369 0.00739299 100
0.465941 -0.0304 0.00740093 0
0.467341 -0.024 0.00742317 0
0.467641 -0.0175 0.00742793 0
0.467841 -0.0109 0.00743111 0
0.468856 0.0039 0.0116224 0
0.467756 0.0105 0.0115951 0
0.466557 0.017 0.0115654 0
0.466257 0.0235 0.0115579 0
0.466857 0.0301 0.0115728 0
0.466457 0.0366 0.0115629 0
0.465857 0.0431 0.011548 0
0.466257 0.0497 0.0115579 0
0.466457 0.0563 0.0115629 0
0.466657 0.063 0.0115678 0
0.465657 0.0695 0.0115431 0
0.465657 0.0762 0.0115431 0
0.466557 0.083 0.0115654 0
0.467256 0.0899 0.0115827 0
0.466957 0.0966 0.0115753 100
0.466557 0.1034 0.0115654 0
0.465057 0.1099 0.0115282 100
0.464457 0.1166 0.0115133 0
0.464657 0.1236 0.0115183 0
0.463858 0.1304 0.0114984 100
0.463957 0.1374 0.0115009 100
0.469656 0.1463 0.0116422 100
0.461058 -0.1049 0.0114291 19
0.462458 -0.0984 0.0114638 0
0.464857 -0.0921 0.0115232 0
0.464057 -0.0853 0.0115034 0
0.465257 -0.0788 0.0115331 0
0.466257 -0.0723 0.0115579 0
0.466257 -0.0656 0.0115579 0
0.466157 -0.059 0.0115554 100
0.465957 -0.0523 0.0115505 0
0.466657 -0.0458 0.0115678 0
0.466257 -0.0392 0.0115579 0
0.466757 -0.0327 0.0115703 0
0.466157 -0.0261 0.0115554 0
0.467456 -0.0196 0.0115877 0
0.467656 -0.0131 0.0115926 0
0.468706 0.0047 0.0166133 0
0.467606 0.0112 0.0165743 0
0.468406 0.0178 0.0166027 0
0.469105 0.0244 0.0166274 0
0.469705 0.031 0.0166487 0
0.469205 0.0376 0.016631 0
0.467606 0.0441 0.0165743 100
0.467007 0.0506 0.0165531 0
0.467207 0.0573 0.0165601 0
0.467307 0.064 0.0165637 0
0.467406 0.0707 0.0165672 0
0.468306 0.0775 0.0165991 0
0.468206 0.0843 0.0165956 0
0.468906 0.0912 0.0166204 0
0.468606 0.098 0.0166097 0
0.468106 0.1047 0.016592 100
0.467606 0.1115 0.0165743 0
0.467007 0.1183 0.0165531 0
0.468106 0.1256 0.016592 0
0.471204 0.1335 0.0167018 0
0.473103 0.1413 0.0167691 0
0.472004 0.1482 0.0167302 100
0.471804 0.1554 0.0167231 100
0.464808 -0.106 0.0164751 12
0.466207 -0.0995 0.0165247 0
0.467606 -0.093 0.0165743 0
0.468806 -0.0864 0.0166168 0
0.469005 -0.0797 0.0166239 0
0.468106 -0.0728 0.016592 0
0.468106 -0.0661 0.016592 0
0.468906 -0.0595 0.0166204 0
0.468706 -0.0528 0.0166133 0
0.468406 -0.0462 0.0166027 0
0.469005 -0.0396 0.0166239 0
0.468506 -0.0329 0.0166062 0
0.469005 -0.0264 0.0166239 0
0.469305 -0.0198 0.0166345 0
0.469505 -0.0132 0.0166416 0
0.469556 0.0005 0.0204192 0
0.469456 0.0071 0.0204148 0
0.469356 0.0136 0.0204105 0
0.469157 0.0202 0.0204018 0
0.467758 0.0267 0.020341 0
0.467358 0.0332 0.0203236 0
0.466859 0.0397 0.0203019 0
0.466259 0.0462 0.0202758 0
0.467558 0.053 0.0203323 0
0.467758 0.0596 0.020341 0
0.467858 0.0663 0.0203453 0
0.467958 0.073 0.0203496 0
0.467858 0.0797 0.0203453 0
0.468657 0.0865 0.0203801 0
0.468357 0.0933 0.020367 0
0.467059 0.0998 0.0203105 0
0.466559 0.1065 0.0202888 100
0.46596 0.1133 0.0202628 0
0.466259 0.1203 0.0202758 0
0.468457 0.1278 0.0203714 0
0.471454 0.1358 0.0205017 100
0.470455 0.1426 0.0204583 0
0.473153 0.1507 0.0205756 100
0.46536 -0.1071 0.0202367 0
0.464861 -0.1002 0.020215 0
0.466259 -0.0937 0.0202758 0
0.466559 -0.087 0.0202888 0
0.467658 -0.0805 0.0203366 0
0.466759 -0.0736 0.0202975 0
0.466759 -0.067 0.0202975 0
0.466659 -0.0603 0.0202932 0
0.467458 -0.0538 0.0203279 0
0.468158 -0.0472 0.0203583 0
0.467758 -0.0406 0.020341 0
0.467758 -0.0275 0.020341 0
0.468058 -0.0209 0.020354 0
0.468357 -0.0144 0.020367 0
0.468457 -0.0079 0.0203714 0
0.470209 0.0032 0.0272768 0
0.471108 0.0098 0.0273289 0
0.470908 0.0164 0.0273173 0
0.470609 0.023 0.0273 0
0.470309 0.0295 0.0272826 0
0.470808 0.0362 0.0273115 0
0.470309 0.0427 0.0272826 0
0.469611 0.0493 0.027242 0
0.46991 0.056 0.0272594 0
0.47001 0.0627 0.0272652 0
0.47011 0.0694 0.027271 0
0.47011 0.0761 0.027271 0
0.469012 0.0827 0.0272073 0
0.46971 0.0896 0.0272478 100
0.470409 0.0965 0.0272884 0
0.47001 0.1033 0.0272652 0
0.469511 0.1101 0.0272363 100
0.46981 0.1171 0.0272536 0
0.473005 0.125 0.0274389 100
0.475101 0.1326 0.0275606 0
0.475101 0.1398 0.0275606 0
0.472905 0.1536 0.0274332 100
0.468313 -0.1065 0.0271668 0
0.468712 -0.0998 0.0271899 100
0.469111 -0.093 0.0272131 100
0.468413 -0.0861 0.0271725 0
0.468512 -0.0794 0.0271783 0
0.469611 -0.0728 0.027242 0
0.469611 -0.0661 0.027242 0
0.469511 -0.0594 0.0272363 0
0.469211 -0.0528 0.0272189 0
0.46991 -0.0462 0.0272594 0
0.470509 -0.0396 0.0272942 0
0.47001 -0.033 0.0272652 0
0.469511 -0.0264 0.0272363 100
0.46981 -0.0198 0.0272536 0
0.471008 -0.0133 0.0273231 0
0.470039 0.0012 0.0300666 0
0.46994 0.0077 0.0300602 0
0.46984 0.0143 0.0300538 0
0.46954 0.0209 0.0300347 0
0.469241 0.0275 0.0300155 0
0.46984 0.0341 0.0300538 0
0.470239 0.0408 0.0300793 100
0.46964 0.0474 0.030041 0
0.468942 0.0539 0.0299964 0
0.469141 0.0606 0.0300091 100
0.468243 0.0672 0.0299517 0
0.469241 0.074 0.0300155 0
0.469141 0.0808 0.0300091 0
0.46994 0.0877 0.0300602 0
0.46964 0.0945 0.030041 0
0.469241 0.1013 0.0300155 0
0.468742 0.108 0.0299836 100
0.468243 0.1148 0.0299517 100
0.467544 0.1216 0.029907 0
0.468642 0.129 0.0299772 0
0.472534 0.1372 0.0302262 100
0.475329 0.1452 0.0304049 100
0.474231 0.1522 0.0303347 0
0.473033 0.1591 0.0302581 100
0.466547 -0.1089 0.0298431 0
0.467045 -0.1021 0.0298751 0
0.468742 -0.0888 0.0299836 0
0.468942 -0.0821 0.0299964 0
0.469041 -0.0754 0.0300027 100
0.468043 -0.0685 0.0299389 0
0.468942 -0.0619 0.0299964 0
0.470738 -0.0555 0.0301113 100
0.470538 -0.0488 0.0300985 0
0.470139 -0.0421 0.030073 0
0.46974 -0.0354 0.0300474 0
0.470139 -0.0288 0.030073 0
0.470538 -0.0223 0.0300985 0
0.46974 -0.0156 0.0300474 0
0.46994 -0.009 0.0300602 0
0.472863 0.0013 0.032817 0
0.472763 0.0079 0.0328101 0
0.472663 0.0145 0.0328031 0
0.473361 0.0211 0.0328516 0
0.473062 0.0277 0.0328308 100
0.472663 0.0343 0.0328031 0
0.472065 0.0409 0.0327616 0
0.471466 0.0475 0.0327201 100
0.470768 0.0541 0.0326716 100
0.471965 0.0609 0.0327547 0
0.471067 0.0675 0.0326924 0
0.471067 0.0742 0.0326924 100
0.46997 0.0808 0.0326162 0
0.46977 0.0875 0.0326024 0
0.469571 0.0942 0.0325885 100
0.471067 0.1014 0.0326924 100
0.475456 0.1093 0.032997 0
0.477751 0.1169 0.0331562 100
0.477053 0.1238 0.0331078 0
0.476254 0.1307 0.0330524 100
0.477352 0.1381 0.0331285 0
0.477252 0.1454 0.0331216 100
0.476155 0.1523 0.0330455 100
0.475855 0.1596 0.0330247 0
0.468373 -0.109 0.0325054 0
0.468872 -0.1023 0.03254 0
0.470568 -0.089 0.0326577 0
0.46977 -0.0821 0.0326024 100
0.46987 -0.0753 0.0326093 0
0.470867 -0.0688 0.0326785 0
0.471765 -0.0622 0.0327408 0
0.472563 -0.0556 0.0327962 0
0.472364 -0.0489 0.0327824 0
0.470967 -0.0422 0.0326854 0
0.470568 -0.0355 0.0326577 0
0.470967 -0.0289 0.0326854 0
0.472364 -0.0224 0.0327824 100
0.472563 -0.0158 0.0327962 100
0.472763 -0.0092 0.0328101 0
0.472296 0.005 0.0401579 0
0.472196 0.0116 0.0401494 0
0.471997 0.0182 0.0401325 0
0.471698 0.0248 0.0401071 0
0.471299 0.0314 0.0400732 100
0.470801 0.038 0.0400308 0
0.4712 0.0447 0.0400647 0
0.471499 0.0514 0.0400901 100
0.471698 0.0581 0.0401071 0
0.471897 0.0649 0.040124 0
0.471897 0.0716 0.040124 100
0.470901 0.0782 0.0400393 0
0.470702 0.085 0.0400224 0
0.469506 0.0916 0.0399207 0
0.472097 0.099 0.040141 100
0.476481 0.1069 0.0405137 100
0.477876 0.1143 0.0406323 100
0.477178 0.1212 0.040573 100
0.477377 0.1284 0.04059 0
0.476481 0.1354 0.0405137 100
0.475484 0.1423 0.040429 100
0.475385 0.1496 0.0404205 100
0.475185 0.1568 0.0404036 100
0.467115 -0.1076 0.0397174 0
0.467613 -0.1008 0.0397597 100
0.469008 -0.0942 0.0398783 100
0.469207 -0.0875 0.0398953 0
0.469406 -0.0807 0.0399122 100
0.469506 -0.074 0.0399207 0
0.469506 -0.0672 0.0399207 0
0.469406 -0.0605 0.0399122 0
0.470203 -0.0539 0.03998 0
0.470901 -0.0474 0.0400393 0
0.470602 -0.0407 0.0400139 0
0.4711 -0.0341 0.0400562 0
0.471499 -0.0275 0.0400901 0
0.471798 -0.0208 0.0401156 100
0.472097 -0.0142 0.040141 0
0.472196 -0.0076 0.0401494 100
0.472717 0.0056 0.0465169 100
0.472518 0.0123 0.0464973 0
0.473314 0.0189 0.0465757 0
0.474011 0.0256 0.0466442 0
0.473612 0.0323 0.046605 100
0.473115 0.0389 0.0465561 0
0.472518 0.0455 0.0464973 0
0.472816 0.0523 0.0465267 0
0.47212 0.0589 0.0464581 0
0.471224 0.0655 0.04637 0
0.470229 0.0721 0.0462721 0
0.471224 0.079 0.04637 100
0.473015 0.0861 0.0465463 0
0.476598 0.0937 0.0468988 100
0.47819 0.101 0.0470555 0
0.478688 0.1082 0.0471045 100
0.478091 0.1151 0.0470457 100
0.478389 0.1223 0.0470751 100
0.478588 0.1295 0.0470947 0
0.478588 0.1367 0.0470947 0
0.478588 0.144 0.0470947 100
0.475304 0.1577 0.0467715 100
0.472518 -0.1037 0.0464973 0
0.471025 -0.0965 0.0463504 100
0.471324 -0.0897 0.0463798 100
0.471523 -0.0829 0.0463994 100
0.471622 -0.0761 0.0464092 0
0.471722 -0.0694 0.046419 0
0.471622 -0.0626 0.0464092 0
0.472418 -0.056 0.0464875 0
0.472219 -0.0493 0.0464679 100
0.471821 -0.0425 0.0464288 100
0.472319 -0.0359 0.0464777 100
0.472816 -0.0293 0.0465267 0
0.473214 -0.0227 0.0465659 100
0.473413 -0.016 0.0465854 0
0.473612 -0.0094 0.046605 100
0.473296 0.0017 0.0506643 100
0.473197 0.0083 0.0506537 0
0.473097 0.0149 0.050643 0
0.472799 0.0216 0.0506111 0
0.472501 0.0282 0.0505792 0
0.472003 0.0348 0.0505259 100
0.472501 0.0415 0.0505792 0
0.471904 0.0481 0.0505153 100
0.472103 0.0549 0.0505366 100
0.471307 0.0615 0.0504514 0
0.470412 0.0681 0.0503556 0
0.470412 0.0748 0.0503556 100
0.470313 0.0816 0.050345 100
0.471109 0.0885 0.0504301 0
0.473694 0.0959 0.0507069 0
0.476279 0.1034 0.0509836 0
0.477671 0.1108 0.0511326 0
0.477074 0.1177 0.0510688 100
0.477273 0.1249 0.0510901 100
0.476478 0.1318 0.0510049 100
0.476478 0.139 0.0510049 0
0.476478 0.1463 0.0510049 100
0.477174 0.1539 0.0510794 100
0.470214 -0.103 0.0503343 0
0.468722 -0.0958 0.0501747 100
0.46902 -0.089 0.0502066 0
0.470214 -0.0824 0.0503343 0
0.470313 -0.0757 0.050345 100
0.470313 -0.0689 0.050345 100
0.471109 -0.0556 0.0504301 0
0.471805 -0.049 0.0505046 0
0.472401 -0.0423 0.0505685 100
0.472998 -0.0357 0.0506324 0
0.473395 -0.0291 0.0506749 0
0.472799 -0.0224 0.0506111 0
0.472998 -0.0158 0.0506324 100
0.472202 -0.0091 0.0505472 100
0.474677 0.002 0.0562657 0
0.474578 0.0087 0.056254 0
0.474478 0.0154 0.0562422 0
0.47418 0.0221 0.0562069 0
0.473783 0.0288 0.0561598 0
0.473386 0.0354 0.0561127 0
0.473783 0.0422 0.0561598 0
0.47418 0.049 0.0562069 0
0.473485 0.0557 0.0561245 0
0.473585 0.0625 0.0561362 0
0.472691 0.0691 0.0560303 100
0.471698 0.0758 0.0559126 100
0.473485 0.0829 0.0561245 100
0.478153 0.0907 0.0566777 100
0.480735 0.0982 0.0569838 100
0.48133 0.1054 0.0570544 100
0.479741 0.1122 0.056866 100
0.479146 0.1192 0.0567954 100
0.479344 0.1265 0.056819 100
0.479444 0.1337 0.0568307 100
0.47855 0.1408 0.0567248 100
0.478451 0.1481 0.056713 100
0.478153 0.1554 0.0566777 100
0.479146 -0.106 0.0567954 100
0.479543 -0.0991 0.0568425 100
0.47994 -0.0921 0.0568896 100
0.477259 -0.0846 0.0565718 100
0.474478 -0.0773 0.0562422 0
0.472592 -0.0701 0.0560185 100
0.473485 -0.0634 0.0561245 100
0.473287 -0.0566 0.0561009 0
0.474081 -0.05 0.0561951 0
0.474677 -0.0433 0.0562657 100
0.475273 -0.0366 0.0563364 100
0.474776 -0.0298 0.0562775 100
0.474081 -0.0231 0.0561951 0
0.473386 -0.0164 0.0561127 100
0.473585 -0.0097 0.0561362 0
0.475348 0.0045 0.0590392 0
0.475248 0.0112 0.0590269 100
0.47505 0.0179 0.0590022 100
0.475745 0.0246 0.0590885 100
0.475348 0.0313 0.0590392 0
0.474851 0.038 0.0589776 0
0.474256 0.0446 0.0589036 100
0.472668 0.0512 0.0587064 100
0.472867 0.058 0.058731 0
0.472966 0.0647 0.0587434 0
0.473065 0.0715 0.0587557 0
0.474951 0.0787 0.0589899 100
0.479615 0.0864 0.0595692 100
0.482294 0.0939 0.059902 0
0.481897 0.1008 0.0598527 0
0.480508 0.1076 0.0596801 0
0.479913 0.1146 0.0596062 100
0.48021 0.1218 0.0596431 100
0.479416 0.1288 0.0595445 100
0.478523 0.1358 0.0594336 100
0.479516 0.1434 0.0595569 100
0.479317 0.1507 0.0595322 100
0.478126 0.1577 0.0593843 100
0.478523 -0.1072 0.0594336 100
0.479019 -0.1002 0.0594952 100
0.476439 -0.0927 0.0591748 100
0.472867 -0.0851 0.058731 100
0.470981 -0.078 0.0584969 0
0.472073 -0.0714 0.0586324 100
0.472966 -0.0647 0.0587434 100
0.472867 -0.058 0.058731 0
0.472668 -0.0512 0.0587064 0
0.473264 -0.0445 0.0587803 0
0.473859 -0.0379 0.0588543 0
0.474355 -0.0312 0.0589159 100
0.47376 -0.0245 0.058842 100
0.473065 -0.0178 0.0587557 0
0.474256 -0.0112 0.0589036 100
0.474303 0.0043 0.0669123 0
0.476185 0.011 0.0671777 100
0.474997 0.0177 0.0670101 0
0.473709 0.0243 0.0668285 100
0.473313 0.031 0.0667726 0
0.473808 0.0378 0.0668424 100
0.474204 0.0445 0.0668983 0
0.47361 0.0512 0.0668145 100
0.473808 0.058 0.0668424 100
0.474898 0.0649 0.0669961 0
0.478858 0.0724 0.0675548 0
0.48173 0.0798 0.0679599 0
0.481532 0.0867 0.067932 100
0.482225 0.0939 0.0680298 0
0.481928 0.1009 0.0679879 0
0.481433 0.1079 0.067918 100
0.481829 0.1151 0.0679739 100
0.482027 0.1224 0.0680019 0
0.481334 0.1294 0.0679041 0
0.481334 0.1368 0.0679041 100
0.480344 0.1438 0.0677644 100
0.478066 0.1579 0.0674431 100
0.480047 -0.1049 0.0677225 100
0.480443 -0.0979 0.0677783 100
0.480839 -0.091 0.0678342 100
0.478066 -0.0835 0.0674431 100
0.474303 -0.076 0.0669123 100
0.472422 -0.0688 0.0666469 100
0.472323 -0.062 0.0666329 100
0.473115 -0.0554 0.0667446 0
0.473808 -0.0487 0.0668424 0
0.474501 -0.042 0.0669402 100
0.474006 -0.0352 0.0668704 0
0.473511 -0.0285 0.0668005 100
0.473808 -0.0218 0.0668424 100
0.474105 -0.0151 0.0668843 100
0.475195 -0.0085 0.067038 100
0.475592 0.003 0.0719265 0
0.475493 0.0097 0.0719116 100
0.475295 0.0165 0.0718816 100
0.477965 0.0233 0.0722854 100
0.478657 0.0302 0.0723901 100
0.477174 0.0368 0.0721658 100
0.477569 0.0437 0.0722256 100
0.479942 0.0507 0.0725845 100
0.479151 0.0575 0.0724648 100
0.480239 0.0646 0.0726293 100
0.482216 0.0718 0.0729284 0
0.483205 0.0789 0.0730779 0
0.483007 0.0859 0.073048 100
0.4837 0.0931 0.0731527 0
0.483304 0.1001 0.0730929 100
0.482909 0.1072 0.0730331 100
0.482315 0.1142 0.0729433 100
0.482612 0.1215 0.0729882 100
0.48281 0.1288 0.0730181 100
0.48192 0.1359 0.0728835 100
0.480931 0.143 0.072734 100
0.480832 0.1504 0.072719 100
0.482414 0.1584 0.0729583 100
0.481228 -0.11 0.0727789 100
0.481722 -0.103 0.0728536 100
0.482118 -0.096 0.0729134 100
0.482513 -0.089 0.0729733 100
0.482711 -0.082 0.0730032 100
0.48281 -0.075 0.0730181 100
0.480832 -0.0677 0.072719 0
0.477767 -0.0604 0.0722555 100
0.478558 -0.0537 0.0723751 100
0.477273 -0.0467 0.0721807 100
0.476976 -0.0399 0.0721359 100
0.47747 -0.0331 0.0722106 0
0.475888 -0.0263 0.0719714 100
0.475196 -0.0195 0.0718667 0
0.475394 -0.0128 0.0718966 100
0.475417 0.0066 0.079387 0
0.47522 0.0133 0.0793541 0
0.475023 0.02 0.0793211 0
0.4767 0.0269 0.0796011 100
0.476206 0.0336 0.0795188 0
0.474727 0.0403 0.0792717 100
0.474135 0.047 0.0791729 100
0.474628 0.0606 0.0792552 0
0.478672 0.0681 0.0799305 100
0.481533 0.0754 0.0804082 0
0.48242 0.0826 0.0805564 100
0.482223 0.0896 0.0805234 0
0.481829 0.0966 0.0804576 100
0.481434 0.1036 0.0803917 0
0.480941 0.1107 0.0803093 100
0.480349 0.1177 0.0802105 100
0.480546 0.125 0.0802435 100
0.480744 0.1323 0.0802764 100
0.479757 0.1394 0.0801117 100
0.479659 0.1467 0.0800952 100
0.47956 0.1541 0.0800788 100
0.48025 -0.1092 0.080194 100
0.479757 -0.102 0.0801117 100
0.479165 -0.0948 0.0800129 100
0.479461 -0.0879 0.0800623 100
0.479659 -0.0809 0.0800952 100
0.48173 -0.0742 0.0804411 100
0.479757 -0.067 0.0801117 100
0.475713 -0.0596 0.0794364 0
0.47453 -0.0526 0.0792388 100
0.477193 -0.0461 0.0796835 100
0.477785 -0.0393 0.0797823 100
0.476305 -0.0324 0.0795352 100
0.475713 -0.0256 0.0794364 0
0.475023 -0.0188 0.0793211 0
0.47522 -0.0121 0.0793541 0
0.474663 0.0067 0.0837813 100
0.47742 0.0136 0.084268 100
0.482147 0.0205 0.0851023 100
0.483723 0.0275 0.0853804 100
0.483329 0.0344 0.0853109 100
0.482836 0.0412 0.085224 0
0.483132 0.0482 0.0852761 0
0.481458 0.0549 0.0849806 100
0.479685 0.0616 0.0846678 0
0.479784 0.0686 0.0846851 100
0.481753 0.0759 0.0850328 100
0.481556 0.0829 0.084998 100
0.482344 0.0901 0.0851371 100
0.482935 0.0973 0.0852414 100
0.482541 0.1043 0.0851718 0
0.483033 0.1116 0.0852587 100
0.482344 0.1187 0.0851371 100
0.481655 0.1258 0.0850154 100
0.481753 0.1332 0.0850328 100
0.481753 0.1405 0.0850328 100
0.483526 0.1485 0.0853456 100
0.486185 0.1569 0.085815 100
0.481359 -0.1052 0.0849632 100
0.482738 -0.0983 0.0852066 100
0.482147 -0.0911 0.0851023 100
0.481458 -0.0839 0.0849806 0
0.481556 -0.0769 0.084998 100
0.481556 -0.0699 0.084998 100
0.481556 -0.0629 0.084998 100
0.481359 -0.056 0.0849632 100
0.482049 -0.0491 0.0850849 100
0.481753 -0.0422 0.0850328 0
0.482246 -0.0353 0.0851197 100
0.479784 -0.0283 0.0846851 100
0.47614 -0.0213 0.084042 100
0.475451 -0.0145 0.0839203 100
0.475549 -0.0078 0.0839377 100
0.474005 0.0025 0.0874239 0
0.479807 0.0094 0.088494 0
0.482561 0.0163 0.0890019 100
0.483348 0.0232 0.089147 100
0.483938 0.0301 0.0892558 100
0.483446 0.037 0.0891651 100
0.481873 0.0438 0.0888749 0
0.481283 0.0506 0.0887661 0
0.480496 0.0575 0.088621 100
0.480693 0.0644 0.0886573 0
0.481676 0.0715 0.0888387 0
0.481578 0.0785 0.0888205 100
0.482463 0.0857 0.0889838 100
0.482168 0.0928 0.0889293 100
0.481774 0.0998 0.0888568 100
0.481381 0.1069 0.0887842 100
0.480791 0.1139 0.0886754 100
0.481086 0.1212 0.0887298 0
0.482266 0.1288 0.0889475 100
0.481381 0.1359 0.0887842 100
0.481381 0.1433 0.0887842 0
0.480004 0.1579 0.0885303 100
0.479906 -0.1044 0.0885122 100
0.480299 -0.0974 0.0885847 100
0.479611 -0.0902 0.0884578 100
0.479906 -0.0832 0.0885122 100
0.480004 -0.0762 0.0885303 0
0.480988 -0.0693 0.0887117 100
0.481873 -0.0625 0.0888749 0
0.482758 -0.0556 0.0890382 100
0.483446 -0.0488 0.0891651 100
0.482069 -0.0417 0.0889112 100
0.480693 -0.0347 0.0886573 100
0.481086 -0.0279 0.0887298 100
0.479414 -0.021 0.0884215 0
0.474792 -0.014 0.087569 100
0.473907 -0.0072 0.0874058 100
0.483794 0.0026 0.0948289 100
0.483696 0.0095 0.0948097 100
0.483499 0.0163 0.0947712 100
0.484284 0.0232 0.0949251 100
0.483892 0.0301 0.0948481 100
0.483401 0.037 0.094752 100
0.482911 0.0438 0.0946558 100
0.483205 0.0508 0.0947135 0
0.483401 0.0578 0.094752 100
0.482616 0.0646 0.0945981 100
0.482616 0.0716 0.0945981 0
0.481635 0.0784 0.0944057 100
0.48242 0.0856 0.0945596 0
0.483107 0.0928 0.0946942 100
0.483696 0.1001 0.0948097 100
0.483303 0.1072 0.0947327 100
0.482714 0.1142 0.0946173 100
0.482027 0.1213 0.0944827 100
0.482224 0.1287 0.0945211 100
0.482322 0.136 0.0945404 100
0.485168 0.1443 0.0950982 100
0.486836 0.1523 0.0954252 100
0.480163 -0.1078 0.0941172 100
0.480555 -0.1008 0.0941941 100
0.482224 -0.0869 0.0945211 100
0.482322 -0.0799 0.0945404 100
0.483401 -0.073 0.094752 100
0.484383 -0.0662 0.0949443 0
0.484284 -0.0592 0.0949251 0
0.48399 -0.0522 0.0948674 100
0.483696 -0.0452 0.0948097 0
0.483303 -0.0383 0.0947327 100
0.483794 -0.0314 0.0948289 0
0.485168 -0.0246 0.0950982 100
0.485462 -0.0177 0.0951559 100
0.485658 -0.0108 0.0951944 100
0.483525 0.0026 0.10119 100
0.484406 0.0095 0.101374 100
0.48421 0.0164 0.101333 100
0.483917 0.0233 0.101272 100
0.483623 0.0303 0.10121 100
0.483134 0.0372 0.101108 100
0.482546 0.0441 0.100985 0
0.481959 0.0509 0.100862 100
0.482155 0.0579 0.100903 100
0.482253 0.0649 0.100924 100
0.482351 0.072 0.100944 100
0.483232 0.0792 0.101128 100
0.484015 0.0864 0.101292 100
0.483721 0.0935 0.101231 100
0.483427 0.1006 0.101169 100
0.483917 0.1079 0.101272 100
0.481665 0.1219 0.100801 100
0.480882 0.1291 0.100637 100
0.480002 0.1362 0.100452 100
0.481861 0.1441 0.100842 100
0.483623 0.1522 0.10121 100
0.480491 -0.1052 0.100555 100
0.480882 -0.0981 0.100637 100
0.480295 -0.0909 0.100514 0
0.480491 -0.0838 0.100555 100
0.480589 -0.0768 0.100575 100
0.481665 -0.0699 0.100801 100
0.481568 -0.0629 0.10078 100
0.481372 -0.0559 0.100739 100
0.482155 -0.049 0.100903 100
0.481763 -0.0421 0.100821 0
0.482253 -0.0352 0.100924 100
0.482742 -0.0283 0.101026 100
0.483036 -0.0214 0.101087 100
0.482351 -0.0145 0.100944 100
0.482449 -0.0076 0.100965 0
0.484183 0.0057 0.102916 0
0.484966 0.0126 0.103083 0
0.48477 0.0196 0.103041 100
0.484477 0.0265 0.102979 100
0.484085 0.0334 0.102895 100
0.483596 0.0403 0.102792 100
0.48389 0.0473 0.102854 0
0.484183 0.0544 0.102916 0
0.484379 0.0614 0.102958 0
0.483498 0.0683 0.102771 100
0.48252 0.0752 0.102563 0
0.483401 0.0824 0.10275 0
0.483205 0.0895 0.102708 0
0.482814 0.0966 0.102625 100
0.484379 0.1041 0.102958 100
0.48477 0.1115 0.103041 0
0.483401 0.1258 0.10275 100
0.482618 0.1329 0.102584 100
0.483596 0.1407 0.102792 100
0.485357 0.1487 0.103166 100
0.486042 0.1565 0.103311 100
0.481346 -0.1087 0.102313 100
0.481836 -0.1016 0.102417 0
0.482227 -0.0945 0.1025 100
0.48252 -0.0875 0.102563 100
0.482716 -0.0804 0.102604 100
0.482814 -0.0733 0.102625 100
0.483792 -0.0664 0.102833 100
0.483596 -0.0594 0.102792 100
0.483401 -0.0524 0.10275 100
0.484085 -0.0454 0.102895 100
0.484672 -0.0385 0.10302 100
0.484183 -0.0315 0.102916 100
0.483596 -0.0246 0.102792 100
0.48389 -0.0176 0.102854 100
0.484085 -0.0107 0.102895 100
0.482756 0.0013 0.109414 100
0.482659 0.0082 0.109392 100
0.483536 0.0152 0.109591 100
0.483244 0.0222 0.109524 100
0.481879 0.029 0.109215 100
0.481488 0.036 0.109126 0
0.481879 0.043 0.109215 0
0.481293 0.0499 0.109082 100
0.482464 0.057 0.109347 100
0.482659 0.0641 0.109392 0
0.482659 0.0712 0.109392 0
0.481683 0.0781 0.109171 100
0.480513 0.085 0.108905 100
0.478953 0.099 0.108552 100
0.480416 0.1065 0.108883 100
0.480806 0.1138 0.108972 100
0.480221 0.121 0.108839 100
0.47944 0.1281 0.108662 100
0.481391 0.1361 0.109104 100
0.484122 0.1444 0.109723 100
0.484902 0.1522 0.1099 100
0.479733 -0.105 0.108729 100
0.480221 -0.0979 0.108839 100
0.480513 -0.0908 0.108905 100
0.480708 -0.0837 0.10895 100
0.481879 -0.0768 0.109215 100
0.481879 -0.0697 0.109215 100
0.481781 -0.0626 0.109193 100
0.481683 -0.0556 0.109171 100
0.481391 -0.0486 0.109104 100
0.481098 -0.0416 0.109038 100
0.481586 -0.0346 0.109149 100
0.481976 -0.0277 0.109237 0
0.482366 -0.0208 0.109325 100
0.482561 -0.0138 0.10937 100
0.482497 0.0052 0.114947 100
0.4824 0.0121 0.114924 100
0.482108 0.019 0.114854 100
0.482789 0.026 0.115016 100
0.483372 0.033 0.115156 100
0.481913 0.0399 0.114808 100
0.48133 0.0468 0.114669 100
0.481621 0.0538 0.114738 100
0.481816 0.0608 0.114785 100
0.481913 0.0679 0.114808 100
0.481913 0.0749 0.114808 100
0.482691 0.0822 0.114993 100
0.482497 0.0893 0.114947 100
0.482205 0.0964 0.114877 100
0.481816 0.1035 0.114785 100
0.482302 0.1108 0.114901 100
0.481621 0.118 0.114738 100
0.48094 0.1251 0.114576 100
0.48201 0.1328 0.114831 100
0.485804 0.1413 0.115735 100
0.487555 0.1494 0.116152 100
0.487361 0.157 0.116106 100
0.480259 -0.1061 0.114414 100
0.480746 -0.099 0.11453 100
0.481038 -0.0919 0.114599 100
0.480357 -0.0846 0.114437 100
0.480551 -0.0775 0.114483 100
0.481524 -0.0706 0.114715 100
0.4824 -0.0637 0.114924 100
0.483275 -0.0568 0.115132 100
0.482983 -0.0497 0.115063 100
0.482691 -0.0427 0.114993 100
0.482205 -0.0357 0.114877 0
0.482691 -0.0288 0.114993 100
0.482983 -0.0219 0.115063 100
0.483275 -0.0149 0.115132 100
0.483372 -0.008 0.115156 100
0.48135 0.0029 0.119657 100
0.482224 0.0098 0.119874 100
0.48203 0.0167 0.119826 0
0.481739 0.0237 0.119754 100
0.481447 0.0306 0.119681 100
0.480962 0.0375 0.119561 100
0.48135 0.0445 0.119657 100
0.480671 0.0514 0.119488 100
0.479992 0.0583 0.119319 100
0.480089 0.0653 0.119344 100
0.479118 0.0722 0.119102 100
0.480089 0.0794 0.119344 100
0.480865 0.0867 0.119537 100
0.481544 0.094 0.119705 100
0.481156 0.1011 0.119609 100
0.481642 0.1084 0.11973 100
0.481059 0.1155 0.119585 100
0.479506 0.1224 0.119199 100
0.480574 0.1301 0.119464 100
0.483485 0.1383 0.120188 100
0.486203 0.1467 0.120863 100
0.486882 0.1545 0.121032 100
0.478536 -0.1043 0.118958 100
0.478924 -0.0972 0.119054 100
0.479215 -0.0901 0.119127 100
0.479506 -0.0831 0.119199 100
0.479603 -0.076 0.119223 0
0.479603 -0.069 0.119223 100
0.480477 -0.0621 0.11944 100
0.481253 -0.0552 0.119633 100
0.48203 -0.0482 0.119826 100
0.481642 -0.0412 0.11973 100
0.480186 -0.0341 0.119368 100
0.480671 -0.0272 0.119488 100
0.480962 -0.0203 0.119561 100
0.481156 -0.0134 0.119609 100
0.481765 0.0003 0.126119 0
0.481669 0.0073 0.126094 0
0.482539 0.0143 0.126322 100
0.482249 0.0213 0.126246 100
0.480992 0.0282 0.125917 100
0.480605 0.0351 0.125815 100
0.480024 0.0421 0.125663 100
0.480411 0.0491 0.125765 100
0.480605 0.0562 0.125815 100
0.480798 0.0632 0.125866 100
0.480895 0.0703 0.125891 100
0.480798 0.0774 0.125866 100
0.480701 0.0845 0.125841 100
0.481378 0.0918 0.126018 0
0.480992 0.099 0.125917 100
0.480605 0.1061 0.125815 100
0.481959 0.1137 0.12617 100
0.484087 0.1216 0.126727 100
0.485248 0.1293 0.127031 100
0.484377 0.1366 0.126803 100
0.485248 0.1444 0.127031 100
0.486989 0.1526 0.127487 100
0.47925 -0.1079 0.125461 100
0.479734 -0.1008 0.125587 100
0.480024 -0.0936 0.125663 100
0.481282 -0.0867 0.125993 100
0.481475 -0.0796 0.126043 100
0.480605 -0.0723 0.125815 100
0.480508 -0.0652 0.12579 100
0.480411 -0.0582 0.125765 100
0.480218 -0.0511 0.125714 100
0.480798 -0.0442 0.125866 100
0.481378 -0.0372 0.126018 100
0.481862 -0.0302 0.126145 100
0.481282 -0.0232 0.125993 100
0.480508 -0.0162 0.12579 100
0.480701 -0.0093 0.125841 100
0.480267 0.0033 0.127879 100
0.48017 0.0102 0.127853 100
0.480943 0.0172 0.128059 100
0.480653 0.0242 0.127982 100
0.481233 0.0312 0.128136 100
0.48075 0.0382 0.128007 100
0.480267 0.0451 0.127879 0
0.47959 0.0521 0.127699 100
0.478817 0.059 0.127493 100
0.47988 0.0662 0.127776 100
0.47988 0.0733 0.127776 100
0.48075 0.0806 0.128007 100
0.480556 0.0877 0.127956 100
0.480267 0.0948 0.127879 100
0.47988 0.102 0.127776 100
0.48133 0.1095 0.128162 100
0.482586 0.1172 0.128496 100
0.480943 0.1242 0.128059 100
0.48017 0.1314 0.127853 100
0.483069 0.1397 0.128625 100
0.485775 0.148 0.129345 100
0.486451 0.156 0.129526 100
0.477271 -0.1099 0.127081 100
0.477754 -0.1028 0.12721 100
0.478141 -0.0957 0.127313 100
0.47959 -0.0816 0.127699 100
0.479687 -0.0745 0.127724 100
0.479687 -0.0674 0.127724 100
0.47872 -0.0602 0.127467 100
0.479397 -0.0533 0.127647 100
0.480073 -0.0463 0.127827 100
0.479687 -0.0393 0.127724 100
0.48017 -0.0324 0.127853 100
0.481619 -0.0255 0.128239 100
0.481909 -0.0185 0.128316 100
0.482103 -0.0115 0.128368 100
0.479725 0.0009 0.133671 100
0.479629 0.0078 0.133644 100
0.479532 0.0148 0.133617 100
0.480207 0.0218 0.133805 100
0.480881 0.0288 0.133993 100
0.479436 0.0357 0.13359 100
0.478954 0.0427 0.133456 100
0.479243 0.0498 0.133537 0
0.479532 0.0568 0.133617 100
0.479629 0.0639 0.133644 100
0.479725 0.071 0.133671 100
0.478569 0.0851 0.133349 100
0.47828 0.0922 0.133268 100
0.478858 0.0995 0.133429 100
0.478473 0.1067 0.133322 100
0.477895 0.1138 0.133161 100
0.479147 0.1215 0.13351 100
0.48117 0.1294 0.134074 100
0.481266 0.1369 0.1341 100
0.483 0.145 0.134584 100
0.484734 0.1532 0.135067 100
0.477702 -0.1057 0.133107 100
0.478087 -0.0985 0.133215 100
0.477509 -0.0912 0.133054 100
0.477702 -0.0841 0.133107 100
0.477895 -0.077 0.133161 100
0.477895 -0.0699 0.133161 100
0.476835 -0.0627 0.132866 100
0.477702 -0.0558 0.133107 100
0.478376 -0.0489 0.133295 100
0.478954 -0.0419 0.133456 100
0.478569 -0.0349 0.133349 100
0.478954 -0.0279 0.133456 100
0.47934 -0.021 0.133564 100
0.478569 -0.014 0.133349 100
0.478876 0.0031 0.136682 100
0.479741 0.0101 0.136929 100
0.479549 0.0171 0.136875 100
0.47926 0.024 0.136792 100
0.479837 0.0311 0.136957 100
0.479453 0.038 0.136847 100
0.478876 0.045 0.136682 100
0.479164 0.052 0.136765 100
0.479356 0.0591 0.13682 100
0.479453 0.0662 0.136847 100
0.479453 0.0733 0.136847 100
0.479453 0.0804 0.136847 100
0.47801 0.0945 0.136435 0
0.476664 0.1015 0.136051 100
0.478106 0.109 0.136463 100
0.479356 0.1166 0.13682 100
0.481472 0.1245 0.137424 100
0.482626 0.1323 0.137753 100
0.482626 0.1398 0.137753 100
0.481568 0.1471 0.137451 100
0.482337 0.155 0.137671 100
0.476472 -0.1075 0.135996 100
0.476856 -0.1004 0.136106 100
0.476279 -0.0931 0.135941 100
0.476568 -0.086 0.136024 100
0.47676 -0.0789 0.136079 100
0.47676 -0.0718 0.136079 100
0.47676 -0.0648 0.136079 100
0.477529 -0.0578 0.136298 100
0.478299 -0.0509 0.136518 100
0.478972 -0.0439 0.13671 100
0.479453 -0.037 0.136847 100
0.478972 -0.03 0.13671 100
0.478395 -0.0229 0.136545 100
0.478587 -0.016 0.1366 100
0.47878 -0.009 0.136655 100
0.479995 0.0012 0.143549 100
0.480857 0.0082 0.143807 100
0.480761 0.0153 0.143778 100
0.480474 0.0223 0.143692 100
0.479132 0.0292 0.143291 100
0.478749 0.0362 0.143176 100
0.478174 0.0432 0.143004 100
0.478557 0.0503 0.143119 100
0.477791 0.0572 0.14289 100
0.477024 0.0642 0.142661 100
0.477983 0.0714 0.142947 100
0.477983 0.0786 0.142947 100
0.477791 0.0857 0.14289 100
0.478462 0.093 0.14309 100
0.479995 0.1006 0.143549 100
0.481432 0.1082 0.143979 100
0.480857 0.1154 0.143807 100
0.482006 0.1232 0.14415 100
0.484018 0.1312 0.144752 100
0.485935 0.1393 0.145325 100
0.485839 0.1469 0.145297 100
0.485743 0.1546 0.145268 100
0.47827 -0.109 0.143033 100
0.476929 -0.1014 0.142632 100
0.477312 -0.0942 0.142747 100
0.477599 -0.0871 0.142832 100
0.477695 -0.0799 0.142861 100
0.477791 -0.0728 0.14289 0
0.478749 -0.0658 0.143176 100
0.479611 -0.0589 0.143434 100
0.480282 -0.0519 0.143635 100
0.479995 -0.0448 0.143549 100
0.479611 -0.0377 0.143434 100
0.478174 -0.0306 0.143004 100
0.478462 -0.0236 0.14309 100
0.478749 -0.0166 0.143176 0
0.479899 -0.0096 0.14352 100
0.478955 0.0068 0.14698 100
0.478764 0.0138 0.146921 100
0.478573 0.0208 0.146862 100
0.479146 0.0278 0.147039 100
0.478764 0.0348 0.146921 100
0.478286 0.0418 0.146774 100
0.477617 0.0488 0.146569 100
0.477903 0.0559 0.146657 100
0.478095 0.063 0.146716 100
0.478095 0.0701 0.146716 100
0.478095 0.0772 0.146716 100
0.477903 0.0843 0.146657 100
0.477712 0.0915 0.146598 100
0.477425 0.0986 0.14651 100
0.478859 0.1062 0.146951 100
0.482014 0.1143 0.147919 100
0.483257 0.122 0.1483 100
0.483448 0.1296 0.148359 100
0.484404 0.1374 0.148652 100
0.485265 0.1453 0.148916 100
0.485169 0.1529 0.148887 100
0.475609 -0.1077 0.145953 100
0.476087 -0.1005 0.1461 100
0.475418 -0.0932 0.145894 100
0.476661 -0.0863 0.146276 100
0.477712 -0.0793 0.146598 100
0.477808 -0.0722 0.146628 100
0.477808 -0.0651 0.146628 100
0.477617 -0.058 0.146569 100
0.478381 -0.051 0.146804 100
0.479051 -0.044 0.147009 100
0.479529 -0.037 0.147156 100
0.479051 -0.0299 0.147009 100
0.478477 -0.0229 0.146833 100
0.478668 -0.0159 0.146892 100
0.478859 -0.0089 0.146951 100
0.478724 0.0039 0.147732 100
0.478628 0.0109 0.147703 100
0.477481 0.0179 0.147349 100
0.47815 0.0249 0.147555 100
0.478724 0.032 0.147732 100
0.479201 0.0391 0.147879 100
0.478628 0.0461 0.147703 100
0.477959 0.0531 0.147496 100
0.47815 0.0602 0.147555 100
0.47729 0.0672 0.14729 0
0.476335 0.0742 0.146995 100
0.477195 0.0814 0.14726 100
0.477959 0.0888 0.147496 100
0.479488 0.0963 0.147968 100
0.480061 0.1037 0.148145 100
0.480539 0.1112 0.148292 100
0.481781 0.1189 0.148676 100
0.482928 0.1266 0.149029 100
0.483023 0.1342 0.149059 100
0.483023 0.1418 0.149059 100
0.483788 0.1497 0.149295 100
0.483597 0.1574 0.149236 100
0.475953 -0.1047 0.146877 100
0.476335 -0.0976 0.146995 100
0.475761 -0.0902 0.146818 100
0.475953 -0.0831 0.146877 100
0.477004 -0.0761 0.147201 0
0.477099 -0.069 0.147231 0
0.477959 -0.062 0.147496 0
0.477768 -0.0549 0.147437 100
0.478437 -0.0479 0.147644 100
0.478055 -0.0408 0.147526 100
0.478628 -0.0338 0.147703 100
0.478055 -0.0268 0.147526 100
0.478341 -0.0198 0.147614 100
0.478532 -0.0128 0.147673 100
0.477639 0.0018 0.147854 100
0.478499 0.0088 0.14812 100
0.479263 0.0159 0.148357 100
0.479072 0.0229 0.148298 100
0.47869 0.0299 0.148179 100
0.478212 0.0369 0.148031 100
0.477735 0.0439 0.147884 100
0.477066 0.0509 0.147677 100
0.477257 0.058 0.147736 100
0.478403 0.0652 0.148091 100
0.477448 0.0722 0.147795 100
0.478308 0.0795 0.148061 100
0.478117 0.0867 0.148002 100
0.477926 0.0939 0.147943 100
0.478499 0.1012 0.14812 100
0.480792 0.1091 0.14883 100
0.482989 0.117 0.14951 100
0.484231 0.1248 0.149894 100
0.484326 0.1324 0.149924 100
0.482416 0.1471 0.149333 100
0.48318 0.155 0.149569 100
0.476493 -0.1065 0.147499 100
0.47506 -0.0989 0.147056 100
0.475346 -0.0917 0.147144 100
0.475633 -0.0846 0.147233 100
0.475729 -0.0775 0.147263 100
0.474869 -0.0702 0.146996 100
0.475729 -0.0633 0.147263 100
0.475538 -0.0562 0.147203 100
0.476302 -0.0492 0.14744 100
0.476875 -0.0422 0.147617 100
0.477448 -0.0353 0.147795 100
0.476875 -0.0282 0.147617 100
0.477162 -0.0212 0.147706 100
0.478403 -0.0143 0.148091 100
0.478499 -0.0073 0.14812 0
