1.40423 0.0035 -0.314398 100
1.40599 0.0236 -0.314792 100
1.40745 0.0438 -0.315119 100
1.40677 0.0639 -0.314966 100
1.40765 0.0841 -0.315163 100
1.40736 0.1043 -0.315097 100
1.4058 0.1244 -0.314748 100
1.40502 0.1446 -0.314573 100
1.41155 0.1657 -0.316037 100
1.4218 0.1875 -0.318331 32
1.40531 -0.3098 -0.314639 24
1.39887 -0.2875 -0.313197 52
1.39496 -0.266 -0.312323 100
1.39653 -0.2457 -0.312672 100
1.39584 -0.2251 -0.312519 100
1.39584 -0.2047 -0.312519 100
1.3976 -0.1846 -0.312913 100
1.39897 -0.1645 -0.313218 100
1.40014 -0.1444 -0.313481 100
1.39994 -0.1242 -0.313437 100
1.39857 -0.1039 -0.313131 100
1.39604 -0.0837 -0.312563 100
1.39701 -0.0637 -0.312782 100
1.39965 -0.0438 -0.313371 100
1.40727 0.0141 -0.304778 100
1.40503 0.0341 -0.304291 100
1.40346 0.0541 -0.303952 100
1.40649 0.0743 -0.304608 100
1.40923 0.0947 -0.305201 100
1.40874 0.1148 -0.305095 100
1.40806 0.135 -0.304947 100
1.41187 0.1558 -0.305773 100
1.42223 0.1775 -0.308016 100
1.40767 -0.3226 -0.304862 22
1.40522 -0.3011 -0.304333 26
1.39867 -0.2789 -0.302915 100
1.39652 -0.2579 -0.302449 100
1.39799 -0.2376 -0.302767 100
1.40014 -0.2175 -0.303233 100
1.40102 -0.1972 -0.303423 100
1.40063 -0.1768 -0.303338 100
1.402 -0.1567 -0.303635 100
1.40297 -0.1366 -0.303846 100
1.40376 -0.1165 -0.304016 100
1.40522 -0.0964 -0.304333 100
1.40542 -0.0763 -0.304376 100
1.40141 -0.056 -0.303508 100
1.39907 -0.036 -0.303 100
1.41807 0.0179 -0.292378 100
1.41866 0.0382 -0.292499 100
1.41797 0.0583 -0.292358 100
1.41905 0.0786 -0.29258 100
1.41974 0.099 -0.292722 100
1.41925 0.1192 -0.292621 100
1.41846 0.1395 -0.292459 100
1.42032 0.1601 -0.292843 100
1.39966 -0.2989 -0.288582 100
1.40162 -0.2786 -0.288986 100
1.4024 -0.258 -0.289147 100
1.40289 -0.2376 -0.289248 100
1.40407 -0.2173 -0.289491 100
1.40593 -0.1971 -0.289874 100
1.40749 -0.177 -0.290197 100
1.40985 -0.1569 -0.290682 100
1.40985 -0.1367 -0.290682 100
1.41063 -0.1165 -0.290844 100
1.4121 -0.0964 -0.291147 100
1.41523 -0.0764 -0.291793 100
1.41709 -0.0563 -0.292176 100
1.41768 -0.0361 -0.292298 100
1.41836 0.0126 -0.280843 100
1.41807 0.0327 -0.280785 100
1.41944 0.0529 -0.281057 100
1.41964 0.0731 -0.281096 100
1.42042 0.0934 -0.281251 100
1.42189 0.1138 -0.281543 100
1.42219 0.1342 -0.281601 100
1.42219 0.1545 -0.281601 100
1.42386 0.1752 -0.281931 100
1.40031 -0.3158 -0.27727 100
1.40061 -0.2951 -0.277328 100
1.40355 -0.275 -0.277911 100
1.40424 -0.2546 -0.278046 100
1.40571 -0.2343 -0.278338 100
1.40679 -0.214 -0.278551 100
1.40669 -0.1936 -0.278532 100
1.40914 -0.1736 -0.279018 100
1.4114 -0.1536 -0.279464 100
1.41336 -0.1336 -0.279853 100
1.41405 -0.1134 -0.279989 100
1.41454 -0.0933 -0.280086 100
1.4166 -0.0732 -0.280494 100
1.41846 -0.0532 -0.280863 100
1.43513 0.0074 -0.268319 100
1.43484 0.0277 -0.268263 100
1.43533 0.0481 -0.268355 100
1.43749 0.0686 -0.26876 100
1.44133 0.0893 -0.269476 100
1.44388 0.11 -0.269954 100
1.44418 0.1306 -0.270009 100
1.44221 0.1511 -0.269642 100
1.44103 0.1717 -0.269421 100
1.42127 -0.3158 -0.265727 19
1.42353 -0.2952 -0.26615 100
1.42648 -0.2748 -0.266701 100
1.42914 -0.2544 -0.267197 100
1.43346 -0.2342 -0.268006 100
1.43464 -0.2136 -0.268227 100
1.4315 -0.1924 -0.267639 100
1.4311 -0.1718 -0.267565 100
1.43425 -0.1516 -0.268153 100
1.42845 -0.1305 -0.267069 100
1.43041 -0.0899 -0.267436 100
1.43051 -0.0695 -0.267455 100
1.4314 -0.0493 -0.26762 100
1.43287 -0.029 -0.267896 100
1.43357 0.0112 -0.260265 100
1.43721 0.0316 -0.260926 100
1.43957 0.0521 -0.261354 100
1.44262 0.0728 -0.261908 100
1.44636 0.0936 -0.262587 100
1.44793 0.1143 -0.262873 100
1.44813 0.1351 -0.262908 100
1.45108 0.1561 -0.263444 100
1.42638 -0.3126 -0.258961 100
1.42471 -0.2911 -0.258657 100
1.42569 -0.2703 -0.258836 100
1.43022 -0.2502 -0.259657 100
1.43061 -0.2294 -0.259729 100
1.42973 -0.2085 -0.259568 100
1.43052 -0.1879 -0.259711 100
1.43002 -0.1672 -0.259622 100
1.42825 -0.1465 -0.2593 100
1.42815 -0.126 -0.259282 100
1.42983 -0.1058 -0.259586 100
1.43307 -0.0856 -0.260175 100
1.43504 -0.0652 -0.260533 100
1.43583 -0.0449 -0.260675 100
1.43534 -0.0245 -0.260586 100
1.4612 0.0044 -0.247406 100
1.46298 0.0251 -0.247707 100
1.46248 0.0458 -0.247623 100
1.46071 0.0665 -0.247323 100
1.46061 0.0872 -0.247306 100
1.46229 0.1081 -0.24759 100
1.46456 0.1292 -0.247974 100
1.46456 0.1501 -0.247974 100
1.47412 0.1722 -0.249593 100
1.45095 -0.3292 -0.24567 16
1.44474 -0.3064 -0.244618 100
1.44592 -0.2853 -0.244819 100
1.44582 -0.2641 -0.244802 100
1.44543 -0.243 -0.244735 100
1.44671 -0.2222 -0.244952 100
1.44858 -0.2015 -0.245269 100
1.45026 -0.1809 -0.245553 100
1.45065 -0.1601 -0.24562 100
1.45272 -0.1395 -0.245971 100
1.4545 -0.119 -0.246271 100
1.45499 -0.0983 -0.246355 100
1.45825 -0.0778 -0.246905 100
1.46012 -0.0572 -0.247223 100
1.46081 -0.0365 -0.24734 100
1.46104 0.0023 -0.236114 100
1.4648 0.023 -0.23672 100
1.46539 0.0436 -0.236816 100
1.4646 0.0849 -0.236689 100
1.4642 0.1056 -0.236625 100
1.46361 0.1263 -0.236529 100
1.46272 0.1469 -0.236385 100
1.46351 0.1679 -0.236513 100
1.44485 -0.3099 -0.233498 100
1.44604 -0.2889 -0.233689 100
1.44594 -0.2678 -0.233673 100
1.44752 -0.2471 -0.233929 100
1.44979 -0.2265 -0.234295 100
1.45176 -0.206 -0.234615 100
1.45354 -0.1854 -0.234902 100
1.45492 -0.1648 -0.235125 100
1.4571 -0.1443 -0.235476 100
1.4569 -0.1236 -0.235444 100
1.45749 -0.103 -0.23554 100
1.45976 -0.0825 -0.235907 100
1.46174 -0.062 -0.236226 100
1.46144 -0.0414 -0.236178 100
1.46193 -0.0208 -0.236258 100
1.48347 0.0131 -0.228063 100
1.48911 0.0342 -0.228929 100
1.49247 0.0554 -0.229446 100
1.49256 0.0766 -0.229461 100
1.49029 0.0977 -0.229112 100
1.48881 0.1187 -0.228884 100
1.48901 0.14 -0.228914 100
1.49088 0.1615 -0.229203 100
1.46608 -0.3275 -0.225389 20
1.46845 -0.3064 -0.225753 100
1.47161 -0.2854 -0.22624 100
1.47537 -0.2645 -0.226817 100
1.47596 -0.2431 -0.226908 100
1.47527 -0.2216 -0.226802 100
1.47527 -0.2003 -0.226802 100
1.47596 -0.1792 -0.226908 100
1.47339 -0.1577 -0.226513 100
1.4725 -0.1366 -0.226376 100
1.47418 -0.1157 -0.226635 100
1.47566 -0.0949 -0.226863 100
1.47784 -0.074 -0.227197 100
1.47873 -0.0531 -0.227334 100
1.47833 -0.0322 -0.227273 100
1.48918 0.0076 -0.210616 100
1.49284 0.0287 -0.211134 100
1.49433 0.0498 -0.211344 100
1.49443 0.0709 -0.211358 100
1.49433 0.092 -0.211344 100
1.49492 0.1132 -0.211428 100
1.49314 0.1342 -0.211176 100
1.49314 0.1554 -0.211176 100
1.46809 -0.3159 -0.207633 100
1.46849 -0.2945 -0.207689 100
1.47235 -0.2737 -0.208235 100
1.47403 -0.2526 -0.208473 100
1.47542 -0.2315 -0.208669 100
1.47651 -0.2104 -0.208824 100
1.48027 -0.1897 -0.209356 100
1.48076 -0.1687 -0.209426 100
1.47809 -0.1473 -0.209048 100
1.47799 -0.1263 -0.209034 100
1.48057 -0.1055 -0.209398 100
1.48086 -0.0846 -0.20944 100
1.48086 -0.0637 -0.20944 100
1.48463 -0.0429 -0.209972 100
1.48898 -0.022 -0.210588 100
1.50471 0.0172 -0.191956 100
1.50728 0.0384 -0.192285 100
1.50857 0.0597 -0.19245 100
1.51155 0.0811 -0.19283 100
1.51334 0.1025 -0.193057 100
1.51274 0.1238 -0.192981 100
1.51284 0.1453 -0.192994 100
1.51661 0.1672 -0.193475 100
1.50004 -0.3216 -0.191362 11
1.4936 -0.2984 -0.190539 100
1.49369 -0.2766 -0.190552 100
1.49439 -0.2551 -0.19064 100
1.49687 -0.234 -0.190957 100
1.49796 -0.2126 -0.191096 100
1.49875 -0.1913 -0.191197 100
1.49935 -0.17 -0.191273 100
1.50054 -0.1488 -0.191425 100
1.50143 -0.1277 -0.191539 100
1.50213 -0.1065 -0.191627 100
1.50342 -0.0854 -0.191792 100
1.50441 -0.0642 -0.191919 100
1.50421 -0.0431 -0.191893 100
1.50361 -0.0219 -0.191817 100
1.50838 0.018 -0.186809 100
1.50996 0.0392 -0.187006 100
1.51125 0.0605 -0.187165 100
1.51225 0.0818 -0.187288 100
1.51294 0.1031 -0.187374 100
1.51235 0.1244 -0.187301 100
1.51344 0.1458 -0.187436 100
1.52118 0.1681 -0.188394 100
1.48912 -0.3142 -0.184424 100
1.49031 -0.2927 -0.184572 100
1.49031 -0.2711 -0.184572 100
1.492 -0.2499 -0.184781 100
1.49428 -0.2288 -0.185064 100
1.49637 -0.2077 -0.185322 100
1.49706 -0.1865 -0.185408 100
1.49756 -0.1652 -0.185469 100
1.49964 -0.1442 -0.185727 100
1.50252 -0.1233 -0.186084 100
1.5051 -0.1023 -0.186403 100
1.50629 -0.0812 -0.186551 100
1.50629 -0.06 -0.186551 100
1.50699 -0.0389 -0.186637 100
1.532 0.0183 -0.165347 100
1.5326 0.0399 -0.165411 100
1.53389 0.0615 -0.165551 100
1.53588 0.0832 -0.165765 100
1.53648 0.1049 -0.16583 100
1.53787 0.1268 -0.16598 100
1.53996 0.1488 -0.166205 100
1.5496 0.1717 -0.167246 100
1.51102 -0.3143 -0.163083 100
1.51142 -0.2923 -0.163125 100
1.51431 -0.2708 -0.163437 100
1.516 -0.2492 -0.163619 100
1.51729 -0.2275 -0.163759 100
1.51938 -0.206 -0.163984 100
1.52206 -0.1847 -0.164274 100
1.52445 -0.1632 -0.164531 100
1.52564 -0.1417 -0.16466 100
1.52743 -0.1202 -0.164853 100
1.52992 -0.0988 -0.165121 100
1.5322 -0.0773 -0.165368 100
1.5331 -0.0558 -0.165465 100
1.53369 -0.0342 -0.165529 100
1.533 0.0056 -0.156798 100
1.5338 0.0271 -0.156879 100
1.5342 0.0486 -0.15692 100
1.5343 0.0916 -0.15693 100
1.53489 0.1132 -0.156991 100
1.53609 0.1349 -0.157113 100
1.53609 0.1566 -0.157113 100
1.53768 0.1786 -0.157276 100
1.51241 -0.3265 -0.154692 47
1.51291 -0.3045 -0.154743 100
1.51599 -0.2832 -0.155058 100
1.51589 -0.2613 -0.155048 100
1.51738 -0.2397 -0.155201 100
1.52057 -0.2185 -0.155526 100
1.52246 -0.197 -0.155719 100
1.52405 -0.1756 -0.155882 100
1.52634 -0.1543 -0.156116 100
1.52733 -0.1328 -0.156218 100
1.52703 -0.1113 -0.156188 100
1.52942 -0.09 -0.156432 100
1.53052 -0.0686 -0.156544 100
1.53231 -0.0472 -0.156727 100
1.53181 -0.0257 -0.156676 100
1.54971 0.0133 -0.149493 100
1.55239 0.0351 -0.149752 100
1.55478 0.0569 -0.149982 100
1.56075 0.079 -0.150559 100
1.56454 0.1011 -0.150923 100
1.56394 0.1231 -0.150866 100
1.56205 0.1449 -0.150683 100
1.55996 0.1667 -0.150482 100
1.53488 -0.3206 -0.148062 100
1.53726 -0.2988 -0.148292 100
1.54125 -0.2772 -0.148677 100
1.54393 -0.2555 -0.148936 100
1.54334 -0.2333 -0.148878 100
1.53955 -0.2107 -0.148513 100
1.53935 -0.1888 -0.148494 100
1.54085 -0.1672 -0.148638 100
1.54105 -0.1454 -0.148657 100
1.54344 -0.1022 -0.148888 100
1.54572 -0.0806 -0.149109 100
1.54572 -0.059 -0.149109 100
1.54543 -0.0373 -0.14908 100
1.55301 0.0218 -0.134232 100
1.55361 0.0435 -0.134284 100
1.5548 0.0652 -0.134387 100
1.55978 0.0872 -0.134818 100
1.56138 0.1092 -0.134955 100
1.56068 0.1311 -0.134895 100
1.55968 0.1529 -0.134809 100
1.56048 0.175 -0.134878 100
1.53817 -0.3265 -0.132949 40
1.53956 -0.3044 -0.13307 100
1.54165 -0.2825 -0.13325 100
1.54444 -0.2608 -0.133492 100
1.54594 -0.239 -0.133621 100
1.54614 -0.217 -0.133638 100
1.54404 -0.1947 -0.133457 100
1.54364 -0.1728 -0.133423 100
1.54394 -0.1511 -0.133449 100
1.54484 -0.1295 -0.133526 100
1.54554 -0.1078 -0.133586 100
1.54584 -0.0862 -0.133612 100
1.54693 -0.0646 -0.133707 100
1.54763 -0.043 -0.133767 100
1.57703 0.0047 -0.111937 100
1.57683 0.0267 -0.111922 100
1.57923 0.0489 -0.112092 100
1.58042 0.071 -0.112177 100
1.58132 0.0932 -0.112241 100
1.58481 0.1157 -0.112489 100
1.59 0.1384 -0.112857 100
1.5889 0.1608 -0.112779 100
1.59249 0.1836 -0.113034 100
1.56117 -0.3177 -0.110811 48
1.56147 -0.2951 -0.110832 100
1.56347 -0.2729 -0.110974 100
1.56317 -0.2504 -0.110952 100
1.56556 -0.2284 -0.111122 100
1.56756 -0.2064 -0.111264 100
1.56825 -0.1842 -0.111313 100
1.56975 -0.1621 -0.11142 100
1.57085 -0.1401 -0.111498 100
1.57165 -0.1181 -0.111554 100
1.57214 -0.096 -0.11159 100
1.57234 -0.074 -0.111604 100
1.57314 -0.052 -0.11166 100
1.57374 -0.03 -0.111703 100
1.57775 0.019 -0.0998163 100
1.57934 0.0412 -0.0999173 100
1.57954 0.0633 -0.0999299 100
1.57954 0.0854 -0.0999299 100
1.58114 0.1077 -0.100031 100
1.58553 0.1303 -0.100309 100
1.58653 0.1528 -0.100372 100
1.59112 0.1758 -0.100662 100
1.56697 -0.3129 -0.0991344 41
1.56238 -0.2893 -0.0988439 100
1.56327 -0.2669 -0.0989008 100
1.56487 -0.2447 -0.0990018 100
1.56717 -0.2227 -0.099147 100
1.56816 -0.2005 -0.0992101 100
1.56876 -0.1783 -0.099248 100
1.56916 -0.1561 -0.0992733 100
1.57016 -0.1341 -0.0993364 100
1.56986 -0.1119 -0.0993175 100
1.57126 -0.09 -0.0994059 100
1.57435 -0.0681 -0.0996016 100
1.57615 -0.0461 -0.0997152 100
1.57565 -0.024 -0.0996837 100
1.59932 0.0157 -0.0908162 100
1.60292 0.0381 -0.0910203 100
1.60232 0.0604 -0.0909863 100
1.60332 0.0829 -0.091043 100
1.60292 0.1053 -0.0910203 100
1.60232 0.1278 -0.0909863 100
1.60242 0.1503 -0.0909919 100
1.60412 0.1731 -0.0910883 100
1.57726 -0.3154 -0.0895633 100
1.57756 -0.2926 -0.0895803 100
1.58055 -0.2704 -0.0897503 100
1.58315 -0.2481 -0.0898978 100
1.58545 -0.2259 -0.0900282 100
1.58744 -0.2036 -0.0901415 100
1.58914 -0.1813 -0.0902379 100
1.59154 -0.1591 -0.090374 100
1.59253 -0.1368 -0.0904307 100
1.59233 -0.1144 -0.0904193 100
1.59373 -0.0922 -0.0904987 100
1.59593 -0.0699 -0.0906234 100
1.59773 -0.0477 -0.0907255 100
1.59723 -0.0254 -0.0906971 100
1.60108 0.0207 -0.0763453 100
1.60158 0.0431 -0.0763691 100
1.60188 0.0655 -0.0763834 100
1.60278 0.088 -0.0764262 100
1.60438 0.1106 -0.0765024 100
1.60468 0.1332 -0.0765167 100
1.60667 0.1559 -0.076612 100
1.61626 0.1797 -0.0770692 100
1.57531 -0.3187 -0.0751164 40
1.57761 -0.2963 -0.075226 100
1.5816 -0.2742 -0.0754165 100
1.5823 -0.2516 -0.0754498 100
1.5837 -0.2292 -0.0755165 100
1.5858 -0.2069 -0.0756165 100
1.5875 -0.1846 -0.0756975 100
1.5869 -0.1621 -0.0756689 100
1.5871 -0.1398 -0.0756784 100
1.59189 -0.1178 -0.0759071 100
1.59729 -0.0958 -0.0761643 100
1.59848 -0.0735 -0.0762214 100
1.59838 -0.0511 -0.0762167 100
1.59988 -0.0288 -0.0762881 100
1.62214 0.0059 -0.0529615 100
1.62383 0.0286 -0.053017 100
1.62733 0.0514 -0.0531312 100
1.63043 0.0742 -0.0532324 100
1.63123 0.0971 -0.0532585 100
1.63173 0.12 -0.0532748 100
1.63193 0.1429 -0.0532813 100
1.63573 0.1662 -0.0534053 100
1.60574 -0.3085 -0.0524264 100
1.60794 -0.2857 -0.0524981 100
1.61174 -0.2633 -0.0526221 100
1.61434 -0.2407 -0.052707 100
1.61654 -0.218 -0.0527788 100
1.61544 -0.1949 -0.0527429 100
1.61204 -0.1718 -0.0526319 100
1.61024 -0.1489 -0.0525732 100
1.61224 -0.1264 -0.0526385 100
1.61384 -0.104 -0.0526907 100
1.61314 -0.0813 -0.0526678 100
1.61304 -0.0588 -0.0526646 100
1.61474 -0.0363 -0.05272 100
1.62635 0.019 -0.0423034 100
1.62895 0.0418 -0.042371 100
1.63015 0.0646 -0.0424022 100
1.63015 0.0873 -0.0424022 100
1.63075 0.1102 -0.0424178 100
1.63105 0.1331 -0.0424256 100
1.63105 0.156 -0.0424256 100
1.63365 0.1793 -0.0424932 100
1.60966 -0.3163 -0.0418692 47
1.60706 -0.2926 -0.0418016 100
1.60996 -0.27 -0.041877 100
1.61165 -0.2472 -0.0419212 100
1.61395 -0.2245 -0.041981 100
1.61395 -0.2016 -0.041981 100
1.61255 -0.1787 -0.0419446 100
1.61395 -0.1561 -0.041981 100
1.61495 -0.1335 -0.042007 100
1.61565 -0.1109 -0.0420252 100
1.61605 -0.0883 -0.0420356 100
1.61615 -0.0657 -0.0420382 100
1.61785 -0.0432 -0.0420824 100
1.64491 0.0075 -0.0175132 100
1.64561 0.0304 -0.0175206 100
1.64901 0.0534 -0.0175568 100
1.65411 0.0767 -0.0176111 100
1.65791 0.1 -0.0176516 100
1.65931 0.1233 -0.0176665 100
1.65841 0.1465 -0.0176569 100
1.66121 0.1701 -0.0176867 100
1.63131 -0.3172 -0.0173684 100
1.63461 -0.2943 -0.0174035 100
1.63861 -0.2715 -0.0174461 100
1.63431 -0.2475 -0.0174003 100
1.63161 -0.2239 -0.0173716 100
1.63161 -0.2008 -0.0173716 100
1.63221 -0.1778 -0.017378 100
1.63361 -0.1549 -0.0173929 100
1.63561 -0.1322 -0.0174142 100
1.63731 -0.1094 -0.0174323 100
1.63861 -0.0866 -0.0174461 100
1.63971 -0.0637 -0.0174578 100
1.64141 -0.0409 -0.0174759 100
1.64487 0.0161 -0.0106222 100
1.64447 0.039 -0.0106196 100
1.64677 0.0621 -0.0106345 100
1.65137 0.1085 -0.0106642 100
1.65477 0.1319 -0.0106862 100
1.65467 0.1551 -0.0106855 100
1.66137 0.1792 -0.0107288 100
1.62897 -0.314 -0.0105195 100
1.63317 -0.2913 -0.0105467 100
1.63017 -0.2673 -0.0105273 100
1.62977 -0.244 -0.0105247 100
1.63107 -0.221 -0.0105331 100
1.63297 -0.1981 -0.0105454 100
1.63357 -0.175 -0.0105493 100
1.63487 -0.1521 -0.0105576 100
1.63687 -0.1293 -0.0105706 100
1.64047 -0.1066 -0.0105938 100
1.64087 -0.0836 -0.0105964 100
1.64087 -0.0607 -0.0105964 100
1.64457 -0.0379 -0.0106203 100
1.67086 0.0137 0.0113734 100
1.67356 0.0371 0.0113917 100
1.67386 0.0605 0.0113938 100
1.67486 0.0839 0.0114006 100
1.67756 0.1076 0.011419 100
1.68186 0.1314 0.0114482 100
1.68086 0.155 0.0114414 100
1.68346 0.1789 0.0114591 100
1.65646 -0.3191 0.0112754 32
1.65096 -0.2942 0.0112379 100
1.65296 -0.2708 0.0112515 100
1.65356 -0.2473 0.0112556 100
1.65586 -0.2241 0.0112713 100
1.65686 -0.2007 0.0112781 100
1.65746 -0.1774 0.0112822 100
1.65986 -0.1542 0.0112985 100
1.66276 -0.1311 0.0113182 100
1.66346 -0.1078 0.011323 100
1.66586 -0.0846 0.0113393 100
1.66786 -0.0614 0.0113529 100
1.66756 -0.0381 0.0113509 100
1.66879 0.0186 0.0192239 100
1.67439 0.0421 0.0192884 100
1.67659 0.0656 0.0193138 100
1.67649 0.0891 0.0193126 100
1.67809 0.1128 0.019331 100
1.68039 0.1365 0.0193575 100
1.68819 0.1609 0.0194474 100
1.64629 -0.3189 0.0189647 100
1.64669 -0.2951 0.0189694 100
1.64869 -0.2718 0.0189924 100
1.65029 -0.2484 0.0190108 100
1.65159 -0.225 0.0190258 100
1.65459 -0.2019 0.0190604 100
1.65829 -0.1789 0.019103 100
1.66159 -0.1558 0.019141 100
1.66459 -0.1326 0.0191755 100
1.66629 -0.1093 0.0191951 100
1.66569 -0.0859 0.0191882 100
1.66669 -0.0626 0.0191997 100
1.66839 -0.0393 0.0192193 100
1.69437 0.005 0.0461443 100
1.69917 0.0288 0.046275 100
1.70157 0.0526 0.0463403 100
1.70467 0.0765 0.0464247 100
1.70637 0.1005 0.046471 100
1.70787 0.1245 0.0465118 100
1.71486 0.1491 0.0467024 100
1.67428 -0.3081 0.0455971 100
1.67738 -0.2846 0.0456815 100
1.68028 -0.261 0.0457604 100
1.68278 -0.2373 0.0458285 100
1.68488 -0.2137 0.0458857 100
1.68767 -0.1902 0.0459619 100
1.68817 -0.1664 0.0459755 100
1.69037 -0.1428 0.0460354 100
1.69217 -0.1192 0.0460844 100
1.69367 -0.0956 0.0461252 100
1.69387 -0.0719 0.0461307 100
1.69467 -0.0482 0.0461525 100
1.69617 -0.0246 0.0461933 100
1.69698 0.0148 0.055998 100
1.69768 0.0386 0.0560211 100
1.69798 0.0623 0.056031 100
1.69888 0.0862 0.0560607 100
1.70247 0.1102 0.0561794 100
1.70477 0.1343 0.0562553 100
1.71367 0.1592 0.0565488 100
1.67609 -0.3077 0.0553087 100
1.67629 -0.2836 0.0553153 100
1.67909 -0.26 0.0554076 100
1.68158 -0.2363 0.0554901 100
1.68368 -0.2127 0.0555594 100
1.68648 -0.1891 0.0556517 100
1.68998 -0.1656 0.0557671 100
1.69018 -0.1418 0.0557737 100
1.68998 -0.118 0.0557671 100
1.69048 -0.0943 0.0557836 100
1.69158 -0.0707 0.0558199 100
1.69638 -0.0471 0.0559782 100
1.72092 0.0099 0.060998 100
1.72362 0.034 0.0610936 100
1.72592 0.0582 0.0611751 100
1.72692 0.0824 0.0612105 100
1.72762 0.1067 0.0612353 100
1.72891 0.131 0.0612814 100
1.73291 0.1557 0.0614231 100
1.7465 0.1816 0.0619048 100
1.70053 -0.3229 0.0602754 100
1.70003 -0.2982 0.0602577 100
1.70203 -0.2741 0.0603285 100
1.70563 -0.2503 0.060456 100
1.71202 -0.2025 0.0606827 100
1.71362 -0.1785 0.0607394 100
1.71502 -0.1544 0.060789 100
1.71502 -0.1303 0.060789 100
1.71562 -0.1062 0.0608103 100
1.71692 -0.0822 0.0608563 100
1.71692 -0.0582 0.0608563 100
1.71562 -0.0342 0.0608103 100
1.72272 0.0135 0.0866664 100
1.72342 0.0377 0.0867016 100
1.72572 0.0618 0.0868172 100
1.72672 0.0861 0.0868674 100
1.72732 0.1103 0.0868976 100
1.73161 0.1349 0.0871136 100
1.74639 0.1607 0.0878572 100
1.70135 -0.324 0.0855912 100
1.70175 -0.2995 0.0856113 100
1.70375 -0.2754 0.0857118 100
1.70644 -0.2514 0.0858474 100
1.70784 -0.2272 0.0859178 100
1.70884 -0.2031 0.085968 100
1.71154 -0.1792 0.0861037 100
1.71283 -0.1552 0.086169 100
1.71483 -0.1312 0.0862695 100
1.71653 -0.1072 0.0863549 100
1.71783 -0.0832 0.0864202 100
1.71883 -0.0592 0.0864705 100
1.71943 -0.0352 0.0865006 100
1.74977 0.0098 0.121742 100
1.75346 0.0343 0.121999 100
1.75675 0.059 0.122228 100
1.75775 0.0836 0.122297 100
1.75845 0.1083 0.122346 100
1.75875 0.133 0.122367 100
1.76264 0.1581 0.122637 100
1.72543 -0.3205 0.120049 100
1.73062 -0.2965 0.120409 100
1.73461 -0.2723 0.120687 100
1.73431 -0.2474 0.120666 100
1.73062 -0.2223 0.120409 100
1.72962 -0.1976 0.12034 100
1.73221 -0.1734 0.12052 100
1.73341 -0.1491 0.120604 100
1.7353 -0.1248 0.120736 100
1.7359 -0.1005 0.120777 100
1.7361 -0.0762 0.120791 100
1.74099 -0.052 0.121131 100
1.74857 -0.0278 0.121659 100
1.75202 0.0218 0.130813 100
1.75352 0.0464 0.130924 100
1.75571 0.0711 0.131088 100
1.75751 0.0958 0.131222 100
1.75701 0.1205 0.131185 100
1.7601 0.1455 0.131416 100
1.72739 -0.3113 0.128974 100
1.73058 -0.2869 0.129212 100
1.73347 -0.2625 0.129428 100
1.73397 -0.2378 0.129465 100
1.73318 -0.213 0.129406 100
1.73098 -0.1881 0.129242 100
1.73148 -0.1636 0.129279 100
1.73357 -0.1394 0.129435 100
1.73537 -0.1151 0.129569 100
1.73776 -0.0908 0.129748 100
1.73986 -0.0665 0.129904 100
1.74165 -0.0421 0.130038 100
1.77592 0.0016 0.189478 100
1.7797 0.0265 0.189881 100
1.78417 0.0516 0.190358 100
1.78527 0.0766 0.190475 100
1.78696 0.1018 0.190655 100
1.78736 0.127 0.190698 100
1.79143 0.1525 0.191133 100
1.75842 -0.3247 0.18761 100
1.75981 -0.2996 0.187759 100
1.7628 -0.2747 0.188077 100
1.76449 -0.2497 0.188258 100
1.76677 -0.2249 0.188502 100
1.76578 -0.1996 0.188396 100
1.76439 -0.1745 0.188247 100
1.76568 -0.1497 0.188385 100
1.76558 -0.1248 0.188374 100
1.76816 -0.1001 0.18865 100
1.77334 -0.0755 0.189202 100
1.77721 -0.0507 0.189616 100
1.7787 -0.0259 0.189775 100
1.78164 0.0128 0.182858 100
1.78323 0.0379 0.183021 100
1.78552 0.063 0.183256 100
1.78841 0.0883 0.183552 100
1.78701 0.1134 0.183409 100
1.78731 0.1386 0.18344 100
1.75926 -0.3072 0.18056 100
1.76145 -0.2821 0.180785 100
1.76513 -0.2574 0.181163 100
1.76562 -0.2322 0.181214 100
1.76473 -0.2069 0.181122 100
1.76344 -0.1817 0.180989 100
1.76483 -0.1568 0.181132 100
1.7698 -0.1323 0.181643 100
1.77348 -0.1075 0.18202 100
1.77279 -0.0825 0.181949 100
1.77378 -0.0576 0.182051 100
1.77736 -0.0328 0.182419 100
1.80904 0.0092 0.199401 100
1.81173 0.0347 0.199697 100
1.81302 0.0602 0.199839 100
1.81898 0.086 0.200496 49
1.7833 -0.3117 0.196563 100
1.78549 -0.2863 0.196804 100
1.78837 -0.2611 0.197122 100
1.79274 -0.236 0.197604 100
1.79394 -0.2106 0.197735 100
1.79075 -0.1847 0.197385 100
1.79016 -0.1593 0.197319 100
1.79016 -0.1339 0.197319 100
1.79185 -0.1088 0.197505 100
1.79622 -0.0837 0.197987 100
1.8002 -0.0585 0.198426 100
1.80477 -0.0333 0.19893 100
1.8068 0.0035 0.210332 100
1.80461 0.0289 0.210078 100
1.80402 0.0543 0.210008 100
1.806 0.0798 0.21024 100
1.80581 0.1053 0.210216 50
1.80809 0.131 0.210482 37
1.78256 -0.3088 0.207511 48
1.78773 -0.2839 0.208112 100
1.7924 -0.2588 0.208655 100
1.79488 -0.2334 0.208945 100
1.79299 -0.2076 0.208725 100
1.79081 -0.1818 0.20847 100
1.7911 -0.1564 0.208505 100
1.7921 -0.1311 0.208621 100
1.79379 -0.1059 0.208817 100
1.79607 -0.0806 0.209083 100
1.79706 -0.0554 0.209199 100
1.79865 -0.0301 0.209384 100
