2.49232 0.0009 -0.358705 99
2.50786 0.0362 -0.360941 99
2.55567 0.0729 -0.367822 99
2.25526 -0.2829 -0.324586 31
2.29139 -0.2547 -0.329786 99
2.30554 -0.2235 -0.331823 99
2.33306 -0.193 -0.335783 99
2.35919 -0.1618 -0.339544 99
2.38493 -0.1299 -0.343248 99
2.41125 -0.0973 -0.347037 99
2.44006 -0.0641 -0.351183 99
2.47708 0.0275 -0.328753 99
2.51614 0.0635 -0.333937 99
2.56055 0.1008 -0.339831 99
2.26861 -0.2578 -0.301085 80
2.30162 -0.2287 -0.305466 99
2.31341 -0.1969 -0.307032 99
2.34068 -0.166 -0.31065 99
2.36744 -0.1343 -0.314202 99
2.39579 -0.102 -0.317965 99
2.42375 -0.0689 -0.321675 99
2.4523 -0.0351 -0.325464 99
2.49506 0.0013 -0.299727 99
2.51164 0.0363 -0.301718 99
2.56158 0.0726 -0.307718 99
2.34444 -0.29 -0.281633 68
2.27415 -0.2492 -0.273189 99
2.31585 -0.2212 -0.278198 99
2.33154 -0.1901 -0.280083 99
2.35874 -0.1593 -0.283351 99
2.38446 -0.1277 -0.28644 99
2.40977 -0.0955 -0.289481 99
2.43767 -0.0626 -0.292833 99
2.47176 0.0321 -0.282058 99
2.51875 0.0682 -0.287421 99
2.56615 0.1057 -0.292829 99
2.30514 -0.2637 -0.263045 71
2.30752 -0.2311 -0.263317 99
2.30951 -0.1985 -0.263544 99
2.33683 -0.1677 -0.266662 99
2.36475 -0.1363 -0.269848 99
2.39128 -0.104 -0.272875 99
2.41533 -0.071 -0.275619 99
2.44285 -0.0374 -0.278759 99
2.49042 0.0101 -0.260435 99
2.51986 0.0455 -0.263514 99
2.53488 0.0813 -0.265084 99
2.27977 -0.2425 -0.238406 99
2.31657 -0.2137 -0.242255 99
2.33119 -0.1821 -0.243784 99
2.35834 -0.151 -0.246623 99
2.38301 -0.1191 -0.249202 99
2.41036 -0.0866 -0.252063 99
2.43711 -0.0534 -0.254861 99
2.49455 0.0087 -0.239319 99
2.52501 0.0444 -0.242241 99
2.54103 0.0804 -0.243778 99
2.27754 -0.2447 -0.2185 99
2.31836 -0.2161 -0.222416 99
2.33398 -0.1845 -0.223915 99
2.36126 -0.1533 -0.226531 99
2.38495 -0.1212 -0.228804 99
2.41033 -0.0885 -0.23124 99
2.4392 -0.0553 -0.234009 99
2.48394 0.027 -0.211202 99
2.52708 0.0629 -0.21487 99
2.57381 0.1001 -0.218844 99
2.27569 -0.2627 -0.193495 34
2.30688 -0.2336 -0.196147 99
2.31893 -0.202 -0.197172 99
2.34534 -0.1712 -0.199417 99
2.37334 -0.1398 -0.201798 99
2.40193 -0.1078 -0.204229 99
2.42904 -0.0749 -0.206534 99
2.45385 -0.0413 -0.208643 99
2.50718 0.0118 -0.184996 99
2.53571 0.0475 -0.187101 99
2.55067 0.0835 -0.188204 99
2.27711 -0.2508 -0.16802 99
2.3191 -0.2226 -0.171118 99
2.33485 -0.1912 -0.17228 99
2.36018 -0.16 -0.174149 99
2.38611 -0.1283 -0.176063 99
2.41354 -0.0959 -0.178086 99
2.43957 -0.0628 -0.180007 99
2.50723 0.0127 -0.154667 99
2.5227 0.0481 -0.155621 99
2.56772 0.0849 -0.158398 99
2.28536 -0.2467 -0.140979 99
2.32239 -0.2179 -0.143264 99
2.33716 -0.1863 -0.144175 99
2.36241 -0.1551 -0.145733 99
2.38726 -0.1232 -0.147266 99
2.41371 -0.0908 -0.148898 99
2.44166 -0.0576 -0.150622 99
2.50839 0.018 -0.132776 99
2.53984 0.0537 -0.134441 99
2.55382 0.0897 -0.135181 99
2.28201 -0.2517 -0.120793 79
2.32205 -0.2233 -0.122913 99
2.33883 -0.192 -0.123801 99
2.36419 -0.1609 -0.125143 99
2.39015 -0.1291 -0.126518 99
2.41772 -0.0968 -0.127977 99
2.44278 -0.0636 -0.129303 99
2.48358 0.0273 -0.104961 99
2.52994 0.0632 -0.106921 99
2.5777 0.1005 -0.108939 99
2.30464 -0.2291 -0.097399 99
2.33741 -0.1994 -0.098784 99
2.349 -0.1673 -0.0992738 99
2.37798 -0.136 -0.100498 99
2.40665 -0.1039 -0.10171 99
2.43383 -0.071 -0.102859 99
2.4605 -0.0374 -0.103986 99
2.5073 0.0066 -0.0923767 99
2.53788 0.0422 -0.0935033 99
2.55207 0.0782 -0.0940261 99
2.28885 -0.2498 -0.0843282 99
2.32792 -0.2211 -0.0857678 99
2.34281 -0.1894 -0.0863164 99
2.37009 -0.1583 -0.0873215 99
2.39607 -0.1263 -0.0882788 99
2.42156 -0.0937 -0.0892177 99
2.45164 -0.0605 -0.0903259 99
2.50819 0.0298 -0.0551669 99
2.55548 0.0661 -0.056207 99
2.60227 0.1037 -0.0572361 99
2.29634 -0.2453 -0.0505074 99
2.33544 -0.2165 -0.0513672 99
2.35013 -0.1848 -0.0516904 99
2.37842 -0.1536 -0.0523127 99
2.40732 -0.1217 -0.0529482 99
2.43581 -0.089 -0.0535749 99
2.4618 -0.0555 -0.0541466 99
2.48878 0.0152 -0.0330144 99
2.53428 0.0509 -0.0336179 99
2.58327 0.088 -0.0342678 99
2.2929 -0.2615 -0.0304159 67
2.3252 -0.2323 -0.0308444 99
2.33919 -0.2008 -0.0310301 99
2.36469 -0.1697 -0.0313683 99
2.39179 -0.1381 -0.0317278 99
2.41949 -0.1057 -0.0320952 99
2.44768 -0.0727 -0.0324692 99
2.47548 -0.0389 -0.032838 99
2.52389 0.026 -0.00572654 99
2.54119 0.0618 -0.00576579 99
2.59609 0.0995 -0.00589036 99
2.30979 -0.2274 -0.00524076 99
2.34469 -0.1978 -0.00531995 99
2.35919 -0.1658 -0.00535285 99
2.38619 -0.1341 -0.00541411 99
2.41389 -0.1018 -0.00547696 99
2.44399 -0.0688 -0.00554526 99
2.49188 0.017 -0.0108729 99
2.53648 0.0527 -0.0110675 99
2.58638 0.0899 -0.0112853 99
2.29348 -0.258 -0.0100072 75
2.32978 -0.2291 -0.0101656 99
2.34268 -0.1974 -0.0102219 99
2.37118 -0.1664 -0.0103463 99
2.39718 -0.1346 -0.0104597 99
2.42188 -0.102 -0.0105675 99
2.44998 -0.0689 -0.0106901 99
2.47878 -0.0351 -0.0108158 99
2.51473 0.0149 0.0368705 99
2.54323 0.0506 0.0372883 99
2.55922 0.0867 0.0375229 99
2.30305 -0.2421 0.0337669 64
2.33505 -0.2126 0.0342361 99
2.34685 -0.1806 0.034409 99
2.37504 -0.1495 0.0348225 99
2.40184 -0.1175 0.0352154 99
2.42624 -0.0847 0.0355731 99
2.45324 -0.0514 0.0359689 99
2.51526 0.0013 0.0610324 99
2.54495 0.037 0.0617528 99
2.56025 0.0731 0.062124 99
2.30532 -0.2455 0.0559382 99
2.34131 -0.2162 0.0568115 99
2.35511 -0.1843 0.0571463 99
2.3844 -0.153 0.057857 99
2.41229 -0.1209 0.0585338 99
2.43968 -0.088 0.0591985 99
2.46767 -0.0544 0.0598777 99
2.50433 0.0206 0.0887659 99
2.5518 0.0567 0.0904485 99
2.60167 0.0943 0.0922161 99
2.30195 -0.2596 0.0815928 76
2.33224 -0.23 0.0826661 99
2.34423 -0.198 0.0830912 99
2.37061 -0.1668 0.0840264 99
2.3947 -0.1348 0.08488 99
2.42028 -0.1022 0.0857869 99
2.44946 -0.0691 0.0868212 99
2.47924 -0.0352 0.0878768 99
2.51043 0.0206 0.111364 99
2.55589 0.0567 0.11338 99
2.59874 0.094 0.115281 99
2.29764 -0.273 0.101924 78
2.32801 -0.2437 0.103272 99
2.3401 -0.2119 0.103808 99
2.36577 -0.1809 0.104947 99
2.39095 -0.1493 0.106064 99
2.41882 -0.1171 0.1073 99
2.44819 -0.0843 0.108603 99
2.48006 -0.0507 0.110017 99
2.51779 0.0031 0.145616 99
2.54844 0.0388 0.147388 99
2.56461 0.0749 0.148324 99
2.30684 -0.2479 0.133416 99
2.34289 -0.2187 0.1355 99
2.35666 -0.1867 0.136297 99
2.38402 -0.1553 0.137879 99
2.41287 -0.1233 0.139548 99
2.44022 -0.0905 0.14113 99
2.47017 -0.057 0.142862 99
2.51628 0.0352 0.16669 99
2.56538 0.0718 0.169942 99
2.61896 0.1099 0.173492 99
2.30774 -0.2476 0.152875 99
2.34376 -0.2184 0.155262 99
2.35743 -0.1865 0.156167 99
2.38378 -0.1551 0.157912 99
2.41161 -0.1231 0.159756 99
2.43995 -0.0904 0.161634 99
2.47088 -0.057 0.163683 99
2.51065 0.0088 0.178645 99
2.54217 0.0445 0.180887 99
2.55624 0.0806 0.181888 99
2.30517 -0.2358 0.164024 99
2.34397 -0.2066 0.166785 99
2.35864 -0.1746 0.167828 99
2.38367 -0.143 0.169609 99
2.4114 -0.1107 0.171582 99
2.43863 -0.0778 0.17352 99
2.46636 -0.0441 0.175493 99
2.51501 0.0207 0.211633 99
2.54441 0.0566 0.214107 99
2.55726 0.0927 0.215189 99
2.30057 -0.2478 0.193589 80
2.33256 -0.2183 0.19628 99
2.34631 -0.1865 0.197437 99
2.37162 -0.1551 0.199567 99
2.39842 -0.1231 0.201823 99
2.42373 -0.0904 0.203953 99
2.44865 -0.057 0.206049 99
2.50714 0.0321 0.271478 99
2.55815 0.0688 0.277 99
2.61153 0.107 0.282781 99
2.30701 -0.2414 0.249807 99
2.34579 -0.2121 0.254006 99
2.35941 -0.1799 0.25548 99
2.38744 -0.1483 0.258516 99
2.4121 -0.1158 0.261186 99
2.43835 -0.0828 0.264028 99
2.47006 -0.0491 0.267462 99
2.52759 0.0058 0.279495 99
2.5601 0.0418 0.283089 99
2.57212 0.0781 0.284419 99
2.29948 -0.259 0.254272 99
2.33755 -0.2301 0.258481 99
2.35236 -0.1983 0.260119 99
2.3787 -0.1669 0.263031 99
2.40554 -0.1349 0.265999 99
2.43406 -0.1022 0.269153 99
2.46299 -0.0688 0.272351 99
2.52799 0.0253 0.301445 99
2.55718 0.0615 0.304926 99
2.57198 0.0979 0.30669 99
2.31182 -0.2247 0.275668 99
2.35234 -0.1954 0.280499 99
2.36663 -0.1633 0.282204 99
2.39344 -0.1314 0.285401 99
2.42284 -0.099 0.288906 99
2.4557 -0.0659 0.292825 99
2.50647 0.0181 0.320642 99
2.55954 0.0545 0.327431 99
2.60914 0.0923 0.333775 99
2.29738 -0.2717 0.293893 68
2.32952 -0.2423 0.298005 99
2.34152 -0.2103 0.29954 99
2.36701 -0.1791 0.302801 99
2.39498 -0.1473 0.306379 99
2.42355 -0.1148 0.310034 99
2.45271 -0.0816 0.313765 99
2.48029 -0.0476 0.317292 99
2.51898 0.0204 0.369275 99
2.5353 0.0563 0.371668 99
2.5827 0.0938 0.378616 99
2.31674 -0.2216 0.339628 99
2.35018 -0.1914 0.34453 99
2.36344 -0.159 0.346474 99
2.39213 -0.1271 0.35068 99
2.42231 -0.0944 0.355104 99
2.4511 -0.0609 0.359325 99
2.52083 0.0169 0.38394 99
2.53625 0.0528 0.386289 99
2.58262 0.0903 0.393351 99
2.29681 -0.2527 0.349821 54
2.32766 -0.2229 0.354519 99
2.34031 -0.1908 0.356446 99
2.36641 -0.1593 0.360421 99
2.3931 -0.1272 0.364486 99
2.42029 -0.0944 0.368627 99
2.45094 -0.061 0.373295 99
2.30571 -0.2531 0.382949 43
2.33649 -0.2231 0.388061 99
2.34922 -0.1908 0.390175 99
2.37615 -0.1592 0.394647 99
2.39095 -0.1262 0.397105 99
2.43287 -0.0939 0.404068 98
2.30035 -0.2452 0.396099 99
2.33977 -0.2159 0.402886 99
2.35425 -0.1837 0.405381 99
2.36746 -0.1511 0.407655 99
2.40077 -0.1191 0.41339 99
