2.6146 0.1411 0.1372 6
2.6381 0.1415 0.2311 13
2.6347 0.139 -0.1383 12
2.616 0.1371 -0.0457 10
2.6282 0.1336 0.0459 17
2.631 0.1333 0.1381 19
2.6406 0.1328 0.2313 20
2.6151 0.1306 0.3215 14
2.6232 0.1292 -0.1376 17
2.6344 0.1293 -0.046 20
2.6127 0.1241 0.0457 18
2.6135 0.1233 0.1371 18
2.6191 0.1226 0.2294 18
2.6175 0.1221 0.3217 17
2.6156 0.1201 -0.1372 18
2.6069 0.1188 -0.0456 18
2.6131 0.1145 0.0457 19
2.6139 0.1137 0.1371 18
2.6076 0.1129 0.2283 18
2.61 0.1121 0.3208 17
2.6161 0.1106 -0.1372 18
2.6113 0.1094 -0.0456 20
2.6055 0.1051 0.0455 19
2.6004 0.104 0.1364 17
2.61 0.1039 0.2285 17
2.6024 0.1027 0.3198 17
2.6045 0.101 -0.1366 18
2.6057 0.1001 -0.0455 21
2.6058 0.096 0.0455 19
2.5767 0.0945 0.1351 17
2.6063 0.0947 0.2282 18
2.5988 0.0935 0.3193 17
2.6008 0.0917 -0.1364 18
2.594 0.091 -0.0453 18
2.5941 0.087 0.0453 19
2.5731 0.0854 0.1349 17
2.5927 0.0851 0.227 18
2.5951 0.0847 0.3188 17
2.6011 0.0831 -0.1364 18
2.5703 0.0812 -0.0449 19
2.5864 0.0777 0.0452 19
2.5773 0.0769 0.1351 19
2.579 0.0761 0.2257 17
2.5894 0.0755 0.3181 18
2.5934 0.0738 -0.136 18
2.5706 0.0727 -0.0449 19
2.5667 0.0686 0.0448 19
2.5736 0.0678 0.1349 17
2.5793 0.0671 0.2257 18
2.5718 0.0664 0.3159 18
2.5776 0.0648 -0.1351 18
2.5668 0.0636 -0.0448 18
2.5669 0.0596 0.0448 20
2.5538 0.0584 0.1339 17
2.5775 0.0585 0.2256 18
2.5562 0.0571 0.3139 17
2.5659 0.0555 -0.1345 19
2.559 0.0545 -0.0447 17
2.5591 0.0505 0.0447 19
2.542 0.0493 0.1332 17
2.5777 0.0495 0.2256 18
2.5583 0.0482 0.3142 19
2.5641 0.0465 -0.1344 20
2.5452 0.0453 -0.0444 18
2.5553 0.0415 0.0446 18
2.5342 0.0403 0.1328 17
2.5539 0.0401 0.2235 18
2.5486 0.0391 0.313 18
2.5562 0.0375 -0.134 19
2.5274 0.0362 -0.0441 16
2.5474 0.0325 0.0445 20
2.5303 0.0314 0.1326 17
2.5461 0.0311 0.2228 18
2.5487 0.0303 0.313 18
2.5523 0.0285 -0.1338 20
2.5315 0.0274 -0.0442 17
2.5355 0.0235 0.0443 19
2.5344 0.0226 0.1328 17
2.5422 0.0222 0.2224 18
2.5369 0.0213 0.3115 18
2.5424 0.0191 -0.1332 18
2.5275 0.0185 -0.0441 18
2.5356 0.0142 0.0443 18
2.5265 0.0132 0.1324 17
2.5423 0.0129 0.2224 19
2.521 0.0119 0.3095 17
2.5285 0.0097 -0.1325 20
2.5216 0.0092 -0.044 18
2.5196 0.0048 0.044 19
2.5026 0.0039 0.1312 17
2.5383 0.0035 0.2221 18
2.5171 0.0026 0.3091 18
2.5285 0.0004 -0.1325 19
2.5136 0 -0.0439 18
2.5276 -0.0044 0.0441 19
2.5086 -0.0053 0.1315 18
2.5263 -0.0057 0.221 19
2.5211 -0.0066 0.3095 17
2.5205 -0.0088 -0.1321 21
2.5016 -0.0092 -0.0437 18
2.5156 -0.0119 0.0439 19
2.4985 -0.0126 0.1309 17
2.5124 -0.0132 0.2198 19
2.5131 -0.014 0.3086 17
2.5105 -0.0158 -0.1316 18
2.4916 -0.0165 -0.0435 19
2.5035 -0.0205 0.0437 20
2.4945 -0.0213 0.1307 17
2.5043 -0.0219 0.2191 19
2.5011 -0.0227 0.3071 18
2.5144 -0.0246 -0.1318 19
2.4955 -0.0253 -0.0436 19
2.5034 -0.0293 0.0437 19
2.4864 -0.0299 0.1303 17
2.5102 -0.0307 0.2196 20
2.4851 -0.0312 0.3052 17
2.4864 -0.033 -0.1303 19
2.4954 -0.034 -0.0436 21
2.4993 -0.038 0.0436 20
2.4763 -0.0385 0.1298 18
2.5001 -0.0397 0.2188 19
2.487 -0.0399 0.3054 20
2.4822 -0.042 -0.1301 19
2.4893 -0.0426 -0.0435 20
2.4912 -0.047 0.0435 21
2.4702 -0.047 0.1295 19
2.502 -0.0485 0.2189 20
2.4809 -0.0489 0.3047 17
2.4841 -0.0507 -0.1302 20
2.4791 -0.0511 -0.0433 22
2.483 -0.055 0.0434 20
2.468 -0.0556 0.1294 18
2.4799 -0.0567 0.217 21
2.4827 -0.0572 0.3049 21
2.4839 -0.059 -0.1302 20
2.4709 -0.0595 -0.0431 22
2.4668 -0.0633 0.0431 21
2.4678 -0.0638 0.1294 18
2.4737 -0.0648 0.2165 19
2.4686 -0.0655 0.3032 17
2.4657 -0.0672 -0.1293 19
2.4707 -0.0677 -0.0431 22
2.4626 -0.0714 0.043 21
2.4576 -0.0721 0.1289 18
2.4755 -0.0735 0.2167 21
2.4525 -0.0732 0.3013 18
2.4535 -0.075 -0.1286 18
2.4704 -0.0763 -0.0431 22
2.4603 -0.0799 0.043 22
2.4453 -0.0798 0.1282 21
2.4712 -0.0815 0.2163 21
2.4482 -0.0816 0.3008 18
2.4572 -0.0837 -0.1289 19
2.4602 -0.0842 -0.043 23
2.4561 -0.0879 0.0429 22
2.445 -0.0884 0.1282 19
2.453 -0.0895 0.2148 18
2.4519 -0.0899 0.3013 18
2.4549 -0.0917 -0.1287 20
2.4259 -0.0915 -0.0424 18
2.4437 -0.0964 0.0427 22
2.4447 -0.0973 0.1282 19
2.4467 -0.0978 0.2142 21
2.4516 -0.0989 0.3013 18
2.4486 -0.1005 -0.1284 18
2.4375 -0.1009 -0.0426 21
2.4334 -0.1045 0.0425 21
2.4284 -0.1052 0.1274 19
2.4364 -0.1059 0.2134 18
2.4393 -0.1069 0.2998 18
2.4402 -0.1087 -0.128 18
2.4472 -0.1098 -0.0428 23
2.435 -0.1131 0.0425 22
2.428 -0.1132 0.1274 21
2.434 -0.1144 0.2132 19
2.4231 -0.1147 0.2978 18
2.4239 -0.1164 -0.1272 19
2.4188 -0.1166 -0.0423 18
2.4306 -0.121 0.0425 22
2.4077 -0.1207 0.1263 21
2.4217 -0.1223 0.2121 19
2.4286 -0.123 0.2986 19
2.4155 -0.1241 -0.1268 18
2.4344 -0.1259 -0.0425 23
2.4222 -0.1291 0.0423 22
2.4072 -0.1291 0.1263 19
2.4272 -0.1306 0.2127 20
2.4203 -0.1311 0.2976 21
2.421 -0.1328 -0.1271 20
2.406 -0.1328 -0.0421 19
2.4117 -0.1369 0.0422 21
2.4008 -0.1372 0.126 18
2.4009 -0.138 0.2104 19
2.4119 -0.1391 0.2966 19
2.4205 -0.1417 -0.1271 19
2.4075 -0.1413 -0.0421 21
2.3993 -0.1451 0.042 23
2.3983 -0.1454 0.1259 21
2.4083 -0.1469 0.2111 21
2.4054 -0.1475 0.2959 19
2.412 -0.1496 -0.1267 19
2.411 -0.15 -0.0422 22
2.3968 -0.1529 0.0419 21
2.3938 -0.1535 0.1257 19
2.4018 -0.1549 0.2106 20
2.3851 -0.1542 0.2935 19
2.3956 -0.1566 -0.1258 21
2.4044 -0.158 -0.0421 23
2.3922 -0.161 0.0419 22
2.3693 -0.1603 0.1245 21
2.3933 -0.1623 0.2099 18
2.3786 -0.1622 0.2927 20
2.391 -0.1647 -0.1256 21
2.376 -0.1645 -0.0416 19
2.3916 -0.1693 0.0419 22
2.3688 -0.1685 0.1245 21
2.3888 -0.1704 0.2095 19
2.38 -0.1706 0.293 18
2.3825 -0.1725 -0.1252 20
2.3694 -0.1723 -0.0415 17
2.3831 -0.1771 0.0417 22
2.3741 -0.1773 0.1248 20
2.3842 -0.1784 0.2092 19
2.3754 -0.1786 0.2925 23
2.3819 -0.1808 -0.1252 19
2.3747 -0.1811 -0.0416 23
2.3685 -0.1843 0.0415 23
2.3675 -0.1851 0.1245 21
2.3716 -0.1858 0.2081 18
2.3728 -0.1867 0.2922 19
2.3772 -0.1888 -0.125 21
2.3701 -0.189 -0.0415 19
2.3559 -0.1916 0.0413 21
2.3549 -0.192 0.1238 21
2.365 -0.1936 0.2076 19
2.3523 -0.1934 0.2898 20
2.3646 -0.1961 -0.1244 21
2.3615 -0.1962 -0.0414 20
2.3592 -0.1998 0.0413 21
2.3483 -0.1993 0.1235 20
2.3624 -0.2013 0.2074 19
2.3438 -0.2005 0.2888 19
2.364 -0.2039 -0.1244 22
2.3489 -0.203 -0.0412 20
2.3585 -0.2076 0.0413 21
2.3397 -0.2068 0.1231 20
2.3577 -0.2088 0.2071 20
2.347 -0.2086 0.2893 22
2.3593 -0.2114 -0.1241 22
2.3362 -0.2101 -0.0409 20
2.3518 -0.2153 0.0412 21
2.3409 -0.2151 0.1232 21
2.3491 -0.2163 0.2064 19
2.3463 -0.2168 0.2893 19
2.3546 -0.2193 -0.1239 22
2.3394 -0.2187 -0.041 20
2.3371 -0.2222 0.041 23
2.3362 -0.2229 0.123 21
2.3423 -0.2239 0.2059 19
2.3436 -0.2248 0.2891 24
2.3498 -0.2271 -0.1237 22
2.3426 -0.2272 -0.0411 18
2.3323 -0.2299 0.0409 21
2.3294 -0.2305 0.1227 22
2.3455 -0.2325 0.2062 22
2.3191 -0.2307 0.2861 19
2.3271 -0.2331 -0.1226 22
2.3259 -0.2338 -0.0408 21
2.3275 -0.2377 0.0408 20
2.3067 -0.2363 0.1215 21
2.3427 -0.2404 0.206 20
2.3163 -0.2385 0.2859 21
2.3303 -0.2416 -0.1228 24
2.3211 -0.2415 -0.0407 23
2.3307 -0.2462 0.0409 24
2.3079 -0.2446 0.1216 23
2.33 -0.2474 0.205 16
2.3314 -0.25 -0.1229 22
2.3123 -0.2487 -0.0406 20
2.3298 -0.2543 0.0409 5
