0.6107 0.1894 -0.1713 9
0.6121 0.185 -0.1713 9
0.6128 0.1828 -0.1713 9
0.614 0.1786 -0.1713 9
0.6146 0.1765 -0.1713 9
0.6524 0.1849 -0.1817 8
0.6791 0.19 -0.1889 8
0.6834 0.1886 -0.19 8
0.6729 0.1833 -0.1869 8
0.6698 0.18 -0.1858 16
0.6704 0.1777 -0.1858 16
0.6859 0.1793 -0.19 16
0.7523 0.1964 -0.1795 7
0.6604 0.1702 -0.1827 17
0.7193 0.1839 0.1714 3
0.6477 0.1653 0.1791 2
0.676 0.1715 -0.1869 16
0.7726 0.1959 -0.184 6
0.5731 0.1452 0.031 5
0.7275 0.1839 0.0921 6
0.7316 0.1847 0.1195 4
0.7158 0.1805 0.1435 4
0.7106 0.1789 0.1692 7
0.6838 0.172 0.1889 2
0.6728 0.1683 -0.1858 16
0.6228 0.1556 0.0112 6
0.743 0.1855 -0.1768 7
0.6821 0.1702 0.0368 4
0.7308 0.1822 0.0659 3
0.6935 0.1726 0.0877 6
0.6145 0.1529 -0.0778 7
0.7093 0.1763 0.1158 4
0.7309 0.1817 -0.0659 5
0.6878 0.1709 0.1378 9
0.7308 0.1814 -0.0395 6
0.6715 0.1665 0.1597 11
0.6774 0.1679 -0.0122 6
0.6732 0.1667 0.1858 7
0.6696 0.165 -0.1848 16
0.6893 0.1697 0.0124 5
0.6756 0.1662 -0.1606 9
0.675 0.1659 0.0364 4
0.7512 0.1846 -0.1504 8
0.7024 0.1725 0.0633 7
0.706 0.1733 -0.1151 9
0.6941 0.1702 0.0877 13
0.669 0.164 -0.0846 6
0.7214 0.1767 0.1176 9
0.7044 0.1725 -0.0634 6
0.698 0.1708 0.1397 9
0.7159 0.175 -0.0386 6
0.6758 0.1651 0.1606 11
0.678 0.1655 -0.0122 6
0.6925 0.169 0.191 7
0.6552 0.159 -0.1807 17
0.721 0.1748 0.0129 4
0.7178 0.1739 -0.1705 8
0.6658 0.1613 0.0359 8
0.6907 0.1672 -0.1381 10
0.6933 0.1677 0.0624 8
0.6912 0.1671 -0.1126 9
0.6831 0.165 0.0863 13
0.6464 0.156 -0.0817 6
0.6951 0.1678 0.1133 9
0.7089 0.171 -0.0638 6
0.6909 0.1665 0.1381 9
0.7204 0.1735 -0.0388 6
0.6669 0.1605 0.1584 11
0.6746 0.1623 -0.0121 6
0.6593 0.1585 0.1817 7
0.6558 0.1567 -0.1807 17
0.6943 0.1659 0.0125 5
0.707 0.1688 -0.1678 8
0.6916 0.165 0.0373 8
0.7028 0.1676 -0.1404 9
0.6803 0.1621 0.0612 8
0.6649 0.1584 -0.1083 10
0.6836 0.1627 0.0863 13
0.6856 0.1631 -0.0865 5
0.6726 0.1599 0.1095 10
0.6978 0.1657 -0.0628 6
0.6953 0.1651 0.1389 9
0.7151 0.1697 -0.0385 6
0.6731 0.1596 0.1597 11
0.648 0.1535 -0.0116 6
0.6523 0.1544 0.1796 7
0.6525 0.1536 -0.1796 17
0.6949 0.1635 0.0125 5
0.7076 0.1664 -0.1678 8
0.6611 0.1553 0.0356 8
0.711 0.167 -0.142 9
0.6925 0.1625 0.0622 8
0.6847 0.1606 -0.1114 9
0.688 0.1613 0.0868 13
0.6745 0.158 -0.0851 12
0.6847 0.1602 0.1114 9
0.6868 0.1607 -0.0617 6
0.6844 0.16 0.1366 9
0.7177 0.1677 -0.0386 6
0.6737 0.1573 0.1597 11
0.6602 0.154 -0.0118 6
0.6491 0.1513 0.1786 8
0.6568 0.1522 -0.1807 17
0.6994 0.162 0.0125 5
0.674 0.156 -0.1597 9
0.6636 0.1534 0.0357 8
0.7039 0.1628 -0.1404 9
0.6814 0.1574 0.0612 8
0.6698 0.1546 -0.1089 10
0.6828 0.1575 0.086 13
0.6712 0.1547 -0.0846 12
0.6891 0.1587 0.112 9
0.6873 0.1583 -0.0617 6
0.6735 0.155 0.1343 9
0.6832 0.1571 -0.0367 6
0.6666 0.1532 0.1579 12
0.6607 0.1517 -0.0118 6
0.6571 0.1507 0.1807 7
0.646 0.1474 -0.1775 18
0.6824 0.1555 0.0122 5
0.6859 0.1562 -0.1624 9
0.6582 0.1499 0.0354 8
0.7006 0.1594 -0.1397 9
0.6586 0.1498 0.0591 8
0.6549 0.1488 -0.1064 10
0.6737 0.1529 0.0848 14
0.6563 0.1489 -0.0826 12
0.6974 0.1582 0.1133 9
0.6898 0.1563 -0.0619 6
0.6702 0.1518 0.1336 10
0.7227 0.1635 -0.0388 6
0.6558 0.1483 0.1552 12
0.669 0.1513 -0.012 6
0.6576 0.1486 0.1807 7
0.6579 0.1476 -0.1807 17
0.6985 0.1568 0.0125 5
0.6941 0.1556 -0.1642 8
0.6665 0.1494 0.0358 8
0.6744 0.151 -0.1343 10
0.6591 0.1475 0.0591 8
0.6708 0.1501 -0.1089 10
0.6897 0.1542 0.0868 13
0.6606 0.1475 -0.0831 12
0.6748 0.1506 0.1095 10
0.6903 0.1539 -0.0619 6
0.6592 0.147 0.1313 10
0.6979 0.1555 -0.0375 6
0.6677 0.1486 0.1579 12
0.6598 0.1468 -0.0118 6
0.6582 0.1463 0.1807 7
0.6395 0.1413 -0.1755 18
0.6991 0.1543 0.0125 5
0.7022 0.1549 -0.166 8
0.6592 0.1453 0.0354 8
0.7055 0.1555 -0.1404 9
0.6655 0.1466 0.0596 8
0.6752 0.1486 -0.1095 10
0.6786 0.1492 0.0853 14
0.6456 0.1418 -0.0812 13
0.6599 0.1448 0.107 10
0.6675 0.1465 -0.0598 7
0.6635 0.1455 0.132 10
0.7043 0.1543 -0.0378 6
0.6606 0.1446 0.1561 12
0.6525 0.1427 -0.0117 6
0.6285 0.1374 0.1724 8
0.6513 0.1415 -0.1786 17
0.6937 0.1506 0.0124 5
0.678 0.1471 -0.1602 9
0.6558 0.1422 0.0352 8
0.6639 0.1439 -0.132 10
0.6621 0.1434 0.0593 8
0.641 0.1387 -0.1039 10
0.6636 0.1435 0.0834 14
0.6694 0.1446 -0.0841 12
0.6565 0.1417 0.1064 10
0.6505 0.1404 -0.0582 7
0.6679 0.144 0.1328 10
0.7029 0.1515 -0.0377 6
0.6649 0.1431 0.157 12
0.6275 0.135 -0.0112 6
0.6403 0.1376 0.1755 8
0.6329 0.1352 -0.1734 9
0.6786 0.1449 0.0121 5
0.6918 0.1476 -0.1633 8
0.6563 0.1399 0.0352 4
0.6912 0.1473 -0.1374 10
0.6704 0.1427 0.06 8
0.6531 0.1389 -0.1057 10
0.6641 0.1412 0.0834 14
0.6427 0.1365 -0.0807 13
0.6802 0.1443 0.1101 10
0.6899 0.1464 -0.0617 6
0.6741 0.1429 0.1339 9
0.6839 0.1449 -0.0366 6
0.6463 0.1368 0.1525 8
0.6476 0.1369 -0.0116 6
0.6408 0.1354 0.1755 8
0.6334 0.133 -0.1734 9
0.6537 0.1372 0.0117 5
0.6695 0.1403 -0.1579 9
0.6412 0.1343 0.0343 4
0.6764 0.1417 -0.1343 10
0.663 0.1388 0.0593 8
0.6574 0.1375 -0.1064 10
0.6568 0.1372 0.0824 15
0.6393 0.1334 -0.0802 6
0.6691 0.1395 0.1083 10
0.667 0.1391 -0.0596 7
0.6535 0.1362 0.1298 10
0.6863 0.1429 -0.0367 6
0.643 0.1337 0.1516 8
0.6226 0.1294 -0.0111 6
0.6412 0.1331 0.1755 8
0.6262 0.1293 -0.1713 9
0.6717 0.1386 0.012 5
0.6623 0.1365 -0.1561 9
0.6455 0.133 0.0345 9
0.6845 0.141 -0.1359 10
0.6479 0.1333 0.0579 9
0.6617 0.1361 -0.107 10
0.6592 0.1354 0.0826 15
0.6475 0.1329 -0.0812 6
0.6463 0.1326 0.1045 10
0.6519 0.1337 -0.0582 7
0.6635 0.136 0.1317 10
0.677 0.1386 -0.0362 7
0.6434 0.1316 0.1516 8
0.6348 0.1297 -0.0113 6
0.6303 0.1287 0.1724 8
0.6267 0.1272 -0.1713 9
0.6938 0.1406 0.0124 5
0.6761 0.1369 -0.1593 9
0.6538 0.1323 0.035 8
0.6696 0.1355 -0.1328 10
0.6405 0.1295 0.0572 9
0.6428 0.1299 -0.1039 10
0.6694 0.1351 0.0838 14
0.6402 0.1291 -0.0802 6
0.6429 0.1295 0.1039 11
0.6406 0.1291 -0.0572 7
0.6621 0.1333 0.1313 10
0.6462 0.1299 -0.0345 7
0.64 0.1286 0.1507 12
0.6195 0.1244 -0.011 6
0.6156 0.1235 0.1682 8
0.6347 0.1265 -0.1734 18
0.657 0.1308 0.0117 5
0.6651 0.1323 -0.1566 9
0.6308 0.1254 0.0337 4
0.6855 0.1362 -0.1359 10
0.6332 0.1257 0.0565 9
0.6317 0.1253 -0.102 11
0.6562 0.1301 0.0821 15
0.6484 0.1284 -0.0812 6
0.655 0.1296 0.1057 10
0.6684 0.1322 -0.0596 7
0.6414 0.1268 0.1271 10
0.6819 0.1346 -0.0364 7
0.6481 0.1279 0.1525 12
0.6141 0.121 -0.0109 6
0.6236 0.1228 0.1703 8
0.6389 0.125 -0.1744 9
0.6732 0.1316 0.012 5
0.6522 0.1274 -0.1534 9
0.6273 0.1224 0.0335 4
0.686 0.1338 -0.1359 10
0.6414 0.125 0.0572 9
0.6437 0.1254 -0.1039 10
0.6333 0.1232 0.0792 16
0.6216 0.1208 -0.0778 7
0.6593 0.128 0.1064 10
0.6572 0.1276 -0.0586 7
0.6341 0.123 0.1256 11
0.649 0.1258 -0.0346 7
0.6352 0.123 0.1494 8
0.6224 0.1204 -0.0111 6
0.624 0.1206 0.1703 8
0.6356 0.122 -0.1734 9
0.6579 0.1262 0.0117 5
0.6622 0.1269 -0.1557 9
0.6297 0.1206 0.0336 9
0.671 0.1285 -0.1328 10
0.634 0.1213 0.0565 9
0.6325 0.1209 -0.102 11
0.6571 0.1255 0.0821 15
0.6103 0.1164 -0.0763 7
0.652 0.1243 0.1051 10
0.6498 0.1238 -0.0579 7
0.6461 0.123 0.1278 10
0.6691 0.1273 -0.0357 7
0.6241 0.1186 0.1467 8
0.5992 0.1138 -0.0106 7
0.6244 0.1184 0.1703 8
0.6284 0.1184 -0.1713 9
0.6662 0.1254 0.0118 5
0.6607 0.1243 -0.1552 9
0.6183 0.1162 0.033 9
0.6676 0.1254 -0.132 10
0.6384 0.1198 0.0568 9
0.6446 0.1209 -0.1039 10
0.6302 0.1181 0.0787 16
0.6224 0.1165 -0.0778 7
0.6369 0.1191 0.1026 11
0.6502 0.1216 -0.0579 7
0.6504 0.1215 0.1286 10
0.6656 0.1242 -0.0355 7
0.6418 0.1196 0.1507 12
0.6075 0.1131 -0.0108 6
0.6173 0.1148 0.1682 8
0.6288 0.1162 -0.1713 9
0.6745 0.1245 0.012 5
0.6573 0.1212 -0.1543 9
0.6325 0.1166 0.0337 4
0.6371 0.1174 -0.1259 11
0.6309 0.1161 0.0561 9
0.6334 0.1165 -0.102 11
0.6423 0.118 0.0802 15
0.6072 0.1114 -0.0758 7
0.6392 0.1173 0.1029 11
0.6389 0.1171 -0.0568 7
0.6431 0.1178 0.1271 10
0.664 0.1215 -0.0354 7
0.6249 0.1142 0.1467 8
0.6019 0.11 -0.0107 7
0.6062 0.1107 0.1651 9
0.6178 0.1119 -0.1682 9
0.6395 0.1159 0.0113 5
0.6213 0.1125 -0.1458 10
0.6309 0.1141 0.0336 9
0.6839 0.1236 -0.1351 10
0.6274 0.1132 0.0558 9
0.6143 0.1109 -0.0989 11
0.631 0.1138 0.0787 16
0.6232 0.1122 -0.0778 7
0.6571 0.1182 0.1057 10
0.6393 0.1149 -0.0568 7
0.6396 0.115 0.1263 10
0.6664 0.1197 -0.0355 7
0.6253 0.1122 0.1467 8
0.6003 0.1076 -0.0106 7
0.6104 0.1093 0.1662 9
0.5877 0.1045 -0.16 10
0.6399 0.1136 0.0113 5
0.6294 0.1117 -0.1476 10
0.6293 0.1115 0.0335 4
0.6495 0.1151 -0.1282 11
0.62 0.1098 0.0551 9
0.6264 0.1108 -0.1007 11
0.6392 0.1129 0.0797 15
0.6119 0.108 -0.0763 7
0.6459 0.1139 0.1039 11
0.6161 0.1085 -0.0547 8
0.6284 0.1107 0.124 11
0.6275 0.1104 -0.0334 8
0.6276 0.1103 0.1471 8
0.5948 0.1045 -0.0105 7
0.6146 0.1078 0.1672 8
0.63 0.1096 -0.1713 9
0.6324 0.11 0.0112 6
0.6297 0.1095 -0.1476 10
0.6258 0.1087 0.0333 4
0.6499 0.1127 -0.1282 11
0.6361 0.1102 0.0565 9
0.6345 0.1098 -0.102 5
0.6357 0.11 0.0792 16
0.6044 0.1045 -0.0753 7
0.6287 0.1086 0.1011 5
0.6204 0.1071 -0.0551 7
0.6249 0.1077 0.1233 11
0.6515 0.1122 -0.0346 7
0.6107 0.1051 0.1431 9
0.609 0.1047 -0.0108 6
0.615 0.1057 0.1672 8
0.6189 0.1055 -0.1682 9
0.6643 0.1131 0.0118 5
0.6494 0.1104 -0.1521 10
0.638 0.1084 0.0339 4
0.6 0.1019 -0.1183 12
0.6109 0.1037 0.0542 9
0.6232 0.1056 -0.1001 5
0.6341 0.1074 0.079 16
0.6126 0.1036 -0.0763 7
0.6252 0.1056 0.1004 11
0.6562 0.1109 -0.0582 7
0.6446 0.1088 0.1271 10
0.6283 0.1059 -0.0334 8
0.6149 0.1036 0.144 9
0.5975 0.1005 -0.0106 7
0.6077 0.1021 0.1651 9
0.6193 0.1033 -0.1682 9
0.6529 0.1088 0.0116 5
0.6382 0.1062 -0.1494 10
0.6147 0.1022 0.0327 4
0.6507 0.1082 -0.1282 11
0.6172 0.1025 0.0547 9
0.6197 0.1028 -0.0995 11
0.6345 0.1052 0.079 16
0.6052 0.1002 -0.0753 7
0.6256 0.1035 0.1004 11
0.6172 0.1021 -0.0547 8
0.6334 0.1046 0.1248 11
0.6326 0.1044 -0.0336 7
0.6191 0.1021 0.1449 9
0.5821 0.0958 -0.0103 7
0.6043 0.0994 0.1641 9
0.6006 0.098 -0.1631 10
0.6533 0.1065 0.0116 5
0.6232 0.1015 -0.1458 10
0.619 0.1007 0.0329 4
0.6395 0.104 -0.1259 11
0.6096 0.0991 0.054 9
0.6357 0.1032 -0.102 5
0.629 0.102 0.0782 16
0.6133 0.0993 -0.0763 7
0.6299 0.1019 0.1011 11
0.6058 0.098 -0.0537 8
0.626 0.1012 0.1233 11
0.6605 0.1066 -0.0351 7
0.606 0.0977 0.1417 9
0.5903 0.0951 -0.0104 7
0.5894 0.0948 0.16 9
0.6086 0.0971 -0.1651 9
0.6418 0.1023 0.0113 5
0.6139 0.0978 -0.1435 10
0.6075 0.0967 0.0322 4
0.6398 0.1018 -0.1259 11
0.6021 0.0957 0.0533 10
0.6282 0.0997 -0.1007 11
0.6215 0.0985 0.0773 16
0.6137 0.0972 -0.0763 7
0.6166 0.0975 0.0989 5
0.6179 0.0978 -0.0547 8
0.6225 0.0984 0.1225 11
0.6451 0.1018 -0.0342 7
0.6025 0.095 0.1408 9
0.6064 0.0955 -0.0107 7
0.605 0.0952 0.1641 9
0.6089 0.095 -0.1651 9
0.6145 0.0958 0.0109 6
0.6027 0.0938 -0.1408 11
0.596 0.0928 0.0316 5
0.6285 0.0978 -0.1236 12
0.6005 0.0933 0.0532 5
0.6129 0.0951 -0.0982 11
0.6218 0.0964 0.0773 16
0.5905 0.0915 -0.0734 7
0.6286 0.0973 0.1007 5
0.6419 0.0993 -0.0568 7
0.6228 0.0962 0.1225 11
0.6257 0.0965 -0.0332 8
0.6028 0.093 0.1408 9
0.6067 0.0935 -0.0107 7
0.6015 0.0926 0.1631 9
0.5901 0.0901 -0.16 10
0.6346 0.0968 0.0112 6
0.6165 0.0939 -0.144 10
0.6121 0.0932 0.0324 4
0.6172 0.0939 -0.1214 12
0.6165 0.0937 0.0546 9
0.6172 0.0937 -0.0989 5
0.6241 0.0946 0.0775 16
0.5986 0.0907 -0.0743 7
0.6133 0.0929 0.0982 11
0.6068 0.0918 -0.0537 8
0.6115 0.0924 0.1202 11
0.6339 0.0956 -0.0336 7
0.6128 0.0925 0.1431 9
0.5675 0.0855 -0.01 7
0.5941 0.0894 0.161 9
0.5598 0.0836 -0.1517 10
0.6112 0.0911 0.0108 6
0.6303 0.0939 -0.1471 10
0.6124 0.0911 0.0324 4
0.6175 0.0918 -0.1214 12
0.5971 0.0887 0.0528 5
0.6057 0.0899 -0.097 6
0.6146 0.0911 0.0763 16
0.6068 0.0898 -0.0753 7
0.6058 0.0896 0.097 6
0.5952 0.088 -0.0526 8
0.6157 0.0909 0.121 11
0.6264 0.0924 -0.0332 8
0.6131 0.0903 0.1431 9
0.5599 0.0824 -0.0099 7
0.5772 0.0848 0.1563 9
0.5792 0.0844 -0.1568 10
0.6115 0.089 0.0108 6
0.5959 0.0866 -0.139 11
0.5969 0.0867 0.0316 5
0.6295 0.0914 -0.1236 12
0.6053 0.0878 0.0535 10
0.5982 0.0866 -0.0957 12
0.6228 0.0901 0.0773 16
0.5992 0.0866 -0.0743 7
0.612 0.0883 0.0979 5
0.5798 0.0836 -0.0512 8
0.6043 0.0871 0.1187 11
0.6069 0.0873 -0.0321 8
0.6115 0.0879 0.1426 9
0.576 0.0827 -0.0102 7
0.5775 0.0828 0.1563 9
0.5719 0.0813 -0.1548 10
0.6118 0.0869 0.0108 6
0.5962 0.0845 -0.139 11
0.5972 0.0846 0.0316 5
0.6298 0.0892 -0.1236 12
0.5977 0.0845 0.0528 10
0.6024 0.0851 -0.0964 6
0.6093 0.086 0.0756 17
0.5877 0.0828 -0.0729 7
0.6162 0.0867 0.0986 5
0.5406 0.0761 -0.0478 9
0.6046 0.085 0.1187 11
0.623 0.0875 -0.033 8
0.5886 0.0825 0.1372 9
0.5763 0.0807 -0.0102 7
0.5778 0.0808 0.1563 9
0.576 0.0798 -0.1558 10
0.6121 0.0847 0.0108 6
0.6042 0.0835 -0.1408 11
0.5777 0.0798 0.0306 5
0.6418 0.0886 -0.1259 11
0.5941 0.0819 0.0525 5
0.5832 0.0803 -0.0932 6
0.6116 0.0841 0.0758 17
0.5959 0.0818 -0.0739 7
0.5949 0.0816 0.0951 6
0.5764 0.0791 -0.0509 8
0.601 0.0823 0.1179 12
0.6115 0.0837 -0.0323 8
0.585 0.0799 0.1363 9
0.5607 0.0765 -0.0099 7
0.5934 0.0809 0.1605 9
0.5916 0.0799 -0.16 10
0.6124 0.0826 0.0108 6
0.6045 0.0814 -0.1408 11
0.5978 0.0804 0.0316 5
0.5954 0.0801 -0.1168 13
0.5805 0.078 0.0512 5
0.5913 0.0793 -0.0945 12
0.606 0.0812 0.0751 17
0.5962 0.0798 -0.0739 7
0.5972 0.0798 0.0954 6
0.6083 0.0812 -0.0537 8
0.613 0.0818 0.1202 11
0.6078 0.081 -0.0321 8
0.593 0.0789 0.1381 9
0.561 0.0746 -0.0099 7
0.586 0.0778 0.1584 9
0.588 0.0772 -0.1589 10
0.6543 0.0859 0.0115 5
0.6125 0.0803 -0.1426 11
0.5901 0.0773 0.0312 5
0.584 0.0764 -0.1145 13
0.5848 0.0764 0.0516 5
0.5994 0.0782 -0.0957 6
0.6181 0.0806 0.0765 16
0.6083 0.0792 -0.0753 7
0.5896 0.0767 0.0942 6
0.573 0.0744 -0.0506 8
0.5938 0.077 0.1164 12
0.6239 0.0808 -0.033 8
0.6126 0.0792 0.1426 9
0.5533 0.0716 -0.0097 7
0.5709 0.0737 0.1543 6
0.6113 0.0781 -0.1651 9
0.605 0.0772 0.0106 6
0.5973 0.0761 -0.139 11
0.6063 0.0771 0.032 4
0.6271 0.0798 -0.1229 12
0.591 0.0751 0.0521 10
0.6036 0.0766 -0.0964 6
0.6046 0.0766 0.0748 17
0.5888 0.0745 -0.0729 7
0.5919 0.0748 0.0945 6
0.597 0.0753 -0.0526 8
0.5824 0.0735 0.1141 12
0.6282 0.0791 -0.0332 8
0.5859 0.0737 0.1363 9
0.5694 0.0715 -0.01 7
0.5789 0.0726 0.1563 9
0.5847 0.0725 -0.1579 10
0.6251 0.0775 0.011 6
0.5821 0.0721 -0.1354 11
0.5748 0.0711 0.0304 5
0.6313 0.078 -0.1236 12
0.5833 0.0719 0.0514 5
0.596 0.0734 -0.0951 6
0.5989 0.0738 0.0741 17
0.597 0.0734 -0.0739 7
0.598 0.0734 0.0954 6
0.5972 0.0732 -0.0526 8
0.5827 0.0713 0.1141 12
0.6166 0.0754 -0.0326 8
0.5977 0.073 0.139 9
0.5617 0.0686 -0.0099 7
0.5791 0.0706 0.1563 9
0.5658 0.0683 -0.1527 10
0.5817 0.0701 0.0102 6
0.5862 0.0705 -0.1363 11
0.5632 0.0678 0.0297 5
0.6277 0.0754 -0.1229 12
0.6053 0.0726 0.0533 5
0.5884 0.0705 -0.0939 6
0.5834 0.0698 0.0721 18
0.5894 0.0704 -0.0729 7
0.61 0.0728 0.0973 6
0.5737 0.0684 -0.0506 8
0.5985 0.0713 0.1172 12
0.6128 0.0729 -0.0323 8
0.5709 0.0678 0.1327 10
0.5421 0.0644 -0.0095 7
0.5717 0.0678 0.1543 9
0.5622 0.0658 -0.1517 10
0.6137 0.0719 0.0108 6
0.5903 0.069 -0.1372 11
0.5872 0.0686 0.031 5
0.5694 0.0664 -0.1114 13
0.5818 0.0677 0.0512 5
0.5886 0.0685 -0.0939 6
0.5955 0.0692 0.0736 8
0.5975 0.0693 -0.0739 7
0.5906 0.0684 0.0942 6
0.5621 0.065 -0.0495 9
0.6104 0.0706 0.1194 11
0.6051 0.0699 -0.0319 8
0.5788 0.0668 0.1345 9
0.5423 0.0625 -0.0095 7
0.5642 0.0649 0.1522 6
0.5662 0.0644 -0.1527 10
0.5981 0.0679 0.0105 6
0.6022 0.0683 -0.1399 11
0.5874 0.0665 0.031 5
0.5852 0.0663 -0.1145 13
0.5821 0.0658 0.0512 5
0.5889 0.0665 -0.0939 6
0.6115 0.0689 0.0756 8
0.6056 0.0681 -0.0748 7
0.583 0.0655 0.0929 6
0.5504 0.0618 -0.0485 9
0.5912 0.0663 0.1156 12
0.6332 0.0709 -0.0334 8
0.5791 0.0647 0.1345 9
0.5346 0.0597 -0.0094 7
0.5529 0.0616 0.1491 9
0.5818 0.0641 -0.1568 10
0.5824 0.0641 0.0102 6
0.5947 0.0653 -0.1381 11
0.6075 0.0666 0.032 4
0.5933 0.0651 -0.116 13
0.5763 0.0631 0.0507 10
0.5577 0.061 -0.0889 6
0.6039 0.0659 0.0746 17
0.5703 0.0622 -0.0704 7
0.5754 0.0626 0.0917 6
0.5823 0.0634 -0.0512 8
0.5758 0.0625 0.1126 12
0.5699 0.0618 -0.03 9
0.5754 0.0623 0.1336 10
0.5547 0.06 -0.0097 7
0.5416 0.0585 0.146 10
0.5744 0.0613 -0.1548 10
0.5866 0.0625 0.0103 6
0.5639 0.06 -0.1309 12
0.5919 0.0628 0.0312 5
0.613 0.0651 -0.1198 12
0.5825 0.0617 0.0512 5
0.5697 0.0603 -0.0907 6
0.5843 0.0617 0.0721 18
0.61 0.0643 -0.0753 7
0.5736 0.0604 0.0914 6
0.5865 0.0617 -0.0516 8
0.5721 0.0601 0.1118 12
0.5741 0.0602 -0.0303 9
0.5756 0.0603 0.1336 10
0.535 0.0559 -0.0094 7
0.5457 0.057 0.147 10
0.5899 0.0609 -0.1589 10
0.5709 0.0588 0.01 6
0.5951 0.0612 -0.1381 11
0.5802 0.0595 0.0306 5
0.6054 0.0621 -0.1183 12
0.5867 0.0601 0.0516 5
0.5895 0.0603 -0.0939 6
0.6082 0.0621 0.0751 17
0.5826 0.0594 -0.0719 7
0.5856 0.0596 0.0932 6
0.5629 0.0573 -0.0495 9
0.5918 0.0601 0.1156 12
0.614 0.0623 -0.0323 8
0.5564 0.0563 0.1291 10
0.5352 0.0541 -0.0094 7
0.5651 0.057 0.1522 6
0.5709 0.0569 -0.1537 10
0.5671 0.0564 0.0099 6
0.5721 0.0568 -0.1327 11
0.5605 0.0555 0.0295 5
0.5939 0.0589 -0.116 13
0.5948 0.0588 0.0523 5
0.6055 0.0598 -0.0964 6
0.5808 0.0573 0.0717 9
0.563 0.0554 -0.0695 7
0.576 0.0566 0.0917 6
0.5869 0.0577 -0.0516 8
0.5842 0.0573 0.1141 12
0.5983 0.0586 -0.0315 8
0.5644 0.0551 0.1309 10
0.5234 0.051 -0.0092 7
0.5576 0.0543 0.1501 9
0.5711 0.0549 -0.1537 10
0.5593 0.0537 0.0098 7
0.5994 0.0574 -0.139 11
0.5567 0.0532 0.0293 5
0.6019 0.0575 -0.1175 13
0.5772 0.0551 0.0507 5
0.5742 0.0547 -0.0914 6
0.5691 0.0541 0.0702 18
0.5672 0.0538 -0.07 7
0.5821 0.0551 0.0926 6
0.5435 0.0515 -0.0478 9
0.5805 0.0549 0.1133 12
0.5906 0.0557 -0.0311 8
0.5762 0.0543 0.1336 10
0.5435 0.0511 -0.0095 7
0.5424 0.0509 0.146 6
0.5251 0.0486 -0.1413 11
0.5675 0.0524 0.0099 6
0.5841 0.0539 -0.1354 11
0.5728 0.0528 0.0301 5
0.5982 0.0551 -0.1168 13
0.5714 0.0525 0.0502 5
0.5823 0.0534 -0.0926 6
0.5891 0.0539 0.0726 17
0.5753 0.0526 -0.0709 7
0.5705 0.0521 0.0907 6
0.5357 0.0488 -0.0471 9
0.569 0.0518 0.1111 12
0.5868 0.0533 -0.0309 8
0.5686 0.0516 0.1318 10
0.5437 0.0493 -0.0095 7
0.5541 0.0501 0.1491 6
0.583 0.0519 -0.1568 10
0.5597 0.0499 0.0098 7
0.5843 0.0519 -0.1354 11
0.557 0.0494 0.0293 5
0.618 0.0547 -0.1206 12
0.5756 0.0509 0.0506 5
0.5431 0.048 -0.0864 6
0.5814 0.0513 0.0717 18
0.5754 0.0506 -0.0709 7
0.5687 0.05 0.0904 6
0.524 0.0459 -0.046 9
0.5652 0.0495 0.1103 13
0.6068 0.0531 -0.0319 8
0.5572 0.0486 0.1291 10
0.5558 0.0484 -0.0097 7
0.535 0.0465 0.1439 6
0.5678 0.0487 -0.1527 10
0.5758 0.0493 0.0101 6
0.5689 0.0486 -0.1318 12
0.5493 0.0468 0.0289 5
0.5908 0.0503 -0.1152 13
0.5698 0.0484 0.05 5
0.5629 0.0478 -0.0895 6
0.5736 0.0486 0.0707 9
0.5558 0.047 -0.0685 8
0.5689 0.048 0.0904 6
0.5638 0.0475 -0.0495 9
0.5771 0.0486 0.1126 12
0.5831 0.049 -0.0307 8
0.5573 0.0467 0.1291 10
0.54 0.0452 -0.0095 7
0.5467 0.0456 0.147 6
0.568 0.0467 -0.1527 10
0.5919 0.0486 0.0104 6
0.5846 0.0479 -0.1354 11
0.5574 0.0455 0.0293 5
0.5753 0.047 -0.1122 13
0.5719 0.0466 0.0502 5
0.571 0.0464 -0.0907 6
0.5936 0.0482 0.0731 17
0.556 0.045 -0.0685 8
0.5612 0.0453 0.0892 6
0.5203 0.042 -0.0457 9
0.5734 0.0462 0.1118 12
0.5873 0.0473 -0.0309 8
0.573 0.046 0.1327 10
0.5043 0.0404 -0.0088 8
0.5431 0.0434 0.146 10
0.5412 0.0426 -0.1455 11
0.5602 0.044 0.0098 7
0.5692 0.0446 -0.1318 12
0.5615 0.044 0.0295 5
0.5754 0.045 -0.1122 13
0.5602 0.0437 0.0492 5
0.5672 0.0441 -0.0901 6
0.5858 0.0455 0.0721 18
0.5561 0.0431 -0.0685 8
0.5574 0.0432 0.0885 6
0.5363 0.0415 -0.0471 9
0.5696 0.0439 0.1111 12
0.5994 0.0461 -0.0315 8
0.5654 0.0434 0.1309 10
0.5084 0.039 -0.0089 8
0.5355 0.041 0.1439 10
0.5567 0.0419 -0.1496 11
0.5763 0.0433 0.0101 6
0.581 0.0436 -0.1345 11
0.5457 0.0408 0.0287 5
0.5599 0.0418 -0.1091 14
0.5722 0.0426 0.0502 5
0.5516 0.0411 -0.0876 6
0.5721 0.0425 0.0704 9
0.5602 0.0415 -0.069 8
0.5634 0.0417 0.0895 6
0.5166 0.0381 -0.0453 9
0.5423 0.04 0.1057 13
0.5717 0.0421 -0.03 9
0.5694 0.0418 0.1318 10
0.5524 0.0405 -0.0097 7
0.5318 0.0389 0.1429 6
0.5684 0.0408 -0.1527 10
0.5685 0.0407 0.0099 6
0.5579 0.0399 -0.1291 12
0.5538 0.0395 0.0291 5
0.5601 0.0399 -0.1091 14
0.5604 0.0399 0.0492 5
0.5635 0.04 -0.0895 6
0.5663 0.0401 0.0697 18
0.5643 0.0399 -0.0695 7
0.5774 0.0407 0.0917 6
0.5287 0.0372 -0.0464 9
0.5464 0.0384 0.1065 13
0.5638 0.0395 -0.0296 9
0.5579 0.039 0.1291 10
0.5087 0.0355 -0.0089 8
0.5435 0.0378 0.146 6
0.557 0.0381 -0.1496 11
0.5407 0.0369 0.0095 7
0.5463 0.0371 -0.1264 12
0.542 0.0368 0.0285 5
0.6072 0.0412 -0.1183 12
0.5705 0.0386 0.05 5
0.5519 0.0372 -0.0876 6
0.5466 0.0368 0.0673 19
0.5684 0.0382 -0.07 7
0.5558 0.0372 0.0882 6
0.5407 0.0362 -0.0474 9
0.5583 0.0373 0.1088 13
0.5799 0.0386 -0.0305 8
0.5464 0.0363 0.1264 10
0.5128 0.034 -0.009 8
0.5436 0.0359 0.146 6
0.5726 0.0371 -0.1537 10
0.5687 0.0368 0.0099 6
0.5387 0.0347 -0.1246 12
0.5381 0.0346 0.0283 5
0.5603 0.036 -0.1091 14
0.5349 0.0343 0.0469 5
0.5835 0.0373 -0.0926 6
0.5507 0.0351 0.0678 9
0.5765 0.0367 -0.0709 7
0.5421 0.0344 0.086 6
0.5249 0.0333 -0.046 9
0.578 0.0366 0.1126 12
0.584 0.0368 -0.0307 8
0.5446 0.0343 0.126 10
0.5129 0.0322 -0.009 8
0.5322 0.0333 0.1429 6
0.5071 0.0311 -0.1361 12
0.5689 0.0348 0.0099 6
0.5505 0.0336 -0.1273 12
0.5462 0.0332 0.0287 5
0.5605 0.0341 -0.1091 14
0.5489 0.0333 0.0481 5
0.5363 0.0324 -0.0851 6
0.5746 0.0346 0.0707 9
0.5608 0.0337 -0.069 8
0.5501 0.033 0.0873 6
0.533 0.0319 -0.0467 9
0.582 0.0348 0.1133 12
0.5921 0.0353 -0.0311 8
0.5544 0.0329 0.1282 10
0.513 0.0304 -0.009 8
0.5207 0.0308 0.1398 7
0.5689 0.0329 -0.1527 10
0.545 0.0314 0.0095 7
0.5584 0.0321 -0.1291 12
0.5384 0.0309 0.0283 5
0.5723 0.0328 -0.1114 13
0.5331 0.0305 0.0467 5
0.5483 0.0312 -0.087 6
0.5569 0.0316 0.0685 9
0.5688 0.0322 -0.07 7
0.5424 0.0306 0.086 6
0.5547 0.0312 0.108 13
0.5643 0.0317 -0.0296 9
0.5662 0.0317 0.1309 10
0.5211 0.029 -0.0091 8
0.5324 0.0296 0.1429 6
0.5691 0.0309 -0.1527 10
0.5531 0.03 0.0097 7
0.5468 0.0295 -0.1264 12
0.5225 0.0281 0.0274 5
0.5607 0.0302 -0.1091 14
0.5332 0.0286 0.0467 5
0.5563 0.0297 -0.0882 6
0.5471 0.0292 0.0673 19
0.561 0.0298 -0.069 8
0.5425 0.0287 0.086 6
0.5332 0.0282 -0.0467 9
0.5588 0.0295 0.1088 13
0.5804 0.0305 -0.0305 8
0.543 0.0285 0.1255 10
0.5332 0.0279 -0.0093 7
0.5209 0.0271 0.1398 7
0.573 0.0291 -0.1537 10
0.5532 0.028 0.0097 7
0.5508 0.0278 -0.1273 12
0.5346 0.0269 0.0281 5
0.5333 0.0268 -0.1038 14
0.5413 0.0271 0.0474 5
0.5564 0.0278 -0.0882 6
0.5353 0.0266 0.0658 10
0.6047 0.03 -0.0743 7
0.5662 0.028 0.0898 6
0.5214 0.0258 -0.0457 9
0.5549 0.0273 0.108 13
0.5526 0.0271 -0.029 9
0.5372 0.0263 0.1242 10
0.5213 0.0254 -0.0091 8
0.5287 0.0257 0.1418 6
0.55 0.026 -0.1475 11
0.5653 0.0267 0.0099 7
0.5392 0.0253 -0.1246 12
0.5307 0.0248 0.0278 5
0.5491 0.0257 -0.1069 14
0.5553 0.0259 0.0486 5
0.5604 0.026 -0.0889 6
0.5473 0.0253 0.0673 9
0.585 0.027 -0.0719 7
0.519 0.0238 0.0823 7
0.5414 0.0249 -0.0474 9
0.5511 0.0252 0.1072 13
0.5726 0.0261 -0.03 9
0.549 0.0249 0.1269 10
0.5014 0.0227 -0.0088 8
0.5249 0.0237 0.1408 7
0.5732 0.0251 -0.1537 10
0.5654 0.0247 0.0099 7
0.551 0.024 -0.1273 12
0.5348 0.0232 0.0281 5
0.561 0.0243 -0.1091 14
0.5414 0.0234 0.0474 5
0.5644 0.0242 -0.0895 6
0.5514 0.0236 0.0678 19
0.5573 0.0237 -0.0685 8
0.5191 0.022 0.0823 7
0.5414 0.023 -0.0474 9
0.559 0.0236 0.1088 13
0.5727 0.0241 -0.03 9
0.5315 0.0223 0.1228 10
0.5055 0.0211 -0.0088 8
0.5096 0.0212 0.1367 7
0.5455 0.0219 0.0095 7
0.5511 0.022 -0.1273 12
0.5548 0.0221 0.0291 5
0.5454 0.0217 -0.1061 14
0.5395 0.0214 0.0472 5
0.525 0.0207 -0.0832 7
0.5594 0.022 0.0687 9
0.5614 0.022 -0.069 8
0.5428 0.0211 0.086 6
0.5216 0.0203 -0.0457 9
0.5434 0.0211 0.1057 13
0.5728 0.0221 -0.03 9
0.5511 0.0212 0.1273 10
0.5056 0.0193 -0.0088 8
0.5096 0.0194 0.1367 7
0.5579 0.0208 -0.1496 11
0.5535 0.0205 0.0097 7
0.5394 0.0199 -0.1246 12
0.5349 0.0196 0.0281 5
0.5729 0.021 -0.1114 13
0.5276 0.0193 0.0462 5
0.5488 0.0199 -0.087 6
0.5416 0.0196 0.0665 9
0.5614 0.0202 -0.069 8
0.535 0.0191 0.0848 6
0.5097 0.0182 -0.0446 10
0.5278 0.0188 0.1027 14
0.5329 0.0189 -0.0279 9
0.5453 0.0192 0.126 10
0.5336 0.0187 -0.0093 7
0.5116 0.0179 0.1372 7
0.5734 0.0193 -0.1537 10
0.5416 0.0182 0.0095 7
0.5473 0.0183 -0.1264 12
0.527 0.0175 0.0276 5
0.5612 0.0186 -0.1091 14
0.5357 0.0177 0.0469 5
0.5449 0.0179 -0.0864 6
0.5476 0.0179 0.0673 19
0.5575 0.0181 -0.0685 8
0.5508 0.0178 0.0873 6
0.5257 0.017 -0.046 9
0.5514 0.0177 0.1072 13
0.541 0.0173 -0.0284 9
0.5376 0.0171 0.1242 10
0.5057 0.016 -0.0088 8
0.5155 0.0162 0.1382 7
0.5426 0.0164 -0.1455 11
0.5257 0.0158 0.0092 7
0.524 0.0156 -0.121 13
0.5231 0.0155 0.0274 5
0.5338 0.0158 -0.1038 14
0.5258 0.0155 0.046 5
0.5489 0.0161 -0.087 6
0.5377 0.0157 0.0661 9
0.5496 0.0159 -0.0675 8
0.5075 0.0146 0.0804 7
0.5059 0.0145 -0.0443 10
0.5593 0.016 0.1088 13
0.541 0.0154 -0.0284 9
0.5396 0.0153 0.1246 10
0.5156 0.0144 0.1382 7
0.5581 0.0148 -0.1496 11
0.5417 0.0144 0.0095 7
0.5513 0.0145 -0.1273 12
0.5271 0.0138 0.0276 5
0.5456 0.0142 -0.1061 14
0.5298 0.0137 0.0464 5
0.549 0.0141 -0.087 6
0.5338 0.0137 0.0656 10
0.5457 0.0139 -0.067 8
0.5055 0.0128 0.0801 7
0.5179 0.013 -0.0453 9
0.5515 0.0138 0.1072 13
0.5531 0.0137 -0.029 9
0.526 0.0129 0.1215 11
0.5234 0.0128 0.1403 7
0.5388 0.0124 -0.1444 11
0.5338 0.0122 0.0093 7
0.5397 0.0122 -0.1246 12
0.5192 0.0118 0.0272 5
0.5103 0.0115 -0.0992 15
0.5378 0.012 0.0471 5
0.5451 0.0121 -0.0864 6
0.5597 0.0123 0.0687 19
0.5537 0.0121 -0.068 8
0.5273 0.0115 0.0835 6
0.502 0.0109 -0.0439 10
0.5358 0.0115 0.1042 13
0.5411 0.0115 -0.0284 9
0.5533 0.0117 0.1278 10
0.5196 0.0109 0.1392 7
0.4887 0.0096 -0.131 12
0.5258 0.0103 0.0092 7
0.5124 0.0099 -0.1183 13
0.5352 0.0103 0.0281 5
0.5614 0.0107 -0.1091 14
0.5378 0.0101 0.0471 5
0.5254 0.0099 -0.0832 7
0.5359 0.01 0.0658 10
0.5657 0.0105 -0.0695 7
0.5352 0.0098 0.0848 6
0.5219 0.0095 -0.0457 9
0.532 0.0097 0.1034 13
0.5292 0.0095 -0.0277 9
0.5261 0.0094 0.1215 11
0.5018 0.0088 -0.0088 8
0.5003 0.0087 0.1341 7
0.5428 0.0088 -0.1455 11
0.5259 0.0084 0.0092 7
0.528 0.0084 -0.1219 13
0.5192 0.0082 0.0272 5
0.53 0.0083 -0.103 15
0.516 0.008 0.0451 5
0.5333 0.0082 -0.0845 7
0.5339 0.0081 0.0656 10
0.5458 0.0082 -0.067 8
0.5195 0.0077 0.0823 7
0.5516 0.0081 0.1072 13
0.5532 0.008 -0.029 9
0.5183 0.0074 0.1197 11
0.5158 0.0072 0.1382 7
0.5389 0.0068 -0.1444 11
0.5659 0.0071 0.0099 7
0.5164 0.0064 -0.1192 13
0.5033 0.0061 0.0264 5
0.5615 0.0068 -0.1091 14
0.5279 0.0063 0.0462 5
0.5373 0.0063 -0.0851 6
0.5518 0.0065 0.0678 19
0.534 0.0062 -0.0656 8
0.5136 0.0058 0.0813 7
0.514 0.0057 -0.045 9
0.5438 0.006 0.1057 13
0.5213 0.0056 -0.0273 10
0.5066 0.0054 0.117 11
0.5042 0.0053 0.1351 7
0.5274 0.0048 -0.1413 11
0.5539 0.0049 0.0097 7
0.5047 0.0044 -0.1165 13
0.5153 0.0045 0.027 5
0.5379 0.0046 -0.1046 14
0.516 0.0043 0.0451 5
0.5649 0.0046 -0.0895 6
0.534 0.0043 0.0656 10
0.5578 0.0045 -0.0685 8
0.5156 0.004 0.0817 7
0.5399 0.0041 0.1049 13
0.5173 0.0038 -0.0271 10
0.5145 0.0038 0.1188 11
0.5197 0.0036 0.1392 7
0.4965 0.0029 -0.133 12
0.5459 0.003 0.0095 7
0.5242 0.0028 -0.121 13
0.5233 0.0028 0.0274 5
0.5301 0.0028 -0.103 15
0.52 0.0026 0.0455 5
0.5096 0.0025 -0.0807 7
0.5241 0.0025 0.0643 10
0.5459 0.0026 -0.067 8
0.5175 0.0023 0.082 7
0.51 0.0022 -0.0446 10
0.5124 0.0021 0.0996 14
0.5333 0.0021 -0.0279 9
0.5378 0.0022 0.1242 10
0.4926 0.0018 0.132 7
0.5197 0.0013 -0.1392 11
0.5259 0.0012 0.0092 7
0.5047 0.0011 -0.1165 13
0.5193 0.0011 0.0272 5
0.534 0.001 -0.1038 14
0.52 0.0009 0.0455 5
0.5373 0.0008 -0.0851 6
0.528 0.0007 0.0648 10
0.534 0.0007 -0.0656 8
0.5195 0.0006 0.0823 7
0.536 0.0005 0.1042 13
0.5333 0.0004 -0.0279 9
0.5184 0.0004 0.1197 11
0.5042 0.0002 0.1351 7
0.5119 -0.0004 -0.1372 11
0.5379 -0.0006 0.0094 7
0.4891 -0.0006 -0.1129 13
0.5615 -0.0008 -0.1091 14
0.518 -0.0008 0.0453 5
0.5373 -0.0009 -0.0851 6
0.528 -0.001 0.0648 10
0.5459 -0.001 -0.067 8
0.5037 -0.0011 0.0798 7
0.532 -0.0013 0.1034 13
0.5333 -0.0014 -0.0279 9
0.5184 -0.0014 0.1197 11
0.4849 -0.0014 0.1299 7
0.5506 -0.0027 -0.1475 11
0.5579 -0.0028 0.0097 7
0.5281 -0.0028 -0.1219 13
0.5113 -0.0027 0.0268 5
0.5301 -0.0029 -0.103 15
0.5001 -0.0028 0.0438 6
0.557 -0.0032 -0.0882 6
0.534 -0.0032 0.0656 10
0.534 -0.0033 -0.0656 8
0.5195 -0.0032 0.0823 7
0.51 -0.0032 -0.0446 10
0.5399 -0.0035 0.1049 13
0.5253 -0.0035 -0.0275 9
0.5067 -0.0034 0.117 11
0.4965 -0.0035 0.133 7
0.4965 -0.0042 -0.133 12
0.5139 -0.0043 0.009 7
0.5164 -0.0044 -0.1192 13
0.5113 -0.0045 0.0268 5
0.4986 -0.0044 -0.0969 15
0.514 -0.0047 0.045 5
0.5333 -0.0048 -0.0845 7
0.532 -0.0049 0.0653 10
0.5618 -0.0053 -0.069 8
0.5136 -0.0049 0.0813 7
0.532 -0.0052 0.1034 13
0.5412 -0.0054 -0.0284 9
0.5105 -0.0052 0.1179 11
0.4926 -0.0052 0.132 7
0.4965 -0.0058 -0.133 12
0.5139 -0.0061 0.009 7
0.5398 -0.0065 -0.1246 12
0.5033 -0.0061 0.0264 5
0.4986 -0.0061 -0.0969 15
0.51 -0.0063 0.0446 6
0.5096 -0.0064 -0.0807 7
0.5359 -0.0068 0.0658 20
0.5459 -0.0071 -0.067 8
0.5155 -0.0067 0.0817 7
0.506 -0.0066 -0.0443 10
0.532 -0.0071 0.1034 13
0.5292 -0.0071 -0.0277 9
0.5222 -0.0071 0.1206 11
0.4848 -0.0067 0.1299 7
0.5582 -0.0085 -0.1496 11
0.5164 -0.0079 -0.1192 13
0.5192 -0.0081 0.0272 5
0.5339 -0.0084 -0.1038 14
0.5219 -0.0083 0.0457 5
0.5372 -0.0085 -0.0851 6
0.5141 -0.0083 0.0631 10
0.5458 -0.0089 -0.067 8
0.5155 -0.0085 0.0817 7
0.5241 -0.0087 0.1019 14
0.5132 -0.0086 -0.0269 10
0.5027 -0.0085 0.1161 11
0.4964 -0.0086 0.133 7
0.5428 -0.01 -0.1455 11
0.5138 -0.0096 0.009 7
0.5124 -0.0097 -0.1183 13
0.5378 -0.0102 -0.1046 14
0.5139 -0.0099 0.045 5
0.5254 -0.0102 -0.0832 7
0.522 -0.0102 0.0641 10
0.522 -0.0103 -0.0641 8
0.5194 -0.0103 0.0823 7
0.5241 -0.0105 0.1019 14
0.5411 -0.011 -0.0284 9
0.4988 -0.0102 0.1152 11
0.508 -0.0112 -0.1361 12
0.5498 -0.0122 0.0096 7
0.5124 -0.0114 -0.1183 13
0.4992 -0.0112 0.0262 6
0.5064 -0.0114 -0.0985 15
0.5278 -0.012 0.0462 5
0.5253 -0.012 -0.0832 7
0.51 -0.0118 0.0626 10
0.5458 -0.0127 -0.067 8
0.5174 -0.0121 0.082 7
0.5123 -0.0121 0.0996 14
0.5211 -0.0124 -0.0273 10
0.4987 -0.0119 0.1152 11
0.4925 -0.0119 0.132 7
0.5138 -0.0132 0.009 7
0.489 -0.0126 -0.1129 13
0.4991 -0.013 0.0262 6
0.5495 -0.0143 -0.1069 14
0.5199 -0.0138 0.0639 10
0.5179 -0.0138 -0.0636 8
0.5035 -0.0135 0.0798 7
0.524 -0.0142 0.1019 14
0.5331 -0.0145 -0.0279 9
0.4948 -0.0136 0.1143 11
0.5123 -0.015 -0.1183 13
0.4991 -0.0147 0.0262 6
0.5259 -0.0156 -0.1023 15
0.5058 -0.0151 0.0443 6
0.4976 -0.0149 -0.0788 7
0.5238 -0.0157 0.0643 10
0.5695 -0.0172 -0.07 7
0.5004 -0.0154 0.0973 14
0.5011 -0.0155 -0.0263 10
0.5103 -0.0159 0.1179 11
0.4889 -0.0161 -0.1129 13
0.503 -0.0166 0.0264 5
0.4984 -0.0165 -0.0969 15
0.5015 -0.0168 -0.0795 7
0.5079 -0.0171 0.0624 10
0.5178 -0.0174 -0.0636 8
0.5239 -0.0179 0.1019 14
0.5103 -0.0176 0.1179 11
0.5232 -0.0188 -0.1403 11
0.5044 -0.0183 -0.1165 13
0.4905 -0.0179 -0.0954 16
0.5093 -0.0188 -0.0807 7
0.4999 -0.0185 0.0614 21
0.5336 -0.0198 -0.0656 8
0.4935 -0.0184 0.0782 7
0.5199 -0.0195 0.1011 14
0.5089 -0.0192 -0.0267 10
0.4985 -0.0188 0.1152 11
0.5 -0.019 0.1341 7
0.5424 -0.0213 -0.1455 11
0.5448 -0.0219 -0.0864 6
0.5078 -0.0205 0.0624 10
0.5455 -0.022 -0.067 8
0.5017 -0.0204 -0.0439 10
0.5159 -0.0211 0.1004 14
0.5169 -0.0212 -0.0271 10
0.5024 -0.0206 0.1161 11
0.4922 -0.0204 0.132 7
0.5055 -0.0216 0.0088 7
0.5082 -0.0218 -0.1174 13
0.5068 -0.0218 0.0266 5
0.51 -0.022 -0.0992 15
0.4973 -0.0216 -0.0788 7
0.5196 -0.0227 0.0639 10
0.5454 -0.0238 -0.067 8
0.4953 -0.0217 0.0785 7
0.5237 -0.0231 0.1019 14
0.5008 -0.0222 -0.0263 10
0.4945 -0.0219 0.1143 11
0.5012 -0.0236 -0.0795 7
0.5175 -0.0245 0.0636 10
0.5175 -0.0246 -0.0636 8
0.5157 -0.0247 0.1004 14
0.5127 -0.0246 -0.0269 10
0.5061 -0.0244 0.117 11
0.4959 -0.0247 -0.133 12
0.5248 -0.0265 -0.0832 7
0.5095 -0.0258 0.0626 10
0.5492 -0.0279 -0.0675 8
0.4921 -0.0252 0.0958 14
0.5166 -0.0265 -0.0271 10
0.4943 -0.0255 0.1143 11
0.5074 -0.0269 -0.1361 12
0.4962 -0.0265 -0.1147 13
0.5058 -0.0271 -0.0985 15
0.4955 -0.0268 0.0609 10
0.5055 -0.0275 -0.0622 8
0.5038 -0.0275 0.0981 14
0.5205 -0.0286 -0.0273 10
0.4903 -0.027 0.1134 11
0.5078 -0.0289 -0.1174 13
0.4979 -0.0284 -0.0969 15
0.4973 -0.0285 0.0436 6
0.5088 -0.0292 -0.0807 7
0.5034 -0.029 0.0619 10
0.5233 -0.0304 0.1019 14
0.5084 -0.0297 -0.0267 10
0.4941 -0.0289 0.1143 11
0.4921 -0.0298 -0.1138 13
0.533 -0.0323 -0.1038 14
0.5008 -0.0305 -0.0795 7
0.5112 -0.0313 0.0629 10
0.4973 -0.0305 -0.0612 8
0.4929 -0.0303 0.0782 7
0.4918 -0.0303 0.0958 14
0.5004 -0.031 -0.0263 10
0.4901 -0.0304 0.1134 11
0.5009 -0.032 0.0088 7
0.4952 -0.032 0.0609 10
0.5448 -0.0353 -0.067 8
0.5056 -0.0331 0.117 11
0.4877 -0.0327 -0.131 12
0.5128 -0.0345 0.009 7
0.503 -0.0343 0.0619 10
0.5327 -0.0364 -0.0656 8
0.5055 -0.0349 0.117 11
0.4974 -0.0355 -0.0969 15
0.495 -0.0355 0.0609 10
0.5128 -0.0368 -0.0631 8
0.4874 -0.0362 -0.131 12
0.4973 -0.0372 -0.0969 15
0.5003 -0.0376 -0.0795 7
0.4988 -0.0376 0.0614 21
0.4968 -0.0375 -0.0612 8
0.5188 -0.0394 0.1011 14
0.4993 -0.0389 -0.1156 13
0.5165 -0.0407 -0.0636 8
0.5147 -0.0408 0.1004 14
0.4856 -0.0386 0.1125 11
0.4953 -0.0404 -0.1147 13
0.5001 -0.041 -0.0795 7
0.4911 -0.0406 0.0958 14
0.5036 -0.0418 -0.0265 10
0.5004 -0.0429 0.0617 10
0.4988 -0.043 0.0973 14
0.4931 -0.0427 0.1143 11
0.5045 -0.0448 -0.0985 15
0.5042 -0.045 -0.0622 8
0.4908 -0.0441 0.0958 14
0.4993 -0.0449 -0.0263 10
0.4887 -0.045 -0.0954 16
0.5075 -0.0469 -0.0807 7
0.5001 -0.0463 0.0617 10
0.5159 -0.0478 -0.0636 8
0.4946 -0.0461 0.0965 14
0.5031 -0.0469 -0.0265 10
0.4995 -0.0478 -0.0795 7
0.496 -0.0477 -0.0612 8
0.4945 -0.0488 -0.1147 13
0.4911 -0.0522 -0.0782 7
0.499 -0.0545 0.0088 7
0.4953 -0.0546 -0.0612 8
0.4877 -0.0551 -0.0954 16
0.4951 -0.0563 -0.0612 8
0.4953 -0.0577 -0.0969 15
0.4949 -0.058 -0.0612 8
0.5025 -0.0607 -0.0622 8
0.4931 -0.0598 0.0965 14
0.4977 -0.0604 -0.0263 10
0.4963 -0.0653 0.0973 14
0.5017 -0.0676 -0.0622 8
0.4862 -0.067 -0.0954 16
0.4936 -0.0683 -0.0612 8
0.4855 -0.072 -0.0954 16
0.485 -0.0754 -0.0954 16
0.4868 -0.0762 0.0958 14
0.4912 -0.0837 -0.0612 8
0.4896 -0.0923 -0.0612 8
