0.9608 0.2197 -0.1916 2
0.9539 0.2146 -0.19 2
0.9623 0.213 -0.1916 2
0.9553 0.2081 -0.19 2
1.0238 0.2189 -0.1658 17
0.9683 0.2039 -0.1923 2
1.0149 0.2133 -0.1643 16
0.9805 0.2029 -0.1946 2
1.0234 0.2114 -0.1655 17
1.0401 0.2145 -0.1304 16
0.9658 0.1963 -0.1916 2
1.0164 0.2062 -0.1643 18
1.0351 0.2096 -0.1297 16
0.9549 0.1906 -0.1893 2
1.0209 0.2035 -0.1649 17
1.0377 0.2064 -0.1299 16
1.0943 0.2175 -0.0976 19
0.9613 0.1888 -0.1904 2
1.0216 0.2002 -0.1649 17
1.0423 0.2039 -0.1304 16
1.0852 0.2121 -0.0967 19
1.1174 0.218 -0.0597 21
0.9716 0.1873 -0.1923 2
1.0223 0.1967 -0.1649 17
1.0449 0.2007 -0.1306 16
1.084 0.208 -0.0966 18
1.1162 0.2137 -0.0596 21
1.1412 0.2181 -0.0203 20
0.9684 0.1832 -0.1916 2
1.0152 0.1916 -0.1636 17
1.0456 0.197 -0.1306 16
1.0887 0.2049 -0.0969 16
1.1149 0.2095 -0.0595 22
1.1478 0.2152 -0.0204 20
0.969 0.1798 -0.1916 2
1.0217 0.1892 -0.1646 17
1.0385 0.1919 -0.1297 17
1.0952 0.2022 -0.0974 16
1.1058 0.2038 -0.0589 22
1.1505 0.2116 -0.0204 20
1.1961 0.218 0.0212 18
0.9503 0.1729 -0.1878 3
1.0301 0.187 -0.1658 18
1.0431 0.189 -0.1302 17
1.0959 0.1984 -0.0974 19
1.1105 0.2006 -0.0591 21
1.1296 0.2037 -0.02 20
1.1929 0.2131 0.0212 18
1.2151 0.2167 0.0647 16
1.0191 0.1813 -0.1639 17
1.0398 0.1847 -0.1297 16
1.0829 0.1921 -0.0962 19
1.1131 0.1971 -0.0592 21
1.1303 0.1997 -0.02 20
1.1779 0.2062 0.0209 18
1.2257 0.2141 0.0652 19
0.9592 0.1676 -0.1893 2
1.0256 0.1788 -0.1649 18
1.0483 0.1824 -0.1306 16
1.0836 0.1883 -0.0962 19
1.1138 0.1932 -0.0592 24
1.1448 0.1982 -0.0203 20
1.1865 0.2035 0.021 18
1.2225 0.2092 0.065 20
0.9753 0.1669 -0.1923 2
1.2824 0.2192 0.1138 13
1.0145 0.1732 -0.163 16
1.045 0.1781 -0.1302 17
1.0862 0.1849 -0.0964 19
1.1046 0.1876 -0.0587 22
1.1356 0.1925 -0.0201 20
1.1911 0.2 0.0211 18
1.2114 0.2029 0.0644 20
0.9798 0.1641 -0.1931 2
1.2852 0.2151 0.114 16
1.0307 0.1723 -0.1655 17
1.0338 0.1724 -0.1287 17
1.0868 0.1809 -0.0964 19
1.1092 0.1844 -0.0589 21
1.156 0.1918 -0.0205 20
1.1918 0.1958 0.0211 20
1.2141 0.199 0.0645 19
0.9552 0.1564 -0.1881 3
1.28 0.2094 0.1135 18
1.0254 0.1676 -0.1646 17
1.3244 0.2164 0.1648 15
1.0364 0.1692 -0.1289 16
1.0855 0.1768 -0.0962 19
1.1138 0.181 -0.0591 22
1.135 0.1842 -0.0201 20
1.1965 0.1921 0.0212 18
1.2168 0.1951 0.0646 20
0.9809 0.1571 -0.1931 2
1.269 0.203 0.1124 18
1.0241 0.1637 -0.1643 17
1.333 0.2128 0.1657 17
1.0448 0.1668 -0.1299 16
1.0841 0.1727 -0.096 19
1.1145 0.1771 -0.0591 22
1.1356 0.1803 -0.0201 20
1.1813 0.1856 0.0209 18
1.2194 0.1914 0.0647 20
0.9601 0.1505 -0.1889 3
1.2617 0.1976 0.1117 18
1.007 0.1575 -0.1614 17
1.32 0.2062 0.164 17
1.0493 0.1639 -0.1304 16
1.0827 0.1688 -0.0959 18
1.1072 0.1722 -0.0587 21
1.1461 0.178 -0.0202 20
1.1859 0.1823 0.0209 18
1.22 0.1871 0.0647 20
0.9761 0.1495 -0.192 2
1.2762 0.1955 0.113 18
1.0134 0.1551 -0.1624 17
1.3167 0.2012 0.1635 17
1.04 0.1588 -0.1292 17
1.0873 0.1656 -0.0962 18
1.0998 0.1671 -0.0583 22
1.1526 0.1749 -0.0203 20
1.1925 0.1789 0.021 20
1.2029 0.18 0.0637 20
0.9708 0.1451 -0.1908 2
1.2828 0.1917 0.1135 20
1.0218 0.1525 -0.1636 18
1.3214 0.197 0.164 17
1.0367 0.1544 -0.1287 16
1.0918 0.1622 -0.0966 18
1.1044 0.1637 -0.0585 21
1.1453 0.1695 -0.0202 20
1.1951 0.1748 0.0211 18
1.2174 0.1778 0.0645 20
0.9694 0.1414 -0.1904 2
1.2835 0.187 0.1135 18
1.0263 0.1493 -0.1643 16
1.326 0.1927 0.1645 17
1.0412 0.1513 -0.1292 16
1.0924 0.1584 -0.0966 18
1.1149 0.1612 -0.059 24
1.138 0.1644 -0.0201 20
1.1957 0.1708 0.0211 20
1.214 0.1732 0.0643 19
0.9621 0.1371 -0.1889 3
1.2683 0.1805 0.1121 18
1.0268 0.1459 -0.1643 17
1.3188 0.1872 0.1635 17
1.0495 0.149 -0.1302 16
1.081 0.1531 -0.0955 18
1.1055 0.1562 -0.0585 22
1.1326 0.1598 -0.02 20
1.1804 0.1646 0.0208 18
1.2146 0.169 0.0643 20
0.98 0.1363 -0.1923 2
1.2669 0.176 0.1119 18
1.0174 0.1412 -0.1627 17
1.3233 0.1834 0.164 16
1.0422 0.1442 -0.1292 17
1.0796 0.1492 -0.0953 18
1.11 0.153 -0.0587 21
1.1371 0.1564 -0.02 20
1.177 0.16 0.0207 18
1.2152 0.1647 0.0643 20
0.9611 0.1303 -0.1885 3
1.2735 0.1724 0.1124 18
1.0199 0.1379 -0.163 17
1.3121 0.1772 0.1626 17
1.0466 0.1411 -0.1297 17
1.0801 0.1455 -0.0953 18
1.0986 0.1476 -0.0581 22
1.1377 0.1524 -0.02 20
1.1875 0.1572 0.0209 20
1.2098 0.1597 0.064 20
0.9635 0.1272 -0.1889 3
1.278 0.1685 0.1128 20
1.0223 0.1346 -0.1633 17
1.3128 0.1726 0.1626 17
1.0333 0.1357 -0.128 17
1.0944 0.1435 -0.0966 19
1.1031 0.1442 -0.0583 22
1.1382 0.1484 -0.02 20
1.184 0.1525 0.0208 20
1.2084 0.1552 0.0638 20
0.96 0.1233 -0.1881 3
1.2746 0.1635 0.1124 18
1.0208 0.1308 -0.163 17
1.3134 0.168 0.1626 17
1.0318 0.1318 -0.1277 17
1.091 0.1392 -0.0962 18
1.1075 0.1409 -0.0585 21
1.1367 0.1442 -0.02 20
1.1945 0.1496 0.021 18
1.2149 0.1518 0.0642 20
0.9702 0.1212 -0.19 2
1.2693 0.1583 0.1119 20
1.0252 0.1277 -0.1636 17
1.3258 0.1649 0.164 17
1.0362 0.1287 -0.1282 17
1.0816 0.1341 -0.0953 18
1.116 0.138 -0.0589 21
1.1372 0.1402 -0.02 20
1.1751 0.143 0.0207 18
1.2194 0.148 0.0644 20
0.955 0.1159 -0.187 3
1.2718 0.1541 0.1121 20
1.0139 0.1227 -0.1618 18
1.3184 0.1593 0.1631 17
1.0504 0.1267 -0.1299 16
1.0939 0.1318 -0.0964 19
1.1125 0.1336 -0.0587 22
1.1437 0.137 -0.0201 20
1.1756 0.1389 0.0207 18
1.206 0.1421 0.0636 20
0.9612 0.1133 -0.1881 3
1.2684 0.1492 0.1117 18
1.0221 0.1201 -0.163 17
1.3032 0.1529 0.1611 17
1.045 0.1224 -0.1292 17
1.0844 0.1268 -0.0955 19
1.0971 0.1279 -0.0579 21
1.1441 0.133 -0.0201 20
1.19 0.1364 0.0209 20
1.2005 0.1372 0.0633 20
0.9538 0.109 -0.1866 6
1.2768 0.1457 0.1124 18
1.0186 0.1161 -0.1624 17
1.3116 0.1492 0.1621 17
1.0316 0.1172 -0.1275 17
1.0948 0.1242 -0.0964 19
1.1015 0.1245 -0.0581 21
1.1327 0.1276 -0.0199 20
1.1905 0.1325 0.0209 20
1.2069 0.1339 0.0636 20
1.2713 0.1408 0.1119 18
1.021 0.1129 -0.1627 17
1.3141 0.1451 0.1623 19
1.0418 0.1148 -0.1287 19
1.0853 0.1192 -0.0955 19
1.1098 0.1217 -0.0585 21
1.1311 0.1237 -0.0199 17
1.181 0.1273 0.0207 18
1.2094 0.1299 0.0637 20
0.9624 0.1032 -0.1881 3
1.2639 0.1353 0.1112 20
1.0135 0.1083 -0.1614 17
1.3225 0.1413 0.1633 16
1.0402 0.111 -0.1285 17
1.0778 0.1146 -0.0948 19
1.1162 0.1183 -0.0588 22
1.1255 0.1191 -0.0198 21
1.1735 0.1221 0.0206 18
1.2158 0.1263 0.0641 20
0.9647 0.1 -0.1885 3
1.2684 0.1313 0.1116 20
1.0178 0.1052 -0.1621 18
1.319 0.1361 0.1628 17
1.0466 0.1078 -0.1292 17
1.0821 0.1113 -0.0952 19
1.1107 0.1138 -0.0585 22
1.1419 0.1168 -0.02 20
1.1838 0.1192 0.0208 20
1.2083 0.1212 0.0636 20
0.9748 0.0976 -0.1904 5
1.2747 0.1275 0.1121 20
1.0201 0.102 -0.1624 18
1.3076 0.1305 0.1614 17
1.0351 0.1031 -0.1277 17
1.0865 0.1079 -0.0955 18
1.1031 0.1093 -0.0581 21
1.1403 0.1126 -0.02 20
1.1783 0.1145 0.0207 18
1.1948 0.1157 0.0629 22
0.9732 0.0942 -0.19 2
1.2752 0.1232 0.1121 20
1.0205 0.0984 -0.1624 17
1.3081 0.126 0.1614 17
1.0236 0.0984 -0.1263 16
1.0908 0.1046 -0.0959 18
1.1074 0.1059 -0.0583 22
1.1446 0.109 -0.0201 20
1.1826 0.1108 0.0207 18
1.2031 0.1122 0.0633 20
0.9715 0.0906 -0.1897 5
1.2716 0.1184 0.1117 18
1.0208 0.0949 -0.1624 16
1.3105 0.1216 0.1616 19
1.0377 0.0961 -0.128 16
1.0912 0.1008 -0.0959 18
1.1118 0.1024 -0.0585 22
1.1171 0.1025 -0.0196 21
1.181 0.1064 0.0207 20
1.2015 0.1081 0.0632 20
0.9757 0.0876 -0.1904 5
1.2562 0.1126 0.1103 18
1.0211 0.0913 -0.1624 16
1.3129 0.1172 0.1618 17
1.04 0.0928 -0.1282 16
1.0776 0.0958 -0.0947 18
1.1121 0.0985 -0.0585 21
1.1334 0.1002 -0.0199 17
1.1754 0.102 0.0206 18
1.2078 0.1046 0.0635 20
0.9878 0.0854 -0.1927 5
1.2585 0.1086 0.1105 18
1.0136 0.0873 -0.1611 18
1.3054 0.1121 0.1609 16
1.0423 0.0895 -0.1285 17
1.0839 0.0927 -0.0952 19
1.1025 0.0939 -0.058 22
1.1377 0.0967 -0.0199 20
1.1717 0.0978 0.0205 18
1.2122 0.1007 0.0637 20
0.9724 0.0808 -0.1897 5
1.2708 0.1054 0.1116 20
1.0217 0.0845 -0.1624 17
1.3018 0.1075 0.1604 16
1.0446 0.0861 -0.1287 16
1.0882 0.0895 -0.0955 19
1.1008 0.0901 -0.0579 21
1.1361 0.0926 -0.0199 20
1.186 0.0948 0.0208 20
1.1986 0.0954 0.063 22
1.2731 0.1011 0.1117 18
1.0161 0.0805 -0.1614 17
1.3061 0.1033 0.1609 17
1.0251 0.0809 -0.1263 16
1.0865 0.0855 -0.0953 19
1.0991 0.0861 -0.0578 22
1.1404 0.0889 -0.02 20
1.1884 0.0908 0.0208 18
1.2049 0.0917 0.0633 20
0.9729 0.074 -0.1897 5
1.2635 0.0959 0.1109 18
1.0243 0.0776 -0.1627 17
1.3104 0.099 0.1614 16
1.0392 0.0783 -0.128 14
1.0808 0.0813 -0.0948 19
1.1094 0.083 -0.0583 22
1.1307 0.0842 -0.0198 17
1.1767 0.0858 0.0206 18
1.2072 0.0876 0.0634 20
0.9556 0.0693 -0.1862 3
1.2579 0.091 0.1103 18
1.0186 0.0736 -0.1618 16
1.3088 0.0943 0.1611 17
1.0296 0.074 -0.1267 16
1.0731 0.0769 -0.0941 16
1.1097 0.0792 -0.0583 22
1.125 0.0799 -0.0197 21
1.165 0.0809 0.0204 18
1.2194 0.0844 0.0641 20
0.9695 0.0669 -0.1889 3
1.2701 0.0875 0.1114 20
1.0149 0.0697 -0.1611 17
1.313 0.09 0.1616 19
1.0397 0.0711 -0.128 14
1.0813 0.0737 -0.0948 19
1.1099 0.0753 -0.0583 22
1.1372 0.0769 -0.0199 20
1.1753 0.0776 0.0206 20
1.2097 0.0795 0.0635 20
0.9756 0.0639 -0.19 2
1.2684 0.0829 0.1112 20
1.0112 0.0661 -0.1605 17
1.3034 0.085 0.1604 17
1.04 0.0676 -0.128 17
1.0756 0.0696 -0.0943 18
1.1062 0.0713 -0.0581 21
1.1415 0.0732 -0.02 20
1.1795 0.0738 0.0206 18
1.2 0.0747 0.063 19
0.9778 0.0608 -0.1904 5
1.2667 0.0786 0.111 20
1.0154 0.0628 -0.1611 16
1.3037 0.0804 0.1604 17
1.0263 0.0631 -0.1263 17
3.5391 0.2171 0.5616 31
1.0878 0.0665 -0.0953 16
3.5371 0.2163 0.6888 28
1.0965 0.0669 -0.0576 22
3.5227 0.2142 0.8148 13
1.1337 0.0687 -0.0198 20
1.1818 0.0698 0.0207 20
1.1983 0.0704 0.0629 20
1.261 0.0736 0.1105 18
1.0215 0.0594 -0.1621 18
1.3079 0.0761 0.1609 17
1.0404 0.0604 -0.128 17
3.5359 0.2045 0.561 31
1.0841 0.0625 -0.095 15
3.5457 0.2038 0.6903 30
1.1107 0.0637 -0.0583 21
3.5312 0.2018 0.8166 17
1.128 0.0644 -0.0197 18
1.182 0.0655 0.0207 18
1.2005 0.0663 0.063 20
0.9664 0.0532 -0.1881 6
1.2553 0.0689 0.11 18
1.0197 0.0558 -0.1618 16
1.3122 0.0715 0.1614 17
1.0347 0.0562 -0.1272 16
3.5366 0.1922 0.561 32
1.0823 0.0586 -0.0948 21
3.5483 0.1915 0.6907 33
1.1069 0.0596 -0.0581 21
3.528 0.1892 0.8157 13
1.1262 0.0604 -0.0197 21
1.1822 0.0615 0.0207 18
1.2107 0.0626 0.0635 22
0.9705 0.05 -0.1889 6
1.2516 0.0643 0.1096 18
1.016 0.0522 -0.1611 17
1.3124 0.0672 0.1614 16
1.0388 0.053 -0.1277 16
3.5314 0.1795 0.56 30
1.0685 0.0541 -0.0936 16
3.5274 0.1787 0.6865 26
1.1071 0.0559 -0.0581 21
3.5364 0.1779 0.8175 15
1.1344 0.0569 -0.0198 20
1.1784 0.0572 0.0206 18
1.2069 0.0582 0.0633 20
0.9746 0.047 -0.1897 5
1.2677 0.0609 0.111 20
1.0142 0.0485 -0.1608 17
1.2968 0.0618 0.1594 17
1.0351 0.0492 -0.1272 16
3.5517 0.1681 0.5632 31
1.0826 0.0512 -0.0948 19
3.528 0.1664 0.6865 28
1.0933 0.0514 -0.0574 19
3.5214 0.1648 0.8139 15
1.1286 0.0526 -0.0197 18
1.1846 0.0534 0.0207 20
1.1992 0.0536 0.0629 20
0.9591 0.0429 -0.1866 3
1.2739 0.0567 0.1116 18
1.0163 0.0451 -0.1611 17
1.301 0.0575 0.1599 17
1.0213 0.045 -0.1255 17
3.5463 0.1555 0.5622 31
1.0908 0.0478 -0.0955 18
3.5442 0.1547 0.6896 27
1.1014 0.0479 -0.0578 22
1.1348 0.049 -0.0198 20
1.1828 0.0492 0.0207 18
1.2033 0.0496 0.0631 22
0.9573 0.0395 -0.1862 3
1.2541 0.0515 0.1098 18
1.0204 0.0417 -0.1618 17
1.2972 0.0528 0.1594 17
1.0334 0.0419 -0.127 14
3.535 0.1426 0.5603 31
1.083 0.0437 -0.0948 16
3.5487 0.1425 0.6903 27
1.1036 0.0441 -0.0579 21
3.542 0.141 0.8184 16
1.1229 0.0445 -0.0196 18
1.183 0.045 0.0207 18
1.2015 0.0453 0.063 22
0.9692 0.0366 -0.1885 3
1.2523 0.047 0.1096 20
1.0206 0.0381 -0.1618 16
1.3073 0.0486 0.1606 19
1.0296 0.0381 -0.1265 14
3.5296 0.13 0.5594 31
1.0791 0.0398 -0.0945 18
3.5491 0.1301 0.6903 31
1.1077 0.0404 -0.0581 21
3.5424 0.1287 0.8184 20
1.1231 0.0406 -0.0196 18
3.7319 0.1342 1.0006 3
1.1671 0.0403 0.0204 18
1.2036 0.0412 0.0631 20
0.9791 0.0335 -0.1904 5
1.2565 0.0428 0.11 20
1.0108 0.0342 -0.1602 17
1.3054 0.044 0.1604 17
1.0456 0.0351 -0.1285 17
3.5379 0.118 0.5607 31
1.0753 0.0359 -0.0941 19
3.5339 0.1172 0.6873 30
1.1079 0.0366 -0.0581 21
3.5701 0.1172 0.8247 31
1.1392 0.0372 -0.0199 20
3.6165 0.1174 0.9695 21
1.1693 0.0363 0.0204 18
1.2058 0.0371 0.0632 20
0.9596 0.0295 -0.1866 6
1.2606 0.0385 0.1103 18
1.0129 0.0308 -0.1605 16
1.2977 0.0392 0.1594 16
1.0437 0.0313 -0.1282 16
3.5501 0.106 0.5625 29
1.0814 0.0323 -0.0947 18
3.5382 0.105 0.6881 30
1.09 0.0322 -0.0572 21
3.5841 0.1051 0.8278 41
1.1333 0.033 -0.0198 17
3.6497 0.1058 0.9783 25
1.1754 0.0324 0.0205 18
1.1999 0.0329 0.0629 20
0.9695 0.0264 -0.1885 3
1.2627 0.0342 0.1105 18
1.015 0.0273 -0.1608 17
1.2978 0.0347 0.1594 17
1.0239 0.0272 -0.1258 17
3.5386 0.0939 0.5607 31
1.0875 0.0287 -0.0952 16
3.5405 0.0927 0.6884 27
1.0881 0.0283 -0.057 21
3.5572 0.0919 0.8215 32
1.1354 0.0293 -0.0198 17
3.6597 0.0939 0.9809 43
1.1855 0.0288 0.0207 20
1.2 0.0287 0.0629 20
0.9755 0.0232 -0.1897 5
1.2588 0.0297 0.1102 18
1.0151 0.0239 -0.1608 17
1.3058 0.0305 0.1604 17
1.0439 0.0242 -0.1282 16
3.531 0.0814 0.5594 31
1.0776 0.0246 -0.0943 16
3.5506 0.0812 0.6903 31
1.1002 0.025 -0.0577 21
3.5633 0.0802 0.8229 30
1.1215 0.0251 -0.0196 18
3.6561 0.0811 0.9799 35
1.1776 0.0245 0.0206 17
1.2001 0.0245 0.0629 20
0.9716 0.0198 -0.1889 6
1.2549 0.0254 0.1098 18
1.023 0.0205 -0.1621 16
1.3059 0.026 0.1604 17
1.036 0.0204 -0.1272 16
3.5451 0.0693 0.5616 31
1.0797 0.0211 -0.0945 18
3.5371 0.0685 0.6877 46
1.1063 0.0212 -0.058 21
3.5441 0.0674 0.8184 31
1.1276 0.0213 -0.0197 21
3.6622 0.0684 0.9814 42
1.1636 0.0201 0.0203 18
1.2042 0.0204 0.0631 20
0.9638 0.0163 -0.1874 6
1.255 0.021 0.1098 18
1.0093 0.0167 -0.1599 16
1.3001 0.0213 0.1596 15
1.048 0.017 -0.1287 16
3.5394 0.0568 0.5607 31
1.0738 0.0172 -0.094 19
3.5373 0.0562 0.6877 49
1.1043 0.0173 -0.0579 19
3.5424 0.055 0.8179 27
1.1337 0.0174 -0.0198 20
3.6701 0.0557 0.9835 42
1.1657 0.0161 0.0203 17
1.2002 0.0161 0.0629 20
0.9756 0.0131 -0.1897 5
1.2611 0.0167 0.1103 18
1.0153 0.0133 -0.1608 17
1.2942 0.0167 0.1589 17
1.0401 0.0133 -0.1277 16
3.5514 0.0446 0.5625 31
1.0838 0.0136 -0.0948 16
3.5355 0.0438 0.6873 52
1.0964 0.0134 -0.0575 21
3.5426 0.0427 0.8179 30
1.1337 0.0135 -0.0198 20
3.6741 0.043 0.9845 42
1.1678 0.012 0.0204 18
1.2003 0.0119 0.0629 20
0.9718 0.0097 -0.1889 6
1.2611 0.0123 0.1103 17
1.0192 0.0098 -0.1614 16
1.2982 0.0122 0.1594 17
1.0322 0.0095 -0.1267 16
3.5417 0.0321 0.561 32
1.0858 0.0099 -0.095 15
3.5376 0.0315 0.6877 48
1.0945 0.0096 -0.0574 22
3.5388 0.0303 0.817 33
1.1338 0.0095 -0.0198 17
3.682 0.0302 0.9866 42
1.1798 0.008 0.0206 18
1.1963 0.0077 0.0627 20
0.9796 0.0063 -0.1904 5
1.2612 0.0079 0.1103 20
1.0173 0.0062 -0.1611 16
1.2903 0.0077 0.1584 17
1.0362 0.006 -0.1272 17
3.5378 0.0198 0.5603 32
1.0838 0.0061 -0.0948 16
3.5534 0.0192 0.6907 56
1.0905 0.0057 -0.0572 19
3.5389 0.0179 0.817 30
1.1218 0.0055 -0.0196 18
3.6743 0.0173 0.9845 43
1.1838 0.0039 0.0207 18
1.2043 0.0036 0.0631 20
0.9679 0.0029 -0.1881 6
1.2572 0.0035 0.11 20
1.0213 0.0027 -0.1618 16
1.3022 0.0032 0.1599 16
1.0402 0.0024 -0.1277 16
3.5359 0.0074 0.56 37
1.0739 0.0022 -0.094 18
3.5496 0.0068 0.69 42
1.1045 0.0019 -0.0579 19
3.5564 0.0056 0.8211 33
1.1318 0.0016 -0.0198 18
3.6667 0.0045 0.9825 42
1.1718 -0.0002 0.0205 18
1.2004 -0.0004 0.0629 20
0.9679 -0.0005 -0.1881 6
1.2472 -0.0009 0.1091 16
1.0094 -0.0009 -0.1599 16
1.3002 -0.0014 0.1596 16
1.0481 -0.0013 -0.1287 16
3.5458 -0.005 0.5616 37
1.0819 -0.0015 -0.0947 15
3.5358 -0.0056 0.6873 26
1.1045 -0.0019 -0.0579 19
3.574 -0.0069 0.8251 38
1.1278 -0.0024 -0.0197 21
3.6724 -0.0077 0.984 38
1.1698 -0.0043 0.0204 20
1.2023 -0.0048 0.063 20
0.962 -0.0039 -0.187 6
1.2552 -0.0053 0.1098 17
1.0134 -0.0044 -0.1605 17
1.2843 -0.0058 0.1577 16
1.0422 -0.0049 -0.128 16
3.5477 -0.0167 0.5619 13
1.0799 -0.0053 -0.0945 16
3.5436 -0.0179 0.6888 6
1.0885 -0.0057 -0.057 19
3.5583 -0.0193 0.8215 40
1.1298 -0.0063 -0.0197 18
3.6705 -0.0211 0.9835 42
1.1678 -0.0084 0.0204 18
1.1943 -0.0088 0.0626 20
0.9679 -0.0073 -0.1881 6
1.2671 -0.0097 0.1109 17
1.0173 -0.008 -0.1611 16
1.2903 -0.0104 0.1584 16
1.0302 -0.0085 -0.1265 16
3.5477 -0.0291 0.5619 9
1.0798 -0.009 -0.0945 18
3.5219 -0.0301 0.6846 3
1.0885 -0.0095 -0.057 19
3.5056 -0.0312 0.8094 21
1.1278 -0.01 -0.0197 18
3.6028 -0.0327 0.9654 12
1.1738 -0.0123 0.0205 18
1.1903 -0.0129 0.0624 20
0.9678 -0.0106 -0.1881 6
1.2611 -0.0141 0.1103 18
1.0232 -0.0114 -0.1621 15
1.2982 -0.0147 0.1594 17
1.0322 -0.0119 -0.1267 16
1.0718 -0.0127 -0.0938 16
1.1024 -0.0133 -0.0578 21
3.4997 -0.0428 0.808 42
1.1177 -0.0139 -0.0195 18
3.4886 -0.0438 0.9349 25
1.1737 -0.0164 0.0205 17
1.1982 -0.0171 0.0628 20
0.954 -0.0137 -0.1855 7
1.2551 -0.0182 0.1098 20
1.0113 -0.0148 -0.1602 16
1.3021 -0.0193 0.1599 17
1.0421 -0.0156 -0.128 16
1.0658 -0.0162 -0.0933 15
1.1083 -0.0172 -0.0581 19
1.1217 -0.0178 -0.0196 21
1.1756 -0.0205 0.0205 18
1.2022 -0.0214 0.063 19
0.9677 -0.0172 -0.1881 6
1.261 -0.0227 0.1103 20
1.0073 -0.0183 -0.1596 17
1.2941 -0.0237 0.1589 17
1.044 -0.0193 -0.1282 17
1.0797 -0.0202 -0.0945 16
1.1003 -0.0209 -0.0577 19
1.1336 -0.022 -0.0198 20
1.1676 -0.0245 0.0204 18
1.1941 -0.0254 0.0626 19
0.9618 -0.0205 -0.187 6
1.2629 -0.0271 0.1105 18
1.0033 -0.0217 -0.1589 16
1.2979 -0.0283 0.1594 16
1.0439 -0.023 -0.1282 16
1.0776 -0.0239 -0.0943 16
1.0962 -0.0247 -0.0575 21
1.1275 -0.0258 -0.0197 18
1.1695 -0.0286 0.0204 18
1.194 -0.0296 0.0626 19
0.9715 -0.0241 -0.1889 6
1.2747 -0.0318 0.1116 20
1.0091 -0.0254 -0.1599 16
1.2919 -0.0327 0.1587 16
1.0399 -0.0265 -0.1277 16
1.0835 -0.0278 -0.0948 16
1.0961 -0.0285 -0.0575 19
1.1314 -0.0298 -0.0198 18
1.1694 -0.0327 0.0204 17
1.1859 -0.0335 0.0622 19
0.9596 -0.0271 -0.1866 6
1.2567 -0.0358 0.11 18
1.0149 -0.0291 -0.1608 16
1.3017 -0.0375 0.1599 17
1.0318 -0.0299 -0.1267 17
1.0814 -0.0315 -0.0947 16
1.1 -0.0325 -0.0577 21
1.1233 -0.0335 -0.0196 18
1.1712 -0.0368 0.0205 17
1.1858 -0.0377 0.0622 19
0.9674 -0.0307 -0.1881 6
1.2486 -0.0399 0.1093 18
1.0128 -0.0325 -0.1605 16
1.3055 -0.0422 0.1604 17
1.0357 -0.0336 -0.1272 16
1.0674 -0.0348 -0.0934 15
1.1039 -0.0364 -0.0579 19
1.1192 -0.0373 -0.0195 15
1.1631 -0.0406 0.0203 17
1.2016 -0.0424 0.063 20
0.9594 -0.0338 -0.1866 6
1.2504 -0.0443 0.1095 17
1.0029 -0.0357 -0.1589 16
1.2994 -0.0465 0.1596 15
1.0395 -0.0374 -0.1277 16
1.0732 -0.0388 -0.094 18
1.1037 -0.0403 -0.0579 19
1.1311 -0.0417 -0.0198 18
1.161 -0.0446 0.0203 17
1.2134 -0.047 0.0636 20
0.9554 -0.037 -0.1858 6
1.2622 -0.0492 0.1105 17
1.0106 -0.0395 -0.1602 15
1.2913 -0.0507 0.1587 16
1.0433 -0.0412 -0.1282 16
1.0731 -0.0425 -0.094 16
1.0996 -0.044 -0.0577 19
3.6023 -0.1447 0.8323 3
1.1369 -0.0459 -0.0199 17
1.1688 -0.049 0.0204 17
1.1893 -0.0501 0.0624 20
0.967 -0.0409 -0.1881 6
1.2561 -0.0533 0.11 18
1.0105 -0.0431 -0.1602 16
1.2911 -0.0552 0.1587 17
1.0313 -0.0443 -0.1267 17
1.0848 -0.0468 -0.095 16
1.0955 -0.0476 -0.0575 19
3.6621 -0.1599 0.8463 26
1.1188 -0.0488 -0.0195 18
1.1726 -0.053 0.0205 18
1.1951 -0.0545 0.0627 20
1.2479 -0.0573 0.1093 18
1.0182 -0.0468 -0.1614 16
1.287 -0.0593 0.1582 16
1.0331 -0.0478 -0.127 16
1.0727 -0.05 -0.094 15
1.0893 -0.051 -0.0572 19
3.7063 -0.1741 0.8566 20
1.1226 -0.0529 -0.0196 18
3.5815 -0.1695 0.9607 3
1.1764 -0.0573 0.0206 18
1.1969 -0.0585 0.0628 20
0.951 -0.0467 -0.1851 7
1.2417 -0.0612 0.1088 18
1.0102 -0.0499 -0.1602 16
1.2907 -0.064 0.1587 16
1.0389 -0.0517 -0.1277 16
1.0706 -0.0535 -0.0938 16
3.6824 -0.1846 0.7167 9
1.1071 -0.0557 -0.0581 19
3.6434 -0.1839 0.8422 6
1.1244 -0.0568 -0.0197 21
3.5771 -0.1812 0.9597 10
1.1682 -0.0608 0.0204 18
1.1927 -0.0625 0.0626 19
0.9705 -0.051 -0.1889 6
1.2435 -0.0656 0.1089 18
1.008 -0.0532 -0.1599 15
1.2925 -0.0684 0.1589 17
1.0467 -0.0556 -0.1287 14
1.0724 -0.0573 -0.094 18
3.7366 -0.1998 0.7274 15
1.1029 -0.0592 -0.0579 19
3.6428 -0.196 0.8422 7
1.1322 -0.0611 -0.0198 17
1.172 -0.0653 0.0205 18
1.1965 -0.0669 0.0628 19
0.9742 -0.0546 -0.1897 5
1.2572 -0.0707 0.1102 18
1.0137 -0.0572 -0.1608 16
1.2882 -0.0729 0.1584 16
1.0385 -0.059 -0.1277 16
1.0801 -0.0615 -0.0947 16
1.0847 -0.0622 -0.0569 17
3.6362 -0.209 0.8409 10
1.126 -0.0647 -0.0197 18
1.1678 -0.069 0.0204 17
1.1883 -0.0706 0.0624 19
0.9701 -0.0578 -0.1889 6
1.2609 -0.0754 0.1105 20
1.0155 -0.0607 -0.1611 16
1.29 -0.0773 0.1587 15
1.0403 -0.0625 -0.128 16
1.0879 -0.0658 -0.0953 18
1.0985 -0.0666 -0.0577 19
3.6491 -0.2219 0.844 9
1.1257 -0.0687 -0.0197 18
1.1795 -0.0738 0.0206 18
1.196 -0.0752 0.0628 19
0.9699 -0.061 -0.1889 6
1.2567 -0.0793 0.1102 18
1.0192 -0.0645 -0.1618 17
1.2996 -0.0824 0.1599 16
1.0302 -0.0655 -0.1267 16
1.0777 -0.0687 -0.0945 16
1.0962 -0.0703 -0.0576 17
3.6872 -0.2371 0.853 12
1.1135 -0.0718 -0.0195 18
3.7188 -0.2405 0.9985 7
1.1713 -0.0774 0.0205 18
1.1917 -0.0792 0.0626 19
0.9697 -0.0644 -0.1889 3
1.2405 -0.0826 0.1088 18
1.0131 -0.0676 -0.1608 16
1.3053 -0.0874 0.1606 17
1.0379 -0.0697 -0.1277 16
1.0715 -0.0721 -0.094 16
1.102 -0.0745 -0.0579 21
3.6961 -0.2507 0.8553 12
1.1232 -0.0764 -0.0197 15
1.155 -0.0804 0.0202 17
1.1974 -0.0837 0.0629 19
0.9675 -0.0677 -0.1885 3
1.2422 -0.0871 0.1089 18
0.9991 -0.0702 -0.1586 15
1.301 -0.0917 0.1601 17
1.0396 -0.0734 -0.128 16
1.0672 -0.0758 -0.0936 15
1.1017 -0.0784 -0.0579 19
1.127 -0.0806 -0.0197 18
3.6149 -0.2591 0.9711 7
1.1667 -0.0853 0.0204 17
1.1912 -0.0875 0.0626 19
0.9868 -0.0726 -0.1923 2
1.2538 -0.0925 0.11 18
1.0027 -0.0742 -0.1593 16
1.2947 -0.0958 0.1594 16
1.0393 -0.0771 -0.128 16
1.0848 -0.0808 -0.0952 15
1.0914 -0.0817 -0.0574 17
1.1287 -0.0847 -0.0198 15
1.1664 -0.0895 0.0204 18
1.1789 -0.0909 0.062 19
0.9846 -0.0759 -0.192 2
1.2654 -0.0978 0.111 18
1.0143 -0.0786 -0.1611 16
1.2825 -0.0996 0.1579 16
1.0272 -0.0799 -0.1265 16
1.0706 -0.0835 -0.094 18
1.0872 -0.0852 -0.0572 17
1.1283 -0.0888 -0.0198 18
1.172 -0.0941 0.0205 18
1.1905 -0.096 0.0626 19
0.9765 -0.0787 -0.1904 2
1.2531 -0.1013 0.11 17
1.0179 -0.0824 -0.1618 16
1.296 -0.1052 0.1596 17
1.0308 -0.0838 -0.127 16
1.0763 -0.0877 -0.0945 16
1.0968 -0.0898 -0.0577 19
1.1161 -0.0918 -0.0195 18
1.1697 -0.098 0.0205 18
1.1961 -0.1004 0.0629 20
0.9703 -0.0817 -0.1893 2
1.2448 -0.105 0.1093 18
1.0117 -0.0855 -0.1608 16
1.2996 -0.11 0.1601 17
1.0345 -0.0878 -0.1275 16
1.0641 -0.0905 -0.0934 15
1.0905 -0.0931 -0.0574 17
1.1158 -0.0955 -0.0195 18
1.1614 -0.1012 0.0203 17
1.1978 -0.1048 0.063 19
0.9564 -0.0838 -0.1866 3
1.2405 -0.109 0.1089 18
0.9957 -0.0875 -0.1583 16
1.2952 -0.114 0.1596 16
1.0362 -0.0914 -0.1277 16
1.0737 -0.0951 -0.0943 16
1.1022 -0.0978 -0.058 19
1.1234 -0.1001 -0.0197 18
1.1591 -0.1051 0.0203 16
1.1875 -0.1079 0.0625 17
0.9854 -0.0897 -0.1923 2
1.2461 -0.1136 0.1095 18
1.0033 -0.0917 -0.1596 16
1.2909 -0.1182 0.1592 16
1.0358 -0.095 -0.1277 14
1.0734 -0.0986 -0.0943 16
1.0859 -0.1002 -0.0572 19
1.127 -0.1042 -0.0198 18
1.1647 -0.1095 0.0204 18
1.1811 -0.1114 0.0622 19
0.9714 -0.0918 -0.1897 2
1.2655 -0.1198 0.1112 20
1.0069 -0.0954 -0.1602 15
1.2924 -0.1226 0.1594 17
1.0316 -0.0981 -0.1272 14
1.0829 -0.1033 -0.0952 16
1.0955 -0.1047 -0.0577 19
1.1286 -0.1083 -0.0198 20
1.1623 -0.1134 0.0204 17
1.1927 -0.1165 0.0628 19
1.2532 -0.1229 0.1102 18
1.0183 -0.1 -0.1621 15
1.29 -0.1269 0.1592 16
1.0332 -0.1019 -0.1275 16
1.0786 -0.1065 -0.0948 16
1.0951 -0.1085 -0.0577 21
1.1163 -0.1108 -0.0196 18
1.1679 -0.1178 0.0205 18
1.1962 -0.1211 0.063 19
0.9786 -0.0992 -0.1912 2
1.2468 -0.1266 0.1096 18
1.018 -0.1034 -0.1621 17
1.2975 -0.132 0.1601 17
1.0388 -0.1059 -0.1282 16
1.0663 -0.1091 -0.0938 15
1.1027 -0.113 -0.0581 19
1.1179 -0.1149 -0.0196 18
1.1595 -0.1211 0.0203 17
1.1918 -0.1248 0.0628 19
0.9568 -0.1002 -0.187 3
1.2444 -0.1306 0.1095 18
1.0039 -0.1055 -0.1599 15
1.297 -0.1366 0.1601 17
1.0423 -0.1099 -0.1287 16
1.0759 -0.1136 -0.0947 18
1.0963 -0.1162 -0.0578 17
1.1275 -0.1199 -0.0198 17
1.1551 -0.1247 0.0203 17
1.1954 -0.1294 0.063 19
0.9662 -0.1046 -0.1889 3
1.2439 -0.1349 0.1095 18
1.0094 -0.1097 -0.1608 16
1.2906 -0.1404 0.1594 15
1.038 -0.1131 -0.1282 16
1.0695 -0.1168 -0.0941 15
1.088 -0.1192 -0.0574 19
1.1251 -0.1236 -0.0198 18
1.1666 -0.13 0.0205 17
1.1909 -0.1332 0.0628 20
0.9638 -0.1078 -0.1885 3
1.2514 -0.1401 0.1102 18
1.009 -0.1132 -0.1608 16
1.2842 -0.1443 0.1587 15
1.0356 -0.1165 -0.128 16
1.075 -0.1213 -0.0947 15
1.0915 -0.1234 -0.0576 17
1.1246 -0.1275 -0.0198 18
1.1701 -0.1346 0.0206 18
1.1845 -0.1366 0.0625 17
0.9634 -0.1113 -0.1885 3
1.2607 -0.1459 0.111 18
1.0145 -0.1176 -0.1618 16
1.2896 -0.1494 0.1594 17
1.0313 -0.1197 -0.1275 16
1.0687 -0.1244 -0.0941 15
1.099 -0.1283 -0.058 19
1.1202 -0.131 -0.0197 15
1.1656 -0.1384 0.0205 18
1.1919 -0.1419 0.0629 19
0.9747 -0.1161 -0.1908 2
1.2325 -0.147 0.1086 18
1.0043 -0.1199 -0.1602 16
1.295 -0.1549 0.1601 16
1.0328 -0.1237 -0.1277 16
1.0603 -0.1272 -0.0934 15
1.0966 -0.1319 -0.0579 19
1.1237 -0.1356 -0.0198 18
1.1572 -0.1415 0.0203 17
1.1934 -0.1463 0.063 19
0.9704 -0.119 -0.19 2
1.2478 -0.1532 0.11 17
1.0058 -0.1237 -0.1605 16
1.2964 -0.1596 0.1604 16
1.0324 -0.1273 -0.1277 14
1.0698 -0.1321 -0.0943 16
1.0941 -0.1355 -0.0578 19
1.1252 -0.1397 -0.0198 15
1.1646 -0.1465 0.0205 17
1.1989 -0.151 0.0633 19
0.97 -0.1224 -0.19 2
1.2572 -0.1588 0.1109 18
1.0073 -0.1274 -0.1608 16
1.282 -0.1624 0.1587 16
1.0319 -0.1309 -0.1277 16
1.0634 -0.1351 -0.0938 15
1.0857 -0.1383 -0.0574 17
1.1227 -0.1432 -0.0198 18
1.1602 -0.1499 0.0204 17
1.1825 -0.1532 0.0625 20
0.9637 -0.125 -0.1889 3
1.2448 -0.1617 0.1098 18
1.0128 -0.1315 -0.1618 17
1.2874 -0.1674 0.1594 16
1.0256 -0.1336 -0.127 16
1.0767 -0.1406 -0.095 16
1.0952 -0.1432 -0.0579 19
1.1202 -0.1469 -0.0197 21
1.1755 -0.156 0.0207 17
1.1879 -0.1579 0.0628 19
0.9536 -0.1269 -0.187 3
1.2521 -0.1668 0.1105 18
1.0084 -0.1345 -0.1611 15
1.2888 -0.1722 0.1596 17
1.029 -0.1377 -0.1275 16
1.0743 -0.1439 -0.0948 18
1.0848 -0.1457 -0.0574 19
1.1197 -0.1506 -0.0197 18
1.171 -0.1594 0.0206 17
1.1992 -0.1636 0.0634 19
0.9551 -0.1305 -0.1874 3
1.2377 -0.1693 0.1093 18
1.0158 -0.139 -0.1624 16
1.2921 -0.177 0.1601 17
1.0364 -0.1422 -0.1285 16
1.0659 -0.1466 -0.0941 16
1.0981 -0.1512 -0.0581 19
1.1172 -0.1542 -0.0197 18
1.1606 -0.1621 0.0205 17
1.1947 -0.1673 0.0632 19
0.9585 -0.1342 -0.1881 3
1.2371 -0.1734 0.1093 18
0.9879 -0.1387 -0.158 15
1.2895 -0.1812 0.1599 15
1.032 -0.1452 -0.128 16
1.0614 -0.1496 -0.0938 15
1.0917 -0.1542 -0.0578 17
1.1206 -0.1587 -0.0198 15
1.162 -0.1664 0.0205 17
1.1941 -0.1714 0.0632 19
0.9619 -0.1381 -0.1889 3
1.2444 -0.1789 0.11 17
1.005 -0.1446 -0.1608 17
1.285 -0.1852 0.1594 17
1.0315 -0.1488 -0.128 16
1.0648 -0.1538 -0.0941 15
1.0931 -0.1583 -0.0579 19
1.1161 -0.162 -0.0197 18
1.1713 -0.1719 0.0207 18
1.1836 -0.1741 0.0627 17
0.9653 -0.142 -0.1897 5
1.2615 -0.1858 0.1116 18
1.0045 -0.1481 -0.1608 16
1.2863 -0.1899 0.1596 16
1.031 -0.1524 -0.128 16
1.0741 -0.159 -0.095 16
1.0945 -0.1624 -0.058 19
1.1156 -0.1659 -0.0197 18
1.1687 -0.1757 0.0206 17
1.1889 -0.1792 0.063 19
1.251 -0.1888 0.1107 20
1.0118 -0.1528 -0.1621 16
1.2974 -0.1962 0.1611 17
1.0324 -0.1563 -0.1282 16
1.0834 -0.1642 -0.0959 16
1.0939 -0.1662 -0.058 17
1.1288 -0.1719 -0.0199 17
1.1641 -0.1792 0.0206 17
1.1883 -0.1833 0.063 19
0.9682 -0.1494 -0.1904 2
1.2425 -0.1919 0.11 20
1.0073 -0.1558 -0.1614 16
1.3045 -0.202 0.1621 17
1.0318 -0.1599 -0.1282 16
1.0632 -0.165 -0.0941 16
1.0894 -0.1694 -0.0578 19
1.1183 -0.1743 -0.0198 18
1.1635 -0.1832 0.0206 17
1.1955 -0.1887 0.0634 19
0.9522 -0.1503 -0.1874 3
1.2438 -0.1965 0.1102 18
1.0068 -0.1593 -0.1614 16
1.296 -0.2053 0.1611 17
1.0293 -0.1632 -0.128 16
1.0626 -0.1687 -0.0941 15
1.1006 -0.1751 -0.0584 17
1.1197 -0.1785 -0.0198 15
1.1549 -0.186 0.0204 17
1.1988 -0.1935 0.0636 19
0.9575 -0.1546 -0.1885 3
1.249 -0.2018 0.1107 20
1.0082 -0.1631 -0.1618 16
1.2855 -0.2082 0.1599 15
1.0307 -0.1671 -0.1282 16
1.0718 -0.174 -0.095 15
1.0902 -0.1773 -0.0579 19
1.121 -0.1828 -0.0198 17
1.1582 -0.1907 0.0205 17
1.1824 -0.1951 0.0628 19
1.2443 -0.2055 0.1103 18
1.0056 -0.1663 -0.1614 16
1.2749 -0.2111 0.1587 15
1.0242 -0.1697 -0.1275 16
1.0732 -0.178 -0.0952 16
1.0856 -0.1805 -0.0577 21
1.1243 -0.1873 -0.0199 20
1.1654 -0.1961 0.0206 18
1.1797 -0.1987 0.0627 20
0.966 -0.1629 -0.1904 2
1.2456 -0.2102 0.1105 18
1.0148 -0.1715 -0.163 15
1.2918 -0.2185 0.1609 15
1.0315 -0.1746 -0.1285 14
1.0804 -0.1831 -0.0959 15
1.0909 -0.1853 -0.058 19
1.1198 -0.1904 -0.0198 17
1.1608 -0.1993 0.0206 17
1.1889 -0.2045 0.0632 19
0.9538 -0.1642 -0.1881 3
1.2429 -0.2142 0.1103 18
1.0064 -0.1735 -0.1618 16
1.295 -0.2235 0.1614 17
1.0348 -0.1787 -0.1289 16
1.0641 -0.1842 -0.0945 15
1.1001 -0.1906 -0.0585 19
1.1073 -0.1923 -0.0196 18
1.1582 -0.203 0.0205 18
1.1921 -0.2093 0.0634 20
0.9668 -0.1698 -0.1908 2
1.2461 -0.219 0.1107 18
0.9961 -0.1753 -0.1602 15
1.2805 -0.2256 0.1596 16
1.0322 -0.182 -0.1287 16
1.0654 -0.1881 -0.0947 15
1.0876 -0.1924 -0.0579 19
1.1145 -0.1975 -0.0198 18
1.1653 -0.2084 0.0207 18
1.1874 -0.2128 0.0632 19
0.9585 -0.1718 -0.1893 2
1.2512 -0.2244 0.1112 18
0.9994 -0.1795 -0.1608 15
1.2797 -0.23 0.1596 16
1.0296 -0.1853 -0.1285 16
1.0628 -0.1914 -0.0945 15
1.083 -0.1954 -0.0577 19
1.1275 -0.2039 -0.02 17
1.1587 -0.2114 0.0206 18
1.1847 -0.2166 0.0631 20
0.9656 -0.1765 -0.1908 2
1.2445 -0.2277 0.1107 18
1.0084 -0.1847 -0.1624 16
1.2809 -0.2349 0.1599 16
1.0251 -0.1881 -0.128 16
1.0699 -0.1966 -0.0952 16
1.0961 -0.2018 -0.0584 21
1.117 -0.206 -0.0198 17
1.1678 -0.2173 0.0207 18
1.182 -0.2203 0.063 19
0.9573 -0.1785 -0.1893 2
1.2555 -0.2343 0.1117 18
1.0136 -0.1893 -0.1633 15
1.2878 -0.2408 0.1609 16
1.0244 -0.1917 -0.128 16
1.0653 -0.1996 -0.0948 13
1.0993 -0.2063 -0.0586 19
1.1045 -0.2077 -0.0196 15
1.167 -0.2214 0.0207 18
1.1851 -0.2252 0.0632 19
1.2468 -0.2372 0.111 18
1.0052 -0.1914 -0.1621 16
1.2928 -0.2464 0.1616 17
1.0237 -0.1953 -0.128 16
1.0627 -0.2029 -0.0947 15
1.0966 -0.2098 -0.0585 19
1.1136 -0.2134 -0.0198 17
1.1564 -0.2235 0.0206 18
1.1922 -0.2309 0.0636 19
0.956 -0.1851 -0.1893 2
1.246 -0.2415 0.111 20
0.9909 -0.1923 -0.1599 16
1.2939 -0.2513 0.1618 17
1.0269 -0.1996 -0.1285 16
1.06 -0.2062 -0.0945 16
1.0919 -0.2128 -0.0583 21
1.1207 -0.2188 -0.0199 17
1.1576 -0.2279 0.0206 18
1.1953 -0.2358 0.0638 20
0.9631 -0.19 -0.1908 2
1.2549 -0.2478 0.1119 18
1 -0.1976 -0.1614 16
1.2775 -0.2527 0.1599 16
1.0282 -0.2036 -0.1287 16
1.0651 -0.2111 -0.095 15
1.0833 -0.2151 -0.0579 19
1.1218 -0.2231 -0.02 17
1.1646 -0.2336 0.0207 20
1.1905 -0.2392 0.0636 19
1.256 -0.2526 0.1121 20
1.0089 -0.2031 -0.163 16
1.2844 -0.2587 0.1609 16
1.0255 -0.2068 -0.1285 16
1.0703 -0.216 -0.0955 15
1.0904 -0.2205 -0.0583 19
1.1211 -0.2271 -0.02 15
1.1677 -0.2384 0.0208 18
1.1819 -0.2415 0.0632 20
1.2453 -0.2549 0.1112 18
1.0044 -0.2058 -0.1624 16
1.0151 -0.2084 -0.1272 17
1.0714 -0.2201 -0.0957 18
1.0896 -0.2243 -0.0583 21
1.1066 -0.228 -0.0197 18
1.1591 -0.2407 0.0207 18
1.1889 -0.2473 0.0636 19
0.9572 -0.1993 -0.19 2
1.2405 -0.2585 0.1109 18
1.0056 -0.2095 -0.1627 16
1.0318 -0.2154 -0.1294 16
1.0629 -0.2222 -0.095 16
1.0928 -0.2287 -0.0585 21
1.1019 -0.231 -0.0197 18
1.1583 -0.2447 0.0207 20
1.19 -0.2519 0.0637 20
0.9642 -0.2041 -0.1916 2
1.0087 -0.2139 -0.1633 16
1.035 -0.2198 -0.1299 16
1.066 -0.2266 -0.0953 18
1.092 -0.2325 -0.0585 21
1.1128 -0.2373 -0.0199 17
1.1652 -0.2504 0.0208 18
1.1832 -0.2547 0.0634 19
0.9712 -0.2091 -0.1931 2
1.0041 -0.2165 -0.1627 16
1.0323 -0.223 -0.1297 16
1.0633 -0.2299 -0.0952 16
1.0873 -0.2355 -0.0583 21
1.1276 -0.2446 -0.0201 17
1.1526 -0.2519 0.0206 18
1.1784 -0.258 0.0632 20
0.9512 -0.2083 -0.1893 2
1.013 -0.2222 -0.1643 16
1.0198 -0.224 -0.1282 16
1.0605 -0.2332 -0.095 15
1.0825 -0.2384 -0.0581 21
1.115 -0.246 -0.0199 17
1.1654 -0.259 0.0208 18
0.9505 -0.2116 -0.1893 2
1.0122 -0.2257 -0.1643 18
1.0171 -0.2272 -0.128 16
1.0694 -0.239 -0.0959 16
1.0895 -0.2439 -0.0585 21
1.1063 -0.2481 -0.0198 17
0.9537 -0.2154 -0.19 2
1.0076 -0.228 -0.1636 17
1.0222 -0.2317 -0.1287 16
1.0686 -0.2426 -0.0959 16
1.1004 -0.25 -0.0591 21
1.1056 -0.2516 -0.0198 17
0.9529 -0.2189 -0.19 2
1.001 -0.2304 -0.1627 15
1.0349 -0.2384 -0.1304 16
1.0678 -0.2463 -0.0959 19
1.0878 -0.2513 -0.0585 21
1.1105 -0.2568 -0.0199 17
1.0021 -0.2343 -0.163 16
1.0205 -0.239 -0.1287 16
1.065 -0.2496 -0.0957 16
1.0811 -0.2538 -0.0582 21
1.009 -0.2396 -0.1643 16
1.0158 -0.2416 -0.1282 16
1.0718 -0.2552 -0.0964 18
1.0024 -0.2418 -0.1633 16
1.0208 -0.2466 -0.1289 16
1.0671 -0.258 -0.096 15
0.9996 -0.2448 -0.163 15
1.0141 -0.2487 -0.1282 17
0.9565 -0.2374 -0.1916 2
0.9892 -0.2459 -0.1614 16
1.0306 -0.2566 -0.1304 16
0.9557 -0.2408 -0.1916 2
0.996 -0.2513 -0.1627 15
1.022 -0.2582 -0.1294 16
1.0008 -0.2562 -0.1636 16
1.0134 -0.2598 -0.1285 16
1.0019 -0.26 -0.1639 15
0.9514 -0.2571 -0.1916 2
