1.0846 0.1389 0.293 12
1.087 0.1354 0.2935 15
1.1273 0.1388 0.0198 21
1.1299 0.1389 0.0597 23
1.1193 0.1372 0.0987 16
1.1274 0.138 -0.1799 18
1.1172 0.1366 0.1382 19
1.1231 0.1373 -0.1389 22
1.1314 0.1381 0.1805 17
1.1293 0.1377 -0.0995 21
1.1148 0.1357 0.2183 16
1.1162 0.1357 -0.0589 26
1.1085 0.1347 0.2578 19
1.1196 0.1359 -0.0197 21
1.1066 0.1341 0.2987 17
1.1178 0.1339 0.0197 20
1.1006 0.1316 0.0581 20
1.1297 0.1347 0.0995 21
1.12 0.1334 -0.1786 21
1.1058 0.1315 0.1367 18
1.1078 0.1317 -0.137 24
1.1299 0.1341 0.1802 21
1.1357 0.1346 -0.1001 21
1.1191 0.1325 0.219 18
1.1187 0.1322 -0.059 26
1.1012 0.1301 0.256 18
1.1181 0.1319 -0.0197 21
1.1243 0.1325 0.3033 17
1.1242 0.1309 0.0198 20
1.1011 0.1278 0.0581 20
1.1162 0.1294 0.0983 20
1.1205 0.1296 -0.1786 21
1.1201 0.1294 0.1384 19
1.1063 0.1276 -0.1367 24
1.1146 0.1284 0.1777 22
1.1302 0.13 -0.0995 22
1.1176 0.1285 0.2187 16
1.1171 0.1283 -0.0589 26
1.1016 0.1263 0.256 16
1.1006 0.126 -0.0193 21
1.1075 0.1266 0.2987 18
1.1207 0.1265 0.0197 18
1.0956 0.1233 0.0578 19
1.1108 0.1246 0.0978 20
1.1131 0.1247 -0.1774 21
1.1126 0.1246 0.1375 18
1.0988 0.1229 -0.1358 22
1.1171 0.1247 0.178 22
1.1168 0.1245 -0.0983 21
1.1161 0.1242 0.2183 18
1.1156 0.124 -0.0588 24
1.0982 0.1218 0.2551 18
1.0951 0.1215 -0.0192 21
1.0983 0.1216 0.2961 17
1.1053 0.1207 0.0194 18
1.1 0.1199 0.058 19
1.1191 0.1216 0.0985 21
1.1017 0.1195 -0.1755 20
1.1052 0.1197 0.1365 19
1.1111 0.1201 -0.1372 22
1.1194 0.121 0.1783 22
1.1152 0.1204 -0.0981 21
1.1029 0.1188 0.2156 16
1.112 0.1196 -0.0586 26
1.1044 0.1186 0.2564 16
1.0995 0.1181 -0.0193 21
1.0872 0.1166 0.293 18
1.1057 0.117 0.0194 20
1.0924 0.1152 0.0576 19
1.1156 0.1173 0.0981 18
1.108 0.1165 -0.1765 21
1.1036 0.1158 0.1362 16
1.0938 0.1146 -0.135 21
1.1238 0.1175 0.179 22
1.1097 0.1159 -0.0976 21
1.0954 0.1144 0.2141 19
1.0965 0.1143 -0.0578 24
1.1009 0.1145 0.2555 16
1.1039 0.1147 -0.0194 21
1.0895 0.113 0.2935 16
1.11 0.1135 0.0195 18
1.0789 0.11 0.0568 17
1.1001 0.1119 0.0967 18
1.1025 0.112 -0.1755 21
1.104 0.1119 0.1362 19
1.0843 0.1098 -0.1338 19
1.1065 0.1118 0.1761 21
1.116 0.1128 -0.0981 22
1.1056 0.1115 0.216 16
1.1049 0.1113 -0.0582 24
1.0975 0.1103 0.2546 16
1.0963 0.11 -0.0192 21
1.0938 0.1096 0.2945 17
1.1104 0.1097 0.0195 18
1.0793 0.1062 0.0568 20
1.1064 0.1087 0.0973 20
1.1068 0.1085 -0.1761 21
1.0906 0.1067 0.1345 19
1.0926 0.1067 -0.1348 21
1.0931 0.1066 0.174 21
1.1065 0.1079 -0.0973 21
1.106 0.1077 0.216 18
1.0953 0.1064 -0.0577 24
1.0823 0.105 0.251 16
1.0887 0.1054 -0.0191 21
1.0903 0.1054 0.2935 18
1.1028 0.105 0.0193 18
1.0817 0.1026 0.0569 19
1.1028 0.1044 0.0969 20
1.1033 0.1043 -0.1755 21
1.0949 0.1033 0.135 18
1.083 0.102 -0.1336 22
1.0955 0.103 0.1743 21
1.0989 0.1033 -0.0966 22
1.0927 0.1025 0.2133 16
1.0957 0.1026 -0.0577 22
1.0807 0.101 0.2506 18
1.0851 0.1012 -0.019 21
1.0772 0.1003 0.2899 18
1.0932 0.1003 0.0192 18
1.086 0.0992 0.0572 19
1.0853 0.099 0.0953 20
1.0899 0.0992 -0.1733 21
1.0913 0.0991 0.1345 16
1.0933 0.0991 -0.1348 22
1.0919 0.0988 0.1736 19
1.0933 0.0989 -0.096 21
1.0813 0.0976 0.211 16
1.0921 0.0984 -0.0575 22
1.0947 0.0985 0.2537 18
1.0795 0.0969 -0.0189 21
1.0698 0.0959 0.2878 17
1.0916 0.0963 0.0191 18
1.0803 0.0951 0.0568 17
1.0976 0.0962 0.0964 18
1.0882 0.0952 -0.173 21
1.0817 0.0944 0.1333 19
1.0778 0.0939 -0.1328 17
1.104 0.0962 0.1755 17
1.0897 0.0948 -0.0957 21
1.0855 0.0942 0.2118 16
1.0785 0.0934 -0.0567 24
1.0892 0.0941 0.2524 18
1.0957 0.0947 -0.0192 21
1.0701 0.0923 0.2878 17
1.0919 0.0926 0.0191 20
1.0707 0.0905 0.0563 19
1.0959 0.0922 0.0962 20
1.0846 0.0913 -0.1724 20
1.082 0.0909 0.1333 18
1.0682 0.0895 -0.1316 19
1.0886 0.091 0.173 21
1.094 0.0913 -0.096 18
1.0878 0.0908 0.2122 18
1.0768 0.0897 -0.0566 21
1.0817 0.0899 0.2506 19
1.0861 0.0901 -0.019 21
1.0743 0.0889 0.2888 17
1.0902 0.0887 0.0191 18
1.071 0.0869 0.0563 19
1.0942 0.0884 0.096 18
1.0928 0.0881 -0.1736 21
1.0784 0.0868 0.1328 18
1.0705 0.0859 -0.1319 17
1.079 0.0866 0.1715 22
1.0844 0.0869 -0.0952 21
1.0881 0.087 0.2122 18
1.0811 0.0862 -0.0568 22
1.0743 0.0855 0.2488 18
1.0685 0.085 -0.0187 21
1.0707 0.085 0.2878 17
1.0885 0.0849 0.0191 18
1.0713 0.0832 0.0563 19
1.0747 0.0831 0.0943 18
1.0813 0.0836 -0.1718 21
1.0787 0.0832 0.1328 16
1.0708 0.0824 -0.1319 19
1.0833 0.0832 0.1721 17
1.0827 0.0829 -0.095 19
1.0786 0.0826 0.2103 16
1.0834 0.0828 -0.0569 21
1.0745 0.0819 0.2488 18
1.0727 0.0816 -0.0188 21
1.0537 0.08 0.2831 16
1.0769 0.08 0.0188 18
1.0696 0.0791 0.0562 17
1.069 0.0789 0.0938 20
1.0658 0.0785 -0.1693 20
1.0829 0.0795 0.1333 15
1.073 0.0786 -0.1321 19
1.0757 0.0786 0.1708 17
1.079 0.0789 -0.0947 19
1.075 0.0784 0.2095 16
1.0836 0.0788 -0.0569 21
1.0748 0.078 0.2488 18
1.079 0.0781 -0.0189 21
1.0501 0.0758 0.2821 16
1.0731 0.076 0.0188 18
1.0659 0.0751 0.056 17
1.0832 0.0761 0.095 21
1.068 0.0749 -0.1696 20
1.0674 0.0746 0.1314 15
1.0634 0.0742 -0.1309 19
1.0819 0.0753 0.1718 17
1.0773 0.075 -0.0945 21
1.0674 0.0741 0.208 16
1.06 0.0734 -0.0557 22
1.0731 0.0741 0.2483 18
1.0733 0.0739 -0.0188 21
1.0542 0.0724 0.2831 17
1.0734 0.0722 0.0188 20
1.0542 0.0708 0.0554 17
1.0695 0.0714 0.0938 17
1.0663 0.071 -0.1693 20
1.0617 0.0705 0.1306 16
1.0617 0.0705 -0.1306 19
1.0723 0.071 0.1702 16
1.0795 0.0713 -0.0947 18
1.0716 0.0706 0.2087 16
1.0543 0.0693 -0.0554 21
1.0559 0.0694 0.2443 18
1.0735 0.0704 -0.0188 21
1.0564 0.0691 0.2837 17
1.0796 0.0691 0.0189 17
1.0564 0.0674 0.0555 19
1.0678 0.0677 0.0936 18
1.0685 0.0676 -0.1696 20
1.0659 0.0672 0.1311 16
1.054 0.0665 -0.1297 19
1.0607 0.0667 0.1683 16
1.0678 0.067 -0.0936 18
1.0718 0.0671 0.2087 16
1.0585 0.066 -0.0556 21
1.0542 0.0658 0.2438 16
1.0558 0.0657 -0.0185 19
1.0508 0.0652 0.2821 16
1.0679 0.0648 0.0187 17
1.0586 0.0638 0.0556 17
1.062 0.0638 0.0931 18
1.0668 0.0639 -0.1693 21
1.0661 0.0637 0.1311 16
1.0562 0.0629 -0.1299 17
1.0629 0.0631 0.1686 14
1.0601 0.0628 -0.0929 19
1.0642 0.063 0.2072 16
1.0627 0.0628 -0.0558 21
1.0602 0.0624 0.2452 18
1.048 0.0615 -0.0183 16
1.0356 0.0606 0.278 16
1.0601 0.0606 0.0185 18
1.0549 0.0599 0.0554 17
1.0563 0.0596 0.0926 18
1.0492 0.059 -0.1664 20
1.0584 0.0595 0.1302 15
1.0564 0.0592 -0.1299 17
1.0611 0.0593 0.1683 17
1.0523 0.0587 -0.0922 19
1.0624 0.059 0.2068 18
1.0589 0.0586 -0.0556 21
1.0663 0.0589 0.2465 16
1.0522 0.0581 -0.0184 19
1.0397 0.0572 0.279 17
1.0623 0.0568 0.0186 18
1.0511 0.056 0.0552 17
1.0624 0.0562 0.0931 20
1.0494 0.0554 -0.1664 18
1.0506 0.0552 0.1292 15
1.0467 0.0549 -0.1287 19
1.0593 0.0555 0.168 14
1.0665 0.0557 -0.0934 15
1.0548 0.0549 0.2053 18
1.0452 0.0542 -0.0548 19
1.0509 0.0543 0.2429 16
1.0544 0.0545 -0.0184 19
1.0322 0.0532 0.2769 16
1.0625 0.0533 0.0186 16
1.0293 0.0512 0.054 19
1.0606 0.0524 0.0929 18
1.0496 0.0519 -0.1664 18
1.0469 0.0516 0.1287 15
1.0489 0.0515 -0.1289 19
1.0556 0.0516 0.1674 16
1.0667 0.052 -0.0934 19
1.0609 0.0517 0.2065 16
1.0513 0.051 -0.0552 21
1.0414 0.0504 0.2407 16
1.0446 0.0504 -0.0183 19
1.0304 0.0495 0.2764 17
1.0607 0.0495 0.0185 17
1.0395 0.0481 0.0545 17
1.0509 0.0485 0.092 20
1.0577 0.0486 -0.1677 20
1.055 0.0483 0.1297 13
1.0371 0.0473 -0.1275 17
1.0518 0.0478 0.1668 16
1.0708 0.0486 -0.0938 18
1.0552 0.0477 0.2053 15
1.0455 0.0471 -0.0548 19
1.0376 0.0466 0.2398 18
1.0308 0.0461 -0.018 22
1.0364 0.0462 0.278 16
1.0609 0.0458 0.0185 17
1.0436 0.0447 0.0547 17
1.0411 0.0444 0.0912 18
1.044 0.0443 -0.1655 18
1.0512 0.0444 0.1292 13
1.0413 0.0438 -0.128 16
1.052 0.0441 0.1668 14
1.0491 0.044 -0.0919 19
1.0534 0.044 0.2049 16
1.0516 0.0437 -0.0552 21
1.0397 0.043 0.2402 18
1.041 0.0429 -0.0182 16
1.025 0.0421 0.2749 16
1.037 0.0411 0.0181 17
1.0378 0.0408 0.0544 17
1.0492 0.041 0.0919 18
1.0481 0.0408 -0.1661 18
1.0434 0.0404 0.1282 13
1.0295 0.0397 -0.1265 16
1.0482 0.0403 0.1661 14
1.0552 0.0404 -0.0924 19
1.0417 0.0398 0.2026 16
1.0518 0.04 -0.0552 19
1.0496 0.0398 0.2425 18
1.0411 0.0393 -0.0182 13
1.0193 0.0383 0.2733 15
1.0392 0.0376 0.0182 17
1.0339 0.037 0.0542 16
1.0434 0.037 0.0913 17
1.0424 0.0368 -0.1652 18
1.0475 0.0369 0.1287 13
1.0217 0.0359 -0.1255 17
1.0483 0.0366 0.1661 14
1.0533 0.0366 -0.0922 18
1.0379 0.0359 0.2019 16
1.034 0.0356 -0.0542 17
1.0361 0.0355 0.2393 16
1.0432 0.0357 -0.0182 16
1.0252 0.0349 0.2749 16
1.0473 0.034 0.0183 17
1.034 0.0334 0.0542 16
1.0455 0.0334 0.0915 16
1.0385 0.033 -0.1646 18
1.0357 0.0327 0.1272 13
1.0218 0.0323 -0.1255 16
1.0484 0.0329 0.1661 16
1.0574 0.033 -0.0926 18
1.04 0.0323 0.2023 15
1.0221 0.0316 -0.0536 17
1.0245 0.0317 0.2366 18
1.0334 0.0318 -0.018 16
1.0234 0.0313 0.2743 15
1.0414 0.0304 0.0182 17
1.0282 0.0298 0.0539 17
1.0356 0.0297 0.0906 17
1.0544 0.03 -0.1671 20
1.0358 0.0293 0.1272 13
1.0179 0.0288 -0.125 19
1.0248 0.0288 0.1624 14
1.0416 0.0291 -0.0912 16
1.0401 0.0289 0.2023 18
1.0342 0.0285 -0.0542 17
1.0305 0.0284 0.238 18
1.0095 0.0277 -0.0176 13
1.0158 0.0277 0.2723 15
1.0475 0.0271 0.0183 16
1.0223 0.0261 0.0536 16
1.0198 0.0258 0.0892 16
1.0269 0.0258 -0.1627 20
1.0438 0.0261 0.1282 13
1.022 0.0253 -0.1255 17
1.0328 0.0254 0.1636 14
1.0377 0.0254 -0.0908 15
1.0402 0.0254 0.2023 15
1.0403 0.0252 -0.0545 14
1.0208 0.0246 0.2357 16
1.0216 0.0244 -0.0178 13
1.0004 0.0238 0.2681 15
1.0316 0.023 0.018 16
1.0243 0.0225 0.0537 17
1.0219 0.0221 0.0894 15
1.0131 0.0218 -0.1605 16
1.036 0.0222 0.1272 13
1.0201 0.0217 -0.1253 14
1.0329 0.0218 0.1636 14
1.0298 0.0216 -0.0901 15
1.0207 0.0212 0.1984 15
1.0304 0.0212 -0.054 15
1.0287 0.021 0.2375 16
1.0256 0.0209 -0.0179 13
1.0082 0.0204 0.2702 16
1.0317 0.0193 0.018 16
1.0244 0.0188 0.0537 16
1.0259 0.0186 0.0898 16
1.0231 0.0184 -0.1621 17
1.0301 0.0183 0.1265 15
1.0222 0.018 -0.1255 17
1.0409 0.0182 0.1649 14
1.0339 0.018 -0.0905 15
1.0168 0.0176 0.1977 15
1.0224 0.0175 -0.0536 15
1.019 0.0173 0.2353 18
1.0257 0.0172 -0.0179 13
1.0083 0.0167 0.2702 16
1.0317 0.0157 0.018 16
1.0125 0.015 0.0531 17
1.022 0.015 0.0894 16
1.0291 0.0149 -0.163 17
1.0242 0.0147 0.1258 13
1.0044 0.0142 -0.1233 16
1.031 0.0144 0.1633 14
1.032 0.0144 -0.0903 15
1.0247 0.0141 0.1992 15
1.0225 0.0139 -0.0536 15
0.9977 0.0134 0.2303 16
1.0058 0.0133 -0.0176 13
1.0025 0.0131 0.2687 15
1.0298 0.012 0.018 17
1.0145 0.0117 0.0532 17
1.022 0.0114 0.0894 15
1.0291 0.0113 -0.163 17
1.0322 0.0112 0.1267 13
1.0104 0.0108 -0.1241 16
1.0153 0.0108 0.1608 14
1.026 0.0107 -0.0898 13
1.0326 0.0106 0.2007 15
1.0225 0.0104 -0.0536 15
1.0172 0.0101 0.2348 16
1.0098 0.01 -0.0176 13
1.0026 0.0098 0.2687 16
1.0258 0.0086 0.0179 15
1.0126 0.0081 0.0531 16
1.0001 0.0077 0.0875 13
1.0272 0.0079 -0.1627 17
1.0243 0.0077 0.1258 13
1.0064 0.0074 -0.1236 16
1.0074 0.0072 0.1596 13
1.0121 0.0071 -0.0886 13
1.0209 0.0071 0.1984 15
1.0306 0.007 -0.054 15
1.0094 0.0067 0.233 16
1.0018 0.0065 -0.0175 13
1.0045 0.0063 0.2692 15
1.0198 0.005 0.0178 16
1.0106 0.0048 0.053 15
1.0081 0.0044 0.0882 12
1.0134 0.0042 -0.1605 17
1.0283 0.0041 0.1263 13
1.0064 0.0039 -0.1236 13
1.0252 0.0039 0.1624 13
1.0181 0.0037 -0.0891 13
1.013 0.0035 0.1969 15
1.0146 0.0034 -0.0532 17
1.0094 0.0032 0.233 16
1.0058 0.0032 -0.0176 13
0.9872 0.0029 0.2645 15
1.0098 0.0016 0.0176 15
1.0166 0.0012 0.0533 16
1.0181 0.0009 0.0891 16
1.0094 0.0009 -0.1599 16
1.0084 0.0007 0.1238 13
1.0025 0.0005 -0.1231 16
1.0094 0.0004 0.1599 13
1.0161 0.0002 -0.0889 13
1.013 0.0002 0.1969 15
1.0106 0 -0.053 17
0.9997 -0.0002 0.2308 14
1.0038 -0.0004 -0.0175 11
0.9949 -0.0005 0.2666 15
1.0098 -0.0023 0.0176 15
0.9986 -0.0024 0.0523 18
1.0181 -0.0028 0.0891 16
1.0153 -0.003 -0.1608 17
1.0164 -0.0032 0.1248 13
1.0005 -0.0033 -0.1228 16
1.0153 -0.0034 0.1608 13
1.0141 -0.0035 -0.0887 12
1.0052 -0.0037 0.1954 14
1.0106 -0.0039 -0.053 15
0.9938 -0.004 0.2295 16
0.9978 -0.004 -0.0174 14
0.991 -0.0042 0.2655 15
1.0158 -0.0057 0.0177 16
1.0026 -0.0059 0.0525 15
1.0161 -0.0064 0.0889 12
1.0252 -0.0064 -0.1624 17
1.0163 -0.0066 0.1248 13
0.9965 -0.0066 -0.1224 16
1.0035 -0.0068 0.1589 11
1.0061 -0.007 -0.088 12
1.0209 -0.0071 0.1984 15
1.0146 -0.0073 -0.0532 15
0.9919 -0.0073 0.229 15
0.9818 -0.0074 -0.0171 15
0.991 -0.0076 0.2655 15
1.0178 -0.0092 0.0178 15
0.9966 -0.0094 0.0522 16
1.0041 -0.0096 0.0879 13
1.0094 -0.0099 -0.1599 16
1.0163 -0.0101 0.1248 13
0.9965 -0.0101 -0.1224 14
1.0034 -0.0103 0.1589 11
0.9981 -0.0103 -0.0873 12
1.013 -0.0106 0.1969 14
1.0146 -0.0108 -0.0532 14
0.9977 -0.0108 0.2303 16
0.9918 -0.0109 -0.0173 11
0.9775 -0.0109 0.2619 15
0.9958 -0.0125 0.0174 15
1.0005 -0.0129 0.0524 15
1.0041 -0.0131 0.0879 12
0.9995 -0.0133 -0.1583 16
1.0064 -0.0135 0.1236 12
1.0083 -0.0137 -0.1238 16
1.0034 -0.0138 0.1589 11
1.0001 -0.0138 -0.0875 12
0.9972 -0.0139 0.1939 14
1.0085 -0.0143 -0.0529 14
1.0015 -0.0143 0.2312 16
0.9837 -0.0143 -0.0172 15
0.9735 -0.0143 0.2609 15
0.9997 -0.0161 0.0175 15
0.9925 -0.0161 0.052 15
0.9961 -0.0165 0.0872 15
0.9994 -0.0167 -0.1583 16
0.9984 -0.0169 0.1226 13
0.9984 -0.0171 -0.1226 16
1.0053 -0.0172 0.1593 11
0.996 -0.0172 -0.0872 13
0.9933 -0.0173 0.1931 15
1.0025 -0.0177 -0.0525 15
0.9937 -0.0177 0.2295 16
0.9917 -0.0177 -0.0173 11
0.9812 -0.0176 0.263 14
0.9997 -0.0194 0.0175 16
0.9825 -0.0194 0.0515 19
1 -0.0201 0.0875 12
1.0053 -0.0202 -0.1593 16
0.9983 -0.0202 0.1226 13
0.9864 -0.0201 -0.1211 17
1.0072 -0.0207 0.1596 11
1.0099 -0.021 -0.0884 10
0.9952 -0.0207 0.1935 13
0.9964 -0.0209 -0.0522 15
0.9839 -0.0208 0.2272 16
0.9796 -0.0209 -0.0171 12
0.9831 -0.0211 0.2635 15
0.9996 -0.0229 0.0175 15
0.9764 -0.0225 0.0512 16
0.9959 -0.0233 0.0872 13
0.9953 -0.0235 -0.1577 16
1.0042 -0.0238 0.1233 13
0.9823 -0.0235 -0.1207 16
0.9874 -0.0236 0.1564 14
0.9959 -0.024 -0.0872 11
0.997 -0.0242 0.1939 14
0.9864 -0.0241 -0.0517 16
0.9877 -0.0243 0.2281 15
0.9736 -0.024 -0.017 12
0.9772 -0.0242 0.2619 15
1.0135 -0.0265 0.0177 15
0.9803 -0.026 0.0514 16
0.9859 -0.0265 0.0863 13
0.9873 -0.0265 -0.1564 16
1.0061 -0.0272 0.1236 13
1.0021 -0.0273 -0.1231 16
0.9952 -0.0273 0.1577 11
0.9739 -0.0269 -0.0852 14
0.9891 -0.0273 0.1923 14
0.9923 -0.0275 -0.052 15
0.9837 -0.0275 0.2272 15
0.9795 -0.0275 -0.0171 12
0.9617 -0.0272 0.2578 16
0.9954 -0.0295 0.0174 15
0.9942 -0.0299 0.0521 16
0.9858 -0.0298 0.0863 13
0.9853 -0.0299 -0.1561 16
1.002 -0.0306 0.1231 12
0.9881 -0.0304 -0.1214 15
0.9991 -0.0309 0.1583 11
1.0037 -0.031 -0.0879 12
0.987 -0.0307 0.192 13
0.9961 -0.0311 -0.0522 15
0.9797 -0.0308 0.2263 15
0.9794 -0.0309 -0.0171 12
0.9693 -0.0308 0.2599 15
0.9853 -0.0327 0.0172 16
0.9821 -0.0329 0.0515 16
0.9817 -0.0331 0.0859 13
0.9832 -0.0333 -0.1558 15
0.986 -0.0336 0.1211 13
0.982 -0.0336 -0.1207 15
0.993 -0.0342 0.1574 11
0.9976 -0.0343 -0.0873 12
0.983 -0.034 0.1912 13
0.9721 -0.0338 -0.051 18
0.9738 -0.034 0.225 18
0.9792 -0.0344 -0.0171 12
0.9673 -0.0341 0.2593 15
0.9792 -0.0359 0.0171 16
0.966 -0.0358 0.0507 15
0.9935 -0.037 0.087 13
0.987 -0.0369 -0.1564 16
0.9839 -0.0369 0.1209 14
0.974 -0.0367 -0.1197 16
0.9929 -0.0376 0.1574 13
0.9935 -0.0376 -0.087 11
0.9829 -0.0374 0.1912 14
0.9879 -0.0378 -0.0518 16
0.9678 -0.0372 0.2236 17
0.9671 -0.0373 -0.0169 12
0.9652 -0.0374 0.2588 15
0.997 -0.04 0.0174 15
0.9759 -0.0395 0.0512 16
0.9834 -0.04 0.0861 15
0.977 -0.0399 -0.1549 15
0.9897 -0.0406 0.1216 13
0.9739 -0.0401 -0.1197 16
0.9789 -0.0405 0.1552 12
0.9993 -0.0414 -0.0875 12
0.9788 -0.0407 0.1904 16
0.9738 -0.0406 -0.0511 18
0.9696 -0.0406 0.2241 17
0.969 -0.0408 -0.0169 12
0.9651 -0.0408 0.2588 15
0.9849 -0.043 0.0172 15
0.9697 -0.0427 0.0509 17
0.9753 -0.0431 0.0854 15
0.9709 -0.0431 -0.1539 12
0.9916 -0.0442 0.1219 14
0.9678 -0.0433 -0.1189 16
0.9847 -0.0442 0.1561 12
0.9872 -0.0443 -0.0865 15
0.9787 -0.0441 0.1904 15
0.9836 -0.0445 -0.0516 14
0.9656 -0.0438 0.2232 17
0.9609 -0.0438 -0.0168 13
0.9553 -0.0437 0.2562 16
0.9728 -0.0459 0.017 16
0.9736 -0.0463 0.0511 16
0.9672 -0.0461 0.0847 17
0.9826 -0.047 -0.1558 12
0.9795 -0.047 0.1204 14
0.9735 -0.0469 -0.1197 16
0.9767 -0.0473 0.1549 12
0.9751 -0.0472 -0.0854 13
0.9628 -0.0468 0.1874 16
0.9735 -0.0474 -0.0511 15
0.9654 -0.0472 0.2232 17
0.9607 -0.0472 -0.0168 13
0.9493 -0.0468 0.2547 16
0.9766 -0.0495 0.0171 16
0.9674 -0.0492 0.0508 15
0.975 -0.0499 0.0854 15
0.9706 -0.0498 -0.1539 16
0.9635 -0.0497 0.1185 17
0.9674 -0.0499 -0.1189 16
0.9805 -0.0507 0.1555 12
0.9789 -0.0508 -0.0858 15
0.9666 -0.0503 0.1881 16
0.9634 -0.0503 -0.0506 19
0.9575 -0.05 0.2214 19
0.9685 -0.0508 -0.0169 12
0.953 -0.0501 0.2557 15
0.9704 -0.0524 0.017 16
0.9573 -0.0518 0.0502 15
0.9728 -0.053 0.0852 13
0.9744 -0.0533 -0.1546 18
0.9712 -0.0533 0.1194 15
0.9574 -0.0525 -0.1177 17
0.9842 -0.0542 0.1561 12
0.9847 -0.0544 -0.0863 12
0.9625 -0.0533 0.1874 15
0.9732 -0.0541 -0.0511 15
0.9515 -0.0529 0.22 16
0.9604 -0.0535 -0.0168 13
0.9528 -0.0533 0.2557 15
0.9762 -0.0559 0.0171 16
0.9571 -0.0552 0.0502 17
0.9687 -0.056 0.0849 13
0.9762 -0.0566 -0.1549 15
0.9671 -0.0563 0.1189 14
0.9592 -0.056 -0.118 17
0.9663 -0.0566 0.1533 13
0.9766 -0.0573 -0.0856 13
0.976 -0.0573 0.19 15
0.963 -0.0567 -0.0506 14
0.9493 -0.0561 0.2196 19
0.9482 -0.0562 -0.0166 13
0.9527 -0.0566 0.2557 15
0.976 -0.0594 0.0171 16
0.9629 -0.0589 0.0506 15
0.9685 -0.0596 0.0849 13
0.9641 -0.0595 -0.153 16
0.9689 -0.0598 0.1192 14
0.957 -0.0592 -0.1177 14
0.9641 -0.0598 0.153 14
0.9704 -0.0604 -0.0851 14
0.966 -0.0603 0.1881 15
0.9748 -0.061 -0.0512 15
0.9569 -0.06 0.2214 17
0.958 -0.0601 -0.0168 13
0.9447 -0.0594 0.2536 15
0.9599 -0.0619 0.0168 17
0.9607 -0.0623 0.0505 17
0.9603 -0.0624 0.0842 13
0.958 -0.0625 -0.1521 17
0.9726 -0.0636 0.1197 15
0.9548 -0.0626 -0.1175 18
0.9659 -0.0635 0.1533 13
0.9722 -0.0639 -0.0852 16
0.9521 -0.0627 0.1855 15
0.9606 -0.0635 -0.0505 16
0.9508 -0.063 0.22 19
0.9518 -0.0632 -0.0166 13
0.9407 -0.0626 0.2526 17
0.9457 -0.0643 0.0165 18
0.9624 -0.0658 0.0506 15
0.9601 -0.0658 0.0842 14
0.9519 -0.0654 -0.1511 17
0.9664 -0.0666 0.1189 18
0.9387 -0.0648 -0.1155 17
0.9597 -0.0664 0.1524 14
0.966 -0.0669 -0.0847 14
0.9538 -0.0662 0.1858 15
0.9604 -0.0668 -0.0505 16
0.9448 -0.0659 0.2187 21
0.9475 -0.0663 -0.0166 13
0.9443 -0.0662 0.2536 16
0.9654 -0.069 0.0169 15
0.9363 -0.0671 0.0492 18
0.9598 -0.0691 0.0842 14
0.9635 -0.0696 -0.153 16
0.9583 -0.0694 0.118 14
0.9444 -0.0684 -0.1163 16
0.9713 -0.0705 0.1542 13
0.9677 -0.0704 -0.0849 12
0.9575 -0.0698 0.1866 18
0.9561 -0.0699 -0.0502 17
0.9387 -0.0686 0.2173 19
0.9493 -0.0695 -0.0166 13
0.9479 -0.0696 0.2547 16
0.9632 -0.0721 0.0169 14
0.944 -0.0708 0.0496 16
0.9596 -0.0723 0.0842 14
0.9612 -0.0726 -0.1527 19
0.966 -0.0731 0.1189 16
0.9422 -0.0713 -0.116 16
0.9514 -0.0722 0.1511 14
0.9635 -0.0733 -0.0845 12
0.9592 -0.0731 0.187 16
0.9579 -0.0732 -0.0503 15
0.9443 -0.0722 0.2187 19
0.9311 -0.0713 -0.0163 14
0.9438 -0.0725 0.2536 15
0.9609 -0.0751 0.0168 15
0.9438 -0.0741 0.0496 15
0.9554 -0.0752 0.0838 14
0.9551 -0.0753 -0.1517 16
0.9578 -0.0757 0.118 12
0.936 -0.0742 -0.1153 20
0.957 -0.076 0.1521 14
0.9454 -0.0752 -0.083 14
0.9531 -0.076 0.1858 16
0.9517 -0.0761 -0.05 18
0.9402 -0.0752 0.2178 21
0.9428 -0.0755 -0.0165 13
0.9282 -0.0745 0.2495 17
0.9427 -0.0772 0.0165 16
0.9475 -0.0779 0.0498 16
0.9452 -0.0779 0.083 15
0.945 -0.078 -0.1502 19
0.9595 -0.0794 0.1182 19
0.9437 -0.0782 -0.1163 16
0.9449 -0.0785 0.1502 14
0.9511 -0.0792 -0.0835 13
0.9352 -0.078 0.1824 17
0.9653 -0.0807 -0.0508 14
0.936 -0.0783 0.2169 19
0.9306 -0.078 -0.0163 10
0.9279 -0.0779 0.2495 17
0.9464 -0.081 0.0166 18
0.9392 -0.0807 0.0494 16
0.9469 -0.0815 0.0831 15
0.9506 -0.082 -0.1511 17
0.9394 -0.0812 0.1158 17
0.9335 -0.0808 -0.115 17
0.9584 -0.0832 0.1524 12
0.9547 -0.083 -0.0838 13
0.9408 -0.082 0.1836 14
0.9451 -0.0825 -0.0497 18
0.9416 -0.0822 0.2182 18
0.9323 -0.0816 -0.0163 14
0.9276 -0.0813 0.2495 17
0.9461 -0.0844 0.0166 16
0.927 -0.0831 0.0488 14
0.9505 -0.0853 0.0835 15
0.9463 -0.0851 -0.1505 21
0.949 -0.0855 0.117 18
0.9332 -0.0843 -0.115 17
0.9463 -0.0856 0.1505 14
0.9485 -0.086 -0.0833 14
0.9405 -0.0854 0.1836 14
0.9448 -0.086 -0.0497 15
0.9238 -0.0841 0.2142 19
0.934 -0.0852 -0.0164 14
0.935 -0.0854 0.2516 17
0.9538 -0.088 0.0167 15
0.9427 -0.0873 0.0496 16
0.9463 -0.0878 0.0831 15
0.948 -0.0881 -0.1508 15
0.9408 -0.0876 0.116 15
0.9211 -0.0859 -0.1136 18
0.9401 -0.0879 0.1496 14
0.9482 -0.0886 -0.0833 14
0.9383 -0.0879 0.1832 15
0.9445 -0.0886 -0.0497 18
0.9313 -0.0875 0.216 19
0.9238 -0.087 -0.0162 14
0.9232 -0.0871 0.2485 16
0.9455 -0.0905 0.0166 16
0.9364 -0.09 0.0493 16
0.942 -0.0907 0.0828 15
0.9517 -0.0918 -0.1514 17
0.9563 -0.0924 0.118 14
0.9287 -0.0899 -0.1146 17
0.9477 -0.0919 0.1508 14
0.938 -0.091 -0.0824 12
0.936 -0.091 0.1828 15
0.9502 -0.0925 -0.05 15
0.9252 -0.0902 0.2146 21
0.9294 -0.0908 -0.0163 14
0.9113 -0.0892 0.2454 20
0.9412 -0.0934 0.0165 16
0.9401 -0.0935 0.0495 15
0.9338 -0.0932 0.0821 15
0.9356 -0.0936 -0.1489 16
0.9521 -0.0954 0.1175 18
0.9362 -0.0939 -0.1155 17
0.9434 -0.0947 0.1502 14
0.9377 -0.0943 -0.0824 12
0.9318 -0.0938 0.182 15
0.932 -0.094 -0.0491 17
0.9248 -0.0935 0.2146 17
0.9271 -0.0937 -0.0163 14
0.9072 -0.0918 0.2443 19
0.9449 -0.097 0.0166 14
0.9417 -0.097 0.0496 16
0.9414 -0.0973 0.0828 15
0.9314 -0.0962 -0.1483 20
0.9379 -0.0971 0.1158 20
0.9142 -0.0948 -0.1129 19
0.9431 -0.098 0.1502 14
0.9373 -0.0975 -0.0824 15
0.9314 -0.0969 0.182 15
0.9356 -0.0975 -0.0493 16
0.9226 -0.0963 0.2142 21
0.9268 -0.0969 -0.0163 14
0.9222 -0.0966 0.2485 18
0.9406 -0.0999 0.0165 16
0.9275 -0.0988 0.0489 16
0.941 -0.1004 0.0828 14
0.933 -0.0997 -0.1486 18
0.9336 -0.0999 0.1153 20
0.9277 -0.0995 -0.1146 17
0.9487 -0.1019 0.1511 14
0.935 -0.1004 -0.0823 12
0.935 -0.1006 0.1828 17
0.9313 -0.1004 -0.0491 14
0.9145 -0.0987 0.2124 22
0.9284 -0.1004 -0.0163 10
0.9142 -0.099 0.2464 19
0.9402 -0.1031 0.0165 16
0.9291 -0.1022 0.049 18
0.9367 -0.1033 0.0824 16
0.9346 -0.1032 -0.1489 20
0.9392 -0.1039 0.116 15
0.9076 -0.1005 -0.1121 20
0.9287 -0.103 0.148 15
0.9367 -0.1039 -0.0824 12
0.9385 -0.1043 0.1836 16
0.931 -0.1036 -0.0491 14
0.9083 -0.1012 0.211 19
0.9042 -0.1009 -0.0159 15
0.9177 -0.1026 0.2474 16
0.9359 -0.106 0.0164 17
0.9188 -0.1044 0.0485 17
0.9324 -0.1061 0.0821 16
0.9362 -0.1067 -0.1492 18
0.9349 -0.1067 0.1155 17
0.9112 -0.1041 -0.1126 19
0.9322 -0.1067 0.1486 15
0.9205 -0.1054 -0.0811 13
0.9401 -0.1078 0.1839 13
0.9366 -0.1075 -0.0494 16
0.9196 -0.1057 0.2137 21
0.9098 -0.1048 -0.016 15
0.902 -0.104 0.2433 17
0.9276 -0.1083 0.0163 14
0.9264 -0.1085 0.0489 16
0.9162 -0.1075 0.0807 18
0.928 -0.109 -0.148 18
0.9345 -0.1099 0.1155 17
0.9108 -0.1073 -0.1126 16
0.9377 -0.1107 0.1496 14
0.9319 -0.11 -0.0821 13
0.9222 -0.109 0.1805 16
0.9302 -0.1101 -0.0491 14
0.9192 -0.109 0.2137 19
0.9075 -0.1077 -0.016 11
0.9016 -0.1072 0.2433 17
0.9192 -0.1106 0.0162 18
0.924 -0.1115 0.0488 18
0.9277 -0.1121 0.0818 16
0.9197 -0.1113 -0.1467 19
0.9321 -0.113 0.1153 20
0.9163 -0.1112 -0.1133 19
0.9275 -0.1127 0.148 13
0.9256 -0.1127 -0.0816 13
0.9199 -0.112 0.1801 15
0.9278 -0.1131 -0.049 17
0.915 -0.1117 0.2128 21
0.915 -0.1119 -0.0161 10
0.8974 -0.1099 0.2423 17
0.9208 -0.114 0.0162 15
0.9058 -0.1125 0.0478 18
0.9312 -0.116 0.0821 15
0.9252 -0.1154 -0.1477 18
0.9258 -0.1155 0.1146 15
0.9041 -0.1129 -0.1119 20
0.9271 -0.116 0.148 13
0.9331 -0.1169 -0.0823 12
0.9331 -0.117 0.1828 15
0.9294 -0.1168 -0.0491 20
0.9068 -0.1141 0.211 19
0.9147 -0.1151 -0.0161 10
0.9047 -0.114 0.2443 17
0.9204 -0.1174 0.0162 18
0.9153 -0.1169 0.0484 17
0.919 -0.1177 0.0811 16
0.9326 -0.1196 -0.1489 18
0.9195 -0.1181 0.1138 19
0.9076 -0.1168 -0.1124 17
0.9071 -0.1167 0.1449 15
0.9248 -0.1191 -0.0816 13
0.9268 -0.1196 0.1817 14
0.927 -0.1197 -0.049 14
0.8987 -0.1162 0.2092 20
0.9004 -0.1165 -0.0158 15
0.9081 -0.1176 0.2454 17
0.9299 -0.1218 0.0164 14
0.9188 -0.1206 0.0486 19
0.9087 -0.1196 0.0802 17
0.9264 -0.122 -0.148 18
0.925 -0.1219 0.1146 18
0.9033 -0.1192 -0.1119 17
0.9145 -0.1209 0.1461 14
0.9204 -0.1218 -0.0812 13
0.9186 -0.1216 0.1801 15
0.9128 -0.121 -0.0483 15
0.9099 -0.1208 0.2119 17
0.894 -0.1188 -0.0157 11
0.8885 -0.1182 0.2402 19
0.9136 -0.1229 0.0161 16
0.9145 -0.1232 0.0484 14
0.9106 -0.1228 -0.1786 17
0.9142 -0.1234 0.0807 16
0.9142 -0.1236 -0.1461 17
0.9226 -0.1249 0.1143 19
0.9068 -0.1229 -0.1124 17
0.9239 -0.1252 0.1477 16
0.9141 -0.1241 -0.0807 14
0.9104 -0.1237 0.1786 16
0.9183 -0.125 -0.0486 15
0.9017 -0.1229 0.2101 17
0.9055 -0.1234 -0.016 15
0.8824 -0.1204 0.2386 18
0.9053 -0.1248 0.016 16
0.9081 -0.1255 0.048 12
0.9101 -0.126 -0.1786 17
0.9137 -0.1266 0.0807 16
0.9157 -0.1269 -0.1464 19
0.9182 -0.1274 0.1138 19
0.8986 -0.1248 -0.1114 18
0.9157 -0.1274 0.1464 11
0.9137 -0.1273 -0.0807 14
0.9061 -0.1262 0.1778 16
0.9099 -0.1269 -0.0481 15
0.9052 -0.1264 0.211 19
0.8971 -0.1254 -0.0158 11
0.8954 -0.1254 0.2423 17
0.9128 -0.1291 0.0161 16
0.8978 -0.1273 0.0475 18
0.9212 -0.1308 0.0814 14
0.9133 -0.1298 -0.1461 19
0.906 -0.1289 0.1124 21
0.8903 -0.1269 -0.1104 18
0.9172 -0.1309 0.1467 14
0.9093 -0.1297 -0.0804 11
0.9154 -0.1308 0.1797 16
0.9055 -0.1295 -0.0479 16
0.8951 -0.1282 0.2088 22
0.8967 -0.1286 -0.0158 11
0.8988 -0.129 0.2433 17
0.9084 -0.1317 0.016 16
0.8973 -0.1304 0.0475 15
0.8956 -0.1302 -0.1759 19
0.9168 -0.1334 0.0811 16
0.9129 -0.133 -0.1461 19
0.9075 -0.1324 0.1126 21
0.9036 -0.132 -0.1121 17
0.9011 -0.1318 0.1442 15
0.9147 -0.1338 -0.0809 13
0.9072 -0.1328 0.1782 16
0.9051 -0.1327 -0.0479 16
0.8966 -0.1316 0.2092 20
0.8844 -0.13 -0.0156 12
0.8868 -0.1305 0.2402 21
0.9119 -0.1355 0.0161 16
0.9048 -0.1347 0.0479 15
0.9049 -0.1348 -0.1778 18
0.9025 -0.1346 0.0798 17
0.9085 -0.1356 -0.1455 19
0.9188 -0.1373 0.1141 19
0.8933 -0.1337 -0.1109 18
0.9143 -0.137 0.1464 16
0.8965 -0.1343 -0.0793 12
0.9125 -0.1369 0.1794 16
0.9086 -0.1364 -0.0481 15
0.8999 -0.1353 0.2101 17
0.8879 -0.1336 -0.0157 11
0.8826 -0.133 0.2391 19
0.8956 -0.1362 0.0158 17
0.9003 -0.1373 0.0477 15
0.9083 -0.1385 -0.1786 13
0.8981 -0.1371 0.0795 17
0.9002 -0.1376 -0.1442 18
0.9105 -0.1393 0.1131 20
0.9046 -0.1386 -0.1124 17
0.904 -0.1387 0.1449 15
0.8961 -0.1374 -0.0793 12
0.8946 -0.1374 0.1759 17
0.91 -0.1399 -0.0483 15
0.8995 -0.1384 0.2101 17
0.8992 -0.1386 -0.0159 15
0.8744 -0.1349 0.2371 19
0.901 -0.1403 0.0159 17
0.8959 -0.1397 0.0475 15
0.9136 -0.1426 -0.1797 17
0.8996 -0.1406 0.0797 19
0.8958 -0.1401 -0.1436 19
0.8963 -0.1404 0.1114 18
0.8884 -0.1391 -0.1104 18
0.9192 -0.1441 0.1474 14
0.9153 -0.1437 -0.0811 11
0.9018 -0.1417 0.1775 17
0.8957 -0.1409 -0.0475 16
0.8913 -0.1402 0.2083 22
0.8988 -0.1415 -0.0159 11
0.8759 -0.1381 0.2376 19
0.8966 -0.1426 0.0158 17
0.8935 -0.1423 0.0474 15
0.9073 -0.1447 -0.1786 17
0.909 -0.1451 0.0805 16
0.8914 -0.1425 -0.143 19
0.8938 -0.143 0.1111 18
0.884 -0.1414 -0.1099 18
0.907 -0.1453 0.1455 15
0.9089 -0.1457 -0.0805 11
0.8917 -0.1431 0.1755 18
0.8972 -0.1442 -0.0476 13
0.8831 -0.1419 0.2065 22
0.8746 -0.1407 -0.0155 12
0.8831 -0.1422 0.2397 18
0.8981 -0.1459 0.0159 15
0.8851 -0.1441 0.047 16
0.8972 -0.1461 -0.1767 18
0.9026 -0.1472 0.08 14
0.9007 -0.147 -0.1445 18
0.9051 -0.1479 0.1126 18
0.8855 -0.1448 -0.1102 18
0.887 -0.1452 0.1424 16
0.9104 -0.1491 -0.0807 11
0.9048 -0.1483 0.1782 16
0.9007 -0.1478 -0.0478 13
0.8826 -0.145 0.2065 22
0.8879 -0.146 -0.0157 11
0.8826 -0.1453 0.2397 19
0.9035 -0.1501 0.016 16
0.8925 -0.1485 0.0474 15
0.8908 -0.1483 -0.1755 19
0.8824 -0.147 0.0783 18
0.9002 -0.1502 -0.1445 15
0.8987 -0.1501 0.1119 18
0.8889 -0.1486 -0.1107 15
0.8943 -0.1496 0.1436 15
0.8961 -0.15 -0.0795 12
0.8965 -0.1502 0.1767 17
0.9041 -0.1516 -0.048 13
0.8879 -0.1491 0.2079 22
0.8776 -0.1475 -0.0155 12
0.8668 -0.1458 0.2355 18
0.901 -0.1529 0.016 16
0.8979 -0.1527 0.0477 18
0.9058 -0.154 -0.1786 17
0.8858 -0.1508 0.0786 18
0.888 -0.1513 -0.1427 19
0.9001 -0.1535 0.1121 18
0.8805 -0.1504 -0.1097 15
0.8976 -0.1534 0.1442 15
0.8975 -0.1534 -0.0797 12
0.8882 -0.152 0.1752 18
0.8996 -0.1541 -0.0478 13
0.8931 -0.1531 0.2092 18
0.877 -0.1505 -0.0155 16
0.8625 -0.1482 0.2345 19
0.8906 -0.1543 0.0158 18
0.8914 -0.1548 0.0474 15
0.9014 -0.1565 -0.1778 13
0.8951 -0.1556 0.0795 17
0.8835 -0.1537 -0.142 20
0.8898 -0.155 0.1109 19
0.8839 -0.1541 -0.1102 15
0.8913 -0.1555 0.1433 15
0.8911 -0.1555 -0.0791 12
0.88 -0.1537 0.1736 19
0.8873 -0.1552 -0.0472 14
0.8772 -0.1536 0.2056 24
0.8883 -0.1557 -0.0157 11
0.8677 -0.1522 0.236 19
0.894 -0.1581 0.0158 15
0.8732 -0.1548 0.0465 17
0.8931 -0.1583 -0.1763 19
0.8906 -0.158 0.0791 18
0.8791 -0.1561 -0.1414 20
0.8893 -0.1581 0.1109 19
0.8775 -0.1562 -0.1094 15
0.8926 -0.159 0.1436 15
0.9043 -0.1611 -0.0804 11
0.8871 -0.1582 0.1752 18
0.8867 -0.1583 -0.0472 14
0.8729 -0.156 0.2047 24
0.8838 -0.1581 -0.0157 11
0.8766 -0.1569 0.2386 18
0.8895 -0.1605 0.0158 15
0.8785 -0.1589 0.0468 14
0.8945 -0.1617 -0.1767 18
0.894 -0.1618 0.0795 17
0.8922 -0.1617 -0.1436 19
0.8907 -0.1615 0.1111 21
0.875 -0.1589 -0.1092 16
0.8843 -0.1607 0.1424 16
0.8998 -0.1635 -0.08 12
0.8885 -0.1616 0.1755 18
0.8724 -0.1589 -0.0465 15
0.8723 -0.159 0.2047 20
0.8675 -0.1583 -0.0154 12
0.859 -0.1569 0.234 17
0.8889 -0.1636 0.0158 18
0.874 -0.1612 0.0466 14
0.89 -0.1642 -0.1759 19
0.8778 -0.162 0.0781 15
0.8858 -0.1637 -0.1427 16
0.8901 -0.1646 0.1111 18
0.8784 -0.1626 -0.1097 18
0.8837 -0.1638 0.1424 16
0.8835 -0.1639 -0.0786 13
0.8841 -0.164 0.1748 18
0.8974 -0.1666 -0.0478 13
0.8756 -0.1628 0.2056 24
0.865 -0.1609 -0.0154 12
0.8489 -0.1581 0.2314 19
0.8726 -0.1638 0.0155 16
0.8852 -0.1665 0.0472 14
0.8817 -0.166 -0.1744 20
0.8811 -0.166 0.0784 15
0.8774 -0.1655 -0.1414 20
0.8798 -0.1659 0.1099 20
0.8797 -0.1661 -0.1099 18
0.8832 -0.1669 0.1424 16
0.8907 -0.1685 -0.0793 12
0.8777 -0.1662 0.1736 19
0.8968 -0.1699 -0.0478 13
0.875 -0.166 0.2056 22
0.8605 -0.1632 -0.0153 12
0.8503 -0.1614 0.2319 19
0.8818 -0.1689 0.0157 15
0.8729 -0.1673 0.0466 11
0.8792 -0.1687 -0.174 15
0.8766 -0.1683 0.0781 15
0.8788 -0.1689 -0.1417 17
0.8733 -0.168 0.1092 21
0.8772 -0.1688 -0.1097 15
0.8826 -0.17 0.1424 13
0.8765 -0.1689 -0.0781 13
0.8733 -0.1685 0.1729 19
0.8785 -0.1697 -0.0469 14
0.8706 -0.1681 0.2047 24
0.8737 -0.1689 -0.0155 12
0.8497 -0.1644 0.2319 19
0.8774 -0.171 0.0156 16
0.8645 -0.1687 0.0462 15
0.8825 -0.1723 -0.1748 20
0.8838 -0.1728 0.0788 18
0.8685 -0.1699 -0.1402 21
0.8805 -0.1724 0.1102 20
0.8669 -0.1698 -0.1085 13
0.8781 -0.1721 0.1417 16
0.8876 -0.1741 -0.0791 12
0.8746 -0.1718 0.1733 16
0.8799 -0.173 -0.047 14
0.8624 -0.1695 0.2029 21
0.8653 -0.1702 -0.0154 12
0.8605 -0.1695 0.235 18
0.8807 -0.1747 0.0157 15
0.8659 -0.1721 0.0463 12
0.8742 -0.1737 -0.1733 15
0.8754 -0.1741 0.0781 15
0.8834 -0.1759 -0.1427 16
0.8722 -0.1738 0.1092 17
0.8624 -0.172 -0.108 13
0.8737 -0.1744 0.1411 16
0.887 -0.1771 -0.0791 12
0.8798 -0.1758 0.1744 18
0.8813 -0.1763 -0.0471 14
0.8732 -0.1748 0.2056 18
0.8529 -0.1709 -0.0152 12
0.8486 -0.1702 0.2319 21
0.8801 -0.1778 0.0157 15
0.8653 -0.1751 0.0463 12
0.8698 -0.176 -0.1725 15
0.8631 -0.1748 0.077 16
0.8789 -0.1782 -0.142 17
0.8832 -0.1792 0.1107 16
0.8657 -0.1758 -0.1085 13
0.8711 -0.1771 0.1408 17
0.861 -0.175 -0.0769 14
0.8792 -0.1789 0.1744 18
0.8826 -0.1797 -0.0472 14
0.8554 -0.1744 0.2016 21
0.8425 -0.1719 -0.015 13
0.8366 -0.1708 0.2288 17
0.8755 -0.18 0.0156 16
0.8705 -0.1792 0.0466 14
0.8614 -0.1775 -0.171 16
0.8586 -0.177 0.0767 17
0.8686 -0.1793 -0.1405 18
0.8787 -0.1815 0.1102 16
0.8748 -0.1808 -0.1097 15
0.8724 -0.1804 0.1411 13
0.8741 -0.1809 -0.0781 13
0.8651 -0.1792 0.1717 20
0.8781 -0.182 -0.047 14
0.872 -0.1809 0.2056 20
0.8459 -0.1755 -0.0151 12
0.836 -0.1736 0.2288 19
0.8769 -0.1834 0.0156 15
0.866 -0.1814 0.0464 12
0.8685 -0.1821 -0.1725 15
0.8814 -0.1849 0.0788 15
0.868 -0.1821 -0.1405 18
0.8684 -0.1824 0.109 21
0.8625 -0.1813 -0.1082 16
0.8795 -0.185 0.1424 16
0.8773 -0.1847 -0.0784 13
0.8664 -0.1824 0.1721 19
0.8677 -0.1829 -0.0465 15
0.8676 -0.183 0.2047 22
0.8531 -0.1801 -0.0152 12
0.8411 -0.1777 0.2303 17
0.8841 -0.1881 0.0158 15
0.8517 -0.1815 0.0456 13
0.8698 -0.1855 -0.1729 21
0.8769 -0.187 0.0784 15
0.8751 -0.1868 -0.1417 20
0.8619 -0.1842 0.1082 18
0.86 -0.1839 -0.108 13
0.877 -0.1877 0.142 16
0.8747 -0.1874 -0.0783 13
0.8677 -0.186 0.1725 19
0.8651 -0.1856 -0.0464 15
0.8479 -0.1819 0.2002 22
0.8622 -0.1852 -0.0154 12
0.848 -0.1823 0.2324 17
0.8853 -0.1917 0.0158 15
0.853 -0.185 0.0457 13
0.8595 -0.1866 -0.171 16
0.8703 -0.189 0.0779 19
0.8764 -0.1904 -0.142 17
0.8729 -0.1898 0.1097 20
0.8496 -0.1849 -0.1068 21
0.8647 -0.1884 0.1402 14
0.8721 -0.1901 -0.0781 13
0.8708 -0.19 0.1733 16
0.8761 -0.1913 -0.047 14
0.851 -0.1859 0.2011 21
0.8381 -0.1832 -0.015 13
0.8436 -0.1845 0.2314 19
0.8749 -0.1928 0.0156 13
0.8504 -0.1876 0.0456 13
0.8589 -0.1896 -0.171 16
0.8482 -0.1874 0.076 17
0.866 -0.1915 -0.1405 18
0.8702 -0.1926 0.1094 20
0.8547 -0.1892 -0.1075 13
0.8544 -0.1893 0.1386 18
0.8461 -0.1876 -0.0758 15
0.8644 -0.1918 0.1721 19
0.8676 -0.1927 -0.0466 14
0.8618 -0.1914 0.2038 20
0.8491 -0.1887 -0.0152 12
0.8316 -0.185 0.2283 16
0.8586 -0.1922 0.0154 20
0.8536 -0.1913 0.0458 12
0.8582 -0.1925 -0.171 16
0.8631 -0.1937 0.0774 16
0.8635 -0.194 -0.1402 21
0.8638 -0.1942 0.1087 14
0.8638 -0.1942 -0.1087 16
0.8557 -0.1925 0.1389 15
0.8611 -0.1939 -0.0772 14
0.8619 -0.1942 0.1717 17
0.8592 -0.1938 -0.0462 15
0.8535 -0.1925 0.202 21
0.8466 -0.1911 -0.0151 12
0.8254 -0.1865 0.2267 19
0.8638 -0.1964 0.0155 16
0.8491 -0.1934 0.0456 13
0.8652 -0.1971 -0.1725 15
0.8722 -0.1988 0.0783 15
0.859 -0.1959 -0.1395 18
0.8438 -0.1926 0.1063 19
0.8496 -0.1941 -0.107 17
0.8627 -0.1973 0.1402 14
0.8798 -0.2012 -0.079 13
0.8593 -0.1966 0.1713 20
0.8547 -0.1957 -0.046 15
0.8491 -0.1946 0.2011 21
0.8498 -0.1949 -0.0152 12
0.8247 -0.1893 0.2267 19
0.8631 -0.1994 0.0155 16
0.8464 -0.1959 0.0455 13
0.8607 -0.1992 -0.1717 16
0.8618 -0.1996 0.0774 16
0.8679 -0.2012 -0.1411 17
0.8586 -0.1992 0.1082 18
0.8411 -0.1953 -0.106 21
0.8678 -0.2016 0.1411 13
0.8656 -0.2011 -0.0777 10
0.8624 -0.2005 0.1721 19
0.854 -0.1987 -0.046 15
0.8446 -0.1967 0.2002 22
0.8335 -0.1943 -0.0149 13
0.8428 -0.1966 0.2319 16
0.8605 -0.202 0.0154 14
0.8496 -0.1998 0.0457 13
0.8428 -0.1981 -0.1683 17
0.8514 -0.2003 0.0765 17
0.8653 -0.2037 -0.1408 17
0.8656 -0.204 0.1092 14
0.8424 -0.1987 -0.1063 14
0.844 -0.1992 0.1373 15
0.8629 -0.2037 -0.0776 14
0.8636 -0.204 0.1725 16
0.8494 -0.2008 -0.0457 16
0.8477 -0.2005 0.2011 19
0.8212 -0.1944 -0.0147 13
0.8309 -0.1969 0.2288 17
0.8656 -0.2064 0.0155 16
0.8412 -0.2009 0.0453 13
0.8574 -0.2047 -0.1713 16
0.8391 -0.2005 0.0755 18
0.8492 -0.2031 -0.1383 19
0.863 -0.2065 0.109 14
0.8378 -0.2007 -0.1058 14
0.8491 -0.2035 0.1383 15
0.8544 -0.2048 -0.0769 10
0.8553 -0.2052 0.171 17
0.8681 -0.2084 -0.0468 14
0.8337 -0.2003 0.198 22
0.8205 -0.1973 -0.0147 13
0.8189 -0.1971 0.2257 19
0.8532 -0.2066 0.0153 17
0.8444 -0.2046 0.0455 13
0.8567 -0.2077 -0.1713 16
0.8577 -0.2081 0.0772 16
0.8542 -0.2074 -0.1392 18
0.8642 -0.21 0.1092 17
0.8448 -0.2055 -0.1068 14
0.8522 -0.2073 0.1389 15
0.8382 -0.204 -0.0755 15
0.8488 -0.2068 0.1698 18
0.8557 -0.2086 -0.0462 15
0.8368 -0.2041 0.1989 22
0.8529 -0.2081 -0.0153 12
0.8183 -0.1998 0.2257 19
0.8603 -0.2113 0.0155 16
0.8475 -0.2085 0.0457 13
0.8559 -0.2107 -0.1713 16
0.8493 -0.2092 0.0765 17
0.8478 -0.2089 -0.1383 22
0.848 -0.2091 0.1072 15
0.8364 -0.2064 -0.1058 14
0.8457 -0.2088 0.138 15
0.8453 -0.2089 -0.0762 11
0.8348 -0.2063 0.1671 22
0.8531 -0.211 -0.0461 15
0.8323 -0.206 0.198 20
0.8347 -0.2067 -0.015 13
0.8251 -0.2045 0.2278 19
0.8537 -0.2129 0.0154 14
0.8429 -0.2105 0.0455 13
0.8514 -0.2126 -0.1706 16
0.8563 -0.214 0.0772 16
0.8528 -0.2133 -0.1392 18
0.8358 -0.2092 0.1058 16
0.8319 -0.2083 -0.1053 14
0.8546 -0.2142 0.1395 14
0.8619 -0.216 -0.0777 13
0.8607 -0.2159 0.1725 16
0.8504 -0.2135 -0.046 15
0.8297 -0.2084 0.1975 23
0.8223 -0.2067 -0.0148 13
0.8281 -0.2083 0.2288 17
0.8549 -0.2163 0.0154 17
0.8325 -0.211 0.045 13
0.8355 -0.2117 -0.1675 18
0.8594 -0.2179 0.0776 16
0.8482 -0.2153 -0.1386 19
0.8523 -0.2165 0.108 18
0.8311 -0.2112 -0.1053 14
0.8404 -0.2138 0.1373 15
0.8303 -0.2112 -0.075 12
0.8467 -0.2155 0.1698 18
0.8439 -0.2149 -0.0456 16
0.829 -0.2113 0.1975 23
0.8332 -0.2125 -0.015 13
0.8255 -0.2107 0.2283 17
0.8503 -0.2183 0.0153 17
0.8356 -0.2149 0.0452 13
0.8347 -0.2146 -0.1675 18
0.8374 -0.2155 0.0757 18
0.8551 -0.2202 -0.1399 18
0.8612 -0.2219 0.1092 17
0.8285 -0.2136 -0.1051 15
0.8339 -0.2152 0.1364 12
0.845 -0.2181 -0.0763 11
0.8497 -0.2194 0.1706 17
0.8489 -0.2194 -0.046 15
0.8264 -0.2137 0.1971 19
0.8092 -0.2094 -0.0146 13
0.806 -0.2088 0.2231 17
0.8476 -0.2208 0.0153 14
0.8426 -0.2198 0.0456 10
0.8454 -0.2205 -0.1698 16
0.8309 -0.2169 0.0751 21
0.839 -0.2192 -0.1373 19
0.8489 -0.2219 0.1077 18
0.8316 -0.2175 -0.1055 18
0.8389 -0.2196 0.1373 15
0.85 -0.2225 -0.0769 14
0.8356 -0.2189 0.1679 19
0.8559 -0.2244 -0.0464 15
0.8237 -0.2161 0.1966 23
0.8317 -0.2183 -0.015 13
0.809 -0.2125 0.2241 17
0.841 -0.2222 0.0152 18
0.8399 -0.2222 0.0455 13
0.8446 -0.2235 -0.1698 16
0.8243 -0.2183 0.0746 13
0.8344 -0.2211 -0.1367 20
0.8289 -0.2198 0.1053 16
0.8308 -0.2204 -0.1055 14
0.8362 -0.222 0.137 12
0.8223 -0.2183 -0.0744 12
0.8387 -0.2228 0.1687 18
0.8358 -0.2222 -0.0453 16
0.8305 -0.221 0.1984 22
0.8232 -0.2192 -0.0149 13
0.8083 -0.2154 0.2241 17
0.8537 -0.2288 0.0154 11
0.8256 -0.2215 0.0448 13
0.84 -0.2254 -0.1691 17
0.8486 -0.2279 0.0769 16
0.8413 -0.2261 -0.138 16
0.8339 -0.2242 0.106 20
0.8185 -0.2202 -0.1041 15
0.8374 -0.2255 0.1373 15
0.8292 -0.2233 -0.0751 12
0.8284 -0.2232 0.1668 19
0.8466 -0.2283 -0.046 15
0.8128 -0.2193 0.1944 20
0.8186 -0.221 -0.0148 13
0.815 -0.2202 0.2262 17
0.8375 -0.2275 0.0151 12
0.8287 -0.2255 0.045 13
0.8203 -0.2232 -0.1652 18
0.8363 -0.2277 0.0758 17
0.8329 -0.2269 -0.1367 17
0.8331 -0.2271 0.106 16
0.8139 -0.2221 -0.1036 15
0.829 -0.2263 0.1361 12
0.838 -0.2288 -0.076 11
0.8428 -0.2302 0.1698 18
0.8438 -0.2307 -0.0458 11
0.8214 -0.2247 0.1966 21
0.8062 -0.2207 -0.0146 13
0.8124 -0.2225 0.2257 17
0.8463 -0.2331 0.0153 11
0.8356 -0.2305 0.0454 10
0.8271 -0.2281 -0.1668 18
0.8239 -0.2274 0.0748 18
0.8492 -0.2346 -0.1395 18
0.8381 -0.2316 0.1068 15
0.8208 -0.227 -0.1046 15
0.8243 -0.2281 0.1355 13
0.8257 -0.2285 -0.075 12
0.8306 -0.23 0.1675 19
0.8449 -0.2342 -0.046 15
0.8244 -0.2286 0.1975 21
0.8131 -0.2257 -0.0147 13
0.7985 -0.2218 0.2221 17
0.834 -0.2328 0.0151 12
0.8271 -0.2311 0.045 13
0.8206 -0.2294 -0.1656 18
0.8308 -0.2324 0.0755 18
0.8237 -0.2306 -0.1355 18
0.8391 -0.2351 0.107 15
0.8277 -0.2319 -0.1055 14
0.8274 -0.2319 0.1361 12
0.8268 -0.2319 -0.0751 12
0.8222 -0.2308 0.166 20
0.8326 -0.2339 -0.0453 12
0.8255 -0.2319 0.198 20
0.8085 -0.2273 -0.0147 13
0.8034 -0.226 0.2236 15
0.8255 -0.2334 0.015 12
0.8341 -0.236 0.0454 10
0.8387 -0.2375 -0.1694 17
0.8339 -0.2363 0.0758 17
0.8324 -0.236 -0.137 20
0.8231 -0.2335 0.1051 16
0.8231 -0.2335 -0.1051 15
0.8361 -0.2374 0.1377 12
0.8279 -0.2352 -0.0753 11
0.8252 -0.2346 0.1668 19
0.8222 -0.2339 -0.0448 12
0.8135 -0.2314 0.1953 21
0.8116 -0.231 -0.0147 13
0.8026 -0.2286 0.2236 15
0.8266 -0.2367 0.015 15
0.8179 -0.2345 0.0446 11
0.819 -0.2349 -0.1656 18
0.8254 -0.2368 0.0751 15
0.8373 -0.2404 -0.138 16
0.8223 -0.2363 0.1051 16
0.8108 -0.2331 -0.1036 15
0.8334 -0.2398 0.1373 12
0.829 -0.2387 -0.0755 11
0.8245 -0.2373 0.1668 16
0.831 -0.2394 -0.0453 12
0.8089 -0.2332 0.1944 20
0.807 -0.2328 -0.0147 13
0.7944 -0.2293 0.2215 16
0.845 -0.2452 0.0154 14
0.817 -0.2374 0.0446 11
0.8295 -0.2411 -0.1679 17
0.8207 -0.2387 0.0748 13
0.8383 -0.244 -0.1383 16
0.8272 -0.2408 0.1058 16
0.8062 -0.2348 -0.1031 15
0.8098 -0.236 0.1336 10
0.8263 -0.241 -0.0753 11
0.8255 -0.2409 0.1671 16
0.8263 -0.2413 -0.0451 12
0.8024 -0.2345 0.193 17
0.8023 -0.2345 -0.0146 13
0.7992 -0.2337 0.2231 8
0.8326 -0.2449 0.0151 15
0.8181 -0.2409 0.0447 11
0.8098 -0.2385 -0.1641 19
0.8008 -0.236 0.073 11
0.8356 -0.2464 -0.138 16
0.8073 -0.2382 0.1033 8
0.8034 -0.2372 -0.1029 16
0.807 -0.2384 0.1333 10
0.8121 -0.2399 -0.0741 12
0.8227 -0.2432 0.1668 11
0.8197 -0.2425 -0.0448 12
0.7755 -0.2296 0.1867 8
0.7976 -0.2363 -0.0145 9
0.7779 -0.2306 0.2174 3
0.803 -0.2392 0.0146 10
0.7866 -0.2347 0.043 6
0.8052 -0.2402 -0.1633 13
0.7999 -0.2388 0.073 5
0.795 -0.2374 -0.1314 13
0.7931 -0.2372 -0.1016 12
0.7998 -0.2393 -0.073 8
0.7844 -0.235 -0.0429 4
0.8645 -0.2612 -0.1755 4
0.8319 -0.2517 -0.1377 5
0.8093 -0.2451 -0.1038 3
0.8428 -0.2554 -0.077 3
