1.9921 0.2294 -0.1051 19
1.9969 0.2265 0.0351 25
2.0024 0.2267 0.1056 34
1.9917 0.2248 0.1754 23
1.9924 0.2242 0.2462 29
2.018 0.2267 0.3216 10
1.9958 0.2239 -0.1757 2
1.9849 0.2219 -0.1047 28
2.0271 0.2263 -0.0356 34
2.0056 0.2207 0.0352 39
1.9913 0.2188 0.105 28
2.0182 0.221 0.1776 29
1.997 0.218 0.2467 24
1.9912 0.217 0.3172 21
2.0005 0.2177 -0.1761 4
1.9856 0.2154 -0.1047 23
2.0199 0.2187 -0.0355 38
2.0044 0.2131 0.0352 26
1.9881 0.2107 0.1048 30
2.0051 0.2122 0.1764 25
1.9998 0.2109 0.2469 28
2.0019 0.2104 0.3188 36
2.0053 0.2104 -0.1764 21
1.9963 0.2091 -0.1052 30
1.9949 0.2083 -0.035 27
2.0031 0.2059 0.0351 29
2.0008 0.205 0.1054 30
2.0039 0.2046 0.1762 28
2.0163 0.2055 0.2489 28
1.9967 0.2028 0.3179 25
1.9961 0.2024 -0.1755 35
2.005 0.2026 -0.1056 27
1.9956 0.2013 -0.035 24
1.9999 0.1982 0.0351 30
1.9916 0.1967 0.1049 29
2.0125 0.1984 0.1769 28
2.0052 0.197 0.2474 29
2.0191 0.1976 0.3213 29
2.0008 0.1958 -0.1759 38
1.9978 0.1948 -0.1052 28
1.9983 0.1942 -0.035 25
1.9966 0.1908 0.035 30
1.9962 0.1901 0.1051 30
2.0152 0.1916 0.1771 29
2 0.1894 0.2467 30
2.0178 0.1904 0.321 28
2.0034 0.189 -0.1761 28
1.9905 0.1871 -0.1048 30
2.0129 0.1885 -0.0353 32
2.0012 0.1842 0.0351 33
1.981 0.1817 0.1043 28
2.0139 0.1843 0.1769 28
2.0026 0.1826 0.2469 29
2.0184 0.1833 0.321 28
2.008 0.1824 -0.1764 28
1.9911 0.1802 -0.1048 31
2.0036 0.1806 -0.0351 30
2.0098 0.178 0.0352 31
1.9895 0.1755 0.1047 29
2.0125 0.1771 0.1768 28
2.0052 0.1758 0.2472 30
2.0132 0.1758 0.3201 30
1.9987 0.1745 -0.1755 25
1.9957 0.1735 -0.105 27
1.9883 0.1722 -0.0348 26
2.0025 0.1703 0.0351 32
1.9742 0.1675 0.1038 32
2.0012 0.1691 0.1757 30
2.0098 0.1691 0.2476 31
2.0157 0.1693 0.3204 28
1.9854 0.1664 -0.1743 23
1.9963 0.1666 -0.105 29
1.9948 0.1661 -0.0349 28
1.995 0.163 0.0349 33
1.9907 0.1619 0.1047 29
2.0057 0.1624 0.1761 30
2.0044 0.162 0.2469 29
2.0163 0.1622 0.3204 28
1.9999 0.1606 -0.1755 25
1.9969 0.16 -0.105 29
2.0053 0.1599 -0.0351 30
1.9996 0.1563 0.035 35
1.9872 0.155 0.1045 30
2.0142 0.1564 0.1768 30
1.995 0.1542 0.2457 31
2.0188 0.1557 0.3207 29
2.0024 0.1541 -0.1757 27
1.9894 0.1524 -0.1046 28
2.0078 0.1534 -0.0351 35
1.9981 0.1495 0.035 35
1.9778 0.1473 0.1039 36
2.0187 0.1497 0.1771 31
1.9995 0.1479 0.2462 32
2.0193 0.1486 0.3207 29
2.0069 0.1474 -0.1761 27
1.9899 0.1458 -0.1046 29
2.0024 0.146 -0.035 31
1.9986 0.1426 0.035 33
1.9863 0.141 0.1044 33
2.0113 0.1424 0.1764 30
2 0.1409 0.2462 30
2.0159 0.1413 0.3201 30
2.0014 0.1403 -0.1755 30
1.9904 0.1388 -0.1046 31
1.9909 0.1382 -0.0348 30
2.0031 0.1359 0.035 34
1.9808 0.1336 0.104 32
2.0038 0.1348 0.1757 31
2.0084 0.1345 0.2472 32
2.0144 0.1341 0.3198 31
1.984 0.1321 -0.174 28
1.9989 0.1324 -0.105 29
1.9934 0.1314 -0.0349 32
1.9916 0.1281 0.0348 35
1.9912 0.1274 0.1046 32
2.0043 0.1279 0.1757 29
2.0088 0.1274 0.2472 31
2.0188 0.1274 0.3204 31
1.9904 0.1252 -0.1745 30
1.9913 0.1249 -0.1046 31
2.0058 0.1251 -0.0351 35
1.996 0.1214 0.0349 35
1.9896 0.1203 0.1045 35
2.0127 0.121 0.1764 31
1.9954 0.1196 0.2454 34
2.0231 0.1206 0.321 31
1.9968 0.1186 -0.175 26
1.9818 0.117 -0.104 34
2.0222 0.1191 -0.0354 38
2.0064 0.1146 0.0351 38
1.9761 0.1122 0.1037 38
2.0091 0.1137 0.1761 32
1.9998 0.1125 0.2459 33
2.0196 0.1129 0.3204 31
2.0012 0.1119 -0.1754 27
1.9962 0.1109 -0.1048 36
1.9927 0.11 -0.0348 36
2.0108 0.1078 0.0351 44
1.9845 0.1057 0.1041 37
2.0135 0.1069 0.1764 31
2.0041 0.1057 0.2464 35
2.0102 0.1053 0.3188 30
2.0056 0.1051 -0.1757 27
1.9966 0.1039 -0.1048 36
1.989 0.1028 -0.0348 35
1.9972 0.1001 0.0349 39
1.9848 0.0992 0.1041 38
2.0019 0.0993 0.1754 33
2.0045 0.0987 0.2464 34
2.0105 0.0987 0.3188 30
1.988 0.0972 -0.1741 31
2.0049 0.0974 -0.1052 35
1.9934 0.0964 -0.0348 41
1.9935 0.0933 0.0348 39
1.9931 0.0926 0.1046 43
2.0002 0.0922 0.1752 34
2.0088 0.0923 0.2469 35
2.0167 0.0919 0.3198 31
1.9923 0.0905 -0.1745 31
1.9972 0.0903 -0.1048 38
1.9997 0.0898 -0.0349 40
1.9958 0.0864 0.0349 44
2.0014 0.0863 0.105 46
2.0045 0.0858 0.1755 34
1.9932 0.0846 0.245 35
2.0131 0.0851 0.3191 31
1.9906 0.0838 -0.1743 29
1.9915 0.0831 -0.1045 41
2.006 0.0834 -0.035 52
1.9981 0.0799 0.0349 46
1.9917 0.079 0.1045 48
2.0147 0.0792 0.1764 32
1.9935 0.078 0.245 35
2.0213 0.0784 0.3204 31
1.9969 0.0771 -0.1748 31
1.9918 0.0765 -0.1045 43
2.0022 0.0762 -0.035 41
2.0024 0.0731 0.035 49
1.994 0.0721 0.1046 50
2.005 0.0721 0.1755 35
1.9997 0.0712 0.2457 38
2.0057 0.0707 0.3179 33
1.9892 0.0702 -0.1741 33
1.9921 0.0696 -0.1045 44
1.9925 0.0689 -0.0348 46
2.0006 0.066 0.0349 68
1.9782 0.0646 0.1037 45
1.9953 0.0648 0.1747 37
2.0099 0.0646 0.2469 33
2.0099 0.0639 0.3185 31
1.9834 0.063 -0.1736 36
1.9983 0.0628 -0.1048 48
1.9987 0.0621 -0.0349 58
1.9988 0.059 0.0349 60
1.9844 0.0579 0.104 40
1.9975 0.0579 0.1748 36
1.9982 0.0572 0.2454 36
2.0141 0.057 0.3191 31
1.9936 0.0564 -0.1745 33
1.9925 0.0557 -0.1045 55
2.0009 0.0552 -0.0349 57
1.993 0.0518 0.0348 74
2.0026 0.0514 0.105 60
2.0097 0.0512 0.1759 45
1.9944 0.0501 0.245 33
2.0222 0.0501 0.3204 32
1.9938 0.0494 -0.1745 36
1.9887 0.0486 -0.1043 59
2.0031 0.0483 -0.035 61
1.9992 0.045 0.0349 80
1.9708 0.0437 0.1033 52
2.0178 0.0444 0.1766 38
2.0084 0.0435 0.2467 34
2.0184 0.043 0.3198 32
1.9999 0.0426 -0.175 48
1.9868 0.0416 -0.1041 70
1.9953 0.0411 -0.0348 63
2.0093 0.0382 0.0351 100
1.9769 0.0369 0.1036 59
2.0219 0.0374 0.1769 44
1.9967 0.0362 0.2452 37
2.0106 0.0358 0.3185 31
2.006 0.0357 -0.1755 90
1.991 0.0348 -0.1044 80
1.9914 0.0341 -0.0348 81
1.9975 0.031 0.0349 100
1.983 0.0301 0.1039 57
2.0001 0.03 0.175 51
2.0067 0.0294 0.2464 38
2.0147 0.0288 0.3191 33
1.9882 0.0285 -0.174 92
1.9911 0.0278 -0.1044 100
2.0055 0.0273 -0.035 100
1.9936 0.024 0.0348 99
2.0051 0.0234 0.1051 87
2.0062 0.0231 0.1755 48
2.0048 0.0224 0.2462 44
2.0108 0.0218 0.3185 34
1.9863 0.0215 -0.1738 99
2.0031 0.021 -0.105 100
2.0116 0.0204 -0.0351 100
1.9956 0.0171 0.0348 100
1.9892 0.0167 0.1043 83
2.0103 0.0161 0.1759 46
1.993 0.0153 0.2447 38
2.0227 0.0152 0.3204 33
1.9943 0.0146 -0.1745 100
1.9912 0.0139 -0.1044 100
2.0076 0.0137 -0.035 100
2.0017 0.0105 0.0349 100
1.9713 0.0096 0.1033 88
2.0143 0.0091 0.1762 46
2.001 0.0087 0.2457 33
2.0188 0.0081 0.3198 32
2.0003 0.0077 -0.175 100
1.9873 0.0073 -0.1041 100
1.9837 0.0066 -0.0346 100
2.0017 0.0035 0.0349 100
1.9753 0.0031 0.1035 76
2.0043 0.0024 0.1754 51
2.0049 0.0018 0.2462 35
2.005 0.0014 0.3176 34
1.9904 0.001 -0.1741 75
1.9893 0.0003 -0.1043 100
1.9777 0 -0.0345 100
1.9997 -0.0031 0.0349 100
1.9813 -0.0038 0.1038 90
2.0023 -0.0045 0.1752 48
2.0109 -0.0049 0.2469 38
2.0109 -0.0056 0.3185 31
1.9844 -0.0059 -0.1736 91
2.0052 -0.0063 -0.1051 100
1.9997 -0.007 -0.0349 100
1.9877 -0.0104 0.0347 100
1.9892 -0.0111 0.1043 93
2.0023 -0.0115 0.1752 54
2.0089 -0.0123 0.2467 35
2.0227 -0.0131 0.3204 31
1.9884 -0.0128 -0.174 94
2.0032 -0.0136 -0.105 100
2.0056 -0.0144 -0.035 100
1.9896 -0.0174 0.0347 100
1.9932 -0.0181 0.1045 98
2.0043 -0.0185 0.1754 51
2.0009 -0.0192 0.2457 40
2.0148 -0.02 0.3191 33
1.9903 -0.0198 -0.1741 96
1.9892 -0.0205 -0.1043 100
1.9896 -0.0212 -0.0347 100
1.9975 -0.0244 0.0349 100
1.9811 -0.0246 0.1038 95
2.0042 -0.0255 0.1754 51
1.9988 -0.0262 0.2454 42
2.0127 -0.0267 0.3188 34
1.9882 -0.0267 -0.174 94
1.9951 -0.0275 -0.1046 100
1.9775 -0.0276 -0.0345 100
1.9995 -0.0311 0.0349 100
1.981 -0.0311 0.1038 95
2.0081 -0.0322 0.1757 49
2.0047 -0.0329 0.2462 40
2.0126 -0.0334 0.3188 33
2.0041 -0.0336 -0.1754 100
2.001 -0.0342 -0.1049 100
1.9754 -0.0341 -0.0345 100
1.9953 -0.0376 0.0348 100
1.9849 -0.0381 0.104 95
2.0099 -0.0389 0.1759 46
2.0085 -0.0396 0.2467 43
2.0046 -0.0402 0.3176 33
1.98 -0.0397 -0.1733 100
1.9988 -0.0408 -0.1048 100
1.9733 -0.041 -0.0345 100
1.9872 -0.0444 0.0347 100
1.9808 -0.0449 0.1038 93
2.0118 -0.046 0.1761 43
2.0084 -0.0466 0.2467 40
2.0124 -0.0474 0.3188 33
1.9918 -0.0469 -0.1743 100
1.9887 -0.0476 -0.1043 100
2.0151 -0.0489 -0.0352 100
1.991 -0.0514 0.0348 100
1.9926 -0.0522 0.1045 96
2.0096 -0.053 0.1759 49
2.0003 -0.0534 0.2457 40
2.0201 -0.0547 0.3201 33
1.9996 -0.0545 -0.175 100
1.9945 -0.0547 -0.1046 100
2.0129 -0.0559 -0.0351 100
1.9928 -0.0584 0.0348 100
1.9764 -0.0587 0.1036 96
2.0174 -0.0606 0.1766 41
1.9961 -0.0603 0.2452 35
2.0258 -0.0619 0.321 31
2.0074 -0.0617 -0.1757 100
1.9883 -0.0618 -0.1043 100
1.9887 -0.0622 -0.0347 100
1.9986 -0.066 0.0349 100
1.9822 -0.0661 0.1039 94
2.0231 -0.0678 0.1771 44
1.9998 -0.0677 0.2457 36
2.0058 -0.0686 0.3179 31
1.9932 -0.0682 -0.1745 100
1.9961 -0.069 -0.1047 100
1.9785 -0.0691 -0.0346 100
1.9944 -0.0728 0.0348 100
1.9879 -0.0732 0.1043 95
2.0109 -0.0744 0.1761 44
2.0115 -0.0752 0.2472 36
2.0036 -0.0756 0.3176 29
1.979 -0.0746 -0.1733 91
1.9998 -0.0761 -0.1049 100
1.9722 -0.0758 -0.0345 100
1.9941 -0.0797 0.0348 100
1.9837 -0.0797 0.104 83
2.0007 -0.0811 0.1752 43
2.0072 -0.082 0.2467 39
2.0171 -0.0828 0.3198 33
1.9847 -0.0818 -0.1738 87
1.9955 -0.0829 -0.1047 100
1.984 -0.0828 -0.0347 100
1.9918 -0.0863 0.0348 100
1.9854 -0.0863 0.1041 94
2.0144 -0.0883 0.1764 45
1.9911 -0.088 0.2447 36
2.0208 -0.0896 0.3204 32
1.9864 -0.0885 -0.174 94
1.9833 -0.089 -0.104 100
1.9857 -0.0895 -0.0347 100
1.9915 -0.0929 0.0348 100
1.9751 -0.0928 0.1036 74
2.024 -0.0954 0.1773 39
1.9987 -0.095 0.2457 36
2.0165 -0.0965 0.3198 33
1.9921 -0.0953 -0.1745 89
1.987 -0.0958 -0.1043 100
1.9834 -0.0963 -0.0347 100
2.0072 -0.1006 0.0351 100
1.9728 -0.0996 0.1035 67
2.0177 -0.1022 0.1768 38
2.0023 -0.1021 0.2462 35
2.0043 -0.1029 0.3179 33
1.9858 -0.102 -0.174 84
1.9926 -0.103 -0.1046 100
1.989 -0.1035 -0.0348 100
1.9988 -0.1072 0.0349 99
1.9724 -0.1065 0.1035 67
2.0074 -0.1087 0.1759 41
2.0059 -0.1093 0.2467 37
2.0119 -0.1104 0.3191 31
1.9834 -0.1088 -0.1738 69
1.9922 -0.11 -0.1046 100
2.0006 -0.1112 -0.035 100
1.9885 -0.1136 0.0348 100
1.976 -0.1136 0.1037 53
2.007 -0.1157 0.1759 35
2.0055 -0.1163 0.2467 35
2.0115 -0.1174 0.3191 33
1.991 -0.1162 -0.1745 48
1.9998 -0.1174 -0.105 97
1.9862 -0.1173 -0.0347 100
1.986 -0.1204 0.0347 100
1.9916 -0.1215 0.1046 62
2.0165 -0.1233 0.1768 36
1.9932 -0.1226 0.2452 35
2.0209 -0.125 0.3207 30
1.9946 -0.1234 -0.1748 42
1.9814 -0.1233 -0.104 84
1.9918 -0.1246 -0.0348 100
1.9916 -0.1277 0.0348 94
1.9891 -0.1283 0.1045 77
2.0121 -0.1301 0.1764 37
2.0007 -0.1301 0.2462 34
2.0145 -0.1317 0.3198 33
1.9921 -0.1302 -0.1747 44
1.987 -0.1306 -0.1044 97
1.9854 -0.1312 -0.0347 100
1.9951 -0.135 0.0349 97
1.9747 -0.1339 0.1037 52
2.0136 -0.1373 0.1766 35
2.0042 -0.1373 0.2467 35
2.0023 -0.1376 0.3179 33
1.9917 -0.1372 -0.1747 35
1.9945 -0.1381 -0.1048 96
1.9869 -0.1379 -0.0348 100
1.9947 -0.1416 0.0349 89
1.9743 -0.1408 0.1037 46
2.0032 -0.1436 0.1757 37
2.0018 -0.1438 0.2464 30
2.0116 -0.1453 0.3194 29
1.9812 -0.1434 -0.1738 39
1.994 -0.1447 -0.1048 96
1.9904 -0.1451 -0.0348 86
1.9922 -0.1484 0.0349 75
1.9837 -0.1485 0.1043 49
2.0087 -0.1507 0.1762 40
2.0032 -0.151 0.2467 33
2.0111 -0.1523 0.3194 30
1.9847 -0.1503 -0.1741 34
1.9995 -0.1521 -0.1051 91
1.9959 -0.1525 -0.0349 80
1.9936 -0.1555 0.0349 62
1.9872 -0.1557 0.1045 50
2.0101 -0.1578 0.1764 37
1.9987 -0.1577 0.2462 33
2.0224 -0.1602 0.3213 28
1.9882 -0.1575 -0.1745 34
1.985 -0.158 -0.1044 66
1.9953 -0.1595 -0.0349 63
1.9971 -0.1628 0.035 60
1.9707 -0.1613 0.1036 40
2.0175 -0.1655 0.1771 38
1.9962 -0.1645 0.2459 32
2.0218 -0.1673 0.3213 28
1.9896 -0.1646 -0.1747 25
1.9924 -0.1656 -0.1048 48
1.9948 -0.1665 -0.0349 49
2.0005 -0.1701 0.035 44
1.984 -0.1694 0.1044 39
2.0169 -0.1726 0.1771 34
2.0035 -0.1721 0.2469 32
2.0094 -0.1733 0.3194 30
1.987 -0.1714 -0.1745 24
1.9938 -0.1727 -0.1049 54
1.9862 -0.1727 -0.0348 49
1.9979 -0.1769 0.035 53
1.9815 -0.1761 0.1043 41
1.9945 -0.1776 0.1752 33
1.999 -0.1788 0.2464 32
2.0186 -0.1812 0.321 28
1.9824 -0.178 -0.1741 25
1.9991 -0.1802 -0.1052 51
1.9916 -0.1802 -0.0349 43
1.9893 -0.1831 0.0349 47
1.9868 -0.1836 0.1046 36
2.0057 -0.1857 0.1762 30
2.0062 -0.1865 0.2474 33
2.0081 -0.1874 0.3194 29
1.9838 -0.1851 -0.1743 23
1.9905 -0.1864 -0.1048 51
1.983 -0.1864 -0.0348 37
1.9906 -0.1903 0.0349 41
1.9822 -0.1902 0.1044 37
2.009 -0.1931 0.1766 30
1.9937 -0.1923 0.2459 35
2.0193 -0.1955 0.3213 28
1.9851 -0.1922 -0.1745 25
1.9859 -0.193 -0.1046 48
2.0042 -0.1955 -0.0351 44
1.9939 -0.1976 0.035 39
1.9755 -0.1965 0.104 35
2.0123 -0.2005 0.1769 31
1.993 -0.1993 0.2459 35
2.0146 -0.2022 0.3207 29
1.9943 -0.2001 -0.1754 26
1.9932 -0.2007 -0.105 45
1.9876 -0.2008 -0.0349 40
1.9932 -0.2046 0.035 41
1.9808 -0.2037 0.1044 36
2.0076 -0.2071 0.1766 31
2.0022 -0.2073 0.2472 30
2.0061 -0.208 0.3194 30
1.9897 -0.2067 -0.175 23
1.9905 -0.2075 -0.1049 44
1.977 -0.2064 -0.0347 35
1.9925 -0.2112 0.035 40
1.9861 -0.2112 0.1047 35
1.995 -0.2129 0.1755 33
2.0054 -0.2143 0.2476 30
2.0132 -0.2159 0.3207 29
1.981 -0.2128 -0.1743 20
1.9957 -0.2147 -0.1052 38
1.9842 -0.2141 -0.0348 35
1.9838 -0.2173 0.0348 35
1.9813 -0.2177 0.1045 34
2.0022 -0.2203 0.1762 31
2.0047 -0.2213 0.2476 30
2.0164 -0.2233 0.3213 30
1.9783 -0.2191 -0.1741 22
1.995 -0.2217 -0.1052 38
1.9874 -0.2215 -0.0349 33
1.9831 -0.2242 0.0348 32
1.9845 -0.2251 0.1047 30
2.0054 -0.2278 0.1766 31
1.994 -0.2272 0.2464 33
2.0156 -0.2304 0.3213 29
1.9874 -0.2271 -0.175 20
1.9783 -0.2268 -0.1044 38
1.9945 -0.2294 -0.035 32
1.9902 -0.232 0.035 37
1.9718 -0.2306 0.104 32
2.0165 -0.2362 0.1776 30
1.9952 -0.2344 0.2467 30
2.0187 -0.2379 0.3219 29
1.9945 -0.235 -0.1757 22
1.9874 -0.2349 -0.1049 41
2.0017 -0.2373 -0.0352 34
1.9934 -0.2395 0.035 34
1.975 -0.238 0.1043 31
2.0136 -0.243 0.1774 25
2.0003 -0.2421 0.2474 32
2.01 -0.244 0.3207 29
1.9858 -0.241 -0.175 23
1.9925 -0.2425 -0.1052 38
1.9989 -0.244 -0.0351 38
1.9965 -0.2469 0.0351 34
1.9821 -0.2458 0.1047 30
2.0108 -0.2497 0.1773 20
2.0093 -0.2503 0.2486 30
2.0091 -0.251 0.3207 28
1.975 -0.2467 -0.1741 24
1.9877 -0.249 -0.105 40
1.9801 -0.2487 -0.0348 35
1.9817 -0.2521 0.0349 30
1.9832 -0.253 0.1048 33
1.9902 -0.2542 0.1755 25
1.9966 -0.2558 0.2472 28
2.0122 -0.2585 0.3213 28
1.9742 -0.2536 -0.1741 24
1.9908 -0.2564 -0.1052 40
1.9872 -0.2567 -0.035 32
1.9848 -0.2595 0.0349 32
1.9804 -0.2593 0.1047 28
2.013 -0.2643 0.1776 21
1.9878 -0.2617 0.2462 18
2.0231 -0.2667 0.3232 17
1.9812 -0.2615 -0.1748 19
1.9859 -0.2629 -0.105 36
2.0081 -0.2662 -0.0354 36
1.9978 -0.268 0.0352 10
