1.5018 0.2199 0.0265 14
1.4881 0.2174 0.0788 18
1.5044 0.2184 -0.133 17
1.4805 0.2147 0.2908 19
1.4904 0.2158 -0.0789 26
1.5022 0.217 -0.0265 26
1.5005 0.2144 0.0265 39
1.4909 0.2124 0.0789 38
1.5149 0.2156 0.1339 30
1.4957 0.2123 0.1855 28
1.5099 0.2138 0.2415 40
1.5052 0.2131 -0.133 36
1.5026 0.2125 0.295 20
1.501 0.212 -0.0794 38
1.495 0.2106 -0.0264 43
1.4934 0.208 0.0263 25
1.4956 0.2078 0.0791 30
1.5018 0.2084 0.1327 33
1.5102 0.209 0.1872 32
1.5048 0.2077 0.2406 31
1.5079 0.2082 -0.1332 36
1.4995 0.2067 0.2942 24
1.5057 0.2073 -0.0797 39
1.5017 0.2062 -0.0265 56
1.506 0.2044 0.0265 31
1.5022 0.2036 0.0794 31
1.4986 0.2026 0.1323 33
1.503 0.2027 0.1862 36
1.4735 0.1984 -0.1826 5
1.5035 0.2025 0.2403 35
1.5027 0.2021 -0.1327 36
1.5099 0.2028 0.2961 23
1.4945 0.2005 -0.079 41
1.5023 0.2013 -0.0265 60
1.4987 0.1984 0.0264 33
1.493 0.1971 0.0789 28
1.5052 0.1982 0.1328 31
1.4919 0.1961 0.1848 36
1.488 0.1954 -0.1843 10
1.5258 0.2001 0.2437 38
1.5093 0.1976 -0.1332 37
1.5086 0.1975 0.2958 25
1.4873 0.1945 -0.0786 39
1.507 0.1965 -0.0265 60
1.5073 0.1942 0.0265 33
1.4798 0.1901 0.0782 36
1.5118 0.1939 0.1333 33
1.4906 0.1907 0.1845 31
1.4808 0.1892 -0.1833 12
1.5108 0.1927 0.2412 35
1.508 0.1924 -0.133 32
1.5152 0.193 0.2969 26
1.4879 0.1893 -0.0786 41
1.5037 0.1908 -0.0265 60
1.508 0.1889 0.0265 33
1.4844 0.1854 0.0784 35
1.5065 0.1879 0.1328 29
1.4971 0.1862 0.1852 35
1.4853 0.1845 -0.1838 12
1.5056 0.1867 0.2403 35
1.5027 0.1864 -0.1325 38
1.5119 0.1872 0.2961 23
1.4965 0.1851 -0.079 39
1.4925 0.184 -0.0262 60
1.5047 0.1832 0.0265 34
1.495 0.1814 0.0789 28
1.4953 0.1812 0.1318 31
1.5096 0.1824 0.1867 36
1.4919 0.18 -0.1845 12
1.514 0.1824 0.2415 37
1.4935 0.1799 -0.1316 36
1.5067 0.1813 0.295 27
1.5011 0.1803 -0.0792 44
1.4971 0.1793 -0.0263 60
1.5013 0.1774 0.0264 33
1.4896 0.1755 0.0786 32
1.5058 0.1772 0.1327 32
1.5023 0.1762 0.1857 36
1.4905 0.1746 -0.1843 12
1.5127 0.1769 0.2412 38
1.4901 0.1743 -0.1313 36
1.5132 0.1767 0.2961 29
1.4978 0.1746 -0.079 41
1.5076 0.1752 -0.0265 58
1.5019 0.1722 0.0264 33
1.4942 0.1708 0.0788 32
1.5045 0.1717 0.1325 31
1.4911 0.1696 0.1843 36
1.4971 0.17 -0.185 12
1.5192 0.1723 0.2422 37
1.5046 0.1706 -0.1325 37
1.5197 0.1721 0.2973 28
1.4904 0.1685 -0.0786 37
1.5102 0.1702 -0.0265 60
1.5025 0.1669 0.0264 36
1.4829 0.1642 0.0782 32
1.5031 0.1662 0.1323 34
1.4996 0.1653 0.1852 32
1.4838 0.1633 -0.1833 12
1.5198 0.167 0.2422 36
1.5131 0.1662 -0.1332 38
1.5203 0.1668 0.2973 27
1.4871 0.1629 -0.0784 42
1.5108 0.1649 -0.0265 60
1.5111 0.1626 0.0265 33
1.4914 0.1599 0.0786 29
1.5116 0.1618 0.133 32
1.5002 0.1601 0.1852 32
1.4824 0.1579 -0.183 12
1.5047 0.16 0.2397 35
1.5038 0.1596 -0.1323 36
1.5247 0.1619 0.298 28
1.4956 0.1585 -0.0788 41
1.4974 0.1582 -0.0263 63
1.5076 0.1569 0.0265 33
1.4919 0.1547 0.0786 31
1.5002 0.155 0.132 33
1.5007 0.1548 0.1852 32
1.479 0.1523 -0.1826 15
1.4993 0.1541 0.2387 35
1.4984 0.1538 -0.1318 40
1.5195 0.1557 0.2969 29
1.4961 0.153 -0.0788 42
1.498 0.153 -0.0263 58
1.5002 0.1505 0.0263 33
1.4925 0.1492 0.0786 32
1.4968 0.1494 0.1316 33
1.5013 0.1493 0.1852 33
1.4875 0.1477 -0.1835 12
1.5136 0.15 0.2409 37
1.4811 0.1465 -0.1302 35
1.5122 0.1496 0.2954 29
1.4967 0.1478 -0.0788 38
1.5005 0.1477 -0.0263 61
1.4928 0.1445 0.0262 38
1.489 0.1436 0.0784 35
1.5093 0.1451 0.1327 33
1.4939 0.1433 0.1843 32
1.484 0.1421 -0.183 13
1.5102 0.1444 0.2403 37
1.5054 0.1436 -0.1323 35
1.5147 0.1442 0.2958 28
1.4892 0.1416 -0.0784 39
1.513 0.1436 -0.0265 61
1.5032 0.1405 0.0264 36
1.4895 0.139 0.0784 35
1.5018 0.1396 0.132 34
1.4943 0.1384 0.1843 33
1.4805 0.1368 -0.1826 15
1.5067 0.1392 0.2397 36
1.5078 0.1391 -0.1325 38
1.521 0.14 0.2969 29
1.4897 0.1369 -0.0784 38
1.5094 0.1384 -0.0265 61
1.5116 0.1362 0.0265 38
1.482 0.133 0.078 35
1.5142 0.1354 0.133 34
1.5027 0.1341 0.1852 33
1.4849 0.1323 -0.183 13
1.5033 0.1336 0.239 36
1.4865 0.1319 -0.1306 31
1.5234 0.1352 0.2973 27
1.4901 0.1319 -0.0784 44
1.4999 0.1323 -0.0263 63
1.5061 0.1304 0.0264 34
1.4864 0.1282 0.0782 35
1.4947 0.1287 0.1313 32
1.5012 0.1287 0.185 37
1.4794 0.1266 -0.1823 16
1.5037 0.1284 0.239 36
1.4968 0.1278 -0.1314 42
1.5219 0.1297 0.2969 29
1.4985 0.1274 -0.0788 37
1.5084 0.1277 -0.0264 63
1.4966 0.1244 0.0262 36
1.4909 0.1234 0.0784 36
1.4992 0.1238 0.1316 32
1.5016 0.1235 0.185 37
1.4917 0.1224 -0.1838 15
1.5101 0.1236 0.24 38
1.4873 0.1218 -0.1306 37
1.5204 0.1242 0.2965 27
1.497 0.122 -0.0787 46
1.5108 0.1226 -0.0265 67
1.501 0.1195 0.0263 33
1.4913 0.1182 0.0784 35
1.5115 0.1195 0.1327 31
1.4941 0.1176 0.184 38
1.4961 0.1175 -0.1843 15
1.5125 0.1185 0.2403 37
1.5056 0.118 -0.1321 38
1.5091 0.118 0.2942 28
1.4874 0.116 -0.0782 38
1.4933 0.116 -0.0261 65
1.5014 0.1142 0.0263 36
1.4857 0.1125 0.0781 38
1.5159 0.1145 0.133 34
1.4925 0.1122 0.1838 41
1.4767 0.1108 -0.1818 17
1.5089 0.1129 0.2397 35
1.51 0.113 -0.1325 42
1.5153 0.1131 0.2954 29
1.4878 0.1108 -0.0782 41
1.4977 0.111 -0.0262 61
1.5018 0.109 0.0263 34
1.4841 0.1072 0.078 40
1.5123 0.1089 0.1327 36
1.4989 0.1074 0.1845 37
1.487 0.1063 -0.183 16
1.5073 0.1075 0.2393 38
1.4826 0.1058 -0.13 38
1.5236 0.1084 0.2969 26
1.4922 0.1059 -0.0784 44
1.508 0.1065 -0.0264 67
1.4982 0.1035 0.0262 36
1.4924 0.1025 0.0784 38
1.4928 0.1023 0.1309 31
1.5111 0.103 0.186 35
1.4874 0.1011 -0.183 15
1.5018 0.1019 0.2384 36
1.475 0.1 -0.1293 40
1.5083 0.102 0.2938 21
1.5005 0.1012 -0.0788 41
1.5004 0.1007 -0.0262 61
1.4946 0.098 0.0261 38
1.5008 0.0978 0.0788 34
1.5011 0.0976 0.1316 34
1.5055 0.0974 0.1852 35
1.4877 0.0959 -0.183 15
1.51 0.0971 0.2397 37
1.4813 0.0953 -0.1299 36
1.5008 0.0963 0.2923 23
1.4889 0.0952 -0.0782 42
1.5127 0.0962 -0.0265 67
1.4969 0.0929 0.0262 39
1.4931 0.0921 0.0784 40
1.4955 0.092 0.1311 31
1.494 0.0914 0.1838 35
1.49 0.0909 -0.1833 15
1.5143 0.0921 0.2403 37
1.5035 0.0914 -0.1318 40
1.505 0.0913 0.2931 22
1.4872 0.0899 -0.0781 41
1.4991 0.0901 -0.0262 61
1.5052 0.0881 0.0263 43
1.4894 0.0869 0.0782 40
1.5137 0.0878 0.1327 36
1.4923 0.086 0.1835 37
1.4844 0.0856 -0.1826 17
1.5205 0.0874 0.2412 38
1.4978 0.0858 -0.1313 33
1.5112 0.0863 0.2942 25
1.4915 0.085 -0.0783 49
1.4914 0.0847 -0.0261 69
1.5075 0.0832 0.0264 41
1.4817 0.0815 0.0778 38
1.51 0.0826 0.1323 38
1.4965 0.0813 0.184 41
1.4886 0.0809 -0.183 15
1.5011 0.0813 0.2381 38
1.506 0.0813 -0.132 47
1.5115 0.0813 0.2942 26
1.4918 0.08 -0.0783 48
1.4956 0.08 -0.0261 93
1.5037 0.078 0.0263 42
1.486 0.0766 0.078 42
1.4903 0.0765 0.1306 34
1.5047 0.0768 0.185 36
1.4928 0.0759 -0.1835 15
1.5073 0.0764 0.239 36
1.4884 0.0754 -0.1304 43
1.5215 0.0768 0.2961 29
1.4961 0.0753 -0.0785 46
1.4899 0.0744 -0.026 78
1.49 0.0721 0.026 46
1.4922 0.0717 0.0783 40
1.5025 0.0719 0.1316 36
1.509 0.0717 0.1855 36
1.4931 0.0707 -0.1835 16
1.5115 0.0713 0.2397 36
1.4767 0.0696 -0.1293 45
1.514 0.0711 0.2946 29
1.4963 0.07 -0.0785 48
1.5041 0.0699 -0.0263 84
1.4983 0.0672 0.0262 54
1.4925 0.0665 0.0783 40
1.5068 0.0668 0.132 38
1.5013 0.0661 0.1845 36
1.4933 0.0655 -0.1835 16
1.5117 0.066 0.2397 37
1.4949 0.0653 -0.1309 55
1.5142 0.0658 0.2946 30
1.4826 0.0642 -0.0778 53
1.5064 0.0647 -0.0263 90
1.5025 0.0622 0.0262 55
1.4867 0.061 0.078 38
1.5149 0.0619 0.1327 39
1.4916 0.0604 0.1833 41
1.4817 0.0598 -0.1821 17
1.5139 0.0608 0.24 40
1.4971 0.0601 -0.1311 50
1.5183 0.0607 0.2954 29
1.4828 0.059 -0.0778 53
1.5046 0.0594 -0.0263 97
1.5047 0.057 0.0263 59
1.4869 0.0558 0.078 43
1.5112 0.0565 0.1323 39
1.5057 0.0557 0.185 36
1.4938 0.055 -0.1835 17
1.5003 0.055 0.2378 36
1.4953 0.0548 -0.1309 47
1.5264 0.0557 0.2969 31
1.491 0.0542 -0.0782 53
1.4968 0.0538 -0.0261 97
1.5069 0.0518 0.0263 70
1.4931 0.0508 0.0783 45
1.5014 0.0509 0.1314 39
1.5098 0.0506 0.1855 37
1.4979 0.05 -0.184 17
1.5064 0.05 0.2387 35
1.4815 0.0491 -0.1297 48
1.5227 0.0502 0.2961 30
1.4872 0.0488 -0.078 53
1.499 0.0487 -0.0262 100
1.4991 0.0463 0.0262 70
1.4972 0.0457 0.0785 45
1.5075 0.0458 0.132 42
1.506 0.0452 0.185 37
1.4901 0.0445 -0.183 17
1.5085 0.0448 0.239 36
1.5056 0.0444 -0.1318 75
1.5189 0.0448 0.2954 29
1.4913 0.0437 -0.0782 67
1.4991 0.0434 -0.0262 100
1.4992 0.0411 0.0262 70
1.4954 0.0405 0.0784 43
1.5057 0.0402 0.1318 41
1.4982 0.0398 0.184 37
1.4863 0.0392 -0.1826 19
1.5106 0.0396 0.2393 38
1.4798 0.0385 -0.1295 62
1.5151 0.0391 0.2946 31
1.4775 0.0379 -0.0775 63
1.4933 0.0381 -0.0261 100
1.5053 0.0357 0.0263 78
1.4816 0.0349 0.0777 45
1.5058 0.035 0.1318 41
1.4964 0.0342 0.1838 40
1.4845 0.0339 -0.1823 20
1.5108 0.0343 0.2393 40
1.4879 0.0335 -0.1302 65
1.5153 0.0339 0.2946 30
1.4896 0.033 -0.0781 88
1.4894 0.0328 -0.026 100
1.5095 0.0308 0.0264 78
1.4877 0.0301 0.078 51
1.5 0.0298 0.1313 39
1.5024 0.0294 0.1845 40
1.4846 0.029 -0.1823 22
1.501 0.0291 0.2378 41
1.5119 0.029 -0.1323 100
1.5252 0.029 0.2965 28
1.4937 0.0282 -0.0783 77
1.4835 0.0277 -0.0259 100
1.4936 0.0255 0.0261 95
1.4897 0.0252 0.0781 53
1.4941 0.0248 0.1307 49
1.5045 0.0244 0.1848 42
1.4906 0.0242 -0.183 22
1.505 0.0242 0.2384 46
1.4742 0.0234 -0.129 100
1.5194 0.0239 0.2954 29
1.4938 0.0232 -0.0783 99
1.4996 0.023 -0.0262 111
1.4896 0.0205 0.026 100
1.4958 0.0204 0.0784 60
1.4962 0.0198 0.1309 46
1.5046 0.0194 0.1848 43
1.4946 0.0193 -0.1835 26
1.513 0.0193 0.2397 41
1.4782 0.0186 -0.1293 97
1.5077 0.0187 0.2931 30
1.4978 0.0183 -0.0785 100
1.5057 0.0181 -0.0263 104
1.4937 0.0151 0.0261 100
1.4939 0.0146 0.0783 70
1.5022 0.0144 0.1314 54
1.4888 0.0138 0.1828 43
1.4868 0.0135 -0.1826 31
1.5091 0.0134 0.239 42
1.4902 0.0133 -0.1304 100
1.5116 0.0132 0.2938 30
1.4839 0.0127 -0.0778 100
1.5077 0.0124 -0.0263 105
1.4977 0.0099 0.0261 100
1.4859 0.0093 0.0779 77
1.5102 0.0092 0.1321 60
1.4967 0.0086 0.1838 48
1.4868 0.0083 -0.1826 37
1.5052 0.0081 0.2384 41
1.4863 0.008 -0.13 100
1.5156 0.0079 0.2946 29
1.4819 0.0075 -0.0777 100
1.4998 0.0071 -0.0262 124
1.5038 0.0047 0.0262 100
1.488 0.0042 0.078 81
1.5082 0.0039 0.132 57
1.5007 0.0034 0.1843 50
1.4809 0.0031 -0.1818 46
1.5052 0.0029 0.2384 41
1.4903 0.0029 -0.1304 100
1.5254 0.0027 0.2965 32
1.4979 0.0024 -0.0785 100
1.4738 0.0018 -0.0257 127
1.4998 -0.0005 0.0262 100
1.488 -0.001 0.078 88
1.4983 -0.0013 0.1311 49
1.5047 -0.0018 0.1848 43
1.4868 -0.0021 -0.1826 41
1.5033 -0.0024 0.2381 38
1.4863 -0.0023 -0.13 100
1.5156 -0.0026 0.2946 30
1.4979 -0.0029 -0.0785 100
1.4738 -0.0033 -0.0257 129
1.4858 -0.0057 0.0259 100
1.4939 -0.006 0.0783 85
1.4983 -0.0065 0.1311 58
1.5047 -0.0071 0.1848 40
1.4948 -0.0073 -0.1835 41
1.5092 -0.0074 0.239 37
1.4943 -0.0076 -0.1307 100
1.5156 -0.0079 0.2946 30
1.4959 -0.0081 -0.0784 100
1.4977 -0.0084 -0.0261 130
1.4897 -0.0107 0.026 100
1.4899 -0.0112 0.0781 92
1.5082 -0.0118 0.132 55
1.4927 -0.012 0.1833 48
1.4888 -0.0122 -0.1828 45
1.5111 -0.0127 0.2393 38
1.4783 -0.0126 -0.1293 100
1.5156 -0.013 0.2946 30
1.4979 -0.0131 -0.0785 100
1.4897 -0.0135 -0.026 128
1.4977 -0.0159 0.0261 100
1.4839 -0.0163 0.0778 88
1.5062 -0.0168 0.1318 51
1.4967 -0.0172 0.1838 43
1.4808 -0.0173 -0.1818 45
1.5071 -0.0179 0.2387 41
1.4862 -0.0176 -0.13 100
1.5312 -0.0184 0.2977 29
1.4759 -0.018 -0.0774 100
1.4877 -0.0187 -0.026 129
1.4976 -0.0212 0.0261 100
1.4818 -0.0215 0.0777 92
1.5101 -0.0221 0.1321 54
1.4966 -0.0225 0.1838 41
1.4827 -0.0225 -0.1821 50
1.4972 -0.023 0.2372 42
1.4822 -0.0228 -0.1297 100
1.5233 -0.0237 0.2961 29
1.5018 -0.0236 -0.0787 100
1.4916 -0.024 -0.026 131
1.4935 -0.0263 0.0261 100
1.4877 -0.0267 0.078 100
1.4901 -0.027 0.1304 38
1.5044 -0.0278 0.1848 40
1.4826 -0.0277 -0.1821 49
1.503 -0.0283 0.2381 40
1.492 -0.0281 -0.1306 100
1.5193 -0.0289 0.2954 30
1.4817 -0.0284 -0.0777 100
1.4875 -0.0291 -0.026 133
1.4854 -0.0314 0.0259 100
1.4916 -0.032 0.0782 100
1.4979 -0.0324 0.1311 38
1.4964 -0.0329 0.1838 45
1.4865 -0.033 -0.1826 50
1.5068 -0.0337 0.2387 41
1.5133 -0.0341 0.2942 31
1.4776 -0.0335 -0.0775 100
1.4954 -0.0345 -0.0261 133
1.5013 -0.037 0.0262 100
1.4815 -0.037 0.0777 95
1.5098 -0.038 0.1321 41
1.4963 -0.0381 0.1838 43
1.4804 -0.038 -0.1818 53
1.5146 -0.0391 0.24 43
1.5092 -0.0393 0.2935 31
1.4835 -0.0388 -0.0778 100
1.4972 -0.0397 -0.0261 136
1.5012 -0.0422 0.0262 100
1.4714 -0.0419 0.0771 90
1.5156 -0.0434 0.1327 48
1.5001 -0.0435 0.1843 42
1.4763 -0.043 -0.1813 48
1.5066 -0.0442 0.2387 45
1.4797 -0.0434 -0.1295 100
1.5189 -0.0448 0.2954 30
1.4733 -0.0437 -0.0772 100
1.4971 -0.045 -0.0261 136
1.503 -0.0475 0.0262 100
1.4752 -0.0469 0.0774 90
1.5055 -0.0484 0.1318 50
1.496 -0.0486 0.1838 45
1.4821 -0.0484 -0.1821 48
1.4985 -0.0489 0.2375 45
1.4716 -0.0483 -0.1288 100
1.5227 -0.0502 0.2961 26
1.4752 -0.0489 -0.0774 100
1.481 -0.0494 -0.0259 131
1.5009 -0.0524 0.0262 100
1.485 -0.0524 0.0779 73
1.4953 -0.0533 0.1309 57
1.5037 -0.0538 0.1848 41
1.4819 -0.0533 -0.1821 48
1.5023 -0.0543 0.2381 43
1.4834 -0.0539 -0.1299 100
1.5107 -0.0549 0.2938 22
1.481 -0.054 -0.0777 100
1.5007 -0.0576 0.0262 100
1.4908 -0.0578 0.0782 81
1.4932 -0.0581 0.1307 51
1.5016 -0.059 0.1845 38
1.4857 -0.0586 -0.1826 44
1.5041 -0.0596 0.2384 42
1.4832 -0.0588 -0.1299 100
1.4987 -0.0597 0.2916 23
1.4788 -0.0591 -0.0776 100
1.4966 -0.0604 -0.0261 135
1.4965 -0.0627 0.0261 100
1.4926 -0.0631 0.0783 85
1.4989 -0.0636 0.1313 48
1.4974 -0.0641 0.184 38
1.4755 -0.0634 -0.1813 52
1.5078 -0.065 0.239 41
1.483 -0.064 -0.1299 100
1.5005 -0.065 0.2919 27
1.4746 -0.0641 -0.0774 100
1.5043 -0.0659 -0.0263 118
1.5022 -0.0682 0.0262 100
1.4824 -0.0678 0.0778 73
1.5047 -0.0691 0.1318 51
1.5031 -0.0696 0.1848 40
1.4813 -0.0688 -0.1821 42
1.5095 -0.0704 0.2393 42
1.4767 -0.0689 -0.1293 100
1.5159 -0.071 0.295 31
1.4823 -0.0696 -0.0778 100
1.4801 -0.0701 -0.0259 130
1.51 -0.0738 0.0264 100
1.4842 -0.0731 0.0779 55
1.5024 -0.0743 0.1316 57
1.5028 -0.0748 0.1848 41
1.5053 -0.0755 0.2387 42
1.4785 -0.0741 -0.1295 100
1.5235 -0.0766 0.2965 32
1.4861 -0.075 -0.078 100
1.4739 -0.0749 -0.0258 126
1.5017 -0.0787 0.0262 100
1.4939 -0.0788 0.0784 67
1.4982 -0.0793 0.1313 48
1.5026 -0.0801 0.1848 40
1.4887 -0.0796 -0.183 21
1.505 -0.0807 0.2387 43
1.4882 -0.0798 -0.1304 100
1.5232 -0.082 0.2965 28
1.4938 -0.0806 -0.0784 100
1.4736 -0.0801 -0.0258 123
1.4914 -0.0834 0.0261 100
1.4916 -0.0839 0.0783 71
1.4979 -0.0845 0.1313 46
1.5003 -0.0852 0.1845 38
1.4884 -0.0848 -0.183 18
1.5067 -0.0861 0.239 41
1.4879 -0.085 -0.1304 100
1.5112 -0.0866 0.2942 32
1.4895 -0.0856 -0.0782 100
1.4833 -0.0858 -0.0259 119
1.5031 -0.0893 0.0263 100
1.4813 -0.0885 0.0778 67
1.5016 -0.09 0.1316 43
1.496 -0.0902 0.184 36
1.4821 -0.0896 -0.1823 20
1.5163 -0.0919 0.2406 40
1.4876 -0.0902 -0.1304 100
1.5207 -0.0925 0.2961 30
1.4772 -0.0901 -0.0776 100
1.489 -0.0913 -0.026 115
1.4968 -0.0942 0.0262 93
1.483 -0.0938 0.0779 71
1.5032 -0.0954 0.1318 40
1.4957 -0.0954 0.184 38
1.4759 -0.0944 -0.1816 20
1.512 -0.097 0.24 38
1.4773 -0.0948 -0.1295 100
1.5164 -0.0975 0.2954 31
1.4769 -0.0952 -0.0776 100
1.4807 -0.096 -0.0259 114
1.5065 -0.1001 0.0264 100
1.4866 -0.0993 0.0781 65
1.5049 -0.1007 0.132 38
1.4993 -0.1009 0.1845 40
1.4815 -0.1 -0.1823 20
1.4959 -0.1012 0.2375 40
1.4829 -0.1003 -0.13 80
1.522 -0.1032 0.2965 27
1.4905 -0.1014 -0.0783 100
1.4863 -0.1016 -0.026 114
1.5121 -0.1057 0.0265 81
1.4903 -0.1047 0.0783 63
1.4966 -0.1054 0.1313 41
1.5108 -0.107 0.186 35
1.4831 -0.1053 -0.1826 19
1.4955 -0.1064 0.2375 40
1.4706 -0.1046 -0.129 71
1.5196 -0.1084 0.2961 29
1.4921 -0.1067 -0.0784 100
1.476 -0.1061 -0.0258 100
1.4898 -0.1091 0.0261 74
1.4939 -0.1097 0.0785 46
1.4982 -0.1105 0.1314 40
1.4986 -0.1111 0.1845 40
1.4867 -0.1105 -0.183 13
1.507 -0.112 0.2393 38
1.4782 -0.1101 -0.1297 66
1.5075 -0.1126 0.2938 29
1.4958 -0.1119 -0.0786 82
1.4836 -0.1113 -0.026 100
1.4994 -0.1148 0.0262 60
1.4816 -0.114 0.0779 48
1.5018 -0.1161 0.1318 40
1.4982 -0.1161 0.1845 37
1.4863 -0.1154 -0.183 13
1.5125 -0.1177 0.2403 36
1.4838 -0.1157 -0.1302 62
1.513 -0.118 0.295 28
1.4794 -0.1157 -0.0778 88
1.4832 -0.1165 -0.026 100
1.5089 -0.1209 0.0264 65
1.4832 -0.1193 0.078 51
1.4954 -0.1206 0.1313 36
1.4939 -0.121 0.184 37
1.4721 -0.1195 -0.1813 15
1.5023 -0.1222 0.2387 38
1.4894 -0.1214 -0.1307 61
1.5184 -0.1238 0.2961 29
1.481 -0.121 -0.0779 82
1.4868 -0.122 -0.026 100
1.5085 -0.1261 0.0264 64
1.4807 -0.1243 0.0779 46
1.5009 -0.1266 0.1318 38
1.5033 -0.127 0.1852 35
1.4756 -0.1249 -0.1818 15
1.5018 -0.1274 0.2387 38
1.4929 -0.1269 -0.1311 61
1.516 -0.1292 0.2958 27
1.4905 -0.1273 -0.0784 66
1.4804 -0.1267 -0.0259 100
1.5001 -0.131 0.0263 72
1.4863 -0.13 0.0782 43
1.4905 -0.1309 0.1309 37
1.4989 -0.1322 0.1848 36
1.489 -0.1313 -0.1835 13
1.4994 -0.1325 0.2384 36
1.5156 -0.1345 0.2958 27
1.494 -0.1328 -0.0786 63
1.4859 -0.1324 -0.026 100
1.4936 -0.1354 0.0262 60
1.4878 -0.1351 0.0783 46
1.4901 -0.1359 0.1309 37
1.5004 -0.1373 0.185 37
1.4925 -0.1366 -0.184 13
1.5029 -0.1378 0.239 37
1.4741 -0.1355 -0.1295 47
1.5073 -0.1388 0.2942 27
1.4896 -0.1374 -0.0784 64
1.4835 -0.1371 -0.026 99
1.5091 -0.1419 0.0265 60
1.4893 -0.1405 0.0784 43
1.4956 -0.1414 0.1314 38
1.4881 -0.1412 0.1835 31
1.4802 -0.1407 -0.1826 15
1.5103 -0.1438 0.2403 37
1.4876 -0.1417 -0.1307 50
1.5166 -0.1447 0.2961 29
1.4852 -0.142 -0.0782 57
1.4909 -0.143 -0.0261 99
1.4947 -0.1458 0.0262 56
1.4829 -0.1451 0.0781 40
1.501 -0.1472 0.132 32
1.4915 -0.1468 0.184 32
1.4777 -0.1457 -0.1823 16
1.5019 -0.1483 0.239 36
1.491 -0.1472 -0.1311 45
1.5141 -0.1498 0.2958 27
1.4827 -0.1469 -0.0781 60
1.4904 -0.1482 -0.0261 100
1.4981 -0.1514 0.0263 54
1.4804 -0.1501 0.078 43
1.4966 -0.152 0.1316 37
1.493 -0.1522 0.1843 32
1.4811 -0.1512 -0.1828 16
1.4915 -0.1526 0.2375 32
1.4846 -0.1518 -0.1306 47
1.5214 -0.1559 0.2973 27
1.4881 -0.1527 -0.0784 55
1.478 -0.1522 -0.0259 97
1.4996 -0.1568 0.0263 51
1.4858 -0.1559 0.0783 41
1.4921 -0.1568 0.1313 38
1.4885 -0.157 0.1838 35
1.4826 -0.1566 -0.183 13
1.4949 -0.1582 0.2381 33
1.482 -0.1568 -0.1304 48
1.5209 -0.1612 0.2973 27
1.4876 -0.1579 -0.0784 53
1.4774 -0.1574 -0.0259 88
1.4951 -0.1616 0.0262 47
1.4892 -0.1615 0.0785 45
1.4955 -0.1625 0.1316 33
1.4919 -0.1626 0.1843 35
1.4859 -0.1622 -0.1835 13
1.5081 -0.1649 0.2403 37
1.4795 -0.162 -0.1302 47
1.5164 -0.1661 0.2965 28
1.489 -0.1633 -0.0785 56
1.4908 -0.1641 -0.0262 82
1.4945 -0.1668 0.0262 41
1.4827 -0.166 0.0782 43
1.4949 -0.1679 0.1316 36
1.4874 -0.1674 0.1838 33
1.4775 -0.1665 -0.1826 15
1.5114 -0.1706 0.2409 36
1.4809 -0.1674 -0.1304 42
1.506 -0.1705 0.2946 29
1.4765 -0.1674 -0.0779 60
1.4981 -0.1702 -0.0263 82
1.4978 -0.1728 0.0263 41
1.4741 -0.1706 0.0778 35
1.4982 -0.1736 0.132 34
1.4848 -0.1726 0.1835 32
1.4749 -0.1717 -0.1823 13
1.5049 -0.1755 0.24 38
1.4842 -0.173 -0.1307 42
1.5171 -0.1771 0.2969 26
1.4838 -0.1735 -0.0783 44
1.4915 -0.175 -0.0262 65
1.5012 -0.1785 0.0264 41
1.4775 -0.1762 0.078 40
1.4976 -0.1788 0.132 34
1.498 -0.1794 0.1852 33
1.4743 -0.1768 -0.1823 13
1.4965 -0.1798 0.2387 38
1.4757 -0.1773 -0.13 40
1.5009 -0.1806 0.2938 23
1.4872 -0.1792 -0.0785 41
1.4711 -0.1778 -0.0259 61
1.5026 -0.184 0.0264 38
1.4809 -0.1816 0.0782 37
1.493 -0.1836 0.1316 34
1.5013 -0.1851 0.1857 35
1.4737 -0.1817 -0.1823 15
1.4978 -0.185 0.239 36
1.4711 -0.1819 -0.1297 38
1.5041 -0.1863 0.2946 23
1.4806 -0.1836 -0.0782 45
1.4963 -0.1858 -0.0263 65
1.49 -0.1874 0.0262 36
1.4882 -0.1875 0.0786 34
1.4904 -0.1883 0.1314 28
1.4987 -0.1899 0.1855 31
1.4829 -0.1879 -0.1835 13
1.5011 -0.1904 0.2397 35
1.4745 -0.1873 -0.13 37
1.4879 -0.1893 0.2916 23
1.4899 -0.1898 -0.0787 46
1.5016 -0.1916 -0.0264 65
1.4973 -0.1934 0.0264 36
1.4836 -0.1922 0.0784 37
1.5056 -0.1953 0.1328 29
1.4862 -0.1933 0.184 31
1.4744 -0.192 -0.1826 15
1.5024 -0.1959 0.24 33
1.4936 -0.1948 -0.1318 40
1.4931 -0.195 0.2927 24
1.4774 -0.1932 -0.0781 46
1.4989 -0.1965 -0.0264 63
1.4947 -0.1984 0.0263 34
1.4789 -0.1968 0.0782 36
1.5029 -0.2003 0.1327 31
1.4875 -0.1987 0.1843 32
1.5037 -0.2014 0.2403 35
1.4771 -0.1979 -0.1304 37
1.5041 -0.2018 0.295 24
1.4846 -0.1994 -0.0785 41
1.5002 -0.202 -0.0264 65
1.5019 -0.2047 0.0265 34
1.4822 -0.2025 0.0784 36
1.5002 -0.2052 0.1325 30
1.5025 -0.2061 0.1862 33
1.475 -0.2026 -0.1828 12
1.4912 -0.2051 0.2384 36
1.4883 -0.2047 -0.1314 38
1.5112 -0.2081 0.2965 24
1.478 -0.2038 -0.0782 41
1.4837 -0.2051 -0.0261 60
1.4932 -0.2088 0.0263 37
1.4815 -0.2077 0.0784 37
1.4956 -0.2099 0.1321 30
1.4959 -0.2105 0.1855 30
1.4723 -0.2074 -0.1826 12
1.5022 -0.2119 0.2403 36
1.4875 -0.2099 -0.1314 38
1.5027 -0.2123 0.295 26
1.4852 -0.21 -0.0786 41
1.4889 -0.2111 -0.0262 63
1.4846 -0.2129 0.0262 34
1.4886 -0.214 0.0788 33
1.4929 -0.2149 0.132 31
1.4971 -0.216 0.1857 32
1.4794 -0.2137 -0.1835 10
1.5034 -0.2174 0.2406 31
1.475 -0.2133 -0.1304 38
1.5097 -0.2186 0.2965 27
1.4844 -0.2152 -0.0786 44
1.496 -0.2175 -0.0264 63
1.4917 -0.2192 0.0263 36
1.4918 -0.2198 0.079 32
1.498 -0.2209 0.1325 30
1.4924 -0.2207 0.1852 32
1.5085 -0.2236 0.2415 35
1.4722 -0.2182 -0.1302 33
1.5089 -0.2239 0.2965 27
1.4718 -0.2186 -0.078 39
1.4933 -0.2224 -0.0264 61
1.4989 -0.2256 0.0265 32
1.4713 -0.222 0.078 36
1.5031 -0.2271 0.133 31
1.4877 -0.2253 0.1848 35
1.5077 -0.2288 0.2415 35
1.4971 -0.2272 -0.1325 37
1.5159 -0.2303 0.298 27
1.475 -0.2244 -0.0782 41
1.4905 -0.2273 -0.0263 58
1.4981 -0.2308 0.0265 33
1.4824 -0.229 0.0786 31
1.5043 -0.2326 0.1332 31
1.4889 -0.2308 0.185 32
1.4712 -0.2283 -0.1828 9
1.4933 -0.232 0.2393 35
1.4943 -0.2321 -0.1323 33
1.5151 -0.2356 0.298 27
1.486 -0.2314 -0.0788 38
1.4937 -0.2331 -0.0264 63
1.4973 -0.2358 0.0265 32
1.4757 -0.2329 0.0783 33
1.4838 -0.2345 0.1314 27
1.5038 -0.2382 0.1869 32
1.4983 -0.2378 0.2403 37
1.4836 -0.2358 -0.1314 37
1.5124 -0.2403 0.2977 25
1.4892 -0.2369 -0.079 39
1.487 -0.2371 -0.0263 61
1.4925 -0.2404 0.0264 32
1.4827 -0.2394 0.0787 27
1.5007 -0.2428 0.133 34
1.4912 -0.2415 0.1855 31
1.4775 -0.2396 -0.1838 8
1.5131 -0.2456 0.2428 36
1.4808 -0.2406 -0.1313 36
1.4979 -0.2437 0.295 24
1.4864 -0.2421 -0.0789 34
1.4881 -0.2426 -0.0263 58
1.4916 -0.2459 0.0264 31
1.478 -0.2439 0.0785 31
1.5018 -0.2484 0.1332 31
1.4845 -0.246 0.1848 35
1.4727 -0.2443 -0.1833 8
1.5064 -0.2499 0.2418 32
1.4918 -0.2478 -0.1323 33
1.4932 -0.2483 0.2942 26
1.4892 -0.2481 -0.0264 52
1.4908 -0.2508 0.0264 32
1.4751 -0.2487 0.0784 28
1.5009 -0.2536 0.1332 31
1.4875 -0.2516 0.1852 36
1.5074 -0.2555 0.2422 36
1.4948 -0.2536 -0.1327 36
1.5136 -0.2568 0.2984 24
1.4788 -0.2512 -0.0786 38
1.4864 -0.253 -0.0263 54
1.5018 -0.258 0.0266 32
1.4821 -0.2552 0.0788 20
1.506 -0.2596 0.1337 32
1.4886 -0.2571 0.1855 31
1.4968 -0.2591 0.2406 31
1.496 -0.2589 -0.1328 38
1.5069 -0.2611 0.2973 26
1.4818 -0.257 -0.0788 35
1.4776 -0.2568 -0.0262 54
1.493 -0.2619 0.0265 32
1.4832 -0.2607 0.0789 23
1.4913 -0.2624 0.1325 27
1.4955 -0.2637 0.1865 31
1.4998 -0.265 0.2412 35
1.4813 -0.2617 -0.1316 36
1.5137 -0.2677 0.2988 27
1.4848 -0.2629 -0.079 35
1.4767 -0.262 -0.0262 48
1.4881 -0.2664 0.0264 31
1.4863 -0.2663 0.0791 27
1.4904 -0.2676 0.1325 29
1.4907 -0.2682 0.186 32
1.4731 -0.2653 -0.1838 8
1.495 -0.2693 0.2406 33
1.4902 -0.2687 -0.1325 37
1.5051 -0.2716 0.2973 23
1.4761 -0.2666 -0.0786 42
1.4798 -0.2676 -0.0262 56
1.4951 -0.2728 0.0265 31
1.4853 -0.2715 0.0791 23
1.4973 -0.2743 0.1332 29
1.4878 -0.2728 0.1857 26
1.5038 -0.2763 0.2422 23
1.4873 -0.2735 -0.1323 36
1.5022 -0.2763 0.2969 16
1.4791 -0.2723 -0.0788 38
1.4867 -0.2742 -0.0264 50
1.4922 -0.2776 0.0265 29
1.4726 -0.2745 0.0785 22
1.4981 -0.2806 -0.1333 33
1.4722 -0.2763 -0.0785 34
1.4857 -0.2794 -0.0264 45
1.499 -0.2843 0.0266 3
1.4854 -0.2836 -0.1323 7
