0.9985 -0.2493 -0.163 16
1.0264 -0.2567 -0.1299 16
1.065 -0.2665 -0.096 15
1.0985 -0.2753 -0.0593 21
1.0939 -0.2746 -0.0197 5
1.0034 -0.2543 -0.1639 16
1.0255 -0.2603 -0.1299 16
1.0602 -0.2692 -0.0957 16
1.0878 -0.2767 -0.0588 17
0.9508 -0.2441 -0.1908 2
1.0025 -0.2578 -0.1639 16
1.0266 -0.2643 -0.1302 16
1.0611 -0.2734 -0.0959 15
1.0694 -0.276 -0.0579 5
1.0111 -0.2638 -0.1655 16
1.016 -0.2654 -0.1289 16
1.066 -0.2787 -0.0964 15
1.0083 -0.2668 -0.1652 16
1.0151 -0.269 -0.1289 16
1.0438 -0.2768 -0.0945 6
1.0074 -0.2703 -0.1652 16
1.0237 -0.2751 -0.1302 14
0.9931 -0.2702 -0.163 15
1.0209 -0.2779 -0.1299 9
0.9884 -0.2724 -0.1624 8
0.9703 -0.2709 -0.1596 3
1.0216 0.2199 -0.1655 13
1.0165 0.2151 -0.1646 17
1.0274 0.2171 -0.1289 4
1.025 0.2132 -0.1658 18
1.034 0.2147 -0.1297 16
0.9578 0.1961 -0.19 2
1.0219 0.2088 -0.1652 17
1.0348 0.2111 -0.1297 17
1.0737 0.2188 -0.0959 9
0.9547 0.192 -0.1893 2
1.0129 0.2035 -0.1636 18
1.0432 0.2092 -0.1306 16
1.0823 0.2167 -0.0966 15
0.963 0.1903 -0.1908 2
1.0252 0.2023 -0.1655 17
1.0459 0.206 -0.1309 16
1.083 0.2131 -0.0966 19
1.1093 0.2178 -0.0592 15
0.9752 0.1892 -0.1931 2
1.0143 0.1964 -0.1636 16
1.033 0.1997 -0.1292 16
1.1014 0.2127 -0.0981 18
1.1022 0.2124 -0.0588 21
0.9701 0.1847 -0.192 2
1.0266 0.1951 -0.1655 18
1.0376 0.1968 -0.1297 17
1.0845 0.2055 -0.0966 19
1.1108 0.2101 -0.0592 21
1.1338 0.214 -0.0201 17
0.9649 0.1802 -0.1908 2
1.0234 0.1908 -0.1649 20
1.0343 0.1925 -0.1292 16
1.0734 0.1995 -0.0955 18
1.1193 0.2077 -0.0597 21
1.1365 0.2104 -0.0202 20
1.184 0.2173 0.021 12
0.9714 0.1779 -0.192 2
1.0124 0.1851 -0.163 17
1.035 0.1888 -0.1292 16
1.0761 0.1961 -0.0957 18
1.1161 0.203 -0.0595 22
1.1471 0.2083 -0.0203 20
1.1809 0.2125 0.0209 20
0.9797 0.1759 -0.1935 2
1.0169 0.1822 -0.1636 18
1.0415 0.1863 -0.1299 16
1.0827 0.1934 -0.0962 16
1.0991 0.196 -0.0585 21
1.1498 0.2046 -0.0204 20
1.1836 0.2087 0.021 18
1.1999 0.2111 0.0638 17
0.959 0.1688 -0.1893 2
1.0195 0.179 -0.1639 17
1.0324 0.1809 -0.1287 16
1.0892 0.1907 -0.0967 18
1.1057 0.1932 -0.0588 22
1.1386 0.1985 -0.0202 20
1.1843 0.2046 0.021 18
1.2144 0.2093 0.0646 20
1.0298 0.1771 -0.1655 17
1.033 0.1773 -0.1287 17
1.084 0.1859 -0.0962 19
1.1083 0.1897 -0.0589 21
1.1334 0.1935 -0.0201 20
1.1889 0.2011 0.021 18
1.2053 0.2034 0.0641 20
0.9505 0.1604 -0.1874 3
1.2711 0.2143 0.1128 16
1.0188 0.1716 -0.1636 17
1.0434 0.1754 -0.1299 16
1.0846 0.1821 -0.0962 19
1.1129 0.1864 -0.0591 21
1.1361 0.1899 -0.0201 20
1.1798 0.1953 0.0209 20
1.2139 0.2005 0.0645 19
0.9511 0.1571 -0.1874 3
1.2738 0.2102 0.113 16
1.0077 0.1661 -0.1618 17
1.3182 0.217 0.164 15
1.0421 0.1714 -0.1297 17
1.0813 0.1777 -0.0959 18
1.1096 0.1819 -0.0589 21
1.1367 0.1859 -0.0201 20
1.1824 0.1915 0.0209 18
1.2146 0.1963 0.0645 20
0.9671 0.1563 -0.1904 2
1.2746 0.2058 0.113 18
1.0121 0.1632 -0.1624 17
1.3092 0.2109 0.1628 16
1.0348 0.1665 -0.1287 17
1.0859 0.1745 -0.0962 19
1.0945 0.1755 -0.0581 21
1.1413 0.1826 -0.0202 20
1.1791 0.1868 0.0208 18
1.2093 0.1911 0.0642 20
0.9754 0.1541 -0.192 2
1.2694 0.2004 0.1124 18
1.0127 0.1597 -0.1624 17
1.3119 0.2066 0.1631 17
1.0276 0.1616 -0.1277 17
1.0904 0.1713 -0.0966 18
1.105 0.1732 -0.0586 22
1.1459 0.1792 -0.0202 20
1.1837 0.1832 0.0209 18
1.208 0.1868 0.0641 19
0.9585 0.148 -0.1885 3
1.274 0.1965 0.1128 20
1.0172 0.1567 -0.163 18
1.3185 0.2029 0.1638 17
1.034 0.159 -0.1285 16
1.093 0.1678 -0.0967 18
1.1095 0.17 -0.0588 24
1.1307 0.173 -0.02 20
1.1863 0.1796 0.0209 20
1.2086 0.1826 0.0641 20
0.959 0.1447 -0.1885 3
1.2668 0.1909 0.1121 18
1.0235 0.1542 -0.1639 17
1.323 0.1991 0.1643 17
1.0365 0.1558 -0.1287 17
1.0778 0.1617 -0.0953 19
1.116 0.1672 -0.0591 21
1.1332 0.1694 -0.02 20
1.177 0.174 0.0208 20
1.2191 0.1798 0.0646 20
0.9614 0.1418 -0.1889 3
1.2674 0.1867 0.1121 18
1.0143 0.1492 -0.1624 17
1.3159 0.1934 0.1633 16
1.0409 0.1528 -0.1292 17
1.0783 0.1581 -0.0953 18
1.1047 0.1616 -0.0585 22
1.1338 0.1654 -0.02 20
1.1737 0.1693 0.0207 18
1.2197 0.1756 0.0646 20
0.9833 0.1415 -0.1931 2
1.274 0.1831 0.1126 18
1.005 0.1443 -0.1608 16
1.3067 0.1874 0.1621 17
1.0454 0.1497 -0.1297 16
1.0848 0.1552 -0.0959 18
1.1013 0.1571 -0.0583 22
1.1463 0.1631 -0.0202 20
1.1762 0.1655 0.0207 20
1.2085 0.1696 0.064 20
0.9682 0.1359 -0.19 2
1.2805 0.1795 0.1131 20
1.0192 0.1427 -0.163 18
1.3133 0.1836 0.1628 19
1.0302 0.1439 -0.1277 17
1.0932 0.1525 -0.0966 19
1.1058 0.1538 -0.0585 21
1.127 0.1564 -0.0199 20
1.1887 0.163 0.0209 20
1.2031 0.1646 0.0636 19
1.2733 0.174 0.1124 17
1.0236 0.1397 -0.1636 18
1.3178 0.1796 0.1633 17
1.0307 0.1403 -0.1277 17
1.0799 0.1468 -0.0953 15
1.1024 0.1494 -0.0583 21
1.1295 0.1527 -0.0199 20
1.1833 0.1581 0.0208 18
1.2136 0.1619 0.0642 20
0.9672 0.1289 -0.1897 2
1.2719 0.1693 0.1123 20
1.0222 0.1358 -0.1633 18
1.3145 0.1745 0.1628 17
1.039 0.1377 -0.1287 16
1.0784 0.1427 -0.0952 19
1.1168 0.1474 -0.059 22
1.136 0.1498 -0.02 20
1.164 0.1516 0.0205 18
1.2102 0.1572 0.064 20
0.9637 0.125 -0.1889 3
1.2764 0.1653 0.1126 20
1.0206 0.1322 -0.163 18
1.3151 0.1701 0.1628 16
1.0395 0.1343 -0.1287 17
1.0789 0.139 -0.0952 19
1.1034 0.1419 -0.0583 22
1.1345 0.1455 -0.02 20
1.1764 0.149 0.0207 18
1.2107 0.1532 0.064 20
0.9525 0.1203 -0.1866 6
1.2671 0.1598 0.1117 20
1.0133 0.1276 -0.1618 17
1.3039 0.164 0.1614 17
1.0459 0.1314 -0.1294 16
1.0833 0.1359 -0.0955 19
1.088 0.1361 -0.0575 22
1.135 0.1418 -0.02 20
1.1769 0.1451 0.0207 20
1.1993 0.1475 0.0633 20
0.9743 0.1196 -0.1908 2
1.2716 0.1559 0.1121 20
1.0215 0.1252 -0.163 17
1.3044 0.1597 0.1614 19
1.0266 0.1255 -0.127 16
1.0838 0.1321 -0.0955 19
1.1004 0.1339 -0.0581 22
1.1414 0.1385 -0.0201 20
1.1854 0.1418 0.0208 18
1.1998 0.1433 0.0633 20
0.9611 0.1146 -0.1881 6
1.282 0.1526 0.113 20
1.022 0.1215 -0.163 17
1.3089 0.1554 0.1618 17
1.0369 0.1229 -0.1282 16
1.0862 0.1286 -0.0957 16
1.1048 0.1304 -0.0583 21
1.1241 0.1324 -0.0198 21
1.1779 0.1369 0.0207 18
1.2082 0.14 0.0637 20
0.9634 0.1115 -0.1885 3
1.2568 0.1452 0.1107 18
1.0184 0.1177 -0.1624 17
1.3173 0.152 0.1628 19
1.0353 0.1192 -0.128 17
1.0768 0.1236 -0.0948 19
1.1052 0.1267 -0.0583 22
1.1325 0.1294 -0.0199 20
1.1704 0.1319 0.0206 18
1.2127 0.1362 0.064 20
0.9658 0.1083 -0.1889 6
1.2652 0.1419 0.1114 20
1.011 0.1132 -0.1611 17
1.3099 0.1465 0.1618 17
1.0417 0.1163 -0.1287 17
1.0832 0.1205 -0.0953 18
1.1037 0.1224 -0.0582 19
1.1309 0.1253 -0.0199 20
1.1749 0.128 0.0206 18
1.2052 0.1309 0.0635 22
0.9818 0.1065 -0.192 5
1.2697 0.1377 0.1117 20
1.0114 0.1095 -0.1611 17
1.3026 0.1408 0.1609 17
1.0342 0.1116 -0.1277 16
1.0796 0.1161 -0.095 18
1.0962 0.1175 -0.0578 21
1.1314 0.1211 -0.0199 20
1.1793 0.1242 0.0207 18
1.1997 0.1261 0.0632 20
0.9665 0.1014 -0.1889 6
1.2741 0.1335 0.1121 18
1.0216 0.1068 -0.1627 17
1.311 0.1369 0.1618 17
1.0306 0.1074 -0.1272 16
1.0899 0.1134 -0.0959 19
1.0946 0.1135 -0.0577 21
1.1377 0.1178 -0.02 20
1.1757 0.1198 0.0206 20
1.1942 0.1213 0.0629 20
0.9629 0.0976 -0.1881 6
1.2726 0.1288 0.1119 20
1.0161 0.1029 -0.1618 17
1.2996 0.1313 0.1604 17
1.0369 0.1046 -0.128 17
1.0824 0.1088 -0.0952 18
1.099 0.1103 -0.0579 21
1.1183 0.1118 -0.0196 21
1.1821 0.1163 0.0207 20
1.2026 0.1179 0.0633 20
0.9515 0.0933 -0.1858 6
1.2611 0.1234 0.1109 18
1.0164 0.0993 -0.1618 17
1.3 0.1268 0.1604 17
1.0412 0.1014 -0.1285 16
1.0827 0.1052 -0.0952 19
1.1133 0.1078 -0.0586 21
1.1226 0.1083 -0.0197 21
1.1686 0.1109 0.0205 20
1.2149 0.1148 0.064 20
0.987 0.0933 -0.1927 5
1.2596 0.1188 0.1107 20
1.0089 0.095 -0.1605 17
1.3084 0.123 0.1614 17
1.0416 0.0977 -0.1285 16
1.0732 0.1005 -0.0943 18
1.1017 0.1028 -0.058 22
1.131 0.1051 -0.0198 20
1.1729 0.1072 0.0206 18
1.2093 0.1103 0.0636 19
0.9639 0.0877 -0.1881 6
1.26 0.1144 0.1107 20
1.0073 0.0913 -0.1602 17
1.2969 0.1173 0.1599 19
1.038 0.0937 -0.128 17
1.0854 0.0978 -0.0953 18
1.0981 0.0986 -0.0578 21
1.1333 0.1015 -0.0199 20
1.1673 0.1027 0.0205 18
1.1958 0.1048 0.0629 20
0.9525 0.0833 -0.1858 6
1.2782 0.1116 0.1123 20
1.0135 0.0885 -0.1611 18
1.3052 0.1137 0.1609 16
1.0224 0.0889 -0.126 17
1.0838 0.0939 -0.0952 19
1.1064 0.0956 -0.0582 21
1.1316 0.0974 -0.0198 20
1.1776 0.0995 0.0206 18
1.1961 0.1007 0.0629 20
0.9606 0.0808 -0.1874 6
1.2726 0.1069 0.1117 20
1.0216 0.0856 -0.1624 17
1.3056 0.1092 0.1609 19
1.0346 0.0863 -0.1275 17
1.0801 0.0898 -0.0948 16
1.1067 0.0918 -0.0582 21
1.124 0.0928 -0.0197 18
1.1839 0.0959 0.0207 20
1.2005 0.0968 0.0631 20
0.9687 0.0779 -0.1889 6
1.2651 0.1016 0.111 17
1.02 0.0817 -0.1621 17
1.3099 0.1049 0.1614 17
1.0369 0.0829 -0.1277 16
1.0745 0.0855 -0.0943 19
1.111 0.088 -0.0584 22
1.1263 0.089 -0.0197 21
1.1743 0.0908 0.0206 20
1.2068 0.0931 0.0634 20
0.9729 0.0749 -0.1897 5
1.2595 0.0967 0.1105 20
1.0065 0.0771 -0.1599 17
1.3064 0.0998 0.1609 17
1.0471 0.0798 -0.1289 16
1.0728 0.0816 -0.0941 16
1.0973 0.0831 -0.0577 21
1.1266 0.0851 -0.0197 21
1.1666 0.0863 0.0204 18
1.2051 0.0887 0.0633 20
0.9653 0.0709 -0.1881 6
1.2618 0.0924 0.1107 20
1.0126 0.0742 -0.1608 17
1.2988 0.0949 0.1599 17
1.0355 0.0755 -0.1275 17
1.085 0.0787 -0.0952 19
1.0976 0.0794 -0.0577 21
1.1369 0.0819 -0.0199 17
1.1709 0.0825 0.0205 18
1.2054 0.0845 0.0633 20
0.9812 0.0688 -0.1912 2
1.268 0.0887 0.1112 20
1.0168 0.0709 -0.1614 17
1.309 0.0911 0.1611 19
1.0357 0.0719 -0.1275 17
1.0872 0.0753 -0.0953 18
1.1059 0.0762 -0.0581 21
1.1252 0.0771 -0.0197 18
1.1752 0.0787 0.0206 20
1.1937 0.0795 0.0627 20
0.9579 0.0638 -0.1866 6
1.2644 0.084 0.1109 20
1.023 0.0678 -0.1624 16
1.3133 0.0868 0.1616 19
1.03 0.0679 -0.1267 16
1.0815 0.0711 -0.0948 16
1.1061 0.0723 -0.0581 21
1.1255 0.0732 -0.0197 18
1.1794 0.0748 0.0206 20
1.2059 0.0761 0.0633 20
0.962 0.0607 -0.1874 6
1.2567 0.0791 0.1102 20
1.0193 0.0639 -0.1618 17
1.3116 0.0821 0.1614 17
1.0402 0.0649 -0.128 16
1.0738 0.0668 -0.0941 19
1.1104 0.0687 -0.0583 21
1.1297 0.0695 -0.0198 21
1.1637 0.0698 0.0203 20
1.2102 0.0721 0.0635 20
0.9544 0.0569 -0.1858 6
1.2669 0.0753 0.111 18
1.0096 0.0598 -0.1602 17
1.3079 0.0772 0.1609 17
1.0404 0.0613 -0.128 16
1.0701 0.0628 -0.0938 19
1.0986 0.0641 -0.0577 21
1.1259 0.0653 -0.0197 18
1.17 0.066 0.0205 20
1.2005 0.0675 0.063 20
0.9742 0.0546 -0.1897 5
1.2632 0.0706 0.1107 18
1.0118 0.0564 -0.1605 17
1.2963 0.072 0.1594 19
1.0327 0.0572 -0.127 16
1.0703 0.0591 -0.0938 16
1.1008 0.0604 -0.0578 21
1.1341 0.062 -0.0198 20
1.1682 0.062 0.0204 18
1.1987 0.0632 0.0629 20
1.2714 0.0666 0.1114 20
1.008 0.0528 -0.1599 17
1.3004 0.0679 0.1599 16
1.0328 0.0538 -0.127 17
1.0864 0.0562 -0.0952 18
1.095 0.0564 -0.0575 21
1.1284 0.0578 -0.0197 21
1.1764 0.0584 0.0206 20
1.1869 0.0587 0.0623 20
0.9746 0.048 -0.1897 5
1.2676 0.0622 0.111 18
1.0279 0.0503 -0.163 16
1.2947 0.0631 0.1592 17
1.0291 0.05 -0.1265 17
1.0806 0.0523 -0.0947 16
1.1032 0.053 -0.0579 21
1.1225 0.0537 -0.0196 18
1.1726 0.0543 0.0205 18
1.2031 0.0553 0.0631 20
0.9688 0.0443 -0.1885 3
1.2559 0.0572 0.11 18
1.0163 0.0463 -0.1611 17
1.3048 0.0593 0.1604 17
1.0352 0.0468 -0.1272 16
1.0708 0.0481 -0.0938 19
1.1034 0.0493 -0.0579 21
1.1227 0.0498 -0.0196 21
1.1688 0.05 0.0204 20
1.2072 0.0514 0.0633 20
0.967 0.041 -0.1881 6
1.2541 0.053 0.1098 18
1.0144 0.0427 -0.1608 16
1.3011 0.0545 0.1599 17
1.0393 0.0434 -0.1277 16
1.0789 0.0448 -0.0945 16
1.1016 0.0454 -0.0578 21
1.1249 0.0462 -0.0197 21
1.1649 0.046 0.0203 18
1.2074 0.0472 0.0633 20
0.9711 0.0378 -0.1889 6
1.2642 0.049 0.1107 18
1.0245 0.0397 -0.1624 17
1.2973 0.0501 0.1594 17
1.0493 0.0403 -0.1289 16
1.0811 0.0412 -0.0947 18
1.0917 0.0414 -0.0573 21
1.137 0.0427 -0.0199 17
1.1731 0.042 0.0205 18
1.2016 0.0426 0.063 20
0.9594 0.034 -0.1866 6
1.2584 0.0444 0.1102 18
1.0127 0.0355 -0.1605 17
1.3014 0.0454 0.1599 17
1.0336 0.0359 -0.127 17
1.0892 0.0375 -0.0953 18
1.0978 0.0376 -0.0576 21
1.1352 0.0385 -0.0198 20
1.1732 0.0379 0.0205 20
1.1938 0.0381 0.0626 20
0.9595 0.0305 -0.1866 6
1.2625 0.0399 0.1105 18
1.0208 0.0321 -0.1618 17
1.3016 0.0409 0.1599 17
1.0337 0.0323 -0.127 16
1.0794 0.0334 -0.0945 16
1.104 0.0337 -0.0579 21
1.1193 0.034 -0.0195 18
1.1693 0.0335 0.0204 18
1.1959 0.034 0.0627 20
0.9596 0.0271 -0.1866 6
1.2507 0.0352 0.1095 18
1.009 0.0282 -0.1599 16
1.3097 0.0364 0.1609 17
1.0418 0.0287 -0.128 17
1.0795 0.0296 -0.0945 19
1.1141 0.0301 -0.0584 21
1.1274 0.0303 -0.0197 18
1.1615 0.0294 0.0203 18
1.206 0.0301 0.0632 19
0.9754 0.0242 -0.1897 5
1.2608 0.031 0.1103 18
1.0071 0.0248 -0.1596 17
1.3058 0.0319 0.1604 16
1.0419 0.0253 -0.128 16
1.0736 0.0257 -0.094 18
1.0962 0.026 -0.0575 21
1.1235 0.0263 -0.0196 21
1.1655 0.0254 0.0203 18
1.2021 0.0258 0.063 19
0.9755 0.0209 -0.1897 5
1.2629 0.0269 0.1105 18
1.0092 0.0213 -0.1599 17
1.3019 0.0273 0.1599 16
1.0419 0.0216 -0.128 16
1.0816 0.0223 -0.0947 15
1.0883 0.022 -0.057 19
1.1396 0.0227 -0.0199 17
1.1736 0.0215 0.0205 18
1.1962 0.0215 0.0627 20
0.956 0.0172 -0.1858 6
1.263 0.0225 0.1105 18
1.0132 0.0179 -0.1605 16
1.2921 0.0226 0.1587 17
1.0321 0.0178 -0.1267 16
1.0817 0.0185 -0.0947 16
1.0923 0.0183 -0.0573 21
1.1277 0.0185 -0.0197 21
1.1817 0.0175 0.0206 18
1.1902 0.0172 0.0624 19
0.9717 0.0141 -0.1889 6
1.2591 0.018 0.1102 18
1.0231 0.0145 -0.1621 17
1.3021 0.0182 0.1599 17
1.0321 0.0142 -0.1267 16
1.0818 0.0147 -0.0947 18
1.1004 0.0146 -0.0577 19
1.1197 0.0145 -0.0195 21
1.1737 0.0133 0.0205 18
1.1943 0.0131 0.0626 20
0.96 0.0106 -0.1866 6
1.2551 0.0136 0.1098 18
1.0133 0.0108 -0.1605 16
1.3101 0.0137 0.1609 17
1.0262 0.0106 -0.126 14
1.0758 0.0109 -0.0941 16
1.0964 0.0107 -0.0575 21
1.1218 0.0106 -0.0196 18
1.1658 0.0092 0.0203 18
1.2003 0.0092 0.0629 20
0.96 0.0072 -0.1866 6
1.2552 0.0092 0.1098 18
1.0074 0.0072 -0.1596 16
1.3022 0.0091 0.1599 16
1.0382 0.0071 -0.1275 16
1.0679 0.0071 -0.0934 15
1.0965 0.0069 -0.0575 21
1.1298 0.0069 -0.0197 18
1.1638 0.0053 0.0203 17
1.2023 0.005 0.063 19
0.9718 0.0039 -0.1889 6
1.2592 0.0048 0.1102 18
1.0134 0.0039 -0.1605 16
1.2943 0.0047 0.1589 17
1.0402 0.0036 -0.1277 16
1.0779 0.0034 -0.0943 16
1.0965 0.0033 -0.0575 19
1.1318 0.003 -0.0198 18
1.1678 0.0012 0.0204 18
1.1944 0.001 0.0626 19
0.9561 0.0007 -0.1858 6
1.2652 0.0007 0.1107 18
1.0094 0.0004 -0.1599 17
1.2983 0.0002 0.1594 17
1.0342 0 -0.127 16
1.0878 -0.0002 -0.0952 16
1.0965 -0.0006 -0.0575 19
1.1338 -0.0008 -0.0198 17
1.1718 -0.0027 0.0205 18
1.1904 -0.0031 0.0624 20
0.9561 -0.0027 -0.1858 6
1.2532 -0.0037 0.1096 17
1.0173 -0.003 -0.1611 16
1.2982 -0.0041 0.1594 17
1.0342 -0.0034 -0.127 17
1.0858 -0.004 -0.095 18
1.0965 -0.0042 -0.0575 21
1.1198 -0.0047 -0.0195 18
1.1718 -0.0072 0.0205 17
1.1963 -0.0075 0.0627 20
0.962 -0.0062 -0.187 6
1.2512 -0.0083 0.1095 18
1.0114 -0.0069 -0.1602 16
1.3022 -0.0091 0.1599 16
1.0302 -0.0072 -0.1265 16
1.0699 -0.0078 -0.0936 15
1.1045 -0.0085 -0.0579 21
1.1198 -0.0088 -0.0195 18
1.1618 -0.0109 0.0203 18
1.1943 -0.0115 0.0626 19
0.9835 -0.0096 -0.1912 5
1.2551 -0.0125 0.1098 18
1.0133 -0.0103 -0.1605 16
1.3041 -0.0134 0.1601 16
1.0401 -0.0107 -0.1277 16
1.0718 -0.0114 -0.0938 15
1.1064 -0.0122 -0.058 22
1.1238 -0.0126 -0.0196 15
1.1657 -0.0149 0.0203 18
1.1983 -0.0157 0.0628 19
0.9757 -0.0128 -0.1897 5
1.2611 -0.0167 0.1103 18
1.0074 -0.0135 -0.1596 16
1.2882 -0.0175 0.1582 16
1.0381 -0.0143 -0.1275 14
1.0718 -0.0152 -0.0938 15
1.0924 -0.0156 -0.0573 21
1.1377 -0.0167 -0.0199 17
1.1697 -0.019 0.0204 18
1.1942 -0.0198 0.0626 19
0.9638 -0.0162 -0.1874 6
1.263 -0.0214 0.1105 20
1.0112 -0.0173 -0.1602 16
1.2981 -0.0222 0.1594 17
1.0361 -0.0179 -0.1272 16
1.0877 -0.0192 -0.0952 19
1.0903 -0.0196 -0.0572 19
1.1296 -0.0205 -0.0197 18
1.1696 -0.0233 0.0204 18
1.1881 -0.0241 0.0623 19
0.952 -0.0193 -0.1851 7
1.2609 -0.0258 0.1103 18
1.023 -0.0211 -0.1621 16
1.3019 -0.027 0.1599 16
1.036 -0.0217 -0.1272 16
1.0856 -0.0229 -0.095 16
1.1042 -0.0237 -0.0579 19
1.1236 -0.0245 -0.0196 15
1.1695 -0.0274 0.0204 18
1.194 -0.0283 0.0626 20
0.9558 -0.0227 -0.1858 6
1.2509 -0.0299 0.1095 18
1.0111 -0.0244 -0.1602 16
1.3098 -0.0318 0.1609 17
1.0339 -0.0253 -0.127 16
1.0736 -0.0264 -0.094 18
1.0962 -0.0274 -0.0575 19
1.1195 -0.0283 -0.0195 18
1.1634 -0.0313 0.0203 17
1.2019 -0.0325 0.063 20
0.9715 -0.0265 -0.1889 6
1.2488 -0.0342 0.1093 17
1.0071 -0.0278 -0.1596 16
1.3057 -0.0362 0.1604 16
1.0457 -0.029 -0.1285 16
1.0735 -0.0302 -0.094 16
1.1 -0.0313 -0.0577 19
1.1214 -0.0321 -0.0196 15
1.1633 -0.0351 0.0203 18
1.1978 -0.0364 0.0628 19
0.9831 -0.03 -0.1912 5
1.2546 -0.0386 0.1098 18
1.0089 -0.0312 -0.1599 16
1.2897 -0.0401 0.1584 16
1.0357 -0.0322 -0.1272 14
1.0674 -0.0335 -0.0934 15
1.0959 -0.0348 -0.0575 19
1.1273 -0.036 -0.0197 18
1.1712 -0.0393 0.0205 18
1.1897 -0.0403 0.0624 19
0.9752 -0.033 -0.1897 5
1.2565 -0.0428 0.11 18
1.0069 -0.0345 -0.1596 16
1.2895 -0.0444 0.1584 16
1.0316 -0.0357 -0.1267 16
1.0752 -0.0375 -0.0941 15
1.0918 -0.0383 -0.0573 21
1.1291 -0.04 -0.0197 18
1.173 -0.0434 0.0205 18
1.1895 -0.0444 0.0624 20
0.9751 -0.0366 -0.1897 5
1.2583 -0.0475 0.1102 18
1.0265 -0.0389 -0.1627 16
1.2874 -0.0488 0.1582 17
1.0394 -0.0396 -0.1277 16
1.0851 -0.0417 -0.095 16
1.0957 -0.0425 -0.0575 21
1.127 -0.0439 -0.0197 15
1.1748 -0.0478 0.0205 17
1.1973 -0.0491 0.0628 19
0.9749 -0.04 -0.1897 5
1.2442 -0.0513 0.1089 18
1.0125 -0.0419 -0.1605 17
1.309 -0.0544 0.1609 17
1.0294 -0.043 -0.1265 14
1.0789 -0.0454 -0.0945 18
1.1055 -0.0467 -0.058 17
1.1228 -0.0478 -0.0196 18
1.1587 -0.0512 0.0202 18
1.2051 -0.0537 0.0632 19
0.9669 -0.0432 -0.1881 6
1.2539 -0.0563 0.1098 20
1.0084 -0.0454 -0.1599 16
1.2969 -0.0584 0.1594 16
1.0391 -0.047 -0.1277 16
1.0708 -0.0488 -0.0938 18
1.0953 -0.0503 -0.0575 19
1.1306 -0.0521 -0.0198 18
1.1605 -0.0553 0.0203 17
1.197 -0.0573 0.0628 19
0.9668 -0.0464 -0.1881 6
1.2498 -0.0602 0.1095 18
1.0122 -0.049 -0.1605 16
1.2928 -0.0628 0.1589 16
1.0449 -0.0509 -0.1285 14
1.0766 -0.0527 -0.0943 16
1.0912 -0.0537 -0.0573 21
1.1344 -0.0561 -0.0198 17
1.1723 -0.0598 0.0205 18
1.1888 -0.0611 0.0624 19
0.9588 -0.0494 -0.1866 6
1.2694 -0.0656 0.1112 18
1.0081 -0.0521 -0.1599 16
1.2965 -0.0673 0.1594 16
1.0328 -0.0538 -0.127 16
1.0764 -0.0564 -0.0943 16
1.095 -0.0576 -0.0575 19
1.1362 -0.0601 -0.0199 17
1.1701 -0.0638 0.0205 17
1.1886 -0.0652 0.0624 19
0.9664 -0.053 -0.1881 3
1.2573 -0.0692 0.1102 18
1.0099 -0.0558 -0.1602 16
1.3002 -0.072 0.1599 17
1.0386 -0.0577 -0.1277 16
1.0802 -0.0604 -0.0947 16
1.1028 -0.0618 -0.0579 21
1.124 -0.0634 -0.0197 18
1.1619 -0.0674 0.0203 18
1.1963 -0.0698 0.0628 19
0.9662 -0.0566 -0.1881 3
1.2431 -0.073 0.1089 18
1.0156 -0.0598 -0.1611 16
1.3 -0.0765 0.1599 17
1.0384 -0.0613 -0.1277 16
1.0621 -0.0631 -0.0931 15
1.0985 -0.0656 -0.0577 19
1.1138 -0.0668 -0.0195 15
1.1656 -0.0719 0.0204 17
1.1961 -0.074 0.0628 19
0.9601 -0.0596 -0.187 3
1.2568 -0.0782 0.1102 18
1.0035 -0.0626 -0.1593 16
1.2957 -0.0811 0.1594 16
1.0401 -0.0653 -0.128 14
1.0678 -0.0672 -0.0936 15
1.0963 -0.0694 -0.0576 19
1.1296 -0.0717 -0.0198 15
1.1634 -0.0756 0.0203 17
1.1918 -0.0779 0.0626 19
0.9678 -0.0634 -0.1885 3
1.2565 -0.0826 0.1102 18
1.0151 -0.0667 -0.1611 15
1.2915 -0.0851 0.1589 16
1.03 -0.0681 -0.1267 16
1.0715 -0.0712 -0.094 18
1.0921 -0.0727 -0.0574 19
1.1333 -0.0759 -0.0198 17
1.1651 -0.0798 0.0204 17
1.1955 -0.0821 0.0628 19
0.9734 -0.067 -0.1897 2
1.2602 -0.087 0.1105 18
1.0149 -0.0703 -0.1611 16
1.2872 -0.0893 0.1584 17
1.0298 -0.0716 -0.1267 16
1.0872 -0.0758 -0.0953 15
1.0938 -0.0767 -0.0575 19
1.129 -0.0793 -0.0198 18
1.1668 -0.0838 0.0204 18
1.1833 -0.0854 0.0622 19
0.9751 -0.0706 -0.19 2
1.2619 -0.0916 0.1107 18
1.0107 -0.0733 -0.1605 15
1.3027 -0.0948 0.1604 16
1.0394 -0.0758 -0.128 16
1.075 -0.0788 -0.0943 15
1.0975 -0.0806 -0.0577 19
1.1148 -0.0823 -0.0195 15
1.1685 -0.0881 0.0205 17
1.191 -0.0902 0.0626 20
0.9612 -0.0728 -0.1874 3
1.2476 -0.0947 0.1095 18
1.0144 -0.0772 -0.1611 15
1.3004 -0.0991 0.1601 17
1.0372 -0.0793 -0.1277 16
1.0787 -0.0826 -0.0947 18
1.0992 -0.0846 -0.0578 19
1.1185 -0.0865 -0.0196 18
1.1642 -0.0918 0.0204 17
1.1966 -0.0948 0.0629 17
0.9746 -0.0772 -0.19 2
1.2592 -0.1 0.1105 20
1.0043 -0.0799 -0.1596 16
1.2981 -0.1035 0.1599 17
1.0369 -0.0829 -0.1277 16
1.0665 -0.0854 -0.0936 15
1.0989 -0.0884 -0.0578 17
1.1242 -0.0908 -0.0197 15
1.1639 -0.0959 0.0204 17
1.1983 -0.0991 0.063 19
0.9842 -0.0814 -0.192 2
1.2529 -0.1039 0.11 20
1.004 -0.0834 -0.1596 16
1.2898 -0.1074 0.1589 16
1.0326 -0.0862 -0.1272 14
1.0701 -0.0897 -0.094 15
1.0907 -0.0916 -0.0574 17
1.1338 -0.0956 -0.0199 17
1.1655 -0.1001 0.0204 17
1.182 -0.102 0.0622 19
0.9662 -0.0835 -0.1885 3
1.2525 -0.1085 0.11 18
1.0115 -0.0878 -0.1608 16
1.2934 -0.1122 0.1594 15
1.0284 -0.0894 -0.1267 16
1.0738 -0.0938 -0.0943 15
1.0883 -0.0954 -0.0573 21
1.1175 -0.0982 -0.0196 18
1.1711 -0.1049 0.0205 17
1.1856 -0.1064 0.0624 19
0.962 -0.0865 -0.1878 3
1.2541 -0.113 0.1102 18
1.0191 -0.092 -0.1621 15
1.2969 -0.1173 0.1599 17
1.032 -0.0936 -0.1272 16
1.0774 -0.0979 -0.0947 15
1.0979 -0.1001 -0.0578 17
1.1251 -0.1028 -0.0197 18
1.1668 -0.1084 0.0205 18
1.1932 -0.1113 0.0628 19
0.9676 -0.0904 -0.1889 3
1.2478 -0.1168 0.1096 18
1.0149 -0.095 -0.1614 16
1.2926 -0.1213 0.1594 17
1.0356 -0.0973 -0.1277 14
1.0791 -0.1018 -0.0948 16
1.0996 -0.1039 -0.0579 19
1.1248 -0.1067 -0.0197 18
1.1664 -0.1125 0.0205 18
1.2047 -0.1166 0.0634 20
0.9868 -0.0955 -0.1927 2
1.2434 -0.1206 0.1093 18
1.0008 -0.0972 -0.1593 16
1.3 -0.1266 0.1604 16
1.0412 -0.1015 -0.1285 16
1.0767 -0.1052 -0.0947 18
1.1052 -0.1084 -0.0582 17
1.1204 -0.1103 -0.0197 18
1.168 -0.1168 0.0205 18
1.1963 -0.12 0.063 19
0.9689 -0.0972 -0.1893 2
1.2549 -0.1261 0.1103 20
1.0083 -0.1015 -0.1605 16
1.2897 -0.1301 0.1592 16
1.0408 -0.1052 -0.1285 16
1.0684 -0.1082 -0.094 16
1.0909 -0.1108 -0.0575 19
1.124 -0.1146 -0.0197 15
1.1656 -0.1207 0.0205 17
1.184 -0.1228 0.0624 19
0.9764 -0.1014 -0.1908 2
1.2524 -0.1303 0.1102 18
1.0099 -0.1053 -0.1608 16
1.2893 -0.1346 0.1592 16
1.0286 -0.1076 -0.127 16
1.078 -0.1129 -0.0948 16
1.0945 -0.115 -0.0577 19
1.1196 -0.1179 -0.0197 18
1.1692 -0.1249 0.0205 17
1.1915 -0.1278 0.0628 19
1.2579 -0.1353 0.1107 18
1.0134 -0.109 -0.1614 16
1.3026 -0.1404 0.1609 17
1.0322 -0.1114 -0.1275 14
1.0776 -0.1167 -0.0948 15
1.098 -0.1191 -0.0579 21
1.1113 -0.1209 -0.0195 18
1.1687 -0.129 0.0205 17
1.1911 -0.1319 0.0628 19
0.9737 -0.1078 -0.1904 2
1.2416 -0.1377 0.1093 18
1.0111 -0.1123 -0.1611 17
1.2982 -0.1445 0.1604 16
1.0358 -0.1154 -0.128 16
1.0653 -0.1189 -0.0938 16
1.1016 -0.1234 -0.0581 19
1.1228 -0.1261 -0.0197 15
1.1544 -0.1315 0.0203 17
1.1985 -0.137 0.0632 19
0.9733 -0.1112 -0.1904 2
1.2411 -0.1421 0.1093 17
1.0009 -0.1147 -0.1596 16
1.2937 -0.1485 0.1599 16
1.0334 -0.1188 -0.1277 14
1.0668 -0.1229 -0.094 15
1.0952 -0.1265 -0.0578 19
1.1183 -0.1296 -0.0197 18
1.1638 -0.1367 0.0205 17
1.1941 -0.1407 0.063 19
0.9749 -0.1149 -0.1908 2
1.2545 -0.148 0.1105 18
0.9985 -0.118 -0.1593 16
1.2932 -0.1531 0.1599 16
1.0251 -0.1215 -0.1267 16
1.0743 -0.1275 -0.0947 15
1.0848 -0.1292 -0.0573 19
1.1159 -0.1333 -0.0196 15
1.1673 -0.1413 0.0205 18
1.1896 -0.1444 0.0628 19
0.9511 -0.1154 -0.1862 3
1.2579 -0.1529 0.1109 18
1.0099 -0.1229 -0.1611 17
1.2946 -0.1578 0.1601 16
1.0306 -0.1258 -0.1275 16
1.0679 -0.1306 -0.0941 15
1.0923 -0.1339 -0.0577 19
1.1273 -0.1386 -0.0198 15
1.1708 -0.1458 0.0206 17
1.1931 -0.149 0.063 20
1.2633 -0.158 0.1114 18
1.0173 -0.1274 -0.1624 15
1.2882 -0.1616 0.1594 16
1.0242 -0.1287 -0.1267 16
1.0872 -0.1368 -0.0959 16
1.0879 -0.1372 -0.0575 21
1.1169 -0.1413 -0.0197 15
1.1762 -0.1507 0.0207 18
1.1926 -0.1532 0.063 20
0.9639 -0.1238 -0.1889 3
1.2509 -0.1609 0.1103 18
1.0188 -0.1312 -0.1627 17
1.3014 -0.1679 0.1611 17
1.0316 -0.1333 -0.1277 16
1.0551 -0.1365 -0.0931 15
1.1013 -0.1428 -0.0582 19
1.1164 -0.1452 -0.0197 18
1.1559 -0.1518 0.0203 16
1.2 -0.158 0.0634 19
0.9674 -0.1275 -0.1897 2
1.2464 -0.1643 0.11 18
1.0066 -0.1329 -0.1608 15
1.2989 -0.1717 0.1609 16
1.0332 -0.1368 -0.128 14
1.0725 -0.1423 -0.0947 15
1.1047 -0.147 -0.0584 21
1.1279 -0.1503 -0.0199 15
1.1613 -0.1568 0.0205 18
1.1954 -0.1618 0.0632 19
0.9727 -0.1319 -0.1908 2
1.2596 -0.1708 0.1112 18
1.01 -0.1371 -0.1614 16
1.2884 -0.1751 0.1596 17
1.0366 -0.1411 -0.1285 16
1.0719 -0.1463 -0.0947 16
1.0943 -0.1497 -0.0579 19
1.1273 -0.1544 -0.0199 17
1.1686 -0.1622 0.0206 17
1.187 -0.1649 0.0628 20
0.9664 -0.1344 -0.1897 2
1.259 -0.1754 0.1112 18
1.0134 -0.1413 -0.1621 16
1.2976 -0.1812 0.1609 17
1.0341 -0.1444 -0.1282 16
1.0793 -0.1511 -0.0953 16
1.0898 -0.153 -0.0577 19
1.1188 -0.1572 -0.0197 18
1.1681 -0.166 0.0206 17
1.1844 -0.1686 0.0627 20
0.9582 -0.1365 -0.1881 3
1.2584 -0.1795 0.1112 18
1.0149 -0.145 -0.1624 16
1.3009 -0.1861 0.1614 16
1.0297 -0.1473 -0.1277 16
1.0827 -0.1553 -0.0957 15
1.0932 -0.1571 -0.0579 19
1.1163 -0.1607 -0.0197 15
1.1675 -0.1699 0.0206 17
1.1898 -0.1736 0.063 19
0.9772 -0.1426 -0.192 2
1.242 -0.1814 0.1098 18
1.0125 -0.1481 -0.1621 16
1.2904 -0.1889 0.1601 16
1.0272 -0.1506 -0.1275 16
1.0664 -0.1567 -0.0943 18
1.0947 -0.1611 -0.058 19
1.1217 -0.1654 -0.0198 17
1.1531 -0.1719 0.0203 17
1.201 -0.1795 0.0636 19
0.9786 -0.1464 -0.1923 2
1.2551 -0.188 0.111 20
1.0002 -0.15 -0.1602 15
1.2917 -0.1937 0.1604 16
1.0385 -0.1559 -0.1289 16
1.0659 -0.1604 -0.0943 16
1.0941 -0.1651 -0.058 19
1.1191 -0.1691 -0.0198 15
1.1623 -0.1777 0.0205 17
1.1925 -0.1825 0.0632 19
0.9684 -0.1484 -0.1904 2
1.2545 -0.1924 0.111 18
1.0153 -0.1559 -0.1627 16
1.2871 -0.1979 0.1599 17
1.032 -0.1587 -0.1282 16
1.0712 -0.1651 -0.0948 16
1.0817 -0.1671 -0.0574 19
1.1205 -0.1733 -0.0198 17
1.1736 -0.1834 0.0207 17
1.1879 -0.1858 0.063 19
0.9582 -0.15 -0.1885 3
1.2637 -0.1981 0.1119 18
1.0109 -0.1587 -0.1621 15
1.2825 -0.2015 0.1594 16
1.0256 -0.1612 -0.1275 14
1.0707 -0.1686 -0.0948 15
1.091 -0.1722 -0.0579 19
1.1199 -0.177 -0.0198 15
1.1651 -0.186 0.0206 17
1.1873 -0.19 0.063 19
0.9615 -0.154 -0.1893 2
1.2551 -0.201 0.1112 20
1.0084 -0.1617 -0.1618 16
1.2936 -0.2077 0.1609 16
1.0251 -0.1647 -0.1275 16
1.0681 -0.172 -0.0947 16
1.0943 -0.1767 -0.0581 19
1.1154 -0.1802 -0.0197 18
1.1742 -0.1919 0.0208 18
1.1984 -0.1962 0.0636 20
0.9648 -0.1582 -0.19 2
1.2465 -0.2044 0.1105 18
1.0136 -0.1664 -0.1627 16
1.3046 -0.2143 0.1623 17
1.0284 -0.1691 -0.128 16
1.0694 -0.1763 -0.0948 16
1.1035 -0.1823 -0.0586 19
1.1107 -0.1837 -0.0197 18
1.1558 -0.1932 0.0205 17
1.1977 -0.2004 0.0636 20
1.2477 -0.2092 0.1107 18
1.0052 -0.1688 -0.1614 16
1.2979 -0.2181 0.1616 16
1.0414 -0.1752 -0.1297 16
1.0609 -0.1787 -0.0941 15
1.097 -0.1851 -0.0583 19
1.118 -0.1889 -0.0198 15
1.1591 -0.1977 0.0205 18
1.1989 -0.2049 0.0637 20
0.9695 -0.1659 -0.1912 2
1.2588 -0.2156 0.1117 20
1.0066 -0.1724 -0.1618 17
1.2835 -0.2201 0.1599 15
1.0291 -0.1766 -0.1282 16
1.0701 -0.1841 -0.095 15
1.0826 -0.1864 -0.0576 17
1.1252 -0.1942 -0.0199 15
1.1682 -0.2035 0.0207 18
1.1805 -0.2058 0.0628 20
0.9709 -0.1694 -0.1916 2
1.2561 -0.2195 0.1116 18
1.0021 -0.1753 -0.1611 16
1.2847 -0.2249 0.1601 17
1.0265 -0.1799 -0.128 14
1.0715 -0.188 -0.0952 15
1.0917 -0.1919 -0.0581 21
1.1167 -0.1965 -0.0198 17
1.1676 -0.2073 0.0207 18
1.1877 -0.2113 0.0632 19
0.9741 -0.1735 -0.1923 2
1.2593 -0.2245 0.1119 20
1.0171 -0.1814 -0.1636 16
1.2995 -0.232 0.1621 15
1.0279 -0.1836 -0.1282 16
1.0708 -0.1917 -0.0952 15
1.095 -0.1962 -0.0583 19
1.112 -0.1997 -0.0197 18
1.159 -0.21 0.0206 17
1.1909 -0.2162 0.0634 19
0.9504 -0.1725 -0.1878 3
1.2389 -0.2251 0.1102 18
1.0145 -0.1845 -0.1633 16
1.2987 -0.2365 0.1621 16
1.0272 -0.1872 -0.1282 16
1.0682 -0.1951 -0.095 16
1.0943 -0.2001 -0.0583 19
1.1113 -0.2036 -0.0197 18
1.1562 -0.2137 0.0205 17
1.196 -0.2214 0.0637 20
0.9536 -0.1767 -0.1885 3
1.2439 -0.2308 0.1107 17
1.0022 -0.1861 -0.1614 15
1.294 -0.2403 0.1616 15
1.0344 -0.1923 -0.1292 16
1.0675 -0.1988 -0.095 15
1.0936 -0.2041 -0.0583 19
1.1204 -0.2093 -0.0199 17
1.1653 -0.2198 0.0207 20
1.1893 -0.2247 0.0634 19
0.9646 -0.1823 -0.1908 2
1.249 -0.2362 0.1112 18
1.0054 -0.1903 -0.1621 16
1.2853 -0.2436 0.1606 17
1.0298 -0.1953 -0.1287 16
1.0707 -0.2033 -0.0953 18
1.089 -0.2071 -0.0581 19
1.1275 -0.2149 -0.02 17
1.1606 -0.2231 0.0206 18
1.1924 -0.2296 0.0636 19
0.9678 -0.1864 -0.1916 2
1.258 -0.2425 0.1121 18
1.0086 -0.1946 -0.1627 16
1.2903 -0.2492 0.1614 16
1.0232 -0.1978 -0.128 16
1.0798 -0.2089 -0.0962 16
1.0921 -0.2117 -0.0583 19
1.115 -0.2165 -0.0198 17
1.1598 -0.2271 0.0206 18
1.1877 -0.2328 0.0634 19
1.2571 -0.2469 0.1121 20
1.0079 -0.1981 -0.1627 15
1.2914 -0.2541 0.1616 16
1.0206 -0.2008 -0.1277 16
1.0712 -0.2111 -0.0955 16
1.0914 -0.2155 -0.0583 21
1.1045 -0.2183 -0.0197 18
1.1649 -0.2321 0.0207 18
1.1968 -0.2387 0.064 20
0.9626 -0.1922 -0.1908 2
1.2465 -0.2491 0.1112 18
1.0111 -0.2022 -0.1633 16
1.3002 -0.2603 0.1628 17
1.0297 -0.2061 -0.1289 14
1.0627 -0.2131 -0.0948 16
1.0985 -0.2207 -0.0587 21
1.1135 -0.2239 -0.0198 15
1.1583 -0.2348 0.0206 18
1.1979 -0.2433 0.0641 19
1.2437 -0.2528 0.111 18
0.995 -0.2024 -0.1608 15
1.2955 -0.2638 0.1623 17
1.029 -0.2097 -0.1289 16
1.0698 -0.2184 -0.0955 18
1.088 -0.2223 -0.0582 19
1.1167 -0.2286 -0.0199 17
1.1574 -0.2389 0.0206 18
1.197 -0.2475 0.0641 20
0.9574 -0.1981 -0.19 2
1.2467 -0.2582 0.1114 20
1.0019 -0.2077 -0.1621 16
1.2907 -0.2675 0.1618 16
1.0243 -0.2125 -0.1285 14
1.0748 -0.2234 -0.096 18
1.0852 -0.2259 -0.0581 21
1.1198 -0.2333 -0.02 17
1.1605 -0.2439 0.0207 18
1.1883 -0.2502 0.0636 19
0.9567 -0.2014 -0.19 2
1.2594 -0.2654 0.1126 18
1.0089 -0.2128 -0.1633 16
1.2916 -0.2727 0.1621 16
1.0216 -0.2158 -0.1282 16
1.0721 -0.2269 -0.0959 16
1.0864 -0.2301 -0.0582 22
1.1267 -0.2391 -0.0201 17
1.1674 -0.2496 0.0208 18
1.1874 -0.2543 0.0636 19
0.956 -0.2049 -0.19 2
1.2604 -0.2704 0.1128 20
1.0082 -0.2165 -0.1633 16
1.2907 -0.2772 0.1621 15
1.0305 -0.2215 -0.1294 17
1.0693 -0.2302 -0.0957 15
1.0914 -0.2354 -0.0585 21
1.1161 -0.2409 -0.0199 20
1.1666 -0.2535 0.0208 18
1.1983 -0.2608 0.0643 19
1.242 -0.2706 0.1112 18
1.0113 -0.2205 -0.1639 16
1.0279 -0.2245 -0.1292 16
1.0705 -0.234 -0.0959 16
1.0984 -0.2405 -0.0589 21
1.1095 -0.2433 -0.0198 17
1.1677 -0.258 0.0209 20
1.2012 -0.2659 0.0645 19
0.9546 -0.2113 -0.19 2
1.2469 -0.2762 0.1117 17
1.0048 -0.2228 -0.163 16
1.031 -0.2289 -0.1297 16
1.06 -0.2356 -0.095 18
1.0976 -0.2443 -0.0589 21
1.1203 -0.2498 -0.02 20
1.1628 -0.2612 0.0208 20
1.1926 -0.2681 0.0641 19
0.9539 -0.2146 -0.19 2
1.0059 -0.2267 -0.1633 16
1.0243 -0.2312 -0.1289 16
1.0728 -0.2423 -0.0962 16
1.085 -0.2455 -0.0583 21
1.1214 -0.254 -0.0201 20
1.1639 -0.2655 0.0208 18
1.1916 -0.2723 0.0641 19
1.0013 -0.2291 -0.1627 16
1.0255 -0.2351 -0.1292 16
1.068 -0.2452 -0.0959 16
1.0862 -0.2496 -0.0584 17
1.1186 -0.2574 -0.02 20
1.1747 -0.2723 0.021 18
1.1868 -0.2755 0.0638 15
0.96 -0.2229 -0.1916 2
1.0101 -0.2349 -0.1643 16
1.0247 -0.2386 -0.1292 16
1.0653 -0.2483 -0.0957 16
1.0872 -0.2538 -0.0585 21
1.1099 -0.2595 -0.0199 17
1.1659 -0.2745 0.0209 18
1.0055 -0.2375 -0.1636 16
1.0277 -0.2431 -0.1297 16
1.0625 -0.2515 -0.0955 16
1.0941 -0.2594 -0.0589 19
1.1012 -0.2615 -0.0198 18
1.1514 -0.2754 0.0207 16
0.995 -0.2387 -0.1621 16
1.0307 -0.2476 -0.1302 16
1.0635 -0.2557 -0.0957 15
1.0893 -0.2623 -0.0587 19
1.1217 -0.2705 -0.0201 20
1.0057 -0.245 -0.1639 16
1.0221 -0.2494 -0.1292 16
1.0762 -0.2627 -0.0969 16
1.0845 -0.2652 -0.0585 21
1.1285 -0.2763 -0.0203 15
1.0029 -0.248 -0.1636 16
1.0155 -0.2515 -0.1285 16
1.0714 -0.2655 -0.0966 16
1.0836 -0.269 -0.0585 21
1.1159 -0.2774 -0.0201 10
1.0155 -0.2549 -0.1658 16
1.0127 -0.2545 -0.1282 16
1.0762 -0.2707 -0.0971 15
1.0904 -0.2747 -0.0589 19
0.9513 -0.242 -0.1908 2
0.9992 -0.2545 -0.1633 16
1.0233 -0.261 -0.1297 16
1.0656 -0.272 -0.0962 15
1.0739 -0.2745 -0.0581 14
0.9505 -0.2453 -0.1908 2
0.9926 -0.2565 -0.1624 16
1.0282 -0.2661 -0.1304 16
1.0589 -0.2742 -0.0957 16
1.0013 -0.2625 -0.1639 16
1.0253 -0.2692 -0.1302 16
1.0579 -0.2779 -0.0957 15
1.0003 -0.266 -0.1639 16
1.0148 -0.2702 -0.1289 14
1.0435 -0.278 -0.0945 3
1.0032 -0.2705 -0.1646 15
1.0138 -0.2737 -0.1289 14
0.9966 -0.2724 -0.1636 12
1.0205 -0.2794 -0.1299 4
0.9842 -0.2728 -0.1618 8
0.9909 -0.2781 -0.163 2
