1.427 0.1533 -0.1762 2
1.6783 0.1581 0.0883 2
1.6881 0.1584 0.1483 3
1.6859 0.1576 0.2079 7
1.6895 0.1576 0.2688 4
1.6964 0.1574 -0.0893 2
1.6646 0.1541 -0.0292 3
1.6669 0.1517 0.0292 12
1.651 0.1497 0.0869 16
1.6489 0.1486 0.2033 16
1.6828 0.1508 -0.1478 14
1.7345 0.1554 0.3385 2
1.675 0.1498 -0.0881 22
1.6691 0.1487 -0.0293 21
1.6614 0.1454 0.0291 17
1.6554 0.1443 0.0871 22
1.6852 0.1465 0.148 19
1.6771 0.1453 0.2067 22
1.665 0.1436 0.2647 20
1.6893 0.1457 -0.1483 21
1.6665 0.1435 0.3251 8
1.6795 0.1443 -0.0883 22
1.6617 0.1422 -0.0291 28
1.6679 0.1401 0.0292 18
1.652 0.1381 0.0869 19
1.6619 0.1387 0.1459 18
1.6637 0.1382 0.205 20
1.6674 0.138 0.265 19
1.6758 0.1387 -0.1471 21
1.6455 0.1359 0.3209 19
1.6661 0.1373 -0.0876 22
1.6622 0.1364 -0.0291 30
1.6544 0.1331 0.029 21
1.6484 0.1321 0.0867 19
1.6544 0.1322 0.1452 20
1.6701 0.1329 0.2057 19
1.664 0.1318 0.2644 19
1.6604 0.1316 -0.1457 19
1.644 0.13 0.3206 17
1.6586 0.1308 -0.0872 22
1.6547 0.1299 -0.029 32
1.6568 0.1275 0.029 20
1.6489 0.1263 0.0867 20
1.6588 0.1268 0.1456 18
1.6468 0.1253 0.2028 20
1.6664 0.1262 0.2647 20
1.6768 0.127 -0.1471 20
1.6425 0.1241 0.3202 18
1.6471 0.1241 -0.0866 21
1.6651 0.1249 -0.0291 31
1.6513 0.1213 0.0289 21
1.6294 0.1191 0.0856 19
1.6533 0.1205 0.145 20
1.6473 0.1195 0.2028 19
1.657 0.1196 0.2631 21
1.6534 0.1194 -0.145 19
1.6547 0.1192 0.3225 19
1.6335 0.1174 -0.0858 21
1.6436 0.1175 -0.0288 32
1.6477 0.1152 0.0288 22
1.6378 0.114 0.086 21
1.6537 0.1148 0.145 20
1.6378 0.1131 0.2016 20
1.6357 0.1124 0.2597 22
1.6418 0.1128 -0.144 20
1.6551 0.1134 0.3225 19
1.6359 0.1118 -0.0859 22
1.636 0.1112 -0.0286 32
1.6441 0.1092 0.0288 23
1.6282 0.1076 0.0855 20
1.6322 0.1076 0.1431 20
1.6481 0.108 0.2028 20
1.6381 0.1068 0.26 22
1.6263 0.106 -0.1426 19
1.6457 0.107 0.3206 19
1.6443 0.1066 -0.0864 22
1.6304 0.1051 -0.0285 34
1.6285 0.1025 0.0285 21
1.6266 0.1018 0.0854 19
1.6306 0.1017 0.1429 20
1.6365 0.1015 0.2013 20
1.6345 0.1008 0.2594 22
1.6326 0.1007 -0.1431 20
1.6303 0.1003 0.3175 19
1.6207 0.0994 -0.0851 22
1.6307 0.0995 -0.0285 30
1.6209 0.0963 0.0283 23
1.6169 0.0958 0.0849 20
1.6309 0.096 0.1429 20
1.6171 0.0947 0.1989 20
1.6348 0.0954 0.2594 22
1.629 0.0948 -0.1428 20
1.6307 0.0946 0.3175 19
1.6071 0.0929 -0.0844 22
1.627 0.0938 -0.0284 34
1.6212 0.0909 0.0283 21
1.6053 0.0897 0.0843 22
1.6253 0.0903 0.1424 20
1.6134 0.0891 0.1984 20
1.6272 0.0896 0.2581 22
1.6313 0.0895 -0.1429 19
1.6231 0.0888 0.316 19
1.6054 0.0875 -0.0843 22
1.6234 0.0882 -0.0284 34
1.6215 0.0855 0.0283 22
1.5996 0.0838 0.0839 21
1.6196 0.0846 0.1419 20
1.6097 0.0835 0.1979 20
1.6117 0.0831 0.2556 21
1.6276 0.0839 -0.1426 20
1.6274 0.0836 0.3167 19
1.6057 0.0822 -0.0843 22
1.6057 0.0816 -0.0281 32
1.6138 0.0795 0.0282 21
1.5939 0.078 0.0836 22
1.6099 0.0785 0.141 20
1.6179 0.0783 0.1989 20
1.6101 0.0773 0.2553 20
1.598 0.0768 -0.14 18
1.6198 0.0775 0.3152 19
1.606 0.0766 -0.0843 22
1.598 0.0756 -0.0279 35
1.5941 0.0729 0.0279 21
1.5942 0.0724 0.0836 20
1.6022 0.0725 0.1403 20
1.6103 0.0723 0.1979 20
1.6123 0.0718 0.2556 21
1.6122 0.0718 -0.1412 21
1.5946 0.0707 0.3103 19
1.5923 0.0704 -0.0835 22
1.6002 0.0701 -0.028 35
1.5983 0.0675 0.0279 22
1.5864 0.0665 0.0832 20
1.5985 0.0667 0.14 19
1.5946 0.066 0.196 20
1.6086 0.066 0.255 21
1.6045 0.0658 -0.1405 19
1.5968 0.0652 0.3106 19
1.5805 0.0643 -0.0829 22
1.6025 0.0646 -0.028 32
1.5946 0.0618 0.0279 21
1.5727 0.0607 0.0825 19
1.6087 0.0615 0.1408 20
1.583 0.06 0.1945 21
1.6048 0.0605 0.2544 21
1.6167 0.0607 -0.1415 21
1.5989 0.0597 0.311 19
1.5787 0.0587 -0.0828 22
1.5887 0.0588 -0.0277 36
1.5948 0.0565 0.0279 23
1.5689 0.0551 0.0823 20
1.5949 0.0554 0.1396 20
1.5871 0.0549 0.195 22
1.5853 0.0543 0.2512 22
1.591 0.0542 -0.1393 20
1.6011 0.0545 0.3114 19
1.5809 0.0535 -0.0829 22
1.5789 0.0529 -0.0276 35
1.5909 0.0508 0.0278 21
1.5711 0.0496 0.0824 22
1.5852 0.0498 0.1388 20
1.5873 0.0493 0.195 22
1.5835 0.0487 0.2509 23
1.5792 0.0482 -0.1382 21
1.5856 0.0482 0.3083 19
1.5831 0.0478 -0.083 22
1.5651 0.047 -0.0273 36
1.5651 0.0443 0.0273 23
1.5692 0.0438 0.0823 21
1.5833 0.044 0.1386 20
1.5756 0.0432 0.1935 22
1.5896 0.043 0.2519 21
1.5814 0.0425 -0.1384 22
1.57 0.0419 0.3053 19
1.5773 0.0419 -0.0827 21
1.5752 0.0415 -0.0275 36
1.5673 0.0386 0.0274 21
1.5634 0.0379 0.082 21
1.5815 0.0381 0.1384 20
1.5638 0.0371 0.1921 23
1.5779 0.0369 0.25 21
1.5755 0.0369 -0.1379 22
1.5721 0.0365 0.3057 19
1.5594 0.0359 -0.0817 24
1.5754 0.0358 -0.0275 35
1.5634 0.033 0.0273 21
1.5495 0.0322 0.0812 22
1.5816 0.0326 0.1384 20
1.56 0.0316 0.1916 22
1.582 0.0315 0.2506 21
1.5777 0.0314 -0.1381 21
1.5703 0.031 0.3053 19
1.5675 0.0306 -0.0822 24
1.5635 0.03 -0.0273 36
1.5715 0.0277 0.0274 22
1.5476 0.027 0.0811 21
1.5638 0.0268 0.1368 20
1.564 0.0262 0.1921 22
1.5663 0.026 0.2481 21
1.5638 0.0257 -0.1368 22
1.5625 0.0254 0.3038 20
1.5676 0.0252 -0.0822 26
1.5396 0.0245 -0.0269 35
1.5556 0.0223 0.0272 21
1.5477 0.0219 0.0811 21
1.5559 0.0215 0.1361 20
1.5562 0.0209 0.1911 22
1.5584 0.0207 0.2469 23
1.546 0.0202 -0.1353 21
1.5646 0.0202 0.3041 19
1.5637 0.0199 -0.082 24
1.5456 0.0194 -0.027 36
1.5437 0.017 0.0269 22
1.5518 0.0165 0.0813 23
1.554 0.0163 0.136 21
1.5463 0.0157 0.1899 25
1.5605 0.0153 0.2472 22
1.548 0.0151 -0.1354 22
1.5372 0.0148 0.2988 18
1.5518 0.0146 -0.0813 26
1.5457 0.014 -0.027 36
1.5437 0.0116 0.0269 21
1.5398 0.011 0.0807 21
1.556 0.0109 0.1361 21
1.5364 0.0102 0.1887 22
1.5546 0.0098 0.2462 23
1.55 0.0097 -0.1356 21
1.547 0.0095 0.3007 19
1.5399 0.0091 -0.0807 24
1.5317 0.0086 -0.0267 33
1.5398 0.0062 0.0269 21
1.5319 0.0056 0.0803 21
1.5521 0.0054 0.1358 20
1.5345 0.0048 0.1884 23
1.5507 0.0043 0.2456 23
1.5481 0.0043 -0.1354 22
1.5333 0.004 0.298 19
1.5319 0.0037 -0.0803 24
1.5218 0.0032 -0.0266 35
1.5398 0.0008 0.0269 22
1.5199 0.0003 0.0797 21
1.5441 0 0.1351 20
1.5365 -0.0005 0.1887 22
1.5368 -0.0011 0.2434 23
1.5461 -0.0011 -0.1353 21
1.5372 -0.0013 0.2988 19
1.5439 -0.0016 -0.0809 26
1.5178 -0.0021 -0.0265 35
1.5358 -0.0048 0.0268 21
1.5239 -0.0051 0.0799 23
1.5321 -0.0056 0.134 21
1.5325 -0.0062 0.1882 22
1.5368 -0.0064 0.2434 22
1.5301 -0.0067 -0.1339 22
1.5352 -0.007 0.2984 19
1.5399 -0.0073 -0.0807 24
1.5198 -0.0074 -0.0265 33
1.5237 -0.0098 0.0266 21
1.5179 -0.0101 0.0796 20
1.5321 -0.0107 0.134 21
1.5285 -0.0112 0.1877 22
1.5328 -0.0115 0.2428 22
1.5281 -0.0117 -0.1337 22
1.5156 -0.0119 0.2946 19
1.5239 -0.0122 -0.0799 24
1.5157 -0.0124 -0.0265 33
1.5197 -0.0149 0.0265 22
1.5118 -0.0153 0.0792 20
1.5281 -0.0157 0.1337 21
1.5086 -0.0161 0.1852 22
1.5348 -0.0169 0.2431 25
1.5321 -0.0171 -0.134 23
1.5175 -0.017 0.295 18
1.5078 -0.0171 -0.079 24
1.5137 -0.0177 -0.0264 35
1.5156 -0.0201 0.0265 22
1.5078 -0.0205 0.079 21
1.528 -0.0213 0.1337 21
1.5045 -0.0213 0.1848 22
1.5308 -0.0222 0.2425 25
1.524 -0.0223 -0.1333 22
1.5155 -0.0225 0.2946 19
1.5078 -0.0226 -0.079 26
1.5096 -0.0229 -0.0264 35
1.5235 -0.0258 0.0266 23
1.4977 -0.0256 0.0785 22
1.5239 -0.0266 0.1333 21
1.5164 -0.027 0.1862 22
1.5089 -0.0271 0.239 23
1.512 -0.0274 -0.1323 22
1.5193 -0.0278 0.2954 19
1.5077 -0.0279 -0.079 24
1.4895 -0.0278 -0.026 35
1.5235 -0.0308 0.0266 22
1.4916 -0.0307 0.0782 22
1.5039 -0.0315 0.1316 22
1.5123 -0.0319 0.1857 23
1.5029 -0.0323 0.2381 23
1.5019 -0.0325 -0.1314 22
1.5133 -0.0328 0.2942 18
1.5116 -0.033 -0.0792 24
1.4914 -0.0331 -0.026 37
1.5033 -0.0357 0.0262 22
1.4975 -0.0361 0.0785 22
1.5018 -0.0364 0.1314 21
1.5042 -0.037 0.1848 22
1.5107 -0.0377 0.2393 26
1.4958 -0.0373 -0.1309 23
1.4995 -0.0377 0.2916 19
1.5035 -0.0381 -0.0788 24
1.4933 -0.0383 -0.0261 39
1.4992 -0.0408 0.0262 21
1.4914 -0.0411 0.0782 23
1.5077 -0.0418 0.132 20
1.4882 -0.0418 0.1828 21
1.5106 -0.043 0.2393 25
1.5076 -0.0429 -0.132 25
1.4973 -0.0429 0.2912 19
1.4913 -0.043 -0.0782 24
1.4971 -0.0436 -0.0261 35
1.4991 -0.0461 0.0262 22
1.4773 -0.0457 0.0775 22
1.5075 -0.0471 0.132 20
1.492 -0.0472 0.1833 21
1.5025 -0.0477 0.2381 23
1.5075 -0.0482 -0.132 22
1.4992 -0.0482 0.2916 19
1.4912 -0.0482 -0.0782 24
1.491 -0.0484 -0.026 39
1.4989 -0.051 0.0262 22
1.4711 -0.0506 0.0771 23
1.4954 -0.052 0.1309 21
1.4919 -0.0521 0.1833 22
1.4905 -0.0526 0.2362 26
1.4874 -0.0527 -0.1302 22
1.4951 -0.053 0.2908 19
1.487 -0.053 -0.078 26
1.4768 -0.0531 -0.0258 39
1.4967 -0.0562 0.0261 23
1.4769 -0.0557 0.0775 22
1.4892 -0.0567 0.1304 23
1.4877 -0.0572 0.1828 22
1.4824 -0.0572 0.235 25
1.4792 -0.0573 -0.1295 23
1.4929 -0.0581 0.2904 18
1.4908 -0.0583 -0.0782 24
1.4806 -0.0582 -0.0259 39
1.4745 -0.0603 0.0258 23
1.4767 -0.0609 0.0775 22
1.483 -0.0616 0.1299 21
1.4796 -0.0618 0.1818 22
1.4881 -0.0626 0.2359 23
1.479 -0.0625 -0.1295 25
1.479 -0.0625 0.2877 19
1.4866 -0.0631 -0.078 24
1.4764 -0.0632 -0.0258 41
1.4783 -0.0658 0.0258 22
1.4785 -0.0664 0.0776 23
1.4788 -0.0666 0.1295 22
1.4675 -0.0666 0.1804 22
1.4615 -0.0666 -0.1796 20
1.4859 -0.068 0.2356 25
1.4728 -0.0674 -0.129 23
1.4827 -0.0681 0.2885 19
1.4704 -0.0678 -0.0771 24
1.4822 -0.0689 -0.0259 39
1.4781 -0.071 0.0258 22
1.4583 -0.0706 0.0765 23
1.4886 -0.0723 0.1304 23
1.4672 -0.0718 0.1804 22
1.4573 -0.0715 -0.1791 20
1.4817 -0.073 0.235 26
1.4786 -0.0728 -0.1295 22
1.4706 -0.0727 0.2862 21
1.4662 -0.0727 -0.0769 26
1.4779 -0.0738 -0.0258 43
1.4778 -0.0762 0.0258 23
1.458 -0.0756 0.0765 23
1.4764 -0.0769 0.1293 23
1.467 -0.0769 0.1804 22
1.455 -0.0765 -0.1789 19
1.4617 -0.0771 0.2318 26
1.4703 -0.0776 -0.1288 22
1.4723 -0.0779 0.2866 19
1.4659 -0.0779 -0.0769 24
1.4497 -0.0775 -0.0253 38
1.4775 -0.0813 0.0258 23
1.4657 -0.0812 0.0769 26
1.4602 -0.0811 0.1279 23
1.4667 -0.082 0.1804 22
1.4528 -0.0815 -0.1787 20
1.4614 -0.0822 0.2318 27
1.4661 -0.0825 -0.1285 22
1.474 -0.0832 0.287 19
1.4617 -0.0827 -0.0767 24
1.4454 -0.0823 -0.0253 40
1.4533 -0.0851 0.0254 22
1.4615 -0.0858 0.0767 23
1.4619 -0.0863 0.1281 22
1.4664 -0.0871 0.1804 22
1.4505 -0.0864 -0.1784 20
1.4631 -0.0872 0.2321 24
1.4558 -0.087 -0.1276 23
1.458 -0.0874 0.2839 22
1.4633 -0.088 -0.0768 26
1.4412 -0.0869 -0.0252 40
1.455 -0.09 0.0254 24
1.4512 -0.0903 0.0762 25
1.4536 -0.0909 0.1274 20
1.4502 -0.091 0.1784 21
1.4482 -0.0911 -0.1782 24
1.4608 -0.0922 0.2318 26
1.4615 -0.0925 -0.1281 25
1.4617 -0.0925 0.2847 21
1.4491 -0.0919 -0.0761 24
1.4353 -0.0913 0.332 4
1.4409 -0.0919 -0.0252 38
1.4547 -0.0951 0.0254 23
1.4489 -0.0952 0.0761 26
1.4672 -0.0967 0.1286 24
1.4479 -0.0959 0.1782 25
1.436 -0.0954 -0.1767 26
1.4605 -0.0973 0.2318 24
1.4612 -0.0973 -0.1281 22
1.4555 -0.0972 0.2835 22
1.4488 -0.097 -0.0761 24
1.4311 -0.0961 0.3311 5
1.4445 -0.0972 -0.0253 42
1.4543 -0.1002 0.0254 24
1.4446 -0.1 0.0759 26
1.451 -0.1007 0.1272 24
1.4496 -0.1011 0.1784 23
1.4396 -0.1007 -0.1772 26
1.4424 -0.1011 0.229 26
1.4489 -0.1016 -0.1271 23
1.461 -0.1027 0.2847 21
1.4444 -0.1018 -0.0759 24
1.4268 -0.1008 0.3302 7
1.4202 -0.1006 -0.0249 40
1.446 -0.1047 0.0253 24
1.4422 -0.1046 0.0758 25
1.4407 -0.105 0.1264 22
1.4532 -0.1065 0.1789 22
1.4413 -0.1058 -0.1774 26
1.4421 -0.1059 0.229 26
1.4366 -0.1058 -0.126 22
1.4489 -0.1069 0.2824 22
1.4441 -0.1068 -0.0759 24
1.4167 -0.105 0.328 10
1.4199 -0.1053 -0.0249 38
1.4417 -0.1092 0.0252 24
1.4399 -0.1095 0.0757 26
1.4383 -0.1099 0.1262 24
1.4409 -0.1104 0.1774 23
1.4409 -0.1106 -0.1774 26
1.4397 -0.1108 0.2287 26
1.4442 -0.1114 -0.1267 22
1.4407 -0.1111 0.2809 22
1.4437 -0.1116 -0.0759 24
1.428 -0.1106 0.3307 12
1.4195 -0.1102 -0.0249 42
1.4293 -0.1132 0.025 23
1.4335 -0.1138 0.0754 25
1.4399 -0.1148 0.1264 22
1.4306 -0.1146 0.1762 26
1.4286 -0.1147 -0.176 24
1.4433 -0.1159 0.2293 26
1.4319 -0.1152 -0.1257 22
1.4325 -0.1155 0.2793 21
1.4274 -0.1153 -0.075 24
1.4335 -0.1161 0.332 15
1.4231 -0.1153 -0.0249 40
1.4369 -0.1186 0.0252 24
1.4172 -0.1175 0.0745 25
1.4355 -0.1195 0.126 21
1.4283 -0.1192 0.176 23
1.4243 -0.1191 -0.1755 24
1.437 -0.1204 0.2284 24
1.4315 -0.1202 -0.1257 22
1.4399 -0.1209 0.2809 21
1.423 -0.1197 -0.0748 24
1.4156 -0.1194 0.328 15
1.4187 -0.1199 -0.0249 40
1.4405 -0.124 0.0252 23
1.4168 -0.1225 0.0745 26
1.4272 -0.1236 0.1253 21
1.4318 -0.1245 0.1765 22
1.4179 -0.1236 -0.1748 26
1.4208 -0.1241 0.2259 24
1.4211 -0.1241 -0.1248 22
1.4355 -0.1256 0.2801 22
1.4266 -0.1251 -0.075 23
1.4074 -0.1236 0.3262 18
1.4063 -0.1238 -0.0246 38
1.4281 -0.128 0.025 23
1.4163 -0.1274 0.0745 26
1.4168 -0.1277 0.1245 21
1.4294 -0.1293 0.1762 25
1.4254 -0.1292 -0.1757 30
1.4164 -0.1287 0.2253 26
1.4108 -0.1281 -0.1239 22
1.4312 -0.1302 0.2793 22
1.4261 -0.13 -0.075 24
1.4109 -0.1289 0.3271 20
1.394 -0.1276 -0.0244 42
1.4117 -0.1315 0.0247 23
1.4179 -0.1325 0.0746 25
1.4104 -0.1321 0.1239 21
1.423 -0.1338 0.1755 23
1.4289 -0.1346 -0.1762 33
1.416 -0.1336 0.2253 26
1.4182 -0.1341 -0.1246 22
1.417 -0.1339 0.2767 22
1.4177 -0.1343 -0.0746 28
1.4143 -0.1342 0.328 21
1.3975 -0.1328 -0.0245 40
1.4152 -0.1368 0.0248 23
1.4114 -0.1369 0.0743 26
1.4159 -0.1378 0.1245 21
1.4047 -0.137 0.1733 23
1.4166 -0.1384 -0.1748 37
1.4175 -0.1387 0.2256 23
1.4138 -0.1386 -0.1243 22
1.4146 -0.139 0.2763 21
1.4093 -0.1387 -0.0742 27
1.406 -0.1386 0.3262 20
1.401 -0.1381 -0.0246 38
1.4127 -0.1418 0.0248 22
1.401 -0.1411 0.0738 27
1.4114 -0.1424 0.1241 24
1.4102 -0.1427 0.174 22
1.3983 -0.1418 -0.1726 35
1.4111 -0.1433 0.2246 26
1.4054 -0.1428 -0.1236 22
1.416 -0.1441 0.2767 22
1.4048 -0.1432 -0.074 27
1.3939 -0.1423 0.3235 21
1.4005 -0.1432 -0.0246 38
1.4162 -0.1471 0.0249 27
1.3985 -0.1458 0.0737 26
1.4089 -0.1471 0.1239 21
1.4116 -0.1479 0.1743 23
1.3997 -0.1469 -0.1728 37
1.4047 -0.1476 0.2237 27
1.4068 -0.1479 -0.1238 22
1.4116 -0.1486 0.2759 23
1.4162 -0.1493 -0.0746 28
1.3973 -0.1476 0.3244 20
1.3801 -0.146 -0.0242 42
1.4057 -0.151 0.0247 23
1.392 -0.15 0.0734 27
1.3985 -0.1509 0.1231 21
1.4032 -0.1519 0.1733 27
1.4012 -0.152 -0.1731 38
1.3963 -0.1517 0.2224 24
1.4004 -0.1521 -0.1232 22
1.415 -0.154 0.2767 23
1.4117 -0.1539 -0.0744 27
1.389 -0.1516 0.3226 21
1.3816 -0.1511 -0.0243 36
1.3932 -0.1546 0.0245 24
1.3935 -0.1551 0.0735 30
1.4 -0.156 0.1232 20
1.3987 -0.1564 0.1728 26
1.4026 -0.1571 -0.1733 37
1.3957 -0.1566 0.2224 23
1.388 -0.1557 -0.1222 22
1.391 -0.1563 0.2721 22
1.4032 -0.1579 -0.074 28
1.3943 -0.1571 0.3239 21
1.3949 -0.1575 -0.0245 46
1.3887 -0.159 0.0244 23
1.391 -0.1595 0.0734 27
1.3974 -0.1607 0.1231 23
1.3863 -0.1599 0.1713 26
1.3883 -0.1604 -0.1716 38
1.3972 -0.1614 0.2228 24
1.3933 -0.1612 -0.1227 21
1.3924 -0.1614 0.2725 22
1.3947 -0.1619 -0.0736 27
1.3763 -0.16 0.3199 23
1.3825 -0.1607 -0.0243 40
1.3981 -0.1647 0.0246 28
1.3825 -0.1634 0.073 27
1.3968 -0.1656 0.1231 24
1.3858 -0.1645 0.1713 27
1.3818 -0.1643 -0.1709 37
1.3966 -0.1663 0.2228 26
1.3928 -0.1661 -0.1227 22
1.3978 -0.1667 0.2736 24
1.3942 -0.1665 -0.0736 27
1.3719 -0.1641 0.319 22
1.374 -0.1646 -0.0242 42
1.3896 -0.1687 0.0244 28
1.376 -0.1672 0.0726 26
1.3923 -0.1697 0.1227 23
1.3872 -0.1696 0.1716 28
1.3812 -0.1691 -0.1709 35
1.3764 -0.1685 0.2196 26
1.3863 -0.17 -0.1222 22
1.3933 -0.1711 0.2729 22
1.3876 -0.1706 -0.0733 30
1.3752 -0.1693 0.3199 22
1.3615 -0.1677 -0.0239 40
1.387 -0.173 0.0244 24
1.3774 -0.1723 0.0727 28
1.3739 -0.1724 0.1211 21
1.3925 -0.1749 0.1723 26
1.3787 -0.1734 -0.1706 33
1.3798 -0.1738 0.2203 26
1.3738 -0.1733 -0.1211 26
1.3946 -0.1759 0.2732 21
1.389 -0.1755 -0.0734 28
1.3707 -0.1734 0.319 23
1.3589 -0.1722 -0.0239 38
1.3725 -0.1761 0.0242 22
1.3748 -0.1768 0.0726 31
1.3734 -0.1769 0.1211 20
1.3801 -0.1783 0.1709 27
1.3781 -0.1782 -0.1706 34
1.3811 -0.1789 0.2206 24
1.3732 -0.1781 -0.1211 24
1.3726 -0.178 0.269 23
1.3825 -0.1796 -0.0731 31
1.3701 -0.1782 0.319 22
1.3663 -0.1779 -0.024 44
1.3739 -0.1811 0.0242 24
1.3702 -0.1811 0.0724 26
1.3747 -0.1822 0.1213 23
1.3755 -0.1826 0.1704 26
1.3716 -0.1823 -0.1699 35
1.3766 -0.1832 0.2199 27
1.3726 -0.1829 -0.1211 24
1.3758 -0.1836 0.2698 23
1.3719 -0.1833 -0.0725 27
1.3695 -0.1832 0.319 22
1.3696 -0.1832 -0.0241 46
1.3752 -0.1864 0.0242 27
1.3596 -0.1846 0.0719 27
1.3721 -0.1867 0.1211 20
1.363 -0.186 0.1689 26
1.361 -0.186 -0.1687 38
1.3739 -0.1877 0.2196 26
1.3739 -0.188 -0.1213 26
1.3693 -0.1876 0.2687 21
1.3772 -0.1889 -0.0729 28
1.3534 -0.1859 0.3154 23
1.359 -0.1866 -0.0239 42
1.3746 -0.191 0.0242 27
1.357 -0.189 0.0718 30
1.3675 -0.191 0.1208 21
1.3663 -0.1911 0.1694 30
1.3584 -0.1902 -0.1684 35
1.3635 -0.1911 0.2181 26
1.3713 -0.1925 -0.1211 24
1.3707 -0.1924 0.269 23
1.3726 -0.1929 -0.0726 30
1.3489 -0.1898 0.3145 22
1.3485 -0.19 -0.0238 44
1.37 -0.1952 0.0242 25
1.3584 -0.1938 0.0719 27
1.3609 -0.1947 0.1203 21
1.3676 -0.1961 0.1696 33
1.3558 -0.1947 -0.1682 33
1.359 -0.1951 0.2174 27
1.3568 -0.195 -0.1199 23
1.3661 -0.1966 0.2683 22
1.3719 -0.1977 -0.0726 31
1.3559 -0.1956 0.3163 23
1.3419 -0.1936 -0.0237 42
1.3614 -0.1986 0.024 25
1.3616 -0.1991 0.0721 28
1.3622 -0.1997 0.1204 21
1.3532 -0.1986 0.1679 28
1.3611 -0.2 -0.1689 37
1.3622 -0.2004 0.2181 26
1.3581 -0.2001 -0.1201 24
1.3518 -0.1991 0.2656 21
1.3594 -0.2005 -0.072 30
1.3495 -0.1993 0.3149 22
1.3452 -0.1989 -0.0237 38
1.3567 -0.2028 0.0239 25
1.3471 -0.2018 0.0714 26
1.3615 -0.2042 0.1204 21
1.3427 -0.2019 0.1667 31
1.3564 -0.2042 -0.1684 35
1.3576 -0.2046 0.2174 27
1.3614 -0.2052 -0.1204 24
1.3473 -0.2033 0.2648 22
1.3548 -0.2046 -0.0718 30
1.3411 -0.2028 0.3131 21
1.3504 -0.2045 -0.0238 44
1.36 -0.2081 0.024 25
1.3365 -0.205 0.0709 27
1.3588 -0.2087 0.1203 22
1.34 -0.2063 0.1665 27
1.3459 -0.2074 -0.1672 37
1.3588 -0.2096 0.2178 26
1.3646 -0.2105 -0.1208 24
1.3465 -0.208 0.2648 22
1.3501 -0.2088 -0.0716 30
1.3307 -0.206 0.3109 20
1.3358 -0.207 -0.0236 38
1.3493 -0.2113 0.0238 24
1.3318 -0.209 0.0707 28
1.364 -0.2143 0.1208 21
1.3511 -0.2128 0.1679 27
1.3373 -0.2109 -0.1662 33
1.3424 -0.2119 0.2153 26
1.3442 -0.2122 -0.1191 24
1.3497 -0.2133 0.2656 21
1.3612 -0.2153 -0.0722 33
1.3242 -0.2097 0.3095 13
1.3331 -0.2114 -0.0236 44
1.3526 -0.2166 0.0239 31
1.3351 -0.2143 0.0709 28
1.3475 -0.2166 0.1194 23
1.3503 -0.2175 0.1679 23
1.3366 -0.2155 -0.1662 30
1.3456 -0.2172 0.2159 22
1.3395 -0.2162 -0.1187 26
1.3431 -0.2171 0.2645 14
1.3545 -0.2191 -0.0719 28
1.3225 -0.2144 -0.0234 34
1.3419 -0.2197 0.0237 34
1.3382 -0.2196 0.0711 22
1.3397 -0.2208 -0.1667 26
1.3466 -0.2222 -0.1194 23
1.3557 -0.2242 -0.072 22
1.3277 -0.22 -0.0235 29
1.3487 -0.2272 -0.1679 12
