0.6859 -0.0024 0.012 5
0.5534 -0.002 -0.1278 12
0.691 -0.0025 0.0362 8
0.589 -0.0023 -0.1145 13
0.7352 -0.003 0.0643 7
0.5887 -0.0025 -0.0932 12
0.7424 -0.0032 0.0912 12
0.5876 -0.0027 -0.0721 7
0.7803 -0.0035 0.1236 8
0.6097 -0.0029 -0.0533 8
0.8206 -0.004 0.1595 9
0.6671 -0.0034 -0.035 7
0.8185 -0.0043 0.189 10
0.6019 -0.0032 -0.0105 7
0.6819 -0.0046 0.0119 5
0.695 -0.005 0.0364 8
0.5772 -0.0042 -0.1122 13
0.7152 -0.0054 0.0626 8
0.5926 -0.0044 -0.0939 12
0.7503 -0.0058 0.0921 12
0.6034 -0.0047 -0.0741 7
0.7802 -0.0063 0.1236 8
0.5698 -0.0047 -0.0499 9
0.8167 -0.0067 0.1588 9
0.6511 -0.0055 -0.0341 7
0.8282 -0.0071 0.1912 10
0.6139 -0.0054 -0.0107 7
0.7199 -0.0074 0.0126 5
0.701 -0.0075 0.0367 8
0.5889 -0.0063 -0.1145 13
0.7232 -0.0078 0.0633 7
0.5807 -0.0064 -0.092 12
0.7384 -0.0082 0.0907 12
0.5875 -0.0067 -0.0721 7
0.7881 -0.0091 0.1248 8
0.6056 -0.007 -0.053 8
0.797 -0.0093 0.1549 10
0.659 -0.0078 -0.0345 7
0.8223 -0.0099 0.1899 10
0.6399 -0.0078 -0.0112 6
0.7038 -0.0097 0.0123 5
0.5534 -0.0077 -0.1278 12
0.683 -0.0097 0.0358 8
0.6164 -0.0087 -0.1198 12
0.7232 -0.0104 0.0633 7
0.5728 -0.0083 -0.0907 13
0.7384 -0.0108 0.0907 12
0.6074 -0.009 -0.0746 7
0.796 -0.0119 0.1261 7
0.6016 -0.009 -0.0526 8
0.7931 -0.012 0.1542 10
0.639 -0.0098 -0.0335 7
0.8184 -0.0127 0.189 10
0.6518 -0.0102 -0.0114 6
0.6978 -0.0121 0.0122 5
0.5534 -0.0097 -0.1278 12
0.665 -0.0117 0.0349 9
0.6007 -0.0106 -0.1168 13
0.743 -0.0132 0.065 7
0.5767 -0.0104 -0.0914 12
0.7582 -0.0138 0.0931 11
0.6073 -0.0111 -0.0746 7
0.792 -0.0147 0.1255 7
0.6016 -0.0111 -0.0526 8
0.8126 -0.0152 0.158 10
0.659 -0.0124 -0.0345 7
0.8164 -0.0155 0.1885 11
0.6378 -0.0122 -0.0111 6
0.7137 -0.0148 0.0125 5
0.5455 -0.0114 -0.126 12
0.6889 -0.0146 0.0361 8
0.581 -0.0123 -0.113 13
0.7151 -0.0152 0.0626 8
0.5885 -0.0126 -0.0932 12
0.778 -0.0168 0.0955 11
0.6113 -0.0133 -0.0751 7
0.7643 -0.0168 0.1211 8
0.6175 -0.0136 -0.054 8
0.8204 -0.0182 0.1595 9
0.631 -0.0141 -0.0331 8
0.83 -0.0187 0.1917 10
0.6078 -0.0138 -0.0106 7
0.6997 -0.017 0.0122 5
0.5611 -0.0137 -0.1296 12
0.6928 -0.0169 0.0363 8
0.6006 -0.0148 -0.1168 13
0.737 -0.0183 0.0645 7
0.5648 -0.0141 -0.0895 13
0.766 -0.0193 0.0941 11
0.6192 -0.0157 -0.076 7
0.7879 -0.0199 0.1248 8
0.6095 -0.0155 -0.0533 8
0.8125 -0.0209 0.158 10
0.6669 -0.0172 -0.035 7
0.8299 -0.0216 0.1917 10
0.6377 -0.0166 -0.0111 6
0.6856 -0.0189 0.012 5
0.6868 -0.0192 0.036 8
0.5887 -0.0165 -0.1145 13
0.7289 -0.0206 0.0638 7
0.5845 -0.0165 -0.0926 12
0.7501 -0.0213 0.0921 12
0.5754 -0.0165 -0.0707 7
0.7878 -0.0227 0.1248 8
0.6094 -0.0177 -0.0533 8
0.7967 -0.0231 0.1549 10
0.6349 -0.0185 -0.0333 8
0.8337 -0.0245 0.1926 10
0.6256 -0.0185 -0.0109 6
0.6696 -0.0208 0.0117 5
0.6967 -0.0219 0.0365 8
0.5965 -0.0187 -0.116 13
0.7249 -0.0229 0.0634 7
0.5923 -0.0188 -0.0939 12
0.742 -0.0237 0.0912 12
0.6071 -0.0195 -0.0746 7
0.7759 -0.0251 0.123 8
0.6014 -0.0195 -0.0526 8
0.8065 -0.0262 0.1568 10
0.6767 -0.0221 -0.0355 7
0.8297 -0.0272 0.1917 10
0.6316 -0.0208 -0.011 6
0.6915 -0.0239 0.0121 5
0.6667 -0.0233 0.035 8
0.5808 -0.0204 -0.113 13
0.7288 -0.0257 0.0638 7
0.5686 -0.0202 -0.0901 6
0.7221 -0.0256 0.0887 13
0.5753 -0.0205 -0.0707 7
0.7877 -0.0282 0.1248 8
0.6292 -0.0226 -0.0551 7
0.8044 -0.0291 0.1565 10
0.6746 -0.0245 -0.0354 7
0.8179 -0.0298 0.189 10
0.6355 -0.0232 -0.0111 6
0.6754 -0.0258 0.0118 5
0.553 -0.0212 -0.1278 12
0.6925 -0.0266 0.0363 8
0.5807 -0.0224 -0.113 13
0.7326 -0.0284 0.0641 7
0.5961 -0.0232 -0.0945 12
0.7577 -0.0296 0.0931 11
0.607 -0.0237 -0.0746 7
0.7757 -0.0305 0.123 8
0.6092 -0.024 -0.0533 8
0.8161 -0.0323 0.1588 9
0.6586 -0.0262 -0.0345 7
0.8256 -0.0329 0.1908 10
0.5994 -0.024 -0.0105 7
0.6913 -0.0287 0.0121 5
0.5569 -0.0232 -0.1287 12
0.6924 -0.0289 0.0363 8
0.5767 -0.0242 -0.1122 13
0.7206 -0.0303 0.0631 7
0.5881 -0.0249 -0.0932 12
0.7695 -0.0327 0.0946 11
0.591 -0.0251 -0.0726 7
0.7717 -0.0329 0.1223 8
0.5713 -0.0244 -0.05 8
0.8042 -0.0345 0.1565 10
0.6505 -0.0281 -0.0341 7
0.8177 -0.0353 0.189 10
0.6053 -0.0262 -0.0106 7
0.6872 -0.0308 0.012 5
0.6963 -0.0315 0.0365 8
0.5845 -0.0264 -0.1137 13
0.7125 -0.0324 0.0624 8
0.5881 -0.0268 -0.0932 12
0.7694 -0.0352 0.0946 11
0.6028 -0.0277 -0.0741 7
0.7913 -0.0365 0.1255 7
0.5991 -0.0277 -0.0525 8
0.8119 -0.0376 0.158 10
0.6704 -0.0311 -0.0352 7
0.8156 -0.038 0.1885 11
0.6452 -0.0302 -0.0113 6
0.6891 -0.0333 0.012 5
0.6882 -0.0335 0.0361 8
0.5961 -0.0292 -0.116 13
0.7204 -0.0354 0.0631 7
0.5761 -0.0284 -0.0914 6
0.7693 -0.0379 0.0946 11
0.6186 -0.0306 -0.076 7
0.7833 -0.0389 0.1242 8
0.6069 -0.0302 -0.0532 8
0.7961 -0.0398 0.1549 10
0.6822 -0.0342 -0.0358 7
0.8213 -0.0413 0.1899 10
0.6531 -0.0329 -0.0114 6
0.683 -0.0356 0.0119 5
0.5605 -0.0293 -0.1296 12
0.6742 -0.0352 0.0354 8
0.6039 -0.0316 -0.1175 13
0.7282 -0.0383 0.0638 7
0.5957 -0.0314 -0.0945 12
0.7473 -0.0396 0.0919 12
0.5947 -0.0315 -0.0731 7
0.7831 -0.0416 0.1242 8
0.6108 -0.0325 -0.0535 8
0.8077 -0.0432 0.1572 10
0.6581 -0.0353 -0.0345 7
0.8154 -0.0437 0.1885 11
0.627 -0.0337 -0.011 6
0.6649 -0.0368 0.0116 5
0.5526 -0.0307 -0.1278 12
0.682 -0.0379 0.0358 8
0.5881 -0.0328 -0.1145 13
0.7122 -0.0398 0.0624 8
0.5917 -0.0332 -0.0939 12
0.7512 -0.0423 0.0924 12
0.5946 -0.0335 -0.0731 7
0.7633 -0.0431 0.1211 8
0.6306 -0.0357 -0.0553 7
0.8193 -0.0465 0.1595 9
0.6501 -0.037 -0.0341 7
0.8094 -0.0461 0.1872 11
0.6249 -0.0357 -0.0109 6
0.6987 -0.041 0.0122 5
0.5564 -0.0328 -0.1287 12
0.6859 -0.0405 0.036 8
0.6036 -0.0357 -0.1175 13
0.7319 -0.0434 0.0641 7
0.5837 -0.0347 -0.0926 12
0.757 -0.0451 0.0931 11
0.5667 -0.0339 -0.0697 7
0.7868 -0.0472 0.1248 8
0.6185 -0.0371 -0.0542 8
0.8113 -0.0488 0.158 10
0.6818 -0.0411 -0.0358 7
0.8209 -0.0496 0.1899 10
0.6367 -0.0386 -0.0111 6
0.6826 -0.0425 0.0119 5
0.5524 -0.0345 -0.1278 12
0.7116 -0.0445 0.0374 8
0.5761 -0.036 -0.1122 13
0.7119 -0.0447 0.0624 8
0.5599 -0.0352 -0.0889 6
0.7528 -0.0475 0.0926 12
0.5785 -0.0366 -0.0712 7
0.7905 -0.0502 0.1255 7
0.6303 -0.04 -0.0553 7
0.8072 -0.0514 0.1572 10
0.6578 -0.042 -0.0345 7
0.8246 -0.0527 0.1908 10
0.6526 -0.0419 -0.0114 6
0.6824 -0.0448 0.0119 5
0.5522 -0.0364 -0.1278 12
0.6915 -0.0457 0.0363 8
0.5877 -0.0388 -0.1145 13
0.7395 -0.049 0.0648 7
0.5677 -0.0377 -0.0901 13
0.7388 -0.0492 0.0909 12
0.6101 -0.0407 -0.0751 7
0.7864 -0.0526 0.1248 8
0.6103 -0.041 -0.0535 8
0.7953 -0.0534 0.1549 10
0.6437 -0.0433 -0.0338 7
0.8244 -0.0556 0.1908 10
0.6305 -0.0426 -0.011 6
0.7122 -0.0493 0.0125 5
0.5521 -0.0383 -0.1278 12
0.6854 -0.0477 0.036 8
0.568 -0.0396 -0.1107 13
0.7195 -0.0503 0.0631 7
0.5754 -0.0403 -0.0914 12
0.7604 -0.0533 0.0936 11
0.5861 -0.0412 -0.0721 7
0.7823 -0.0551 0.1242 8
0.5903 -0.0417 -0.0518 8
0.8108 -0.0574 0.158 10
0.6574 -0.0467 -0.0345 7
0.8125 -0.0578 0.1881 11
0.6523 -0.0464 -0.0114 6
0.706 -0.0515 0.0124 5
0.5597 -0.0409 -0.1296 12
0.6673 -0.0489 0.0351 8
0.5757 -0.0422 -0.1122 13
0.7352 -0.054 0.0645 7
0.5516 -0.0406 -0.0876 13
0.7523 -0.0555 0.0926 12
0.6058 -0.0448 -0.0746 7
0.7821 -0.058 0.1242 8
0.5981 -0.0443 -0.0525 8
0.8027 -0.0597 0.1565 10
0.6573 -0.049 -0.0345 7
0.8181 -0.0611 0.1894 10
0.6122 -0.0458 -0.0107 7
0.6799 -0.052 0.0119 5
0.6811 -0.0523 0.0358 8
0.6029 -0.0463 -0.1175 13
0.7151 -0.055 0.0628 8
0.5672 -0.0437 -0.0901 6
0.758 -0.0586 0.0934 11
0.6017 -0.0466 -0.0741 7
0.7701 -0.0598 0.1223 8
0.6059 -0.047 -0.0532 8
0.8025 -0.0625 0.1565 10
0.6651 -0.0519 -0.035 7
0.816 -0.0638 0.189 10
0.6519 -0.0511 -0.0114 6
0.6937 -0.0554 0.0121 5
0.6809 -0.0547 0.0358 8
0.5753 -0.0462 -0.1122 13
0.7269 -0.0585 0.0638 7
0.5828 -0.047 -0.0926 12
0.7519 -0.0608 0.0926 12
0.6094 -0.0494 -0.0751 7
0.8013 -0.065 0.1273 7
0.5819 -0.0472 -0.0511 8
0.7984 -0.0649 0.1557 10
0.643 -0.0524 -0.0338 7
0.8235 -0.0673 0.1908 10
0.6318 -0.0517 -0.0111 6
0.6955 -0.058 0.0122 5
0.5437 -0.0455 -0.126 12
0.6986 -0.0585 0.0367 8
0.6065 -0.0508 -0.1183 12
0.7267 -0.061 0.0638 7
0.5669 -0.0477 -0.0901 6
0.7517 -0.0634 0.0926 12
0.5974 -0.0505 -0.0736 7
0.8011 -0.0678 0.1273 7
0.6055 -0.0513 -0.0532 8
0.8021 -0.0681 0.1565 10
0.6726 -0.0572 -0.0354 7
0.8252 -0.0703 0.1912 10
0.6396 -0.0546 -0.0112 6
0.6694 -0.058 0.0117 5
0.6805 -0.0592 0.0358 8
0.5868 -0.051 -0.1145 13
0.7265 -0.0633 0.0638 7
0.5668 -0.0495 -0.0901 6
0.7475 -0.0654 0.0921 12
0.5853 -0.0513 -0.0721 7
0.7852 -0.069 0.1248 8
0.5895 -0.0519 -0.0518 8
0.7979 -0.0702 0.1557 10
0.6406 -0.0565 -0.0337 7
0.8192 -0.0724 0.1899 10
0.6274 -0.0556 -0.011 6
0.721 -0.065 0.0126 4
0.559 -0.0505 -0.1296 12
0.6763 -0.0612 0.0356 8
0.6022 -0.0546 -0.1175 13
0.7302 -0.0663 0.0641 7
0.6098 -0.0555 -0.097 6
0.7591 -0.0691 0.0936 11
0.5812 -0.053 -0.0717 7
0.7849 -0.0717 0.1248 8
0.6171 -0.0565 -0.0542 8
0.8153 -0.0748 0.1591 9
0.6563 -0.0603 -0.0345 7
0.8267 -0.0761 0.1917 10
0.6332 -0.0583 -0.0111 6
0.7128 -0.0669 0.0125 5
0.688 -0.0647 0.0362 8
0.5668 -0.0534 -0.1107 13
0.7101 -0.067 0.0624 8
0.5743 -0.0543 -0.0914 12
0.745 -0.0706 0.0919 12
0.5968 -0.0566 -0.0736 7
0.7689 -0.073 0.1223 8
0.6327 -0.0601 -0.0556 7
0.8052 -0.0767 0.1572 10
0.6641 -0.0634 -0.035 7
0.8225 -0.0786 0.1908 10
0.627 -0.0599 -0.011 6
0.6847 -0.0665 0.012 5
0.5586 -0.0544 -0.1296 12
0.6878 -0.0671 0.0362 8
0.5901 -0.0577 -0.1152 13
0.7178 -0.0703 0.0631 7
0.5662 -0.0554 -0.0901 6
0.7468 -0.0732 0.0921 12
0.6085 -0.0598 -0.0751 7
0.7844 -0.0772 0.1248 8
0.6166 -0.0608 -0.0542 8
0.7971 -0.0786 0.1557 10
0.648 -0.064 -0.0341 7
0.8319 -0.0823 0.193 10
0.6348 -0.0629 -0.0111 6
0.6606 -0.0665 0.0116 5
0.5429 -0.0548 -0.126 12
0.7054 -0.0713 0.0372 8
0.586 -0.0592 -0.1145 13
0.7295 -0.0738 0.0641 7
0.5857 -0.0594 -0.0932 6
0.7584 -0.077 0.0936 11
0.6043 -0.0615 -0.0746 7
0.792 -0.0807 0.1261 7
0.6283 -0.064 -0.0553 7
0.793 -0.081 0.1549 10
0.6636 -0.0679 -0.035 7
0.8297 -0.085 0.1926 10
0.6306 -0.0647 -0.0111 6
0.7061 -0.0736 0.0124 5
0.6873 -0.0719 0.0362 8
0.5975 -0.0625 -0.1168 13
0.7411 -0.0776 0.0652 7
0.5776 -0.0606 -0.092 12
0.7384 -0.0776 0.0912 12
0.5804 -0.0611 -0.0717 7
0.7681 -0.081 0.1223 8
0.6083 -0.0641 -0.0535 8
0.8044 -0.085 0.1572 10
0.6574 -0.0696 -0.0346 7
0.8217 -0.0871 0.1908 10
0.6423 -0.0682 -0.0113 6
0.6998 -0.0754 0.0123 5
0.689 -0.0745 0.0363 8
0.5895 -0.0637 -0.1152 13
0.7171 -0.0776 0.0631 7
0.5892 -0.0639 -0.0939 12
0.746 -0.081 0.0921 12
0.5684 -0.0618 -0.0702 7
0.7796 -0.085 0.1242 8
0.6041 -0.0658 -0.0532 8
0.7885 -0.0861 0.1542 10
0.6731 -0.0736 -0.0355 7
0.8117 -0.0889 0.1885 11
0.5983 -0.0656 -0.0105 7
0.6936 -0.0772 0.0122 5
0.6709 -0.0749 0.0354 8
0.5853 -0.0653 -0.1145 13
0.7049 -0.0788 0.0621 8
0.5575 -0.0624 -0.0889 13
0.7378 -0.0828 0.0912 12
0.5958 -0.0669 -0.0736 7
0.7754 -0.0872 0.1236 8
0.6157 -0.0693 -0.0542 8
0.8038 -0.0906 0.1572 10
0.647 -0.073 -0.0341 7
0.821 -0.0928 0.1908 10
0.618 -0.07 -0.0109 6
0.7013 -0.0805 0.0123 5
0.5498 -0.0632 -0.1278 12
0.6865 -0.0791 0.0362 8
0.5929 -0.0683 -0.116 13
0.7046 -0.0813 0.0621 8
0.5769 -0.0667 -0.092 12
0.7612 -0.0881 0.0941 11
0.5955 -0.069 -0.0736 7
0.779 -0.0904 0.1242 8
0.6036 -0.0701 -0.0532 8
0.7957 -0.0925 0.1557 10
0.6547 -0.0762 -0.0345 7
0.8226 -0.0959 0.1912 10
0.6376 -0.0744 -0.0112 6
0.6831 -0.0809 0.012 5
0.5573 -0.0661 -0.1296 12
0.6823 -0.081 0.036 8
0.5732 -0.068 -0.1122 13
0.7241 -0.0861 0.0638 7
0.5806 -0.0691 -0.0926 12
0.7372 -0.0879 0.0912 12
0.6032 -0.072 -0.0746 7
0.7865 -0.0941 0.1255 7
0.5876 -0.0703 -0.0518 8
0.7953 -0.0953 0.1557 10
0.6465 -0.0775 -0.0341 7
0.8165 -0.0981 0.1899 10
0.6393 -0.0769 -0.0112 6
0.6868 -0.0837 0.0121 5
0.6899 -0.0842 0.0364 8
0.5768 -0.0705 -0.113 13
0.7278 -0.0891 0.0641 7
0.5921 -0.0726 -0.0945 6
0.7408 -0.091 0.0916 12
0.5832 -0.0716 -0.0721 7
0.794 -0.0976 0.1267 7
0.5952 -0.0733 -0.0525 8
0.8028 -0.099 0.1572 10
0.6621 -0.0818 -0.035 7
0.8142 -0.1006 0.1894 10
0.641 -0.0793 -0.0113 6
0.6687 -0.0838 0.0118 5
0.6857 -0.086 0.0362 8
0.5649 -0.071 -0.1107 13
0.7275 -0.0915 0.0641 7
0.588 -0.0741 -0.0939 6
0.7464 -0.0942 0.0924 12
0.5948 -0.075 -0.0736 7
0.7741 -0.0978 0.1236 8
0.6266 -0.0793 -0.0553 7
0.8102 -0.1026 0.1588 9
0.6618 -0.084 -0.035 7
0.812 -0.103 0.189 10
0.6011 -0.0764 -0.0106 7
0.6783 -0.0873 0.0119 5
0.6814 -0.0879 0.036 8
0.6036 -0.0779 -0.1183 12
0.7193 -0.0929 0.0634 7
0.5995 -0.0775 -0.0957 12
0.756 -0.0979 0.0936 11
0.5551 -0.072 -0.0687 8
0.7738 -0.1005 0.1236 8
0.5789 -0.0752 -0.0511 8
0.8196 -0.1066 0.1607 9
0.6615 -0.0861 -0.035 7
0.8251 -0.1076 0.1921 10
0.6147 -0.0803 -0.0108 6
0.4807 -0.0635 -0.1299 12
0.6879 -0.0909 0.0121 5
0.6851 -0.0908 0.0362 8
0.5917 -0.0784 -0.116 13
0.715 -0.0949 0.0631 7
0.564 -0.0749 -0.0901 6
0.7595 -0.1011 0.0941 11
0.5982 -0.0797 -0.0741 7
0.7813 -0.1042 0.1248 8
0.6181 -0.0825 -0.0546 8
0.794 -0.1061 0.1557 10
0.6691 -0.0895 -0.0354 7
0.819 -0.1097 0.1908 10
0.6402 -0.0859 -0.0113 6
0.6816 -0.0925 0.012 5
0.5484 -0.0745 -0.1278 12
0.665 -0.0904 0.0352 8
0.6108 -0.0831 -0.1198 12
0.7146 -0.0974 0.0631 7
0.5872 -0.0801 -0.0939 6
0.7395 -0.101 0.0916 12
0.5743 -0.0786 -0.0712 7
0.7809 -0.1068 0.1248 8
0.6297 -0.0863 -0.0556 7
0.8091 -0.111 0.1588 9
0.6411 -0.088 -0.0339 7
0.8128 -0.1118 0.1894 10
0.6399 -0.088 -0.0113 6
0.6813 -0.0948 0.012 5
0.5559 -0.0774 -0.1296 12
0.6844 -0.0955 0.0362 8
0.5989 -0.0836 -0.1175 13
0.7222 -0.101 0.0638 7
0.583 -0.0815 -0.0932 12
0.7392 -0.1035 0.0916 12
0.5858 -0.0821 -0.0726 7
0.7844 -0.1101 0.1255 7
0.6452 -0.0907 -0.057 7
0.801 -0.1126 0.1572 10
0.6527 -0.0918 -0.0345 7
0.8008 -0.1128 0.1867 11
0.6158 -0.0869 -0.0109 6
0.7028 -0.1003 0.0124 5
0.5402 -0.0772 -0.126 12
0.6683 -0.0956 0.0354 8
0.5947 -0.0851 -0.1168 13
0.7258 -0.1039 0.0641 7
0.5788 -0.083 -0.0926 12
0.7585 -0.1089 0.0941 11
0.5816 -0.0836 -0.0721 7
0.7723 -0.1112 0.1236 8
0.6054 -0.0871 -0.0535 8
0.8006 -0.1154 0.1572 10
0.68 -0.0981 -0.036 7
0.8236 -0.119 0.1921 10
0.5997 -0.0867 -0.0106 7
0.6767 -0.099 0.0119 5
0.5476 -0.0802 -0.1278 12
0.6739 -0.0988 0.0357 8
0.6099 -0.0894 -0.1198 12
0.7254 -0.1065 0.0641 7
0.5824 -0.0856 -0.0932 12
0.7483 -0.1101 0.0929 11
0.5813 -0.0856 -0.0721 7
0.7797 -0.115 0.1248 8
0.5815 -0.0858 -0.0514 8
0.8157 -0.1205 0.1603 9
0.6599 -0.0976 -0.035 7
0.8116 -0.1201 0.1894 10
0.631 -0.0935 -0.0111 6
0.6862 -0.1028 0.0121 5
0.6972 -0.1047 0.0369 8
0.5941 -0.0892 -0.1168 13
0.7132 -0.1072 0.0631 7
0.5899 -0.0888 -0.0945 12
0.742 -0.1118 0.0921 12
0.5889 -0.0888 -0.0731 7
0.7832 -0.1183 0.1255 7
0.6127 -0.0926 -0.0542 8
0.7881 -0.1192 0.1549 10
0.6596 -0.0999 -0.035 7
0.8208 -0.1244 0.1917 10
0.6327 -0.096 -0.0112 6
0.672 -0.1031 0.0119 5
0.5547 -0.0852 -0.1296 12
0.6751 -0.1038 0.0358 8
0.5977 -0.0919 -0.1175 13
0.7207 -0.1109 0.0638 7
0.5857 -0.0903 -0.0939 12
0.7377 -0.1138 0.0916 12
0.6003 -0.0927 -0.0746 7
0.7867 -0.1217 0.1261 7
0.634 -0.098 -0.0561 7
0.7955 -0.1231 0.1565 10
0.6316 -0.0979 -0.0335 7
0.8184 -0.127 0.1912 10
0.6106 -0.0949 -0.0108 6
0.6934 -0.1088 0.0123 5
0.5467 -0.0859 -0.1278 12
0.6886 -0.1083 0.0365 8
0.5818 -0.0915 -0.1145 13
0.7046 -0.111 0.0624 8
0.562 -0.0886 -0.0901 13
0.7412 -0.117 0.0921 12
0.5961 -0.0942 -0.0741 7
0.7824 -0.1238 0.1255 7
0.5943 -0.0941 -0.0526 8
0.8067 -0.1278 0.1588 9
0.651 -0.1032 -0.0345 7
0.8045 -0.1277 0.1881 11
0.63 -0.1001 -0.0111 6
0.695 -0.1116 0.0123 5
0.5541 -0.0891 -0.1296 12
0.6626 -0.1066 0.0352 4
0.5737 -0.0924 -0.113 13
0.7238 -0.1167 0.0641 7
0.5772 -0.0932 -0.0926 6
0.7329 -0.1183 0.0912 12
0.5918 -0.0956 -0.0736 7
0.7625 -0.1234 0.1223 8
0.6215 -0.1007 -0.0551 7
0.8023 -0.1301 0.158 10
0.6585 -0.1069 -0.035 7
0.8156 -0.1325 0.1908 10
0.5941 -0.0965 -0.0105 7
0.6768 -0.1112 0.012 5
0.676 -0.1113 0.0359 8
0.5695 -0.0938 -0.1122 13
0.7234 -0.1192 0.0641 7
0.5847 -0.0965 -0.0939 6
0.7717 -0.1275 0.096 10
0.5836 -0.0965 -0.0726 7
0.7698 -0.1274 0.1236 8
0.6015 -0.0997 -0.0533 8
0.8173 -0.1355 0.161 9
0.6581 -0.1092 -0.035 7
0.8093 -0.1344 0.1894 10
0.6253 -0.104 -0.0111 6
0.6883 -0.1155 0.0122 5
0.6815 -0.1147 0.0362 8
0.5885 -0.0991 -0.116 13
0.7033 -0.1186 0.0624 8
0.5843 -0.0986 -0.0939 6
0.7477 -0.1262 0.0931 11
0.5911 -0.0999 -0.0736 7
0.7849 -0.1328 0.1261 7
0.5736 -0.0971 -0.0509 8
0.7897 -0.1339 0.1557 10
0.6577 -0.1116 -0.035 7
0.8223 -0.1397 0.1926 10
0.6171 -0.1048 -0.0109 6
0.6721 -0.1152 0.0119 5
0.6712 -0.1152 0.0357 8
0.6076 -0.1044 -0.1198 12
0.7226 -0.1243 0.0641 7
0.5762 -0.0992 -0.0926 6
0.7355 -0.1268 0.0916 12
0.6025 -0.104 -0.0751 7
0.7884 -0.136 0.1267 7
0.6165 -0.1065 -0.0547 8
0.8009 -0.1385 0.158 10
0.6416 -0.111 -0.0341 7
0.8257 -0.1431 0.1935 10
0.6325 -0.1096 -0.0112 6
0.6934 -0.1213 0.0123 5
0.6728 -0.1179 0.0358 8
0.6033 -0.1058 -0.1191 12
0.73 -0.1282 0.0648 7
0.5681 -0.0998 -0.0914 6
0.7429 -0.1306 0.0926 12
0.6022 -0.106 -0.0751 7
0.7957 -0.1402 0.128 7
0.6004 -0.1059 -0.0533 8
0.7966 -0.1405 0.1572 10
0.6491 -0.1146 -0.0345 7
0.8175 -0.1444 0.1917 10
0.6085 -0.1076 -0.0108 6
0.689 -0.123 0.0122 5
0.5371 -0.096 -0.126 12
0.6763 -0.1208 0.036 8
0.5875 -0.1051 -0.116 13
0.7374 -0.132 0.0655 7
0.5911 -0.1059 -0.0951 12
0.7523 -0.1349 0.0938 11
0.5979 -0.1074 -0.0746 7
0.7602 -0.1365 0.1223 8
0.6275 -0.1128 -0.0558 7
0.8115 -0.146 0.1603 9
0.6565 -0.1182 -0.035 7
0.8151 -0.1469 0.1912 10
0.612 -0.1103 -0.0109 6
0.6729 -0.1224 0.0119 5
0.5522 -0.1005 -0.1296 12
0.6818 -0.1243 0.0363 8
0.5717 -0.1043 -0.113 13
0.7056 -0.1289 0.0628 8
0.5791 -0.1058 -0.0932 12
0.7518 -0.1374 0.0938 11
0.5702 -0.1043 -0.0712 7
0.7753 -0.142 0.1248 8
0.5918 -0.1085 -0.0526 8
0.8091 -0.1484 0.1599 9
0.6404 -0.1175 -0.0341 7
0.8165 -0.15 0.1917 10
0.592 -0.1089 -0.0105 7
0.6901 -0.128 0.0123 5
0.6755 -0.1256 0.036 8
0.5675 -0.1055 -0.1122 13
0.7208 -0.1341 0.0641 7
0.5787 -0.1078 -0.0932 12
0.7689 -0.1433 0.096 10
0.6088 -0.1136 -0.076 7
0.7864 -0.1469 0.1267 7
0.5719 -0.1069 -0.0509 8
0.7912 -0.1479 0.1565 10
0.64 -0.1198 -0.0341 7
0.8275 -0.155 0.1944 10
0.623 -0.1168 -0.0111 6
0.6857 -0.1297 0.0122 5
0.5514 -0.1044 -0.1296 12
0.6829 -0.1294 0.0364 4
0.5902 -0.112 -0.1168 13
0.7164 -0.136 0.0638 7
0.59 -0.1121 -0.0951 12
0.7391 -0.1405 0.0924 12
0.5616 -0.1068 -0.0702 7
0.7781 -0.1482 0.1255 7
0.6185 -0.1179 -0.0551 7
0.7984 -0.1523 0.158 10
0.6552 -0.1251 -0.035 7
0.8173 -0.1562 0.1921 10
0.6403 -0.1224 -0.0114 6
0.6931 -0.1337 0.0123 5
0.6785 -0.131 0.0362 8
0.5706 -0.1103 -0.113 13
0.7375 -0.1427 0.0657 7
0.5857 -0.1134 -0.0945 12
0.7444 -0.1443 0.0931 11
0.5885 -0.1142 -0.0736 7
0.7699 -0.1494 0.1242 8
0.6141 -0.1193 -0.0547 8
0.8133 -0.1581 0.161 9
0.6391 -0.1243 -0.0341 7
0.8149 -0.1587 0.1917 10
0.6222 -0.1212 -0.0111 6
0.7064 -0.1387 0.0126 5
0.5507 -0.1082 -0.1296 12
0.6663 -0.1311 0.0356 4
0.5663 -0.1115 -0.1122 13
0.7213 -0.1422 0.0643 7
0.5776 -0.1138 -0.0932 12
0.7595 -0.1498 0.0951 11
0.5881 -0.1161 -0.0736 7
0.781 -0.1544 0.1261 7
0.6176 -0.1222 -0.0551 7
0.7896 -0.1562 0.1565 10
0.6544 -0.1296 -0.035 7
0.799 -0.1584 0.1881 11
0.6139 -0.1218 -0.0109 6
0.6765 -0.1353 0.012 5
0.6737 -0.1349 0.036 4
0.5775 -0.1157 -0.1145 13
0.713 -0.143 0.0636 7
0.581 -0.1166 -0.0939 12
0.7512 -0.1509 0.0941 11
0.6072 -0.1221 -0.076 7
0.7766 -0.1562 0.1255 7
0.5782 -0.1164 -0.0516 8
0.8083 -0.1628 0.1603 9
0.6539 -0.1319 -0.035 7
0.8138 -0.1642 0.1917 10
0.6116 -0.1234 -0.0109 6
0.6819 -0.1387 0.0121 5
0.681 -0.1388 0.0364 8
0.5732 -0.1169 -0.1137 13
0.7125 -0.1455 0.0636 7
0.5652 -0.1154 -0.0914 12
0.7371 -0.1506 0.0924 12
0.599 -0.1225 -0.0751 7
0.7799 -0.1597 0.1261 7
0.5895 -0.1208 -0.0526 8
0.7886 -0.1616 0.1565 10
0.6457 -0.1324 -0.0345 7
0.817 -0.1677 0.1926 10
0.6268 -0.1288 -0.0112 6
0.6716 -0.1391 0.012 5
0.5496 -0.1139 -0.1296 12
0.6884 -0.1428 0.0368 8
0.5921 -0.1228 -0.1175 13
0.7081 -0.147 0.0633 7
0.5454 -0.1133 -0.0882 13
0.7385 -0.1536 0.0926 12
0.6063 -0.1262 -0.076 7
0.7677 -0.16 0.1242 8
0.5812 -0.1212 -0.0519 8
0.8072 -0.1683 0.1603 9
0.6471 -0.1351 -0.0346 7
0.8069 -0.1686 0.1903 10
0.6322 -0.1322 -0.0113 6
0.6731 -0.1418 0.012 5
0.6664 -0.1407 0.0357 8
0.5993 -0.1266 -0.1191 12
0.7271 -0.1538 0.065 7
0.5759 -0.1219 -0.0932 12
0.7535 -0.1595 0.0946 11
0.5981 -0.1267 -0.0751 7
0.7826 -0.1659 0.1267 7
0.5964 -0.1265 -0.0533 8
0.8027 -0.1705 0.1595 9
0.6545 -0.1391 -0.0351 7
0.8101 -0.1723 0.1912 10
0.6337 -0.1348 -0.0113 6
0.7136 -0.1531 0.0127 4
0.6698 -0.1438 0.0359 8
0.595 -0.1279 -0.1183 12
0.7265 -0.1563 0.065 7
0.5832 -0.1256 -0.0945 12
0.7413 -0.1597 0.0931 11
0.5977 -0.1289 -0.0751 7
0.7724 -0.1666 0.1251 8
0.631 -0.1362 -0.0565 7
0.8098 -0.1749 0.161 9
0.6618 -0.1431 -0.0355 7
0.8038 -0.1739 0.1899 10
0.6235 -0.1349 -0.0111 6
0.676 -0.1474 0.0121 5
0.6732 -0.147 0.0361 8
0.5677 -0.1241 -0.113 13
0.7182 -0.1571 0.0643 7
0.5905 -0.1292 -0.0957 6
0.7485 -0.1639 0.0941 11
0.5972 -0.1309 -0.0751 7
0.7699 -0.1688 0.1248 8
0.5955 -0.1307 -0.0533 8
0.8092 -0.1776 0.161 9
0.673 -0.1478 -0.0361 7
0.8241 -0.1812 0.1948 9
0.6054 -0.1332 -0.0108 6
0.6794 -0.1506 0.0121 5
0.5479 -0.1216 -0.1296 12
0.6551 -0.1455 0.0352 8
0.598 -0.1328 -0.1191 12
0.7138 -0.1586 0.064 7
0.5708 -0.127 -0.0926 12
0.7363 -0.1639 0.0926 12
0.6045 -0.1347 -0.076 7
0.7712 -0.172 0.1251 8
0.5951 -0.1327 -0.0533 8
0.7971 -0.1779 0.1588 9
0.651 -0.1454 -0.035 7
0.8273 -0.1849 0.1957 9
0.6108 -0.1366 -0.0109 6
0.673 -0.1517 0.012 5
0.678 -0.153 0.0364 8
0.5745 -0.1297 -0.1145 13
0.7171 -0.162 0.0643 7
0.5626 -0.1272 -0.0914 12
0.7396 -0.1674 0.0931 11
0.5847 -0.1324 -0.0736 7
0.7995 -0.1812 0.1298 7
0.6062 -0.1374 -0.0544 8
0.8003 -0.1815 0.1595 9
0.6447 -0.1464 -0.0346 7
0.8114 -0.1844 0.1921 10
0.6415 -0.1459 -0.0115 6
0.69 -0.158 0.0124 5
0.6736 -0.1544 0.0362 8
0.5855 -0.1343 -0.1168 13
0.7321 -0.1681 0.0657 7
0.5737 -0.1318 -0.0932 12
0.7274 -0.1673 0.0916 12
0.5881 -0.1352 -0.0741 7
0.7912 -0.1821 0.1286 7
0.6174 -0.1422 -0.0554 7
0.8112 -0.187 0.1618 9
0.6442 -0.1486 -0.0346 7
0.8089 -0.1866 0.1917 10
0.6352 -0.1466 -0.0114 6
0.6778 -0.1576 0.0121 5
0.539 -0.1254 -0.1278 12
0.6614 -0.1539 0.0356 8
0.5736 -0.1336 -0.1145 13
0.7199 -0.1678 0.0647 7
0.5848 -0.1364 -0.0951 12
0.7539 -0.176 0.0951 11
0.5954 -0.139 -0.0751 7
0.7598 -0.1775 0.1236 8
0.6208 -0.1452 -0.0558 7
0.8105 -0.1897 0.1618 9
0.6651 -0.1557 -0.0358 7
0.8197 -0.192 0.1944 10
0.6211 -0.1456 -0.0111 6
0.7065 -0.1667 0.0127 4
0.6686 -0.1581 0.036 8
0.5655 -0.1337 -0.113 13
0.7154 -0.1693 0.0643 7
0.569 -0.1347 -0.0926 12
0.7611 -0.1803 0.096 10
0.591 -0.1402 -0.0746 7
0.7784 -0.1847 0.1267 7
0.5661 -0.1343 -0.0509 8
0.8137 -0.1933 0.1626 9
0.649 -0.1543 -0.035 7
0.8057 -0.1917 0.1912 10
0.6283 -0.1496 -0.0113 6
0.6651 -0.1594 0.0119 5
0.6914 -0.166 0.0373 8
0.5612 -0.1347 -0.1122 13
0.7342 -0.1764 0.0661 7
0.5762 -0.1385 -0.0939 12
0.7527 -0.1811 0.0951 11
0.5906 -0.1422 -0.0746 7
0.7816 -0.1884 0.1273 7
0.6043 -0.1456 -0.0544 8
0.7978 -0.1924 0.1595 9
0.6562 -0.1584 -0.0354 7
0.8126 -0.1963 0.193 7
0.6434 -0.1555 -0.0116 6
0.6781 -0.1651 0.0122 5
0.6772 -0.1651 0.0365 8
0.5913 -0.1441 -0.1183 12
0.722 -0.1761 0.065 7
0.5719 -0.1396 -0.0932 12
0.7366 -0.18 0.0931 11
0.6016 -0.1471 -0.076 7
0.7809 -0.1911 0.1273 7
0.6115 -0.1498 -0.0551 7
0.7895 -0.1933 0.158 10
0.6557 -0.1607 -0.0354 7
0.8006 -0.1963 0.1903 7
0.6409 -0.1573 -0.0115 6
0.6833 -0.1689 0.0123 5
0.5448 -0.1347 -0.1296 12
0.6669 -0.1651 0.036 8
0.5603 -0.1388 -0.1122 13
0.7213 -0.1788 0.065 7
0.5752 -0.1427 -0.0939 12
0.7476 -0.1854 0.0946 11
0.551 -0.1368 -0.0697 7
0.7726 -0.1919 0.1261 7
0.5917 -0.1471 -0.0533 8
0.804 -0.2 0.161 9
0.6551 -0.1631 -0.0354 7
0.7942 -0.1979 0.189 7
0.6073 -0.1513 -0.0109 6
0.6982 -0.1753 0.0126 5
0.5443 -0.1367 -0.1296 12
0.6741 -0.1694 0.0364 8
0.5788 -0.1455 -0.116 13
0.7053 -0.1774 0.0636 7
0.59 -0.1485 -0.0964 6
0.7507 -0.1891 0.0951 11
0.589 -0.1485 -0.0746 7
0.7604 -0.1918 0.1242 8
0.6143 -0.1551 -0.0554 7
0.8109 -0.2047 0.1626 9
0.6468 -0.1634 -0.035 7
0.7935 -0.2006 0.189 7
0.6107 -0.1545 -0.011 6
0.6879 -0.1752 0.0124 5
0.6735 -0.1718 0.0364 8
0.5859 -0.1496 -0.1175 13
0.7123 -0.182 0.0643 7
0.5741 -0.1468 -0.0939 12
0.7501 -0.1917 0.0951 11
0.5769 -0.1476 -0.0731 7
0.7827 -0.2004 0.128 7
0.5945 -0.1523 -0.0537 8
0.7987 -0.2048 0.1603 9
0.6655 -0.1707 -0.036 7
0.8154 -0.2094 0.1944 7
0.6101 -0.1567 -0.011 6
0.6738 -0.1741 0.0121 5
0.5434 -0.1405 -0.1296 12
0.6845 -0.177 0.0371 8
0.6158 -0.1594 -0.1236 12
0.7117 -0.1843 0.0643 7
0.5698 -0.1477 -0.0932 12
0.7455 -0.1934 0.0946 11
0.6072 -0.1576 -0.077 7
0.7878 -0.2045 0.1289 7
0.5824 -0.1513 -0.0526 8
0.7904 -0.2055 0.1588 9
0.6553 -0.1704 -0.0355 7
0.8072 -0.2101 0.1926 7
0.6251 -0.1627 -0.0113 6
0.65 -0.1703 0.0117 5
0.5429 -0.1423 -0.1296 12
0.682 -0.1789 0.0369 8
0.5963 -0.1565 -0.1198 12
0.7226 -0.1898 0.0654 7
0.5502 -0.1446 -0.0901 13
0.7295 -0.1918 0.0926 12
0.5913 -0.1556 -0.0751 7
0.7775 -0.2047 0.1273 7
0.6319 -0.1665 -0.0572 7
0.7898 -0.2081 0.1588 9
0.6296 -0.166 -0.0341 7
0.8215 -0.2168 0.1962 7
0.6206 -0.1639 -0.0112 6
0.6822 -0.1813 0.0123 5
0.6678 -0.1776 0.0362 8
0.5692 -0.1514 -0.1145 13
0.7412 -0.1974 0.0671 7
0.5803 -0.1546 -0.0951 12
0.7442 -0.1984 0.0946 11
0.5984 -0.1597 -0.076 7
0.7806 -0.2083 0.128 7
0.6006 -0.1604 -0.0544 8
0.8042 -0.2149 0.1618 9
0.6522 -0.1744 -0.0354 7
0.802 -0.2146 0.1917 7
0.6278 -0.168 -0.0113 6
0.7048 -0.1898 0.0127 4
0.5419 -0.146 -0.1296 12
0.6711 -0.1809 0.0364 8
0.5686 -0.1534 -0.1145 13
0.729 -0.1968 0.0661 7
0.5721 -0.1545 -0.0939 12
0.7397 -0.1999 0.0941 11
0.6055 -0.1637 -0.077 7
0.7684 -0.2079 0.1261 7
0.6 -0.1625 -0.0544 8
0.8224 -0.2227 0.1656 8
0.6497 -0.176 -0.0353 7
0.8125 -0.2203 0.1944 7
0.6504 -0.1765 -0.0118 6
0.6694 -0.1827 0.0121 5
0.6762 -0.1849 0.0367 8
0.5681 -0.1553 -0.1145 13
0.713 -0.195 0.0647 7
0.5792 -0.1586 -0.0951 12
0.7505 -0.2056 0.0955 11
0.582 -0.1595 -0.0741 7
0.7715 -0.2116 0.1267 7
0.5841 -0.1603 -0.053 8
0.8027 -0.2204 0.1618 9
0.6529 -0.1793 -0.0355 7
0.808 -0.2221 0.1935 7
0.6228 -0.1713 -0.0113 6
0.6938 -0.192 0.0126 5
0.6813 -0.1888 0.0371 8
0.56 -0.1553 -0.113 13
0.7123 -0.1977 0.0647 7
0.552 -0.1533 -0.0907 13
0.7536 -0.2093 0.096 10
0.5814 -0.1616 -0.0741 7
0.7651 -0.2127 0.1258 7
0.5989 -0.1666 -0.0544 8
0.8133 -0.2265 0.1641 9
0.6695 -0.1866 -0.0364 7
0.8109 -0.2261 0.1944 7
0.6029 -0.1681 -0.0109 6
0.695 -0.1951 0.0126 4
0.5403 -0.1518 -0.1296 12
0.6941 -0.195 0.0378 8
0.5708 -0.1604 -0.1152 13
0.7269 -0.2045 0.0661 7
0.5895 -0.1659 -0.097 12
0.7528 -0.212 0.096 10
0.5808 -0.1637 -0.0741 7
0.7852 -0.2213 0.1292 7
0.5945 -0.1677 -0.054 8
0.8087 -0.2282 0.1633 9
0.6266 -0.177 -0.0341 7
0.8139 -0.23 0.1953 7
0.6466 -0.1827 -0.0117 6
0.6751 -0.1919 0.0123 5
0.5323 -0.1514 -0.1278 12
0.6781 -0.193 0.0369 8
0.5664 -0.1614 -0.1145 13
0.7185 -0.2048 0.0654 7
0.5699 -0.1625 -0.0939 12
0.7369 -0.2102 0.0941 11
0.6032 -0.1722 -0.077 7
0.7883 -0.2251 0.1298 7
0.6054 -0.173 -0.0551 7
0.8041 -0.2298 0.1626 9
0.6337 -0.1812 -0.0345 7
0.8019 -0.2295 0.1926 7
0.6209 -0.1778 -0.0113 6
0.6956 -0.2004 0.0126 4
0.5318 -0.1533 -0.1278 12
0.6813 -0.1965 0.0372 8
0.5659 -0.1632 -0.1145 13
0.7293 -0.2105 0.0664 7
0.5769 -0.1666 -0.0951 12
0.7476 -0.2161 0.0955 11
0.5645 -0.1632 -0.0721 7
0.7571 -0.2191 0.1248 8
0.6201 -0.1794 -0.0565 7
0.7996 -0.2315 0.1618 9
0.6388 -0.1851 -0.0349 7
0.8123 -0.2355 0.1953 7
0.6357 -0.1844 -0.0116 6
0.6911 -0.2017 0.0126 5
0.6882 -0.2011 0.0376 8
0.5653 -0.1652 -0.1145 13
0.7018 -0.2052 0.064 7
0.5688 -0.1664 -0.0939 12
0.7544 -0.2209 0.0965 10
0.5906 -0.173 -0.0756 7
0.7829 -0.2295 0.1292 7
0.5812 -0.1704 -0.053 8
0.8063 -0.2365 0.1633 9
0.6382 -0.1873 -0.0349 7
0.8077 -0.2373 0.1944 7
0.6063 -0.1782 -0.011 6
0.6712 -0.1984 0.0122 5
0.6875 -0.2035 0.0376 8
0.5685 -0.1683 -0.1152 13
0.7202 -0.2133 0.0657 7
0.572 -0.1695 -0.0945 12
0.7422 -0.2201 0.0951 11
0.5899 -0.1751 -0.0756 7
0.7669 -0.2278 0.1267 7
0.6341 -0.1884 -0.0579 7
0.7829 -0.2326 0.1588 9
0.6605 -0.1964 -0.0361 7
0.8106 -0.2412 0.1953 7
0.644 -0.1917 -0.0117 6
0.6877 -0.2059 0.0125 5
0.6753 -0.2025 0.0369 8
0.5754 -0.1726 -0.1168 13
0.7194 -0.216 0.0657 7
0.56 -0.1682 -0.0926 12
0.7339 -0.2204 0.0941 11
0.5855 -0.176 -0.0751 7
0.7775 -0.2338 0.1286 7
0.6105 -0.1837 -0.0558 7
0.7971 -0.24 0.1618 9
0.6483 -0.1954 -0.0355 7
0.806 -0.243 0.1944 5
0.6337 -0.1911 -0.0116 6
0.6831 -0.2073 0.0125 5
0.6746 -0.2048 0.0369 8
0.5748 -0.1746 -0.1168 13
0.7225 -0.2196 0.0661 7
0.5632 -0.1713 -0.0932 12
0.752 -0.2289 0.0965 10
0.5697 -0.1734 -0.0731 7
0.7842 -0.2389 0.1298 7
0.5984 -0.1824 -0.0547 8
0.7962 -0.2428 0.1618 9
0.661 -0.2017 -0.0362 7
0.8089 -0.2469 0.1953 4
0.5967 -0.1822 -0.0109 6
0.6901 -0.2119 0.0126 4
0.6739 -0.2071 0.0369 8
0.5555 -0.1708 -0.113 13
0.7255 -0.2232 0.0664 7
0.5702 -0.1755 -0.0945 12
0.7551 -0.2326 0.097 10
0.5919 -0.1823 -0.076 7
0.7721 -0.238 0.128 7
0.5826 -0.1797 -0.0533 8
0.8217 -0.2536 0.1671 8
0.6393 -0.1974 -0.0351 7
0.8193 -0.253 0.198 4
0.6114 -0.1889 -0.0112 6
0.676 -0.21 0.0124 5
0.677 -0.2106 0.0372 8
0.5624 -0.175 -0.1145 13
0.7001 -0.2179 0.0641 7
0.5922 -0.1845 -0.0982 11
0.7467 -0.2327 0.096 10
0.5723 -0.1785 -0.0736 7
0.7788 -0.243 0.1292 7
0.582 -0.1817 -0.0533 8
0.7983 -0.2493 0.1626 9
0.6501 -0.2031 -0.0357 7
0.8128 -0.2541 0.1966 4
0.6432 -0.2012 -0.0118 6
0.6944 -0.2184 0.0127 4
0.6763 -0.213 0.0372 8
0.573 -0.1806 -0.1168 13
0.7145 -0.2253 0.0655 7
0.5727 -0.1807 -0.0951 12
0.7421 -0.2341 0.0955 11
0.5982 -0.1888 -0.077 7
0.7629 -0.241 0.1267 7
0.6041 -0.1909 -0.0554 7
0.8012 -0.2534 0.1633 9
0.6569 -0.2079 -0.0361 7
0.8174 -0.2588 0.198 4
0.6101 -0.1932 -0.0112 6
0.6764 -0.2155 0.0124 5
0.5347 -0.1704 -0.1296 12
0.6793 -0.2165 0.0374 8
0.5649 -0.1802 -0.1152 13
0.7175 -0.229 0.0659 7
0.5608 -0.1791 -0.0932 12
0.7299 -0.2332 0.0941 11
0.5937 -0.1898 -0.0765 7
0.7921 -0.2533 0.1317 7
0.5807 -0.1858 -0.0533 8
0.7928 -0.2538 0.1618 9
0.6448 -0.2065 -0.0355 7
0.824 -0.2641 0.1998 4
0.6284 -0.2014 -0.0115 6
0.6833 -0.2202 0.0125 5
0.6729 -0.2171 0.0371 8
0.5792 -0.187 -0.1183 12
0.7205 -0.2327 0.0662 7
0.5752 -0.1858 -0.0957 12
0.748 -0.2417 0.0965 10
0.5704 -0.1845 -0.0736 7
0.7724 -0.2499 0.1286 7
0.6028 -0.1952 -0.0554 7
0.8032 -0.26 0.1641 9
0.6479 -0.2099 -0.0357 7
0.8045 -0.2608 0.1953 4
0.6163 -0.1999 -0.0113 6
0.6844 -0.2232 0.0126 5
0.5261 -0.1717 -0.1278 12
0.6722 -0.2193 0.0371 8
0.5599 -0.1828 -0.1145 13
0.7197 -0.2351 0.0662 7
0.5933 -0.1939 -0.0989 11
0.7472 -0.2444 0.0965 10
0.5962 -0.1951 -0.077 7
0.7791 -0.255 0.1298 7
0.6059 -0.1984 -0.0558 7
0.8172 -0.2677 0.1671 8
0.6415 -0.2103 -0.0354 7
0.824 -0.2703 0.2002 4
0.6061 -0.1988 -0.0111 6
0.6742 -0.2223 0.0124 5
0.6809 -0.2248 0.0376 8
0.5779 -0.1909 -0.1183 12
0.7037 -0.2326 0.0648 7
0.5739 -0.1897 -0.0957 12
0.7463 -0.2468 0.0965 10
0.5767 -0.1908 -0.0746 7
0.767 -0.254 0.128 7
0.5825 -0.193 -0.0537 8
0.8125 -0.2692 0.1664 8
0.6465 -0.2143 -0.0357 7
0.8083 -0.2681 0.1966 4
0.6263 -0.2079 -0.0115 6
0.7019 -0.2342 0.0129 4
0.6801 -0.2272 0.0376 8
0.5773 -0.1928 -0.1183 12
0.7143 -0.2387 0.0659 7
0.5583 -0.1867 -0.0932 12
0.7605 -0.2545 0.0985 10
0.5873 -0.1966 -0.076 7
0.7736 -0.2591 0.1292 7
0.5913 -0.1982 -0.0546 8
0.793 -0.2658 0.1626 9
0.6249 -0.2096 -0.0345 7
0.8184 -0.2746 0.1993 2
0.6388 -0.2145 -0.0118 6
0.6802 -0.2296 0.0125 5
0.6623 -0.2238 0.0366 8
0.5468 -0.1849 -0.1122 13
0.7021 -0.2375 0.0648 7
0.5651 -0.1913 -0.0945 12
0.7296 -0.2469 0.0946 11
0.5753 -0.1949 -0.0746 7
0.7839 -0.2656 0.1311 7
0.5849 -0.1983 -0.054 8
0.8106 -0.275 0.1664 8
0.6298 -0.2138 -0.0349 7
0.8303 -0.282 0.2025 2
0.6305 -0.2142 -0.0116 6
0.6926 -0.2366 0.0128 9
0.6633 -0.2268 0.0367 8
0.5833 -0.1995 -0.1198 12
0.7352 -0.2516 0.068 6
0.5831 -0.1996 -0.0976 11
0.7362 -0.2522 0.0955 11
0.5934 -0.2034 -0.077 7
0.7829 -0.2685 0.1311 7
0.6238 -0.2141 -0.0577 7
0.8059 -0.2766 0.1656 8
0.6309 -0.2166 -0.035 7
0.8201 -0.2818 0.2002 2
0.6373 -0.2191 -0.0118 6
0.6955 -0.2403 0.0128 4
0.6701 -0.2318 0.0372 8
0.5566 -0.1926 -0.1145 13
0.723 -0.2503 0.0669 7
0.5674 -0.1966 -0.0951 12
0.7503 -0.26 0.0975 10
0.5702 -0.1977 -0.0741 7
0.7708 -0.2674 0.1292 7
0.5986 -0.2077 -0.0554 7
0.8012 -0.2782 0.1649 8
0.6433 -0.2235 -0.0357 7
0.7952 -0.2764 0.1944 2
0.6441 -0.2239 -0.0119 6
0.6853 -0.2394 0.0127 4
0.658 -0.23 0.0365 8
0.5745 -0.201 -0.1183 12
0.692 -0.2422 0.0641 7
0.5668 -0.1985 -0.0951 12
0.7625 -0.2672 0.0992 10
0.577 -0.2023 -0.0751 7
0.7773 -0.2725 0.1305 7
0.5772 -0.2025 -0.0535 8
0.8077 -0.2835 0.1664 8
0.6313 -0.2217 -0.0351 7
0.7979 -0.2804 0.1953 2
0.6433 -0.2261 -0.0119 6
0.6826 -0.241 0.0126 4
0.676 -0.239 0.0376 8
0.5849 -0.2069 -0.1206 12
0.7175 -0.2539 0.0666 7
0.5661 -0.2004 -0.0951 12
0.7447 -0.2637 0.097 10
0.5913 -0.2095 -0.077 7
0.7801 -0.2766 0.1311 7
0.599 -0.2125 -0.0556 7
0.7956 -0.2822 0.1641 9
0.6494 -0.2305 -0.0361 7
0.6331 -0.2249 -0.0117 6
0.6723 -0.2401 0.0125 5
0.6677 -0.2387 0.0372 8
0.599 -0.2141 -0.1236 12
0.7241 -0.259 0.0673 7
0.5505 -0.197 -0.0926 12
0.7438 -0.2663 0.097 10
0.5831 -0.2089 -0.076 7
0.7643 -0.2739 0.1286 7
0.5945 -0.2131 -0.0553 7
0.7891 -0.283 0.163 9
0.6335 -0.2273 -0.0353 7
0.6154 -0.2211 -0.0114 6
0.6621 -0.239 0.0123 5
0.6631 -0.2396 0.0369 8
0.5613 -0.2029 -0.116 13
0.7082 -0.2561 0.0659 7
0.5796 -0.2097 -0.0976 11
0.7392 -0.2676 0.0965 10
0.5637 -0.2042 -0.0736 14
0.7782 -0.282 0.1311 7
0.5863 -0.2125 -0.0546 8
0.7918 -0.2871 0.1637 6
0.6402 -0.2323 -0.0357 7
0.6353 -0.2307 -0.0118 6
0.695 -0.2537 0.0129 9
0.6698 -0.2446 0.0374 8
0.5532 -0.2021 -0.1145 13
0.7148 -0.2613 0.0666 7
0.5677 -0.2076 -0.0957 12
0.7569 -0.277 0.099 10
0.5854 -0.2142 -0.0765 7
0.7698 -0.2819 0.1298 7
0.6061 -0.2221 -0.0565 7
0.7613 -0.279 0.1576 3
0.6657 -0.2441 -0.0372 6
0.6064 -0.2225 -0.0113 6
0.7073 -0.2608 0.0132 4
0.6727 -0.2482 0.0376 8
0.5673 -0.2094 -0.1175 13
0.7214 -0.2664 0.0673 7
0.5707 -0.2109 -0.0964 12
0.7485 -0.2767 0.098 10
0.5884 -0.2175 -0.077 7
0.7652 -0.283 0.1292 7
0.5923 -0.2192 -0.0553 7
0.6255 -0.2318 -0.035 7
0.6319 -0.2342 -0.0118 6
0.6765 -0.252 0.0126 4
0.5186 -0.1933 -0.1278 12
0.6756 -0.2519 0.0378 8
0.5776 -0.2154 -0.1198 12
0.7131 -0.266 0.0666 7
0.5626 -0.21 -0.0951 12
0.7401 -0.2764 0.097 10
0.5802 -0.2168 -0.076 7
0.7697 -0.2878 0.1302 7
0.6103 -0.2282 -0.057 7
0.6322 -0.2366 -0.0354 7
0.6198 -0.2322 -0.0116 6
0.685 -0.2579 0.0128 4
0.527 -0.1985 -0.13 12
0.6747 -0.2543 0.0378 8
0.5622 -0.2119 -0.1168 13
0.7196 -0.2713 0.0673 7
0.5619 -0.212 -0.0951 12
0.7392 -0.279 0.097 10
0.5868 -0.2216 -0.077 7
0.789 -0.2982 0.1336 3
0.5908 -0.2233 -0.0553 7
0.6183 -0.2339 -0.0346 7
0.619 -0.2344 -0.0116 6
0.671 -0.2553 0.0125 5
0.6757 -0.2573 0.0379 7
0.5688 -0.2166 -0.1183 12
0.7187 -0.2739 0.0673 7
0.5722 -0.2182 -0.097 12
0.7382 -0.2816 0.097 10
0.5786 -0.2208 -0.076 7
0.6217 -0.2374 -0.0582 7
0.6362 -0.2432 -0.0357 7
0.6313 -0.2416 -0.0118 6
0.6794 -0.2612 0.0127 4
0.6617 -0.2547 0.0372 8
0.5827 -0.2242 -0.1214 12
0.7251 -0.2792 0.068 6
0.5677 -0.2187 -0.0964 12
0.7335 -0.2827 0.0965 10
0.5705 -0.22 -0.0751 7
0.6208 -0.2396 -0.0582 7
0.6353 -0.2454 -0.0357 7
0.6062 -0.2344 -0.0113 6
0.6822 -0.265 0.0128 4
0.6645 -0.2584 0.0374 8
0.5672 -0.2206 -0.1183 12
0.7093 -0.276 0.0666 7
0.5486 -0.2135 -0.0932 12
0.7584 -0.2954 0.0999 9
0.5771 -0.2249 -0.076 7
0.5884 -0.2294 -0.0553 7
0.6531 -0.2549 -0.0367 6
0.6147 -0.2401 -0.0115 6
0.6608 -0.2594 0.0124 5
0.6748 -0.2651 0.038 7
0.592 -0.2326 -0.1236 12
0.712 -0.2799 0.0669 7
0.5699 -0.2241 -0.097 12
0.58 -0.2283 -0.0765 7
0.6117 -0.241 -0.0575 7
0.628 -0.2476 -0.0354 7
0.6361 -0.2511 -0.0119 6
0.658 -0.2609 0.0124 5
0.672 -0.2666 0.0379 7
0.5839 -0.2318 -0.1221 12
0.7259 -0.2883 0.0683 6
0.5728 -0.2276 -0.0976 11
0.5681 -0.226 -0.0751 7
0.5961 -0.2372 -0.0561 7
0.655 -0.2609 -0.0369 6
0.6186 -0.2465 -0.0116 6
0.6627 -0.2653 0.0125 5
0.6693 -0.2682 0.0378 8
0.5685 -0.228 -0.1191 12
0.7249 -0.2908 0.0683 6
0.5683 -0.228 -0.097 12
0.5784 -0.2323 -0.0765 14
0.6026 -0.2423 -0.0568 7
0.6448 -0.2594 -0.0364 7
0.6177 -0.2487 -0.0116 6
0.6841 -0.2767 0.0129 4
0.6683 -0.2706 0.0378 8
0.5459 -0.221 -0.1145 13
0.7036 -0.285 0.0664 3
0.5675 -0.23 -0.097 12
0.5739 -0.2328 -0.076 7
0.5981 -0.2428 -0.0565 7
0.6421 -0.2609 -0.0363 7
0.6039 -0.2456 -0.0114 6
0.6831 -0.279 0.0129 4
0.6785 -0.2774 0.0384 7
0.5524 -0.2259 -0.116 13
0.5667 -0.232 -0.097 12
0.5915 -0.2423 -0.0785 13
0.612 -0.2509 -0.0579 7
0.6504 -0.2669 -0.0368 6
0.5993 -0.2462 -0.0113 6
0.6544 -0.27 0.0124 5
0.6683 -0.276 0.0379 7
0.5589 -0.2308 -0.1175 13
0.5696 -0.2355 -0.0976 11
0.5906 -0.2444 -0.0785 6
0.5891 -0.2439 -0.0558 7
0.6587 -0.273 -0.0374 6
0.6446 -0.2674 -0.0122 6
0.6497 -0.2707 0.0123 5
0.6673 -0.2783 0.0379 3
0.5436 -0.2267 -0.1145 13
0.5687 -0.2374 -0.0976 11
0.5898 -0.2465 -0.0785 6
0.614 -0.2567 -0.0582 7
0.6393 -0.2676 -0.0363 7
0.6363 -0.2666 -0.012 6
0.6912 -0.2908 0.0131 4
0.55 -0.2317 -0.116 13
0.5716 -0.241 -0.0982 11
0.5816 -0.2454 -0.0775 7
0.5984 -0.2526 -0.0568 7
0.6218 -0.2628 -0.0354 7
0.6188 -0.2618 -0.0117 6
0.6828 -0.2901 0.0129 4
0.5528 -0.2351 -0.1168 13
0.5634 -0.2399 -0.097 12
0.5771 -0.2459 -0.077 7
0.6323 -0.2696 -0.0601 6
0.6264 -0.2673 -0.0357 7
0.6252 -0.2671 -0.0119 6
0.6653 -0.2854 0.0126 4
0.5556 -0.2386 -0.1175 13
0.5662 -0.2434 -0.0976 11
0.5872 -0.2526 -0.0785 6
0.6039 -0.26 -0.0575 7
0.6328 -0.2727 -0.0361 7
0.5931 -0.2558 -0.0113 6
0.5584 -0.2421 -0.1183 12
0.5654 -0.2454 -0.0976 11
0.579 -0.2515 -0.0775 14
0.6158 -0.2676 -0.0587 7
0.6538 -0.2844 -0.0374 6
0.6142 -0.2674 -0.0117 6
0.5683 -0.2488 -0.1206 12
0.5428 -0.2378 -0.0939 12
0.5854 -0.2567 -0.0785 6
0.582 -0.2554 -0.0556 7
0.6181 -0.2715 -0.0354 7
0.6389 -0.2809 -0.0122 6
0.5746 -0.2539 -0.1221 12
0.542 -0.2397 -0.0939 12
0.5591 -0.2475 -0.0751 7
0.6285 -0.2784 -0.0601 6
0.6427 -0.2849 -0.0368 6
0.6379 -0.2831 -0.0122 6
0.5451 -0.2431 -0.116 13
0.5664 -0.2529 -0.0982 11
0.5763 -0.2576 -0.0775 7
0.6275 -0.2806 -0.0601 6
0.6308 -0.2823 -0.0362 7
0.5514 -0.2483 -0.1175 13
0.5763 -0.2596 -0.1001 11
0.5899 -0.266 -0.0795 6
0.6084 -0.2746 -0.0584 7
0.6335 -0.286 -0.0364 7
0.5577 -0.2533 -0.1191 12
0.5575 -0.2535 -0.097 12
0.5818 -0.2648 -0.0785 6
0.5748 -0.2617 -0.0553 7
0.6288 -0.2866 -0.0362 7
0.5532 -0.2536 -0.1183 12
0.5458 -0.2505 -0.0951 12
0.5628 -0.2585 -0.076 7
0.5992 -0.2754 -0.0577 7
0.5879 -0.2704 -0.0339 7
0.5488 -0.2539 -0.1175 13
0.5413 -0.2507 -0.0945 12
0.5691 -0.2638 -0.077 7
0.6091 -0.2825 -0.0587 7
0.5657 -0.2641 -0.1214 12
0.5655 -0.2643 -0.0989 11
0.5682 -0.2658 -0.077 7
0.6334 -0.2964 -0.0612 6
0.5541 -0.2611 -0.1191 12
0.561 -0.2646 -0.0982 11
0.578 -0.2729 -0.0785 6
0.5747 -0.2714 -0.0556 7
0.5603 -0.2664 -0.1206 12
0.5565 -0.2648 -0.0976 11
0.595 -0.2834 -0.0809 6
0.6421 -0.306 -0.0622 6
0.5735 -0.2751 -0.1236 12
0.5556 -0.2668 -0.0976 11
0.5654 -0.2717 -0.077 7
0.507 -0.2453 -0.13 12
0.5513 -0.2669 -0.1191 12
0.5653 -0.2739 -0.0995 11
0.5466 -0.265 -0.0746 7
0.5469 -0.2671 -0.1183 12
0.5786 -0.2828 -0.102 11
0.5528 -0.2704 -0.0756 7
0.5847 -0.2881 -0.1267 11
0.5598 -0.2761 -0.0989 11
0.5732 -0.2829 -0.0785 6
0.5661 -0.2814 -0.1229 12
0.5589 -0.278 -0.0989 5
0.5018 -0.2514 -0.1296 12
0.5651 -0.2834 -0.1229 12
0.5474 -0.2746 -0.097 6
0.5642 -0.2852 -0.1229 12
0.5217 -0.264 -0.0926 6
0.5737 -0.2925 -0.1252 11
0.5552 -0.2856 -0.1214 12
0.5507 -0.2857 -0.1206 12
0.5045 -0.264 -0.1107 13
0.4611 -0.2453 -0.1206 13
0.4328 -0.2321 -0.1134 13
0.5875 0.2226 -0.1221 12
0.5993 0.2247 -0.1244 12
0.592 0.2217 -0.1001 5
0.578 0.2144 -0.1198 12
0.5927 0.2196 -0.1001 5
0.6119 0.2245 -0.1267 11
0.5638 0.2067 -0.0951 12
0.5795 0.2103 -0.1198 12
0.5868 0.2129 -0.0989 11
0.601 0.2178 -0.0785 6
0.5765 0.2071 -0.1191 12
0.5764 0.2068 -0.097 12
0.6017 0.2157 -0.0785 6
0.5883 0.209 -0.1214 12
0.5734 0.2035 -0.0964 12
0.6099 0.2162 -0.0795 6
0.6038 0.2122 -0.1244 12
0.5927 0.208 -0.0995 11
0.592 0.2075 -0.077 7
0.5749 0.1997 -0.1183 12
0.5748 0.1995 -0.0964 12
0.6114 0.212 -0.0795 6
0.5904 0.2028 -0.1214 12
0.5755 0.1975 -0.0964 12
0.5934 0.2034 -0.077 7
0.6258 0.2144 -0.0579 7
0.5911 0.2008 -0.1214 12
0.5911 0.2005 -0.0989 11
0.5828 0.1975 -0.0756 14
0.6378 0.216 -0.0589 7
0.5956 0.2 -0.1221 12
0.5843 0.196 -0.0976 11
0.6061 0.203 -0.0785 13
0.6273 0.21 -0.0579 7
0.6478 0.2166 -0.0358 7
0.5851 0.1942 -0.1198 12
0.585 0.1939 -0.0976 11
0.5917 0.1959 -0.0765 14
0.6091 0.2015 -0.0561 7
0.6789 0.2244 -0.0375 6
0.5746 0.1885 -0.1175 13
0.5894 0.1931 -0.0982 11
0.615 0.2013 -0.0795 6
0.6344 0.2075 -0.0584 7
0.6702 0.2189 -0.0369 6
0.652 0.2129 -0.012 6
0.5864 0.1901 -0.1198 12
0.5826 0.1887 -0.097 12
0.6082 0.1968 -0.0785 13
0.6161 0.1991 -0.0567 7
0.6557 0.2118 -0.0361 7
0.649 0.2094 -0.0119 6
0.5796 0.1857 -0.1183 12
0.587 0.1879 -0.0976 11
0.5824 0.1862 -0.0751 14
0.6225 0.1989 -0.0572 7
0.6679 0.2131 -0.0367 6
0.663 0.2113 -0.0121 6
0.5952 0.1885 -0.1214 12
0.5839 0.1847 -0.097 12
0.5982 0.1889 -0.077 7
0.646 0.2039 -0.0593 7
0.6591 0.2078 -0.0362 7
0.6523 0.2054 -0.0119 6
0.6889 0.2158 0.0126 4
0.5996 0.1876 -0.1221 12
0.577 0.1803 -0.0957 12
0.6102 0.1904 -0.0785 13
0.6296 0.1963 -0.0577 7
0.6579 0.2049 -0.0361 7
0.6549 0.2039 -0.012 6
0.7011 0.217 0.0128 4
0.589 0.182 -0.1198 12
0.5851 0.1807 -0.097 12
0.6032 0.186 -0.0775 14
0.6226 0.1918 -0.057 7
0.6566 0.2021 -0.036 7
0.6709 0.2063 -0.0123 6
0.7133 0.2181 0.013 4
0.7182 0.2193 0.0394 3
0.6009 0.1835 -0.1221 12
0.5631 0.1717 -0.0932 12
0.5887 0.1793 -0.0756 14
0.608 0.1851 -0.0556 7
0.6688 0.2033 -0.0366 6
0.6487 0.197 -0.0118 6
0.7179 0.2167 0.0131 9
0.7075 0.2133 0.0387 3
0.5789 0.1746 -0.1175 13
0.5901 0.1777 -0.0976 11
0.6045 0.1818 -0.0775 14
0.6506 0.1956 -0.0594 7
0.6657 0.1998 -0.0364 7
0.6225 0.1866 -0.0113 6
0.7186 0.2142 0.0131 9
0.6949 0.2069 0.038 7
0.5908 0.1759 -0.1198 12
0.5832 0.1734 -0.0964 12
0.6204 0.1842 -0.0795 13
0.6189 0.1837 -0.0565 7
0.6606 0.1958 -0.0361 7
0.6654 0.197 -0.0121 6
0.6944 0.2044 0.0126 4
0.7147 0.2101 0.039 7
0.5952 0.175 -0.1206 12
0.7589 0.2229 0.0692 3
0.5724 0.168 -0.0945 12
0.602 0.1765 -0.077 7
0.6214 0.1821 -0.0567 7
0.6671 0.1952 -0.0364 7
0.666 0.1946 -0.0121 6
0.7067 0.2053 0.0128 9
0.6963 0.202 0.038 7
0.5656 0.1641 -0.1145 13
0.7444 0.2158 0.0678 6
0.573 0.166 -0.0945 12
0.6064 0.1755 -0.0775 7
0.6125 0.1771 -0.0558 7
0.6639 0.1918 -0.0362 7
0.6552 0.189 -0.0119 6
0.692 0.1984 0.0126 5
0.7066 0.2023 0.0385 7
0.5926 0.1697 -0.1198 12
0.7355 0.2105 0.0669 7
0.5812 0.1662 -0.0957 12
0.5688 0.1625 -0.0726 15
0.6476 0.1848 -0.0589 7
0.655 0.1867 -0.0357 7
0.6424 0.1829 -0.0117 6
0.6946 0.1966 0.0126 4
0.6996 0.1977 0.0381 7
0.5895 0.1666 -0.1191 12
0.7439 0.2101 0.0676 7
0.6046 0.1706 -0.0995 11
0.8043 0.2268 0.1026 4
0.5999 0.1691 -0.0765 14
0.6099 0.1718 -0.0554 7
0.6652 0.1871 -0.0362 7
0.6372 0.179 -0.0116 6
0.6972 0.1947 0.0126 4
0.7099 0.1979 0.0386 7
0.5749 0.1603 -0.116 13
0.7293 0.2032 0.0662 10
0.5861 0.1632 -0.0964 12
0.7726 0.215 0.0985 10
0.5929 0.1649 -0.0756 7
0.6181 0.1718 -0.0561 7
0.6678 0.1853 -0.0363 7
0.6533 0.181 -0.0118 6
0.6902 0.1901 0.0125 5
0.7125 0.1961 0.0387 7
0.5792 0.1593 -0.1168 13
0.7377 0.2028 0.0669 10
0.5905 0.1622 -0.097 12
0.7753 0.2128 0.0987 10
0.5973 0.1638 -0.076 7
0.6206 0.1701 -0.0563 7
0.655 0.1793 -0.0356 7
0.6384 0.1747 -0.0116 6
0.7024 0.191 0.0127 4
0.7093 0.1926 0.0385 7
0.6101 0.1655 -0.1229 12
0.7461 0.2023 0.0676 7
0.5758 0.1561 -0.0945 12
0.7683 0.2082 0.0977 10
0.6246 0.1691 -0.0795 6
0.8161 0.2208 0.1339 3
0.6174 0.1669 -0.056 7
0.644 0.174 -0.035 7
0.6545 0.1766 -0.0118 6
0.7069 0.1896 0.0128 9
0.6829 0.183 0.0371 8
0.5576 0.1493 -0.1122 13
0.7487 0.2003 0.0678 6
0.603 0.1612 -0.0989 11
0.7825 0.2091 0.0994 9
0.6061 0.1618 -0.077 7
0.8168 0.2181 0.1339 6
0.6218 0.1659 -0.0563 7
0.6523 0.1738 -0.0354 7
0.6454 0.1719 -0.0117 6
0.6979 0.1846 0.0126 4
0.701 0.1852 0.038 7
0.5695 0.1504 -0.1145 13
0.7494 0.1977 0.0678 10
0.5883 0.1552 -0.0964 12
0.7889 0.208 0.1002 9
0.5836 0.1537 -0.0741 7
0.7928 0.2087 0.1298 7
0.6166 0.1622 -0.0558 7
0.6664 0.1752 -0.0361 7
0.6479 0.1701 -0.0117 6
0.7005 0.1827 0.0126 4
0.6939 0.1807 0.0376 8
0.5738 0.1495 -0.1152 13
0.7346 0.1912 0.0664 10
0.5926 0.1542 -0.097 12
0.7743 0.2012 0.0982 10
0.5956 0.1547 -0.0756 14
0.7973 0.2069 0.1305 7
0.6268 0.1626 -0.0567 7
0.6709 0.1739 -0.0363 7
0.6466 0.1673 -0.0117 6
0.7011 0.1803 0.0126 4
0.7003 0.1798 0.0379 7
0.5857 0.1503 -0.1175 13
0.7295 0.187 0.0659 10
0.5626 0.1441 -0.092 12
0.7788 0.1995 0.0987 10
0.6 0.1536 -0.076 7
0.8019 0.2051 0.1311 7
0.6158 0.1574 -0.0556 7
0.8312 0.2123 0.1668 5
0.6676 0.1704 -0.0361 7
0.6491 0.1656 -0.0117 6
0.6843 0.1733 0.0123 5
0.7067 0.1788 0.0382 7
0.5824 0.1473 -0.1168 13
0.7437 0.1879 0.0671 7
0.5746 0.1451 -0.0939 12
0.7718 0.1947 0.0977 10
0.589 0.1486 -0.0746 7
0.8102 0.2043 0.1323 6
0.6047 0.1523 -0.0546 8
0.8358 0.2104 0.1675 8
0.6431 0.1618 -0.0348 7
0.6536 0.1643 -0.0118 6
0.6926 0.1729 0.0125 5
0.6976 0.1741 0.0377 8
0.5715 0.1425 -0.1145 13
0.7366 0.1835 0.0664 7
0.5789 0.1441 -0.0945 12
0.7802 0.1941 0.0987 10
0.5856 0.1457 -0.0741 14
0.8147 0.2025 0.133 6
0.6188 0.1537 -0.0558 7
0.8327 0.2067 0.1668 8
0.6727 0.1668 -0.0363 7
0.6347 0.1573 -0.0114 6
0.6893 0.1697 0.0124 5
0.6808 0.1673 0.0367 8
0.5796 0.1424 -0.116 13
0.7449 0.183 0.0671 7
0.5832 0.1431 -0.0951 12
0.777 0.1906 0.0982 10
0.6054 0.1484 -0.0765 7
0.8001 0.1959 0.1305 7
0.6309 0.1544 -0.0568 7
0.8486 0.2075 0.1698 7
0.6558 0.1602 -0.0354 7
0.6275 0.1532 -0.0113 6
0.7035 0.1705 0.0126 4
0.695 0.1681 0.0375 8
0.5916 0.143 -0.1183 12
0.734 0.1774 0.0661 7
0.5837 0.141 -0.0951 12
0.7931 0.1914 0.1002 9
0.5944 0.1434 -0.0751 14
0.7931 0.1911 0.1292 7
0.6218 0.1497 -0.056 7
0.8494 0.2044 0.1698 7
0.6719 0.1616 -0.0362 7
0.6494 0.156 -0.0117 6
0.6925 0.1651 0.0124 5
0.7072 0.1685 0.0381 7
0.5844 0.1391 -0.1168 13
0.7385 0.1757 0.0664 7
0.5842 0.1389 -0.0951 12
0.7745 0.1839 0.0977 10
0.5987 0.1422 -0.0756 14
0.7899 0.1875 0.1286 7
0.6223 0.1476 -0.056 7
0.831 0.1969 0.166 8
0.6822 0.1615 -0.0367 6
0.6441 0.1524 -0.0116 6
0.6833 0.1605 0.0123 5
0.7117 0.167 0.0383 7
0.5887 0.1381 -0.1175 13
0.7585 0.1778 0.0682 6
0.5885 0.1378 -0.0957 12
0.7616 0.1782 0.096 10
0.5992 0.1402 -0.0756 14
0.8098 0.1893 0.1317 7
0.6189 0.1446 -0.0556 7
0.824 0.1924 0.1645 11
0.6847 0.1597 -0.0368 6
0.6485 0.1512 -0.0116 6
0.6955 0.161 0.0125 5
0.5487 0.1269 -0.13 12
0.6967 0.161 0.0375 8
0.5815 0.1344 -0.116 13
0.7358 0.1699 0.0661 7
0.5851 0.135 -0.0951 12
0.7641 0.1761 0.0963 10
0.5842 0.1346 -0.0736 7
0.7989 0.1839 0.1298 7
0.6311 0.1451 -0.0567 7
0.8476 0.1949 0.1691 7
0.6482 0.1489 -0.0349 7
0.6588 0.1511 -0.0118 6
0.7156 0.163 0.0128 4
0.7089 0.1612 0.0381 7
0.5935 0.1348 -0.1183 12
0.748 0.1698 0.0671 7
0.5895 0.1337 -0.0957 12
0.7666 0.1739 0.0965 10
0.5963 0.1351 -0.0751 7
0.7995 0.1811 0.1298 7
0.6452 0.146 -0.0579 7
0.8368 0.1892 0.1668 8
0.6877 0.1554 -0.0369 6
0.6203 0.14 -0.0111 6
0.7044 0.1577 0.0126 4
0.6763 0.1513 0.0363 8
0.5978 0.1336 -0.1191 12
0.737 0.1646 0.0661 7
0.5861 0.1308 -0.0951 12
0.7731 0.1724 0.0973 10
0.589 0.1312 -0.0741 7
0.7963 0.1774 0.1292 7
0.6107 0.1359 -0.0547 8
0.8298 0.1846 0.1652 8
0.6551 0.1456 -0.0352 7
0.6403 0.1422 -0.0114 6
0.6835 0.1506 0.0122 5
0.7061 0.1554 0.0379 7
0.5829 0.1282 -0.116 13
0.7297 0.1603 0.0654 7
0.5942 0.1305 -0.0964 12
0.7853 0.1724 0.0987 10
0.6011 0.1318 -0.0756 7
0.8124 0.178 0.1317 7
0.6345 0.1389 -0.0568 7
0.8247 0.1806 0.1641 9
0.6731 0.1473 -0.0361 7
0.6467 0.1412 -0.0116 6
0.686 0.1487 0.0123 5
0.6949 0.1504 0.0373 8
0.5872 0.1271 -0.1168 13
0.7342 0.1587 0.0657 7
0.5831 0.126 -0.0945 12
0.7548 0.1629 0.0948 11
0.5899 0.1272 -0.0741 14
0.8014 0.1727 0.1298 7
0.6077 0.1309 -0.0544 8
0.8195 0.1764 0.163 9
0.6522 0.1403 -0.035 7
0.6374 0.1369 -0.0114 6
0.6826 0.1455 0.0122 5
0.6994 0.1488 0.0375 8
0.5914 0.1258 -0.1175 13
0.7386 0.157 0.0661 7
0.6106 0.1297 -0.0989 11
0.767 0.1628 0.0963 10
0.5981 0.1268 -0.0751 7
0.8136 0.1723 0.1317 7
0.6296 0.1334 -0.0563 7
0.8355 0.1768 0.166 8
0.6741 0.1426 -0.0361 7
0.632 0.1334 -0.0113 6
0.7026 0.1472 0.0125 5
0.696 0.1455 0.0373 8
0.5842 0.1222 -0.116 13
0.747 0.156 0.0668 7
0.6033 0.1259 -0.0976 11
0.7773 0.1621 0.0975 10
0.6141 0.128 -0.077 14
0.7678 0.1598 0.1242 8
0.6203 0.1291 -0.0554 7
0.8438 0.1755 0.1675 8
0.6512 0.1353 -0.0349 7
0.6481 0.1345 -0.0116 6
0.7071 0.1455 0.0126 4
0.6984 0.1435 0.0374 8
0.5962 0.1225 -0.1183 12
0.7358 0.151 0.0657 7
0.5883 0.1206 -0.0951 12
0.7584 0.1554 0.0951 11
0.5756 0.1178 -0.0721 7
0.8032 0.1643 0.1298 7
0.609 0.1246 -0.0544 8
0.8367 0.171 0.166 8
0.679 0.1386 -0.0363 7
0.6329 0.129 -0.0113 6
0.7095 0.1436 0.0126 9
0.7107 0.1436 0.038 7
0.5966 0.1205 -0.1183 12
0.7168 0.1447 0.064 7
0.5848 0.1179 -0.0945 12
0.7667 0.1545 0.096 10
0.615 0.1238 -0.077 7
0.8037 0.1616 0.1298 7
0.6133 0.1233 -0.0547 8
0.8296 0.1667 0.1645 8
0.6736 0.1352 -0.036 7
0.651 0.1304 -0.0116 6
0.6963 0.1384 0.0124 5
0.5524 0.1097 -0.13 12
0.7053 0.1399 0.0377 8
0.6124 0.1215 -0.1214 12
0.7329 0.1452 0.0654 7
0.5775 0.1143 -0.0932 12
0.7712 0.1526 0.0965 10
0.6076 0.1201 -0.076 7
0.7965 0.1573 0.1286 7
0.6059 0.1197 -0.054 8
0.8379 0.1653 0.166 8
0.68 0.134 -0.0363 7
0.6495 0.1278 -0.0116 6
0.6889 0.1344 0.0123 5
0.6959 0.1357 0.0372 8
0.6051 0.1178 -0.1198 12
0.7451 0.145 0.0664 7
0.574 0.1116 -0.0926 12
0.7541 0.1465 0.0943 11
0.6002 0.1165 -0.0751 14
0.8048 0.1561 0.1298 7
0.6181 0.1198 -0.0551 7
0.8288 0.1605 0.1641 9
0.6608 0.1279 -0.0353 7
0.6479 0.1252 -0.0115 6
0.6933 0.1329 0.0123 5
0.6866 0.1313 0.0366 8
0.5669 0.1084 -0.1122 13
0.7456 0.1424 0.0664 7
0.6093 0.1163 -0.0982 11
0.7605 0.1451 0.0951 11
0.6084 0.1159 -0.076 7
0.782 0.1489 0.1261 7
0.6342 0.1206 -0.0565 7
0.839 0.1596 0.166 8
0.6554 0.1245 -0.035 7
0.6503 0.1233 -0.0116 6
0.6977 0.1312 0.0124 5
0.7067 0.1326 0.0377 8
0.5596 0.105 -0.1107 13
0.7343 0.1377 0.0654 7
0.5631 0.1055 -0.0907 13
0.7766 0.1453 0.097 10
0.6049 0.1131 -0.0756 7
0.7903 0.1476 0.1273 7
0.6032 0.1126 -0.0537 8
0.8434 0.1574 0.1668 8
0.6754 0.1259 -0.036 7
0.6153 0.1145 -0.0109 6
0.6785 0.1251 0.012 5
0.715 0.1316 0.0381 7
0.587 0.1079 -0.116 13
0.7309 0.1343 0.065 7
0.5751 0.1056 -0.0926 12
0.7615 0.1398 0.0951 11
0.5975 0.1096 -0.0746 7
0.8103 0.1484 0.1305 7
0.6076 0.1112 -0.054 8
0.8266 0.1511 0.1633 9
0.67 0.1224 -0.0357 7
0.6 0.1095 -0.0106 7
0.7065 0.1276 0.0125 5
0.7076 0.1277 0.0377 8
0.599 0.108 -0.1183 12
0.7432 0.1338 0.0661 7
0.591 0.1063 -0.0951 12
0.7678 0.138 0.0958 11
0.6096 0.1095 -0.076 7
0.7952 0.1428 0.128 7
0.6256 0.1122 -0.0556 7
0.8155 0.1461 0.161 9
0.6783 0.1214 -0.0361 7
0.6555 0.1172 -0.0116 6
0.697 0.1235 0.0124 5
0.545 0.0965 -0.1278 12
0.6864 0.1214 0.0365 8
0.6148 0.1086 -0.1214 12
0.7475 0.1319 0.0664 7
0.5719 0.1009 -0.092 12
0.7624 0.1344 0.0951 11
0.6021 0.1061 -0.0751 7
0.7879 0.1386 0.1267 7
0.6279 0.1104 -0.0558 7
0.8295 0.1458 0.1637 9
0.6629 0.1164 -0.0353 7
0.6461 0.1132 -0.0114 6
0.7172 0.1245 0.0127 4
0.6986 0.121 0.0372 8
0.5842 0.1012 -0.1152 13
0.7362 0.1274 0.0654 7
0.5917 0.1023 -0.0951 12
0.7707 0.1331 0.096 10
0.6182 0.1067 -0.077 7
0.7962 0.1372 0.128 7
0.6283 0.1083 -0.0558 7
0.8358 0.1439 0.1649 8
0.6437 0.1107 -0.0342 7
0.6051 0.1039 -0.0107 7
0.692 0.1177 0.0123 5
0.6813 0.1156 0.0362 8
0.5923 0.1005 -0.1168 13
0.7288 0.1235 0.0647 7
0.596 0.1009 -0.0957 12
0.7751 0.1311 0.0965 10
0.6029 0.1019 -0.0751 7
0.7928 0.1338 0.1273 7
0.613 0.1035 -0.0544 8
0.815 0.1374 0.1607 9
0.6677 0.1124 -0.0355 7
0.6291 0.1057 -0.0111 6
0.6805 0.1133 0.012 5
0.7113 0.1181 0.0378 8
0.5965 0.0991 -0.1175 13
0.7292 0.121 0.0647 7
0.5885 0.0975 -0.0945 12
0.7755 0.1284 0.0965 10
0.5954 0.0985 -0.0741 7
0.801 0.1323 0.1286 7
0.6094 0.1007 -0.054 8
0.8078 0.1333 0.1591 9
0.6543 0.1078 -0.0348 7
0.6373 0.1048 -0.0113 6
0.7007 0.1141 0.0124 5
0.6998 0.1137 0.0372 8
0.5697 0.0926 -0.1122 13
0.7336 0.1191 0.065 7
0.5967 0.0967 -0.0957 12
0.7721 0.125 0.096 10
0.6192 0.1002 -0.077 7
0.8015 0.1295 0.1286 7
0.6058 0.0979 -0.0537 8
0.8315 0.1342 0.1637 9
0.6586 0.1062 -0.035 7
0.6752 0.1086 -0.0119 6
0.705 0.1123 0.0125 5
0.6963 0.1108 0.0369 8
0.5894 0.0937 -0.116 13
0.7497 0.119 0.0664 7
0.5892 0.0934 -0.0945 12
0.7568 0.1199 0.0941 11
0.6039 0.0955 -0.0751 7
0.8058 0.1275 0.1292 7
0.6022 0.0952 -0.0533 8
0.8242 0.1301 0.1622 9
0.6846 0.1079 -0.0363 7
0.6301 0.0992 -0.0111 6
0.6935 0.1081 0.0123 5
0.7006 0.109 0.0372 8
0.5936 0.0922 -0.1168 13
0.7344 0.1139 0.065 7
0.6012 0.0933 -0.0964 12
0.769 0.1192 0.0955 11
0.6121 0.0948 -0.076 7
0.8102 0.1253 0.1298 7
0.6143 0.0949 -0.0544 8
0.8304 0.1283 0.1633 9
0.6514 0.1005 -0.0345 7
0.6265 0.0964 -0.0111 6
0.6978 0.1063 0.0123 5
0.6891 0.1047 0.0365 8
0.6017 0.0914 -0.1183 12
0.717 0.1088 0.0634 7
0.5898 0.0894 -0.0945 12
0.7812 0.1183 0.097 10
0.6085 0.092 -0.0756 7
0.795 0.1201 0.1273 7
0.595 0.0899 -0.0526 8
0.8328 0.1257 0.1637 9
0.6695 0.1009 -0.0355 7
0.6229 0.0936 -0.011 6
0.6903 0.1027 0.0122 5
0.7053 0.1047 0.0374 8
0.5981 0.0888 -0.1175 13
0.745 0.1104 0.0659 7
0.5862 0.0868 -0.0939 12
0.7619 0.1126 0.0946 11
0.6127 0.0905 -0.076 7
0.8071 0.119 0.1292 7
0.6189 0.0913 -0.0547 8
0.8235 0.1213 0.1618 9
0.6659 0.098 -0.0353 7
0.6549 0.0961 -0.0116 6
0.7322 0.1063 0.0129 4
0.6938 0.1005 0.0367 8
0.5984 0.0867 -0.1175 13
0.7335 0.1061 0.0648 7
0.5865 0.0847 -0.0939 12
0.7584 0.1094 0.0941 11
0.5934 0.0855 -0.0736 7
0.7919 0.114 0.1267 7
0.6074 0.0874 -0.0537 8
0.8142 0.117 0.1599 9
0.6742 0.0968 -0.0357 7
0.6453 0.0924 -0.0114 6
0.6969 0.0987 0.0123 5
0.5557 0.0786 -0.1296 12
0.6941 0.0981 0.0367 8
0.5832 0.0824 -0.1145 13
0.7378 0.1041 0.0652 7
0.579 0.0816 -0.0926 12
0.7666 0.1079 0.0951 11
0.6055 0.0851 -0.0751 7
0.7923 0.1112 0.1267 7
0.6235 0.0875 -0.0551 7
0.8302 0.1164 0.163 9
0.6448 0.0903 -0.0341 7
0.6199 0.0866 -0.0109 6
0.7191 0.0993 0.0127 4
0.5502 0.0759 -0.1282 12
0.6866 0.0945 0.0363 8
0.5951 0.0819 -0.1168 13
0.7343 0.101 0.0648 7
0.591 0.0812 -0.0945 6
0.7434 0.102 0.0921 12
0.5861 0.0803 -0.0726 7
0.7848 0.1074 0.1255 7
0.608 0.0832 -0.0537 8
0.8286 0.1132 0.1626 9
0.6709 0.0915 -0.0355 7
0.8399 0.1145 0.1957 4
0.6004 0.0817 -0.0106 7
0.6778 0.0912 0.0119 5
0.5562 0.0747 -0.1296 12
0.6988 0.0937 0.0369 8
0.5915 0.0793 -0.116 13
0.7307 0.0979 0.0645 7
0.5952 0.0796 -0.0951 12
0.7713 0.1031 0.0955 11
0.5982 0.0798 -0.0741 7
0.793 0.1057 0.1267 7
0.6162 0.0821 -0.0544 8
0.8115 0.108 0.1591 9
0.6553 0.0871 -0.0346 7
0.6344 0.0841 -0.0112 6
0.696 0.0911 0.0123 5
0.7169 0.0936 0.0379 7
0.5723 0.0747 -0.1122 13
0.7428 0.0969 0.0655 7
0.5759 0.075 -0.092 12
0.7638 0.0993 0.0946 11
0.6024 0.0782 -0.0746 7
0.8091 0.1049 0.1292 7
0.5967 0.0774 -0.0526 8
0.8236 0.1067 0.1614 9
0.6636 0.0858 -0.0351 7
0.6406 0.0826 -0.0113 6
0.6844 0.0872 0.012 5
0.6954 0.0883 0.0367 8
0.6038 0.0767 -0.1183 12
0.7234 0.0918 0.0638 7
0.584 0.074 -0.0932 12
0.7543 0.0954 0.0934 11
0.5908 0.0746 -0.0731 7
0.7977 0.1006 0.1273 7
0.6049 0.0763 -0.0533 8
0.8142 0.1026 0.1595 9
0.6638 0.0835 -0.0351 7
0.6468 0.0811 -0.0114 6
0.7065 0.0875 0.0124 5
0.6839 0.0845 0.0361 8
0.5884 0.0727 -0.1152 13
0.7514 0.0927 0.0662 7
0.5842 0.0719 -0.0932 12
0.7645 0.094 0.0946 11
0.5871 0.0721 -0.0726 7
0.7902 0.0969 0.1261 7
0.6289 0.0771 -0.0554 7
0.8204 0.1004 0.1607 9
0.6641 0.0812 -0.0351 7
0.6412 0.0782 -0.0113 6
0.7207 0.0867 0.0127 4
0.5572 0.0669 -0.1296 12
0.696 0.0835 0.0367 8
0.6004 0.072 -0.1175 13
0.7478 0.0896 0.0659 7
0.5845 0.0699 -0.0932 12
0.753 0.0899 0.0931 11
0.6071 0.0724 -0.0751 7
0.7866 0.0937 0.1255 7
0.641 0.0763 -0.0565 7
0.8188 0.0973 0.1603 9
0.6624 0.0786 -0.035 7
0.6375 0.0754 -0.0112 6
0.7031 0.0821 0.0124 5
0.6884 0.0803 0.0363 8
0.585 0.0681 -0.1145 13
0.7204 0.0837 0.0634 7
0.5769 0.067 -0.092 12
0.7769 0.09 0.096 10
0.5955 0.0689 -0.0736 7
0.783 0.0906 0.1248 8
0.6334 0.0732 -0.0558 7
0.8113 0.0936 0.1588 9
0.6687 0.077 -0.0353 7
0.6357 0.0731 -0.0112 6
0.6776 0.0768 0.0119 5
0.6986 0.079 0.0368 8
0.597 0.0674 -0.1168 13
0.7325 0.0826 0.0645 7
0.5693 0.0642 -0.0907 13
0.7535 0.0848 0.0931 11
0.5879 0.066 -0.0726 7
0.7833 0.0879 0.1248 8
0.598 0.067 -0.0526 8
0.8214 0.092 0.1607 9
0.663 0.0741 -0.035 7
0.6598 0.0735 -0.0116 6
0.7176 0.0788 0.0126 4
0.5598 0.0614 -0.13 12
0.6929 0.0759 0.0365 8
0.5855 0.0641 -0.1145 13
0.7249 0.0793 0.0638 7
0.5852 0.0639 -0.0932 12
0.7578 0.0826 0.0936 11
0.6039 0.0657 -0.0746 7
0.7993 0.0868 0.1273 7
0.5784 0.0628 -0.0509 8
0.8061 0.0874 0.1576 10
0.6573 0.0712 -0.0346 7
0.6621 0.0715 -0.0116 6
0.7178 0.0763 0.0126 4
0.6912 0.0733 0.0364 8
0.613 0.065 -0.1198 12
0.741 0.0784 0.0652 7
0.5893 0.0623 -0.0939 12
0.7581 0.0799 0.0936 11
0.612 0.0644 -0.0756 7
0.7956 0.0836 0.1267 7
0.6301 0.0662 -0.0554 7
0.8298 0.0871 0.1622 9
0.6495 0.068 -0.0342 7
0.6325 0.066 -0.0111 6
0.7022 0.0722 0.0123 5
0.5447 0.0559 -0.1264 12
0.6894 0.0708 0.0363 8
0.5859 0.06 -0.1145 13
0.7294 0.0746 0.0641 7
0.5974 0.061 -0.0951 12
0.7741 0.0789 0.0955 11
0.6162 0.0627 -0.076 7
0.7998 0.0814 0.1273 7
0.6105 0.062 -0.0537 8
0.8301 0.0842 0.1622 9
0.6637 0.0672 -0.035 7
0.8182 0.0827 0.1899 5
0.6347 0.0641 -0.0111 6
0.7124 0.0709 0.0125 5
0.6936 0.0687 0.0365 8
0.5978 0.0591 -0.1168 13
0.7257 0.0717 0.0638 7
0.5937 0.0586 -0.0945 12
0.7705 0.076 0.0951 11
0.6085 0.0599 -0.0751 7
0.7765 0.0763 0.1236 8
0.6306 0.0618 -0.0554 7
0.8187 0.0803 0.1599 9
0.6858 0.0671 -0.0361 7
0.6429 0.0627 -0.0113 6
0.6927 0.0665 0.0121 5
0.6919 0.0661 0.0364 8
0.598 0.0572 -0.1168 13
0.722 0.0689 0.0634 7
0.5939 0.0566 -0.0945 12
0.7549 0.0718 0.0931 11
0.6047 0.0574 -0.0746 7
0.8043 0.0762 0.128 7
0.5911 0.0559 -0.0519 8
0.8248 0.078 0.161 9
0.6582 0.0621 -0.0346 7
0.8381 0.0789 0.1944 7
0.653 0.0614 -0.0114 6
0.6949 0.0642 0.0122 5
0.6941 0.0639 0.0365 8
0.6021 0.0553 -0.1175 13
0.7301 0.067 0.0641 7
0.5823 0.0533 -0.0926 6
0.7472 0.0684 0.0921 12
0.597 0.0545 -0.0736 7
0.7928 0.0723 0.1261 7
0.6389 0.0581 -0.0561 7
0.831 0.0755 0.1622 9
0.6783 0.0615 -0.0357 7
0.8229 0.0745 0.1908 7
0.6433 0.0582 -0.0113 6
0.6892 0.0611 0.0121 5
0.5513 0.0488 -0.1278 12
0.6804 0.0602 0.0358 8
0.5789 0.0512 -0.113 13
0.7502 0.0662 0.0659 7
0.5943 0.0523 -0.0945 12
0.7514 0.066 0.0926 12
0.6051 0.053 -0.0746 7
0.793 0.0695 0.1261 7
0.6074 0.0531 -0.0533 8
0.8078 0.0705 0.1576 10
0.6705 0.0584 -0.0353 7
0.6275 0.0546 -0.011 6
0.6974 0.0595 0.0122 5
0.6806 0.0579 0.0358 8
0.5869 0.0498 -0.1145 13
0.7266 0.0615 0.0638 7
0.5905 0.05 -0.0939 12
0.7517 0.0635 0.0926 12
0.5934 0.05 -0.0731 7
0.7815 0.0658 0.1242 8
0.6532 0.0549 -0.0573 7
0.8315 0.0698 0.1622 9
0.6568 0.055 -0.0345 7
0.8234 0.0689 0.1908 7
0.6198 0.0517 -0.0109 6
0.6996 0.0573 0.0123 5
0.5613 0.0459 -0.13 12
0.6908 0.0563 0.0363 8
0.6105 0.0498 -0.1191 12
0.7149 0.0581 0.0628 8
0.5789 0.047 -0.092 12
0.7717 0.0625 0.0951 11
0.6173 0.0499 -0.076 7
0.7896 0.0637 0.1255 7
0.5958 0.048 -0.0523 8
0.816 0.0657 0.1591 9
0.659 0.0529 -0.0346 7
0.8081 0.0647 0.1872 8
0.6179 0.0494 -0.0108 6
0.6938 0.0544 0.0121 5
0.7109 0.0554 0.0374 8
0.595 0.0464 -0.116 13
0.727 0.0566 0.0638 7
0.583 0.0453 -0.0926 12
0.7481 0.058 0.0921 12
0.5898 0.0456 -0.0726 7
0.7977 0.0615 0.1267 7
0.6059 0.0467 -0.0532 8
0.8104 0.0624 0.158 10
0.6731 0.0517 -0.0354 7
0.8258 0.0633 0.1912 7
0.644 0.0492 -0.0113 6
0.7219 0.054 0.0126 4
0.6951 0.0519 0.0365 8
0.6226 0.0464 -0.1214 12
0.7391 0.0549 0.0648 7
0.591 0.0438 -0.0939 12
0.7483 0.0553 0.0921 12
0.6256 0.0462 -0.077 7
0.8136 0.06 0.1292 7
0.618 0.0455 -0.0542 8
0.8067 0.0592 0.1572 10
0.6494 0.0476 -0.0341 7
0.8163 0.0597 0.189 7
0.6502 0.0475 -0.0114 6
0.6981 0.0499 0.0122 5
0.6873 0.0489 0.0361 8
0.5992 0.0425 -0.1168 13
0.7314 0.0518 0.0641 7
0.5951 0.0421 -0.0945 6
0.7564 0.0534 0.0931 11
0.5861 0.0413 -0.0721 7
0.7941 0.0558 0.1261 7
0.634 0.0444 -0.0556 7
0.8147 0.0571 0.1588 9
0.6794 0.0475 -0.0357 7
0.8126 0.0567 0.1881 8
0.6324 0.044 -0.0111 6
0.6883 0.0468 0.012 5
0.6935 0.0469 0.0364 8
0.5876 0.0398 -0.1145 13
0.7236 0.0488 0.0634 7
0.5952 0.0401 -0.0945 12
0.7724 0.0518 0.0951 11
0.6061 0.0406 -0.0746 7
0.7825 0.0522 0.1242 8
0.6183 0.0413 -0.0542 8
0.8247 0.0549 0.1607 9
0.6596 0.0438 -0.0346 7
0.8167 0.0541 0.189 7
0.6026 0.0398 -0.0105 7
0.6685 0.0431 0.0117 5
0.6837 0.0439 0.0359 8
0.5878 0.0377 -0.1145 13
0.7158 0.0458 0.0628 8
0.5796 0.037 -0.092 12
0.7568 0.0481 0.0931 11
0.5943 0.0377 -0.0731 7
0.7787 0.0493 0.1236 8
0.6065 0.0384 -0.0532 8
0.8151 0.0514 0.1588 9
0.6737 0.0424 -0.0354 7
0.8402 0.0527 0.1944 7
0.6207 0.0388 -0.0109 6
0.7066 0.0431 0.0124 5
0.6858 0.0416 0.036 8
0.5997 0.0364 -0.1168 13
0.712 0.043 0.0624 8
0.5837 0.0352 -0.0926 6
0.753 0.0453 0.0926 12
0.5984 0.0359 -0.0736 7
0.8065 0.0482 0.128 7
0.5986 0.0358 -0.0525 8
0.8035 0.0479 0.1565 10
0.6878 0.0409 -0.0361 7
0.8423 0.0499 0.1948 7
0.6308 0.0373 -0.011 6
0.7087 0.0407 0.0124 5
0.6879 0.0393 0.0361 8
0.6115 0.0349 -0.1191 12
0.74 0.0421 0.0648 7
0.5956 0.0338 -0.0945 12
0.7452 0.0422 0.0916 12
0.6104 0.0344 -0.0751 7
0.7948 0.0447 0.1261 7
0.5988 0.0337 -0.0525 8
0.8115 0.0455 0.158 10
0.6601 0.0369 -0.0346 7
0.8289 0.0462 0.1917 7
0.6489 0.0361 -0.0113 6
0.6829 0.0369 0.0119 5
0.6761 0.0363 0.0355 8
0.5881 0.0315 -0.1145 13
0.7322 0.0391 0.0641 7
0.5799 0.0309 -0.092 12
0.7572 0.0402 0.0931 11
0.5987 0.0317 -0.0736 7
0.791 0.0417 0.1255 7
0.6546 0.0345 -0.0573 7
0.8097 0.0426 0.1576 10
0.6741 0.0353 -0.0354 7
0.8174 0.0427 0.189 7
0.637 0.0332 -0.0111 6
0.671 0.0339 0.0117 5
0.5605 0.0282 -0.1296 12
0.6922 0.0347 0.0363 8
0.5843 0.0293 -0.1137 13
0.7363 0.0368 0.0645 7
0.5919 0.0295 -0.0939 12
0.7613 0.0378 0.0936 11
0.6107 0.0302 -0.0751 7
0.7754 0.0382 0.123 8
0.6308 0.0311 -0.0553 7
0.8236 0.0404 0.1603 9
0.6763 0.0331 -0.0355 7
0.8272 0.0403 0.1912 7
0.6272 0.0305 -0.011 6
0.7111 0.0334 0.0124 5
0.6883 0.0322 0.0361 8
0.6001 0.028 -0.1168 13
0.7165 0.0333 0.0628 8
0.5683 0.0263 -0.0901 13
0.7694 0.0355 0.0946 11
0.6108 0.0281 -0.0751 7
0.7952 0.0365 0.1261 7
0.5792 0.0265 -0.0507 8
0.8139 0.0371 0.1584 10
0.6684 0.0304 -0.0351 7
0.8371 0.0379 0.1935 7
0.6233 0.0282 -0.0109 6
0.6872 0.03 0.012 5
0.7004 0.0303 0.0367 8
0.5806 0.025 -0.113 13
0.7206 0.031 0.0631 7
0.5842 0.0251 -0.0926 6
0.7616 0.0326 0.0936 11
0.599 0.0255 -0.0736 7
0.7875 0.0334 0.1248 8
0.5992 0.0253 -0.0525 8
0.8042 0.034 0.1565 10
0.6605 0.0278 -0.0346 7
0.8197 0.0344 0.1894 7
0.6254 0.0261 -0.0109 6
0.7013 0.0282 0.0123 5
0.5452 0.0218 -0.126 12
0.6925 0.0277 0.0363 8
0.6121 0.0244 -0.1191 12
0.7286 0.0289 0.0638 7
0.5685 0.0224 -0.0901 13
0.7339 0.0288 0.0902 12
0.6228 0.0244 -0.0765 7
0.7915 0.031 0.1255 7
0.6112 0.0238 -0.0535 8
0.8024 0.0311 0.1561 10
0.6766 0.0261 -0.0355 7
0.8315 0.0319 0.1921 7
0.6314 0.0243 -0.011 6
0.6634 0.0244 0.0116 5
0.5609 0.0206 -0.1296 12
0.6886 0.0251 0.0361 8
0.6004 0.0218 -0.1168 13
0.7248 0.0262 0.0634 7
0.5804 0.021 -0.092 12
0.7538 0.0271 0.0926 12
0.5832 0.0209 -0.0717 7
0.7877 0.0281 0.1248 8
0.6113 0.0217 -0.0535 8
0.8201 0.0291 0.1595 9
0.6387 0.0225 -0.0335 7
0.8219 0.0288 0.1899 7
0.6395 0.0223 -0.0112 6
0.7175 0.0238 0.0125 5
0.5531 0.0183 -0.1278 12
0.6907 0.0228 0.0362 8
0.5887 0.0193 -0.1145 13
0.7288 0.0238 0.0638 7
0.5962 0.0194 -0.0945 12
0.7539 0.0244 0.0926 12
0.6032 0.0194 -0.0741 7
0.768 0.0247 0.1217 8
0.5994 0.0192 -0.0525 8
0.8124 0.0258 0.158 10
0.6608 0.0209 -0.0346 7
0.6036 0.019 -0.0105 7
0.7196 0.0215 0.0126 5
0.5532 0.0164 -0.1278 12
0.6927 0.0204 0.0363 8
0.5809 0.017 -0.113 13
0.705 0.0206 0.0617 8
0.6003 0.0175 -0.0951 12
0.762 0.0221 0.0936 11
0.6072 0.0175 -0.0746 7
0.78 0.0223 0.1236 8
0.6194 0.0176 -0.0542 8
0.8164 0.0232 0.1588 9
0.6588 0.0186 -0.0345 7
0.8181 0.023 0.189 7
0.6057 0.0169 -0.0106 7
0.6877 0.0181 0.012 5
0.6888 0.0179 0.0361 8
0.6123 0.0159 -0.1191 12
0.7011 0.0181 0.0614 8
0.5687 0.0146 -0.0901 13
0.766 0.0195 0.0941 11
0.6033 0.0153 -0.0741 7
0.7603 0.0191 0.1205 8
0.6274 0.0158 -0.0549 8
0.8106 0.0202 0.1576 10
0.6529 0.0162 -0.0342 7
0.8299 0.0204 0.1917 10
0.6457 0.0158 -0.0113 6
0.7017 0.016 0.0123 5
0.6949 0.0156 0.0364 8
0.5928 0.0133 -0.1152 13
0.725 0.0162 0.0634 7
0.5964 0.0132 -0.0945 12
0.7581 0.0167 0.0931 11
0.5914 0.0129 -0.0726 7
0.7959 0.0172 0.1261 7
0.6095 0.0132 -0.0533 8
0.8087 0.0174 0.1572 10
0.651 0.0139 -0.0341 7
0.8261 0.0174 0.1908 10
0.6598 0.0138 -0.0115 6
0.6818 0.0132 0.0119 5
0.5533 0.0106 -0.1278 12
0.673 0.0129 0.0353 8
0.6164 0.0117 -0.1198 12
0.7291 0.0137 0.0638 7
0.5965 0.0111 -0.0945 6
0.7542 0.014 0.0926 12
0.6113 0.0112 -0.0751 7
0.792 0.0145 0.1255 7
0.6414 0.0116 -0.0561 7
0.8028 0.0144 0.1561 10
0.667 0.0119 -0.035 7
0.8164 0.0144 0.1885 11
0.6458 0.0114 -0.0113 6
0.6978 0.0112 0.0122 5
0.697 0.0109 0.0365 8
0.5771 0.009 -0.1122 13
0.7331 0.0113 0.0641 7
0.6044 0.0093 -0.0957 12
0.7503 0.0114 0.0921 12
0.6193 0.0093 -0.076 7
0.7999 0.0119 0.1267 7
0.6176 0.0091 -0.054 8
0.8166 0.012 0.1588 9
0.675 0.0098 -0.0354 7
0.8281 0.0119 0.1912 10
0.6038 0.0085 -0.0105 7
0.6798 0.0085 0.0119 5
0.5612 0.007 -0.1296 12
0.681 0.0083 0.0357 8
0.6007 0.0073 -0.1168 13
0.7252 0.0087 0.0634 7
0.5847 0.0069 -0.0926 12
0.7543 0.0088 0.0926 12
0.5995 0.0069 -0.0736 7
0.7842 0.0089 0.1242 8
0.6335 0.0072 -0.0554 7
0.8088 0.009 0.1572 10
0.6591 0.0072 -0.0345 7
0.8282 0.009 0.1912 10
0.6359 0.0068 -0.0111 6
0.6879 0.0062 0.012 5
0.691 0.006 0.0362 8
0.6125 0.0053 -0.1191 12
0.7093 0.0061 0.0621 8
0.5728 0.0048 -0.0907 13
0.7583 0.0062 0.0931 11
0.6154 0.0049 -0.0756 7
0.8 0.0063 0.1267 7
0.6017 0.0047 -0.0526 8
0.8049 0.0062 0.1565 10
0.681 0.0051 -0.0357 7
0.8243 0.006 0.1903 10
0.6299 0.0045 -0.011 6
0.7099 0.004 0.0124 5
0.5632 0.003 -0.13 12
0.699 0.0037 0.0366 8
0.589 0.0031 -0.1145 13
0.7053 0.0036 0.0617 8
0.5729 0.0028 -0.0907 13
0.7543 0.0036 0.0926 12
0.6035 0.0027 -0.0741 7
0.7921 0.0035 0.1255 7
0.6097 0.0027 -0.0533 8
0.801 0.0034 0.1557 10
0.6591 0.0026 -0.0345 7
0.8185 0.0031 0.189 10
0.6219 0.0023 -0.0109 6
0.6919 0.0014 0.0121 5
0.5456 0.001 -0.126 12
0.6911 0.0012 0.0362 8
0.6047 0.0011 -0.1175 13
0.7292 0.0011 0.0638 7
0.5768 0.0008 -0.0914 6
0.7583 0.0009 0.0931 11
0.5916 0.0006 -0.0726 7
0.7921 0.0007 0.1255 7
0.6017 0.0005 -0.0526 8
0.8128 0.0006 0.158 10
0.6471 0.0003 -0.0339 7
0.8107 0.0003 0.1872 11
0.6419 0.0001 -0.0112 6
0.6919 -0.0011 0.0121 5
0.6831 -0.0012 0.0358 8
0.6008 -0.0012 -0.1168 13
0.7212 -0.0015 0.0631 7
0.5926 -0.0013 -0.0939 12
0.7464 -0.0018 0.0916 12
0.5876 -0.0014 -0.0721 7
0.7724 -0.002 0.1223 8
0.6137 -0.0017 -0.0537 8
0.803 -0.0024 0.1561 10
0.6651 -0.0021 -0.0349 7
0.8107 -0.0025 0.1872 11
0.6299 -0.0021 -0.011 6
0.7159 -0.0035 0.0125 5
0.699 -0.0035 0.0366 8
0.589 -0.0031 -0.1145 13
0.7172 -0.0039 0.0628 8
0.5887 -0.0033 -0.0932 6
0.7543 -0.0043 0.0926 12
0.6035 -0.0035 -0.0741 7
0.7763 -0.0046 0.123 8
0.6097 -0.0037 -0.0533 8
0.8187 -0.0051 0.1591 9
0.6671 -0.0043 -0.035 7
0.8282 -0.0053 0.1912 10
0.6299 -0.0042 -0.011 6
0.6899 -0.0057 0.012 5
0.705 -0.006 0.0369 8
0.5968 -0.0051 -0.116 13
0.7212 -0.0063 0.0631 7
0.5886 -0.0052 -0.0932 12
0.7543 -0.0068 0.0926 12
0.6114 -0.0057 -0.0751 7
0.7802 -0.0074 0.1236 8
0.6216 -0.0059 -0.0544 8
0.7931 -0.0076 0.1542 10
0.6591 -0.0064 -0.0345 7
0.8301 -0.0083 0.1917 10
0.6139 -0.0062 -0.0107 7
0.6759 -0.0079 0.0118 5
0.671 -0.0081 0.0352 8
0.5889 -0.0071 -0.1145 13
0.7371 -0.009 0.0645 7
0.5807 -0.0072 -0.092 12
0.7503 -0.0094 0.0921 12
0.5994 -0.0076 -0.0736 7
0.7921 -0.0102 0.1255 7
0.6176 -0.008 -0.054 8
0.8088 -0.0106 0.1572 10
0.6431 -0.0085 -0.0337 7
0.834 -0.0112 0.1926 10
0.6238 -0.0085 -0.0109 6
0.6798 -0.0103 0.0119 5
0.685 -0.0106 0.0359 8
0.5771 -0.009 -0.1122 13
0.7291 -0.0115 0.0638 7
0.5688 -0.009 -0.0901 13
0.7523 -0.0121 0.0924 12
0.6074 -0.0099 -0.0746 7
0.7762 -0.0127 0.123 8
0.6096 -0.01 -0.0533 8
0.8087 -0.0134 0.1572 10
0.659 -0.011 -0.0345 7
0.8164 -0.0138 0.1885 11
0.6398 -0.0109 -0.0112 6
0.6878 -0.0128 0.012 5
0.5533 -0.0104 -0.1278 12
0.6829 -0.013 0.0358 8
0.5889 -0.0112 -0.1145 13
0.7291 -0.014 0.0638 7
0.6044 -0.0117 -0.0957 6
0.7542 -0.0147 0.0926 12
0.5875 -0.0116 -0.0721 7
0.7762 -0.0154 0.123 8
0.6135 -0.0122 -0.0537 8
0.8126 -0.0163 0.158 10
0.659 -0.0133 -0.0345 7
0.8125 -0.0166 0.1876 11
0.6218 -0.0128 -0.0109 6
0.6717 -0.0149 0.0117 5
0.6889 -0.0155 0.0361 8
0.5771 -0.013 -0.1122 13
0.7091 -0.0161 0.0621 8
0.5767 -0.0132 -0.0914 6
0.7541 -0.0174 0.0926 12
0.5954 -0.0138 -0.0731 7
0.788 -0.0184 0.1248 8
0.5936 -0.0139 -0.0519 8
0.8184 -0.0193 0.1591 9
0.6829 -0.0162 -0.0358 7
0.828 -0.0198 0.1912 10
0.6357 -0.0153 -0.0111 6
0.6977 -0.0179 0.0122 5
0.6948 -0.0181 0.0364 8
0.577 -0.015 -0.1122 13
0.7329 -0.0192 0.0641 7
0.5687 -0.015 -0.0901 6
0.7461 -0.0198 0.0916 12
0.5993 -0.016 -0.0736 7
0.7958 -0.0214 0.1261 7
0.6134 -0.0165 -0.0537 8
0.8007 -0.0217 0.1557 10
0.6748 -0.0184 -0.0354 7
0.8318 -0.0228 0.1921 10
0.6457 -0.0178 -0.0113 6
0.6956 -0.0203 0.0121 5
0.6888 -0.0202 0.0361 8
0.6005 -0.0177 -0.1168 13
0.7289 -0.0216 0.0638 7
0.5766 -0.0172 -0.0914 6
0.7381 -0.0222 0.0907 12
0.6032 -0.0182 -0.0741 7
0.776 -0.0234 0.123 8
0.6213 -0.0189 -0.0544 8
0.7967 -0.0243 0.1549 10
0.6528 -0.0201 -0.0342 7
0.8356 -0.0258 0.193 10
0.6456 -0.02 -0.0113 6
0.6895 -0.0224 0.012 5
0.5609 -0.0183 -0.1296 12
0.6727 -0.0221 0.0353 8
0.5808 -0.0192 -0.113 13
0.7328 -0.0243 0.0641 7
0.5923 -0.0196 -0.0939 12
0.7539 -0.0251 0.0926 12
0.5992 -0.0201 -0.0736 7
0.7917 -0.0267 0.1255 7
0.6053 -0.0205 -0.053 8
0.8202 -0.0278 0.1595 9
0.6547 -0.0223 -0.0343 7
0.818 -0.028 0.189 10
0.6295 -0.0217 -0.011 6
0.7174 -0.0258 0.0125 5
0.5609 -0.0203 -0.1296 12
0.6846 -0.0249 0.0359 8
0.6004 -0.0218 -0.1168 13
0.7327 -0.0267 0.0641 7
0.5883 -0.0216 -0.0932 6
0.7538 -0.0278 0.0926 12
0.611 -0.0226 -0.0751 7
0.7916 -0.0294 0.1255 7
0.6371 -0.0237 -0.0558 7
0.8201 -0.0306 0.1595 9
0.6546 -0.0246 -0.0343 7
0.8218 -0.031 0.1899 10
0.6394 -0.0242 -0.0112 6
0.6854 -0.027 0.012 5
0.6825 -0.0272 0.0358 4
0.5767 -0.023 -0.1122 13
0.7366 -0.0295 0.0645 7
0.5842 -0.0235 -0.0926 12
0.7577 -0.0306 0.0931 11
0.5673 -0.023 -0.0697 7
0.7757 -0.0316 0.123 8
0.6291 -0.0256 -0.0551 7
0.816 -0.0333 0.1588 9
0.6585 -0.027 -0.0345 7
0.8314 -0.0343 0.1921 10
0.6154 -0.0255 -0.0108 7
0.6992 -0.03 0.0122 5
0.5529 -0.0239 -0.1278 12
0.6984 -0.0302 0.0366 8
0.5884 -0.0255 -0.1145 13
0.7285 -0.0317 0.0638 7
0.5802 -0.0253 -0.092 12
0.7655 -0.0336 0.0941 11
0.6108 -0.0269 -0.0751 7
0.7835 -0.0346 0.1242 8
0.5892 -0.026 -0.0516 8
0.8002 -0.0355 0.1557 10
0.6624 -0.0295 -0.0348 7
0.8274 -0.037 0.1912 10
0.6133 -0.0275 -0.0107 7
0.7031 -0.0327 0.0123 5
0.5606 -0.0261 -0.1296 12
0.6963 -0.0326 0.0365 8
0.604 -0.0283 -0.1175 13
0.7364 -0.0346 0.0645 7
0.5683 -0.0268 -0.0901 13
0.7356 -0.0348 0.0904 12
0.6068 -0.0288 -0.0746 7
0.7912 -0.0377 0.1255 7
0.605 -0.0288 -0.053 8
0.7962 -0.0381 0.1549 10
0.6424 -0.0309 -0.0337 7
0.8195 -0.0395 0.1894 10
0.6531 -0.0316 -0.0114 6
