0.9827 0.2352 0.1241 1
1.0369 0.2476 0.2072 1
1.0274 0.245 0.2438 1
0.9585 0.2282 0.264 1
1.0069 0.2378 0.0542 1
1.0064 0.2375 0.0905 1
1.0376 0.2445 0.1309 3
0.9884 0.2325 0.1608 1
1.032 0.2426 0.2061 2
1.0208 0.2398 -0.055 1
1.0264 0.2409 0.2434 3
1.0065 0.2361 -0.018 2
0.9856 0.231 0.2712 4
1.04 0.2422 0.0186 1
1.0155 0.2361 0.0546 2
1.0014 0.2327 0.0899 3
1.0506 0.2439 -0.1708 2
1.0133 0.2351 0.1277 7
1.0539 0.2443 -0.1328 1
1.0084 0.2336 0.1639 6
1.0384 0.2405 -0.0933 1
1.0195 0.2359 0.2034 5
1.0255 0.2371 -0.0552 3
1.0063 0.2325 0.2384 18
0.9898 0.2285 -0.0177 5
0.9807 0.2262 0.2697 17
1.0155 0.2328 0.0182 10
1.0007 0.2292 0.0538 15
1.0119 0.2314 0.0908 16
1.0341 0.2363 -0.168 6
0.9831 0.2244 0.1238 22
0.9928 0.2265 -0.125 6
1.0015 0.2284 0.1627 19
1.0101 0.2302 -0.0906 7
0.9935 0.2263 0.1981 18
0.9991 0.2273 -0.0537 14
1.0071 0.229 0.2384 21
1.0003 0.2274 -0.0179 13
0.9947 0.226 0.2733 20
1.0065 0.2272 0.018 16
0.9995 0.2253 0.0537 22
0.9972 0.2244 0.0894 16
1.0214 0.2298 -0.1658 17
0.9974 0.2242 0.1255 15
1.0033 0.2254 -0.1263 19
0.9946 0.2232 0.1614 16
1.0226 0.2293 -0.0917 21
0.9942 0.223 0.1981 15
0.992 0.2223 -0.0533 17
0.9908 0.2218 0.2344 19
1.0011 0.224 -0.0179 22
0.9747 0.2179 0.2676 17
1.0073 0.2237 0.018 18
0.9867 0.2187 0.053 20
0.9921 0.2198 0.0889 18
1.0106 0.2237 -0.1639 21
1.0098 0.2233 0.127 18
0.9982 0.2206 -0.1255 21
0.9992 0.2206 0.1621 19
1 0.2208 -0.0896 22
1.0027 0.2212 0.1996 18
1.0064 0.2218 -0.054 19
0.9934 0.2188 0.2348 19
0.9921 0.2183 -0.0177 22
0.9774 0.2149 0.2681 19
0.9925 0.2168 0.0177 18
0.9894 0.2157 0.0531 20
0.987 0.215 0.0884 18
0.994 0.2164 -0.1611 22
0.997 0.2168 0.1253 18
1.0068 0.2188 -0.1265 21
1.0019 0.2175 0.1624 16
1.0008 0.2173 -0.0896 18
0.9938 0.2156 0.1977 19
0.9994 0.2166 -0.0536 22
0.998 0.2161 0.2357 20
0.9929 0.2148 -0.0177 19
0.9781 0.2115 0.2681 19
0.9971 0.2141 0.0178 18
0.9901 0.2124 0.0531 19
0.9916 0.2124 0.0887 18
1.0025 0.2146 -0.1624 21
0.9881 0.2113 0.1241 16
0.9978 0.2132 -0.1253 21
1.0007 0.2138 0.1621 19
1.0015 0.2138 -0.0896 18
0.9908 0.2113 0.1969 20
0.9943 0.2119 -0.0533 21
0.9892 0.2106 0.2335 20
1.0092 0.2149 -0.018 22
0.992 0.211 0.2718 19
1.0017 0.2116 0.0179 20
0.983 0.2073 0.0526 19
0.9943 0.2094 0.0889 20
1.0071 0.212 -0.163 21
0.9946 0.2092 0.1248 19
0.9966 0.2095 -0.125 22
1.0014 0.2103 0.1621 19
1.0081 0.2115 -0.0901 22
0.9972 0.2092 0.1981 18
0.9969 0.209 -0.0534 22
0.9899 0.2073 0.2335 19
0.9982 0.2089 -0.0178 19
0.9909 0.2072 0.2712 18
1.0064 0.209 0.0179 18
0.9857 0.2043 0.0528 20
0.997 0.2065 0.0891 20
1.0098 0.2089 -0.1633 22
0.9992 0.2066 0.1253 19
1.0012 0.2068 -0.1255 22
0.9925 0.2048 0.1605 17
1.0069 0.2078 -0.0899 16
1.0037 0.2069 0.1992 19
1.0153 0.2091 -0.0543 22
0.9925 0.2043 0.2339 20
0.997 0.205 -0.0178 22
0.9821 0.2018 0.2687 19
1.013 0.2066 0.018 20
0.9844 0.2005 0.0526 19
0.9918 0.2018 0.0886 20
1.0008 0.2034 -0.1618 21
1.0058 0.2043 0.126 21
0.9902 0.2009 -0.1241 21
0.9951 0.2017 0.1608 19
1.0017 0.2031 -0.0894 21
1.0044 0.2034 0.1992 18
1.014 0.2052 -0.0542 26
0.9875 0.1997 0.2326 19
0.9957 0.2011 -0.0177 19
0.9847 0.1987 0.2692 19
0.9941 0.1992 0.0177 18
0.989 0.1978 0.0529 20
0.9964 0.1991 0.0889 18
0.9938 0.1984 -0.1605 20
1.0006 0.1996 0.1253 19
1.0084 0.201 -0.1263 22
0.9958 0.1983 0.1608 19
1.0083 0.2007 -0.0899 21
0.9897 0.1969 0.1962 20
1.0089 0.2005 -0.0539 22
0.9997 0.1985 0.2353 19
0.9964 0.1977 -0.0177 22
0.9892 0.196 0.2702 18
1.0046 0.1976 0.0179 18
0.9897 0.1944 0.0529 19
0.9991 0.196 0.0891 18
1.0061 0.1972 -0.1624 20
0.9838 0.1927 0.1231 16
1.0052 0.1967 -0.1258 24
1.0081 0.1971 0.1627 19
1.0051 0.1965 -0.0896 16
0.9962 0.1945 0.1973 19
0.9939 0.1939 -0.0531 22
0.9965 0.1942 0.2344 20
1.003 0.1953 -0.0178 22
0.9861 0.1919 0.2692 19
1.0053 0.1941 0.0179 18
0.9884 0.1905 0.0528 20
1.0017 0.1929 0.0892 18
1.0048 0.1933 -0.1621 22
1 0.1922 0.125 19
0.9864 0.1894 -0.1233 22
1.0049 0.1928 0.1621 19
1.0019 0.192 -0.0892 16
0.9988 0.1914 0.1977 18
0.9945 0.1904 -0.0531 22
0.9915 0.1897 0.233 21
0.9997 0.1911 -0.0178 22
0.9962 0.1902 0.2718 19
1.0099 0.1914 0.0179 18
0.9753 0.1845 0.052 21
0.9965 0.1881 0.0887 18
1.0036 0.1893 -0.1618 21
1.0007 0.1887 0.125 18
0.989 0.1863 -0.1236 19
1.0056 0.1893 0.1621 21
0.9986 0.1878 -0.0889 19
1.0053 0.1889 0.1988 20
0.9992 0.1875 -0.0533 24
0.9864 0.185 0.2317 19
0.9867 0.185 -0.0175 22
0.9855 0.1846 0.2687 19
1.0106 0.1877 0.0179 18
0.9878 0.1833 0.0526 20
0.9874 0.1828 0.0879 20
1.0023 0.1854 -0.1614 21
1.0053 0.1858 0.1255 18
0.9956 0.1838 -0.1243 21
0.9965 0.184 0.1605 17
1.0032 0.185 -0.0892 19
1.0079 0.1857 0.1992 18
1.0195 0.1877 -0.0543 21
0.9985 0.1836 0.2344 19
0.9932 0.1826 -0.0176 22
0.9785 0.1798 0.2666 19
0.9974 0.1818 0.0177 17
1.0002 0.1819 0.0533 20
0.9939 0.1804 0.0884 20
0.9893 0.1796 -0.1593 21
0.9961 0.1807 0.1243 19
1.004 0.1819 -0.1253 22
1.0088 0.1826 0.1624 17
1.0077 0.1822 -0.0896 21
0.9891 0.1789 0.1954 20
1.0004 0.1807 -0.0533 22
0.9992 0.1803 0.2344 19
0.9958 0.1795 -0.0177 22
0.9791 0.1764 0.2666 19
1.002 0.179 0.0178 20
0.987 0.1762 0.0525 20
0.9925 0.1768 0.0882 20
0.9977 0.1775 -0.1605 20
0.9948 0.1768 0.1241 21
1.0046 0.1784 -0.1253 19
1.0114 0.1796 0.1627 17
1.0044 0.1782 -0.0892 18
0.9994 0.1771 0.1973 19
0.9912 0.1755 -0.0528 21
0.9979 0.1765 0.2339 20
1.0102 0.1787 -0.0179 22
0.9854 0.1741 0.2681 19
1.0045 0.176 0.0178 17
0.9837 0.172 0.0523 22
1.001 0.1747 0.0889 20
1.0138 0.1769 -0.163 22
0.9934 0.1732 0.1238 19
0.9935 0.173 -0.1238 22
1.0042 0.1747 0.1614 21
1.007 0.175 -0.0894 16
1 0.1738 0.1973 19
0.9937 0.1725 -0.0529 21
0.985 0.1708 0.2308 19
0.995 0.1724 -0.0176 16
0.9898 0.1713 0.2692 19
1.0051 0.1725 0.0178 18
0.9823 0.1683 0.0522 21
0.9996 0.171 0.0887 18
1.0047 0.1717 -0.1614 20
1.0019 0.1711 0.1248 18
1.0039 0.1712 -0.125 22
0.9912 0.1689 0.1593 21
1.0076 0.1715 -0.0894 19
1.0025 0.1706 0.1977 18
0.9983 0.1697 -0.0531 19
0.9933 0.1687 0.2326 20
0.9838 0.1669 -0.0174 20
0.9923 0.1682 0.2697 19
0.9959 0.1674 0.0176 18
0.9829 0.1648 0.0522 21
0.9865 0.1651 0.0875 18
0.9995 0.1671 -0.1605 21
1.0025 0.1676 0.1248 19
0.9947 0.1661 -0.1238 22
1.0015 0.1671 0.1608 19
1.0043 0.1673 -0.0891 16
1.0012 0.1667 0.1973 16
1.0028 0.1667 -0.0533 21
0.9958 0.1654 0.233 20
0.9962 0.1655 -0.0176 22
0.9777 0.1622 0.2655 19
0.9985 0.164 0.0177 18
0.9776 0.1604 0.0519 19
0.9929 0.1626 0.088 18
0.9962 0.163 -0.1599 21
0.9991 0.1633 0.1243 18
1.0188 0.1663 -0.1267 24
1.0021 0.1636 0.1608 21
1.0009 0.1632 -0.0887 21
0.9882 0.1609 0.1946 20
0.9975 0.1623 -0.053 21
1.0002 0.1625 0.2339 20
0.9948 0.1617 -0.0176 19
0.982 0.1594 0.2666 19
0.9951 0.1601 0.0176 20
0.9919 0.1592 0.0526 19
0.9935 0.1591 0.088 20
0.9967 0.1596 -0.1599 21
0.9879 0.1581 0.1228 19
0.9938 0.1588 -0.1236 21
1.0124 0.1616 0.1624 16
1.0034 0.16 -0.0889 18
0.9946 0.1586 0.1958 19
0.9901 0.1577 -0.0525 22
0.9892 0.1574 0.2312 20
1.0092 0.1604 -0.0178 22
0.9883 0.1569 0.2681 18
1.0075 0.1585 0.0178 18
0.9767 0.1533 0.0518 21
0.9999 0.1568 0.0886 18
0.9992 0.1565 -0.1602 22
0.9963 0.1558 0.1238 18
0.9905 0.1547 -0.1231 21
1.0032 0.1566 0.1608 21
1.0119 0.1577 -0.0896 21
1.0048 0.1566 0.1977 19
0.9986 0.1555 -0.053 21
0.9898 0.1539 0.2312 20
0.9999 0.1553 -0.0177 19
0.985 0.1528 0.2671 18
1.008 0.155 0.0178 18
0.9733 0.1493 0.0516 22
0.9965 0.1525 0.0882 20
0.9998 0.1528 -0.1602 21
0.9929 0.1518 0.1233 19
0.9969 0.1522 -0.1238 21
0.9959 0.1519 0.1596 19
1.0006 0.1524 -0.0886 18
0.9996 0.1521 0.1965 19
1.0011 0.1521 -0.0531 21
0.9961 0.1512 0.2326 19
0.9885 0.15 -0.0175 20
0.9932 0.1506 0.2692 18
1.0046 0.1507 0.0177 20
0.9856 0.1477 0.0522 22
0.9951 0.1487 0.088 20
0.9944 0.1484 -0.1593 20
1.0013 0.1493 0.1243 18
0.9974 0.1485 -0.1238 21
0.9945 0.1481 0.1593 17
1.0011 0.1489 -0.0886 18
0.9943 0.1477 0.1954 18
1.0016 0.1486 -0.0531 19
1.0043 0.1488 0.2344 20
0.993 0.1472 -0.0175 19
0.9842 0.1457 0.2666 19
0.9913 0.1453 0.0175 17
0.9901 0.1448 0.0524 19
0.9956 0.1452 0.088 20
0.991 0.1446 -0.1586 21
0.9999 0.1457 0.1241 18
1.0018 0.1458 -0.1243 22
1.0048 0.146 0.1608 19
0.9898 0.1437 -0.0875 18
0.987 0.1433 0.1939 18
0.9962 0.1444 -0.0528 19
1.001 0.145 0.2335 19
0.9994 0.1446 -0.0176 19
0.9885 0.1428 0.2676 19
1.0036 0.1436 0.0177 17
0.9906 0.1413 0.0524 19
0.9902 0.1411 0.0875 20
0.9915 0.1411 -0.1586 21
0.9964 0.1416 0.1236 18
0.9984 0.1417 -0.1238 21
1.0112 0.1434 0.1618 17
0.9982 0.1415 -0.0882 18
0.9875 0.1398 0.1939 18
0.9908 0.1401 -0.0524 21
0.9899 0.1398 0.2308 19
0.9999 0.1411 -0.0176 22
0.9833 0.1385 0.2661 19
1.0041 0.14 0.0177 18
0.9713 0.1351 0.0514 24
0.9946 0.1382 0.0879 18
0.9959 0.1382 -0.1593 20
0.9989 0.1384 0.1238 18
0.9832 0.1361 -0.1219 24
0.9999 0.1382 0.1599 21
1.0046 0.1389 -0.0887 16
0.9977 0.1377 0.1958 19
0.9932 0.1369 -0.0525 22
0.9865 0.1358 0.2299 20
1.0004 0.1376 -0.0176 22
0.9895 0.1359 0.2676 20
1.0026 0.1363 0.0177 18
0.9797 0.1328 0.0518 21
0.9951 0.1347 0.0879 18
1.0042 0.1358 -0.1605 21
1.0013 0.1352 0.1241 19
0.9954 0.1342 -0.1233 19
0.9965 0.1342 0.1593 21
1.007 0.1356 -0.0889 19
1.004 0.135 0.1969 19
1.0036 0.1348 -0.0531 22
0.9831 0.1319 0.229 20
0.991 0.1328 -0.0175 20
0.9842 0.1317 0.2661 18
1.0031 0.1328 0.0177 18
0.9841 0.1299 0.052 21
0.9857 0.1299 0.087 22
1.0027 0.132 -0.1602 21
1.0038 0.132 0.1243 19
0.9979 0.131 -0.1236 22
0.995 0.1305 0.1589 17
1.0016 0.1313 -0.0884 19
1.0084 0.132 0.1977 20
1.008 0.1318 -0.0533 21
0.999 0.1305 0.2326 19
1.0034 0.1308 -0.0177 22
0.9732 0.1267 0.263 18
0.9956 0.1282 0.0175 18
0.9845 0.1265 0.052 21
0.9881 0.1268 0.0872 22
0.9973 0.1278 -0.1593 20
0.9983 0.1277 0.1236 16
1.0042 0.1283 -0.1243 21
0.9993 0.1275 0.1596 21
0.9981 0.1273 -0.088 16
0.9913 0.1263 0.1942 19
1.0006 0.1273 -0.0529 22
0.9995 0.127 0.2326 19
0.9998 0.1268 -0.0176 19
0.987 0.125 0.2666 19
1.002 0.1255 0.0176 17
0.9889 0.1235 0.0522 21
0.9925 0.1238 0.0875 20
0.9978 0.1243 -0.1593 21
0.9928 0.1235 0.1228 19
0.9929 0.1233 -0.1228 21
0.9998 0.124 0.1596 21
0.9985 0.1238 -0.088 18
0.9995 0.1238 0.1958 19
0.995 0.1231 -0.0525 19
0.9922 0.1225 0.2308 19
0.9923 0.1224 -0.0175 20
0.9779 0.1204 0.264 19
0.9985 0.1215 0.0176 18
0.9775 0.1188 0.0516 24
1.0068 0.122 0.0887 20
0.9943 0.1203 -0.1586 21
0.9972 0.1205 0.1233 18
0.9933 0.1198 -0.1228 22
1.0041 0.1212 0.1602 21
1.0128 0.122 -0.0892 19
0.9921 0.1194 0.1942 19
0.9875 0.1186 -0.0521 24
0.9907 0.1188 0.2303 20
0.9987 0.1198 -0.0176 22
0.9878 0.1183 0.2666 19
1.0088 0.1194 0.0177 18
0.9779 0.1154 0.0516 22
0.9993 0.1176 0.088 20
0.9986 0.1175 -0.1593 21
1.0015 0.1177 0.1238 19
0.9937 0.1166 -0.1228 22
0.9849 0.1154 0.1571 17
1.0132 0.1185 -0.0892 19
1.0023 0.1172 0.1962 18
0.9919 0.1158 -0.0523 22
0.991 0.1155 0.2303 19
0.9931 0.1156 -0.0175 23
0.9844 0.1144 0.2655 19
1.0072 0.1156 0.0177 17
0.9822 0.1126 0.0518 21
0.9818 0.1122 0.0865 19
0.999 0.114 -0.1593 21
1.0039 0.1144 0.1241 21
0.996 0.1133 -0.1231 22
0.9971 0.1134 0.1589 19
0.9898 0.1124 -0.0872 19
0.9871 0.1119 0.1931 20
1.0022 0.1135 -0.0529 21
0.9876 0.1116 0.2295 21
0.9895 0.1119 -0.0174 23
0.9752 0.1101 0.263 18
0.9957 0.111 0.0175 20
0.9786 0.1087 0.0516 24
0.9981 0.1105 0.0879 20
0.9836 0.1089 -0.1567 20
0.9984 0.1104 0.1233 19
0.9846 0.1087 -0.1216 22
1.0033 0.1106 0.1599 21
0.9942 0.1094 -0.0875 18
0.9913 0.1091 0.1939 18
0.9887 0.1086 -0.0521 24
1.0015 0.1099 0.2326 19
0.9999 0.1095 -0.0176 22
0.9813 0.1073 0.2645 19
1.0001 0.1078 0.0176 18
0.981 0.1055 0.0517 22
0.9905 0.1062 0.0872 22
0.9958 0.1066 -0.1586 20
0.9889 0.1057 0.1221 18
0.9889 0.1057 -0.1221 19
1.0116 0.1079 0.1611 21
1.0084 0.1074 -0.0887 18
0.9956 0.1059 0.1946 18
1.003 0.1065 -0.0529 21
0.9922 0.1053 0.2303 19
1.0102 0.1071 -0.0177 22
0.9817 0.1039 0.2645 19
1.0024 0.1046 0.0176 20
0.9714 0.1012 0.0512 24
0.9968 0.1035 0.0877 20
0.9962 0.1033 -0.1586 20
0.9971 0.1032 0.1231 19
0.9833 0.1018 -0.1214 24
0.9982 0.1032 0.1589 19
1.0127 0.1045 -0.0891 19
1.0019 0.1032 0.1958 20
0.9994 0.1027 -0.0526 22
0.9945 0.1022 0.2308 19
0.9946 0.1021 -0.0175 20
0.9878 0.1012 0.2661 19
1.0067 0.1017 0.0177 20
0.9777 0.0984 0.0515 24
0.9932 0.0998 0.0873 20
1.0004 0.1004 -0.1593 20
0.9995 0.1001 0.1233 18
0.9856 0.0986 -0.1216 22
0.9946 0.0993 0.1583 21
1.0012 0.0999 -0.088 21
1.0041 0.1 0.1962 18
0.9997 0.0994 -0.0526 22
0.9832 0.0976 0.2281 19
0.995 0.0986 -0.0175 23
0.9862 0.0976 0.2655 19
1.0051 0.098 0.0176 20
0.982 0.0954 0.0517 24
0.9856 0.0956 0.0866 20
1.0008 0.0969 -0.1593 21
1.0038 0.097 0.1238 18
0.9959 0.0961 -0.1228 21
0.9871 0.095 0.1571 17
0.9896 0.0953 -0.087 21
0.9986 0.096 0.195 20
1.004 0.0963 -0.0529 22
0.9952 0.0953 0.2308 20
0.9913 0.0948 -0.0174 20
0.9789 0.0934 0.2635 19
0.9994 0.0939 0.0175 18
0.9903 0.0927 0.0521 22
0.9899 0.0925 0.087 22
0.9913 0.0925 -0.1577 21
1.0021 0.0933 0.1236 18
0.9962 0.0926 -0.1228 21
0.9913 0.092 0.1577 19
0.9959 0.0924 -0.0875 22
0.9892 0.0916 0.1931 18
1.0004 0.0924 -0.0526 22
0.9994 0.0922 0.2317 19
0.9956 0.0917 -0.0175 20
0.9869 0.0907 0.2655 19
1.0018 0.0906 0.0176 21
0.9906 0.0893 0.0521 22
1.0001 0.09 0.0879 20
0.9877 0.0887 -0.1571 21
0.9906 0.0888 0.1221 16
0.9926 0.0888 -0.1224 21
1.0035 0.0896 0.1596 19
1.0081 0.09 -0.0886 19
0.9875 0.088 0.1927 18
0.9887 0.0879 -0.052 24
0.9958 0.0883 0.2308 20
1.0099 0.0894 -0.0177 22
0.9853 0.0871 0.265 18
1.006 0.0875 0.0176 20
0.975 0.0844 0.0513 26
1.0004 0.0865 0.0879 20
0.9899 0.0854 -0.1574 21
0.9909 0.0853 0.1221 19
0.9869 0.0848 -0.1216 26
1.0038 0.0861 0.1596 19
1.0005 0.0858 -0.0879 16
0.9937 0.085 0.1939 20
0.989 0.0844 -0.052 22
0.9883 0.0842 0.229 19
0.9943 0.0845 -0.0174 23
0.9913 0.0841 0.2666 19
1.0004 0.0835 0.0175 21
0.9833 0.0817 0.0517 24
0.9987 0.0828 0.0877 21
0.9942 0.0823 -0.158 20
0.9991 0.0825 0.1231 22
0.9813 0.0808 -0.1209 21
0.9942 0.0817 0.158 21
1.0087 0.0829 -0.0886 16
0.996 0.0817 0.1942 19
0.9873 0.0808 -0.0519 24
0.9925 0.0811 0.2299 19
0.9926 0.0809 -0.0174 23
0.9878 0.0803 0.2655 19
1.0066 0.0805 0.0176 21
0.9795 0.0781 0.0515 24
0.9931 0.0789 0.0872 22
1.0023 0.0794 -0.1593 22
0.9914 0.0784 0.1221 21
0.9974 0.0787 -0.1228 21
0.9905 0.0781 0.1574 22
0.9892 0.0778 -0.0868 19
1.0021 0.0787 0.1954 18
0.9996 0.0783 -0.0525 21
0.9928 0.0776 0.2299 19
1.0008 0.0782 -0.0175 24
0.9726 0.0759 0.2614 19
0.9909 0.0759 0.0173 23
0.9858 0.0752 0.0518 25
0.9993 0.0758 0.0877 21
0.9908 0.0752 -0.1574 20
1.0055 0.0761 0.1238 18
0.9957 0.0752 -0.1226 22
0.9947 0.075 0.158 22
0.9934 0.0747 -0.0872 22
0.9828 0.0739 0.1916 19
0.9958 0.0747 -0.0523 24
1.0008 0.0749 0.2317 19
0.9971 0.0744 -0.0175 23
0.9806 0.073 0.2635 19
0.9952 0.0727 0.0174 24
0.988 0.0719 0.0519 24
1.0015 0.0727 0.0879 20
0.9989 0.0723 -0.1586 22
0.9761 0.0705 0.1202 22
0.9979 0.0719 -0.1228 24
1.0029 0.0721 0.1593 21
1.0016 0.072 -0.0879 18
0.9928 0.0712 0.1935 18
0.9961 0.0712 -0.0523 26
0.9894 0.0706 0.229 20
1.0113 0.072 -0.0177 24
0.9808 0.0696 0.2635 19
0.9954 0.0693 0.0174 24
0.9883 0.0684 0.0519 27
1.0018 0.0692 0.0879 21
0.9991 0.0688 -0.1586 20
0.9962 0.0684 0.1226 21
0.9902 0.0679 -0.1219 24
0.9913 0.0678 0.1574 22
0.9979 0.0682 -0.0875 18
0.9931 0.0677 0.1935 20
0.9864 0.0671 -0.0518 24
0.9857 0.0669 0.2281 20
1.0016 0.0678 -0.0175 22
0.9888 0.0667 0.2655 19
0.9997 0.066 0.0175 22
0.9766 0.0642 0.0513 24
0.9961 0.0653 0.0873 21
1.0014 0.0655 -0.1589 23
0.9944 0.0648 0.1224 19
0.9905 0.0644 -0.1219 26
0.9896 0.0642 0.1571 22
1.006 0.0652 -0.0882 18
0.9913 0.0641 0.1931 18
0.9906 0.0639 -0.052 22
0.984 0.0633 0.2277 20
0.9938 0.0637 -0.0174 23
0.989 0.0633 0.2655 19
1.0039 0.0628 0.0176 22
0.9867 0.0614 0.0518 25
0.9883 0.0613 0.0866 22
0.9937 0.0615 -0.1577 22
0.9907 0.0611 0.1219 21
0.9867 0.0607 -0.1214 21
0.9918 0.0608 0.1574 21
0.9903 0.0607 -0.0868 24
1.0014 0.0612 0.195 19
1.0008 0.061 -0.0525 24
0.994 0.0604 0.2299 19
0.996 0.0604 -0.0174 23
0.9777 0.0591 0.2624 19
0.9981 0.0589 0.0175 23
0.9849 0.0578 0.0517 24
0.9925 0.0581 0.087 23
0.99 0.0578 -0.1571 21
0.9909 0.0577 0.1219 26
0.9909 0.0575 -0.1219 26
1.0077 0.0583 0.1599 21
0.9906 0.0573 -0.0868 21
0.9878 0.057 0.1923 18
1.001 0.0575 -0.0525 24
0.9961 0.0571 0.2303 20
1.0022 0.0573 -0.0175 24
0.9817 0.0559 0.2635 19
0.9983 0.0555 0.0175 26
0.9891 0.0546 0.0519 28
1.0007 0.0551 0.0877 21
0.9882 0.0542 -0.1567 21
0.9871 0.054 0.1214 21
0.997 0.0543 -0.1226 22
1.006 0.0547 0.1596 21
1.0027 0.0545 -0.0879 18
0.992 0.0537 0.1931 19
0.9832 0.0531 -0.0516 26
1.0002 0.0538 0.2312 20
1.0164 0.0545 -0.0178 27
0.9819 0.0525 0.2635 20
0.9945 0.0518 0.0174 24
0.9774 0.0505 0.0513 26
1.0008 0.0516 0.0877 21
0.9923 0.051 -0.1574 21
0.9833 0.0503 0.1209 22
0.9853 0.0503 -0.1211 24
1.0022 0.0509 0.1589 19
1.0029 0.051 -0.0879 19
0.9961 0.0505 0.1939 20
0.9934 0.0501 -0.0521 26
0.9829 0.0494 0.2272 19
1.0026 0.0503 -0.0175 24
0.9821 0.0491 0.2635 19
1.0027 0.0487 0.0175 23
0.9735 0.0469 0.0511 29
1.003 0.0482 0.0879 21
0.9925 0.0475 -0.1574 21
1.0013 0.0477 0.1231 21
0.9994 0.0475 -0.1228 24
0.9964 0.0472 0.158 22
0.9991 0.0473 -0.0875 18
0.9962 0.047 0.1939 18
0.9856 0.0463 -0.0517 28
0.9908 0.0464 0.229 19
1.0028 0.0468 -0.0175 27
0.9784 0.0455 0.2624 20
0.9988 0.045 0.0175 26
0.9936 0.0446 0.0521 27
0.9853 0.0439 0.0863 23
0.9966 0.0442 -0.158 20
0.9975 0.0441 0.1226 24
1.0015 0.0441 -0.1231 24
0.9887 0.0435 0.1567 21
0.9873 0.0433 -0.0865 22
0.9925 0.0433 0.1931 22
1.0037 0.0436 -0.0526 24
0.9871 0.0428 0.2281 20
0.9969 0.0432 -0.0174 31
0.9805 0.0423 0.263 18
0.993 0.0414 0.0173 35
0.9838 0.0407 0.0516 30
0.9894 0.0406 0.0866 30
0.9849 0.0404 -0.1561 23
0.9977 0.0408 0.1226 21
0.9997 0.0407 -0.1228 24
1.0007 0.0405 0.1586 22
0.9914 0.04 -0.0868 22
0.9926 0.04 0.1931 20
1.0038 0.0403 -0.0526 29
0.997 0.0399 0.2303 20
1.0011 0.0399 -0.0175 22
0.9748 0.0386 0.2614 19
0.9951 0.0381 0.0174 41
0.98 0.0371 0.0514 34
1.0015 0.0378 0.0877 27
0.989 0.0371 -0.1567 21
0.9859 0.0368 0.1211 22
0.9879 0.0367 -0.1214 26
1.0048 0.0372 0.1593 21
0.9935 0.0368 -0.087 22
0.9908 0.0365 0.1927 20
0.994 0.0364 -0.0521 31
0.9912 0.0362 0.229 20
1.0112 0.0367 -0.0177 35
0.9788 0.0354 0.2624 19
0.9992 0.0347 0.0175 44
0.9701 0.0334 0.0509 35
1.0036 0.0343 0.0879 22
0.993 0.0338 -0.1574 23
0.986 0.0334 0.1211 22
0.994 0.0335 -0.1221 29
0.997 0.0334 0.158 22
0.9976 0.0334 -0.0873 21
0.9929 0.0331 0.1931 20
0.9841 0.0326 -0.0516 38
0.9894 0.0326 0.2286 20
0.9993 0.0328 -0.0175 37
0.9924 0.0324 0.2661 20
0.9994 0.0312 0.0175 57
0.9782 0.0302 0.0513 45
0.9937 0.0305 0.087 26
0.9971 0.0305 -0.158 22
0.9861 0.03 0.1211 24
0.9842 0.0297 -0.1209 28
0.9912 0.0298 0.1571 22
0.9977 0.03 -0.0873 25
0.9989 0.0298 0.1942 21
1.0002 0.0297 -0.0524 40
0.9915 0.0293 0.229 19
0.9914 0.0291 -0.0173 43
0.9829 0.0287 0.2635 19
1.0035 0.0279 0.0175 46
0.9903 0.0271 0.0519 39
0.9879 0.0269 0.0865 24
0.9893 0.0268 -0.1567 21
0.9962 0.0268 0.1224 24
0.9862 0.0263 -0.1211 33
0.9873 0.0262 0.1564 24
0.9899 0.0263 -0.0866 27
0.995 0.0262 0.1935 22
0.9983 0.0261 -0.0523 35
0.9857 0.0256 0.2277 18
0.9915 0.0256 -0.0173 48
0.9714 0.0249 0.2604 20
0.9916 0.0241 0.0173 49
0.9824 0.0235 0.0515 42
0.9879 0.0235 0.0865 30
0.9854 0.0232 -0.1561 23
0.9982 0.0234 0.1226 25
1.0022 0.0233 -0.1231 26
0.9953 0.0229 0.1577 24
0.9999 0.023 -0.0875 30
0.9814 0.0224 0.1908 22
0.9964 0.0226 -0.0522 46
0.9956 0.0224 0.2299 19
0.9956 0.0222 -0.0174 43
0.9734 0.0216 0.2609 21
0.9956 0.0207 0.0174 49
0.9884 0.0202 0.0518 46
0.986 0.02 0.0863 37
0.9855 0.0198 -0.1561 22
0.9824 0.0195 0.1207 28
0.9924 0.0196 -0.1219 33
1.0033 0.0196 0.1589 22
0.998 0.0195 -0.0873 33
0.9873 0.0191 0.192 21
0.9885 0.019 -0.0518 50
0.9956 0.0189 0.2299 19
1.0077 0.019 -0.0176 57
0.9773 0.0183 0.2619 21
0.9997 0.0173 0.0175 70
0.9665 0.0164 0.0507 54
0.9881 0.0166 0.0865 42
1.0034 0.0166 -0.1589 25
0.9865 0.0162 0.1211 27
0.9865 0.016 -0.1211 36
0.9955 0.016 0.1577 26
1.004 0.0161 -0.0879 30
0.9933 0.0158 0.1931 22
0.9905 0.0156 -0.0519 70
0.982 0.0153 0.2268 19
1.0077 0.0155 -0.0176 63
0.9909 0.015 0.2655 19
1.0018 0.0138 0.0175 71
0.9706 0.013 0.0509 50
0.9941 0.0132 0.087 38
1.0014 0.0131 -0.1586 23
0.9984 0.0129 0.1226 25
0.9885 0.0126 -0.1214 31
0.9876 0.0124 0.1564 28
1.0061 0.0126 -0.088 33
0.9933 0.0123 0.1931 23
0.9926 0.0121 -0.052 63
0.9899 0.0119 0.2286 18
0.9898 0.0117 -0.0173 69
0.9832 0.0115 0.2635 19
1.0058 0.0104 0.0176 68
0.9746 0.0097 0.0511 43
0.9922 0.0097 0.0868 46
0.9955 0.0096 -0.1577 22
0.9945 0.0094 0.1221 27
0.9885 0.0091 -0.1214 31
0.9936 0.009 0.1574 27
0.9922 0.009 -0.0868 30
0.9953 0.0089 0.1935 29
1.0046 0.0088 -0.0526 61
0.9899 0.0085 0.2286 19
0.9918 0.0083 -0.0173 89
0.9659 0.0079 0.2588 21
0.9818 0.0067 0.0171 100
0.9946 0.0064 0.0521 69
0.9922 0.0062 0.0868 50
0.9956 0.0061 -0.1577 22
0.9905 0.0059 0.1216 26
0.9905 0.0057 -0.1216 28
0.9956 0.0056 0.1577 27
0.9882 0.0055 -0.0865 40
0.9934 0.0054 0.1931 28
0.9966 0.0052 -0.0522 76
0.9958 0.005 0.2299 20
1.0078 0.0049 -0.0176 100
0.9678 0.0046 0.2593 19
0.9958 0.0033 0.0174 100
0.9866 0.0029 0.0517 72
0.9962 0.0028 0.0872 50
1.0015 0.0026 -0.1586 25
0.9806 0.0024 0.1204 28
0.9906 0.0022 -0.1216 26
0.9916 0.0021 0.1571 24
0.9982 0.0021 -0.0873 28
0.9954 0.0019 0.1935 27
0.9787 0.0017 -0.0513 100
0.9919 0.0016 0.229 19
0.9938 0.0014 -0.0173 100
0.9756 0.0012 0.2614 20
0.9918 -0.0002 0.0173 100
0.9787 -0.0005 0.0513 100
0.9982 -0.0007 0.0873 46
0.9995 -0.0009 -0.1583 25
0.9945 -0.001 0.1221 25
0.9806 -0.0012 -0.1204 28
0.9995 -0.0014 0.1583 27
1.0002 -0.0014 -0.0875 27
0.9934 -0.0016 0.1931 23
0.9886 -0.0017 -0.0518 100
0.9783 -0.0019 0.2259 19
1.0058 -0.0021 -0.0176 100
0.9833 -0.0022 0.2635 19
1.0018 -0.0035 0.0175 100
0.9687 -0.0037 0.0508 92
0.9942 -0.004 0.087 50
0.9995 -0.0042 -0.1583 23
1.0005 -0.0044 0.1228 27
0.9846 -0.0045 -0.1209 33
0.9857 -0.0046 0.1561 29
1.0002 -0.0047 -0.0875 39
0.9934 -0.0049 0.1931 24
0.9906 -0.005 -0.0519 100
0.9841 -0.0052 0.2272 19
0.9958 -0.0054 -0.0174 100
0.9872 -0.0055 0.2645 20
0.9878 -0.0069 0.0172 100
0.9906 -0.0073 0.0519 100
0.9902 -0.0074 0.0866 50
0.9975 -0.0077 -0.158 25
0.9965 -0.0078 0.1224 36
0.9925 -0.008 -0.1219 42
0.9877 -0.0081 0.1564 29
0.9942 -0.0082 -0.087 39
0.9934 -0.0083 0.1931 24
0.9946 -0.0085 -0.0521 100
0.988 -0.0086 0.2281 19
0.9898 -0.0088 -0.0173 86
0.9755 -0.0089 0.2614 19
0.9938 -0.0104 0.0173 100
0.9786 -0.0106 0.0513 100
0.9862 -0.0108 0.0863 63
0.9896 -0.0111 -0.1567 26
0.9965 -0.0113 0.1224 34
0.9984 -0.0115 -0.1226 37
0.9995 -0.0117 0.1583 27
0.9941 -0.0116 -0.087 40
0.9874 -0.0117 0.192 21
0.9946 -0.012 -0.0521 100
0.9899 -0.0121 0.2286 20
1.0118 -0.0125 -0.0177 106
0.9755 -0.0123 0.2614 19
0.9878 -0.0138 0.0172 100
0.9746 -0.0139 0.0511 100
0.9921 -0.0144 0.0868 59
0.9935 -0.0146 -0.1574 27
0.9905 -0.0147 0.1216 26
0.9845 -0.0148 -0.1209 49
0.9975 -0.0151 0.158 27
0.9921 -0.0151 -0.0868 43
0.9933 -0.0153 0.1931 22
0.9905 -0.0154 -0.0519 100
0.9957 -0.0156 0.2299 20
1.0017 -0.0159 -0.0175 102
0.9793 -0.0157 0.2624 19
0.9937 -0.0173 0.0173 100
0.9625 -0.0171 0.0505 100
1 -0.018 0.0875 53
0.9836 -0.0179 -0.1558 23
0.9745 -0.0179 0.1197 31
0.9785 -0.0181 -0.1202 48
0.9974 -0.0186 0.158 27
1 -0.0187 -0.0875 57
0.9913 -0.0187 0.1927 21
0.9885 -0.0188 -0.0518 100
0.98 -0.0188 0.2263 19
1.0137 -0.0196 -0.0177 119
0.9889 -0.0193 0.265 19
0.9956 -0.0209 0.0174 100
0.9645 -0.0205 0.0506 100
0.998 -0.0214 0.0873 41
0.9954 -0.0215 -0.1577 25
0.9903 -0.0216 0.1216 27
0.9844 -0.0217 -0.1209 52
0.9815 -0.0218 0.1555 28
0.99 -0.0219 -0.0866 68
0.9951 -0.0222 0.1935 21
0.9904 -0.0223 -0.0519 100
0.9858 -0.0224 0.2277 20
0.9896 -0.0226 -0.0173 128
0.9831 -0.0227 0.2635 19
0.9956 -0.0243 0.0174 100
0.9724 -0.0239 0.051 100
0.9899 -0.0247 0.0866 50
0.9992 -0.0251 -0.1583 30
0.9863 -0.025 0.1211 29
0.9783 -0.0249 -0.1202 48
0.9972 -0.0254 0.158 26
0.9859 -0.0253 -0.0863 63
0.9911 -0.0256 0.1927 21
0.9883 -0.0257 -0.0518 100
0.9896 -0.0259 0.2286 19
0.9855 -0.0258 -0.0172 128
0.9752 -0.0257 0.2614 19
0.9895 -0.0275 0.0173 100
0.9743 -0.0274 0.0511 100
0.9918 -0.0282 0.0868 50
0.9814 -0.0279 -0.1555 26
0.9902 -0.0283 0.1216 26
0.9882 -0.0285 -0.1214 52
0.9932 -0.0288 0.1574 27
0.9898 -0.0289 -0.0866 55
0.9812 -0.0286 0.1908 22
0.9882 -0.029 -0.0518 100
0.9876 -0.0291 0.2281 20
0.9994 -0.0297 -0.0175 126
0.9752 -0.0291 0.2614 19
0.9854 -0.0308 0.0172 100
0.9802 -0.031 0.0514 100
0.9977 -0.0317 0.0873 45
0.9872 -0.0315 -0.1564 33
0.9742 -0.0313 0.1197 26
0.9881 -0.0319 -0.1214 49
1.003 -0.0326 0.1589 24
0.9897 -0.0321 -0.0866 53
0.987 -0.0322 0.192 21
0.9901 -0.0325 -0.0519 96
0.9875 -0.0326 0.2281 20
1.0013 -0.0332 -0.0175 102
0.9789 -0.0326 0.2624 19
0.9952 -0.0346 0.0174 100
0.9641 -0.0338 0.0506 100
0.9976 -0.0352 0.0873 43
0.9969 -0.0353 -0.158 30
0.9899 -0.0353 0.1216 22
0.978 -0.035 -0.1202 58
1.0028 -0.0361 0.1589 24
1.0015 -0.036 -0.0877 54
0.979 -0.0354 0.1904 22
0.978 -0.0355 -0.0513 97
0.9737 -0.0355 0.225 21
0.9992 -0.0366 -0.0175 112
0.9865 -0.0363 0.2645 19
0.9971 -0.0381 0.0174 100
0.968 -0.0374 0.0508 100
0.9935 -0.0385 0.087 61
0.9869 -0.0384 -0.1564 30
0.9898 -0.0387 0.1216 26
0.9938 -0.039 -0.1221 66
0.983 -0.0388 0.1558 26
1.0014 -0.0395 -0.0877 45
0.9907 -0.0393 0.1927 21
0.9919 -0.0395 -0.052 100
0.9853 -0.0394 0.2277 19
0.9891 -0.0397 -0.0173 100
0.9787 -0.0395 0.2624 20
0.999 -0.0417 0.0175 100
0.9698 -0.0408 0.0509 100
0.9873 -0.0417 0.0865 48
0.9947 -0.0422 -0.1577 23
0.9956 -0.0424 0.1224 24
0.9817 -0.042 -0.1207 52
0.9888 -0.0425 0.1567 22
0.9853 -0.0423 -0.0863 59
0.9944 -0.0429 0.1935 21
0.9977 -0.0432 -0.0523 100
0.9871 -0.0429 0.2281 21
1.0029 -0.0438 -0.0175 87
0.9708 -0.0426 0.2604 20
0.9868 -0.0446 0.0172 100
0.9737 -0.0444 0.0511 100
0.9971 -0.0456 0.0873 45
0.9847 -0.0452 -0.1561 28
0.9955 -0.0459 0.1224 24
0.9955 -0.0461 -0.1224 39
0.9985 -0.0464 0.1583 24
0.9892 -0.046 -0.0866 40
0.9786 -0.0456 0.1904 25
1.0015 -0.0469 -0.0525 100
0.9928 -0.0466 0.2295 20
0.9987 -0.0471 -0.0175 97
0.9745 -0.0461 0.2614 19
0.9867 -0.0481 0.0172 100
0.9755 -0.0479 0.0512 100
0.989 -0.0487 0.0866 45
0.9963 -0.0493 -0.158 27
0.9854 -0.0489 0.1211 29
0.9953 -0.0495 -0.1224 39
0.9963 -0.0498 0.158 21
0.9989 -0.0499 -0.0875 34
0.9902 -0.0496 0.1927 22
0.9914 -0.0499 -0.052 100
0.9829 -0.0496 0.2272 20
1.0006 -0.0507 -0.0175 75
0.9801 -0.0498 0.263 18
1.0025 -0.0524 0.0175 100
0.9633 -0.0507 0.0506 99
0.9968 -0.0526 0.0873 43
0.9942 -0.0526 -0.1577 27
0.9852 -0.0523 0.1211 26
0.9792 -0.0522 -0.1204 52
0.9902 -0.0529 0.1571 24
1.0027 -0.0536 -0.0879 39
0.992 -0.0532 0.1931 21
0.9912 -0.0533 -0.052 100
0.9768 -0.0527 0.2259 19
0.9984 -0.0541 -0.0175 100
0.9934 -0.054 0.2666 19
0.9983 -0.0556 0.0175 100
0.9672 -0.0542 0.0508 91
1.0046 -0.0565 0.088 32
1.0019 -0.0565 -0.1589 28
0.9969 -0.0564 0.1226 25
0.9771 -0.0555 -0.1202 35
0.9861 -0.0562 0.1564 24
1.0065 -0.0573 -0.0882 34
1.0016 -0.0572 0.195 22
0.987 -0.0566 -0.0518 100
0.9844 -0.0566 0.2277 19
0.9982 -0.0576 -0.0175 100
0.9797 -0.0567 0.263 18
0.9941 -0.0585 0.0174 100
0.967 -0.0573 0.0508 77
0.9845 -0.0585 0.0863 35
0.9859 -0.0587 -0.1564 26
0.9809 -0.0586 0.1207 28
0.9809 -0.0588 -0.1207 33
0.9839 -0.0591 0.1561 22
0.9844 -0.0593 -0.0863 75
0.9877 -0.0595 0.1923 18
0.9928 -0.06 -0.0521 93
0.9843 -0.0597 0.2277 20
0.998 -0.0607 -0.0175 100
0.968 -0.059 0.2599 18
0.9899 -0.0618 0.0173 100
0.9787 -0.0614 0.0514 60
0.9962 -0.0629 0.0873 33
0.9837 -0.0622 -0.1561 24
0.9925 -0.0628 0.1221 24
0.9886 -0.0627 -0.1216 33
0.9877 -0.0628 0.1567 21
0.9783 -0.0624 -0.0858 46
0.9816 -0.0628 0.1912 19
0.9966 -0.0639 -0.0523 95
0.9957 -0.064 0.2303 20
0.9898 -0.0637 -0.0173 100
0.9697 -0.0625 0.2604 18
0.9997 -0.066 0.0175 100
0.9765 -0.0647 0.0513 50
1 -0.0666 0.0877 31
0.9875 -0.0659 -0.1567 26
0.9864 -0.066 0.1214 27
0.9923 -0.0666 -0.1221 34
0.9934 -0.0667 0.1577 19
0.9979 -0.0672 -0.0875 30
0.9794 -0.0661 0.1908 22
0.9844 -0.0666 -0.0517 72
0.9896 -0.0671 0.229 20
0.9996 -0.0678 -0.0175 74
0.9791 -0.0666 0.263 18
1.0034 -0.0696 0.0176 60
0.9723 -0.0678 0.0511 48
0.9977 -0.0699 0.0875 35
0.9833 -0.0689 -0.1561 28
0.9802 -0.0689 0.1207 28
0.9743 -0.0686 -0.1199 35
0.9971 -0.0704 0.1583 17
0.9977 -0.0706 -0.0875 25
0.9909 -0.0702 0.1931 20
0.9981 -0.0708 -0.0524 57
0.9797 -0.0697 0.2268 19
0.9933 -0.0709 -0.0174 74
0.9866 -0.0705 0.265 19
0.9952 -0.0726 0.0174 67
0.9741 -0.0712 0.0512 60
0.9975 -0.0733 0.0875 38
0.9988 -0.0735 -0.1586 23
0.9958 -0.0735 0.1226 24
0.976 -0.0722 -0.1202 31
0.9929 -0.0734 0.1577 19
0.9935 -0.0737 -0.0872 29
0.9985 -0.0742 0.1946 21
0.9979 -0.0743 -0.0524 61
0.9833 -0.0734 0.2277 19
0.9891 -0.0738 -0.0173 54
0.9786 -0.0732 0.263 19
0.993 -0.0757 0.0174 50
0.9678 -0.0741 0.0509 50
0.9873 -0.076 0.0866 34
0.9946 -0.0765 -0.158 21
0.9936 -0.0766 0.1224 24
0.9856 -0.0762 -0.1214 28
0.9926 -0.0769 0.1577 21
0.9853 -0.0765 -0.0865 29
0.9904 -0.0769 0.1931 21
0.9956 -0.0775 -0.0523 52
0.9831 -0.0767 0.2277 20
0.9928 -0.0776 -0.0174 51
0.9784 -0.0767 0.263 18
0.9867 -0.0787 0.0173 49
0.9815 -0.0786 0.0516 42
0.9831 -0.0789 0.0863 35
0.9924 -0.0798 -0.1577 22
0.9893 -0.0798 0.1219 26
0.9913 -0.0801 -0.1221 24
0.9923 -0.0804 0.1577 21
0.987 -0.0799 -0.0866 24
0.9902 -0.0804 0.1931 20
0.9973 -0.0811 -0.0524 43
0.9925 -0.0809 0.2299 20
0.9866 -0.0806 -0.0173 51
0.9704 -0.0794 0.2609 18
0.9924 -0.0826 0.0174 50
0.9812 -0.0821 0.0516 40
0.9907 -0.083 0.087 34
0.9862 -0.0828 -0.1567 22
0.9792 -0.0824 0.1207 26
0.989 -0.0834 -0.1219 24
0.994 -0.084 0.158 21
0.9907 -0.0837 -0.087 26
0.9879 -0.0837 0.1927 19
0.9891 -0.0839 -0.052 41
0.9922 -0.0844 0.2299 18
1.0022 -0.0854 -0.0176 46
0.9855 -0.0841 0.265 18
0.9921 -0.0861 0.0174 38
0.973 -0.0848 0.0512 40
0.9884 -0.0863 0.0868 28
0.9938 -0.0869 -0.158 22
0.9729 -0.0853 0.1199 24
0.9828 -0.0863 -0.1211 22
0.9996 -0.088 0.1589 21
0.9923 -0.0875 -0.0872 27
0.9954 -0.0878 0.1942 20
0.9848 -0.087 -0.0518 46
0.9725 -0.0861 0.2254 19
0.9939 -0.0882 -0.0174 43
0.9852 -0.0876 0.265 19
0.9958 -0.0899 0.0175 46
0.9707 -0.088 0.0511 32
0.9881 -0.0899 0.0868 26
0.9954 -0.0908 -0.1583 21
0.9904 -0.0903 0.1221 22
0.9805 -0.0896 -0.1209 21
0.9875 -0.0904 0.1571 19
0.994 -0.0912 -0.0873 22
0.9951 -0.0914 0.1942 19
0.9944 -0.0915 -0.0523 37
0.98 -0.0904 0.2272 18
0.9877 -0.0911 -0.0173 37
0.9849 -0.091 0.265 18
0.9994 -0.0939 0.0175 33
0.9783 -0.0923 0.0515 35
0.9819 -0.0928 0.0863 23
0.9892 -0.0937 -0.1574 22
0.996 -0.0945 0.1228 21
0.9861 -0.0937 -0.1216 21
0.9911 -0.0944 0.1577 21
0.9858 -0.0939 -0.0866 26
0.9967 -0.0951 0.1946 18
1.0021 -0.0958 -0.0528 28
0.9855 -0.0944 0.2286 19
0.9853 -0.0945 -0.0173 31
0.9692 -0.0932 0.2609 19
0.9812 -0.0957 0.0172 40
0.98 -0.0959 0.0516 26
0.9914 -0.0972 0.0872 24
0.9889 -0.0971 -0.1574 21
0.9878 -0.0972 0.1219 19
0.9838 -0.097 -0.1214 24
0.9967 -0.0984 0.1586 21
0.9815 -0.0969 -0.0863 24
0.9827 -0.0972 0.192 16
0.9938 -0.0985 -0.0523 33
0.9929 -0.0986 0.2303 19
0.991 -0.0986 -0.0174 28
0.9708 -0.0967 0.2614 19
0.9828 -0.0993 0.0172 31
0.9836 -0.0996 0.0518 27
0.9911 -0.1007 0.0872 24
0.9846 -0.1002 -0.1567 21
0.9914 -0.1011 0.1224 19
0.9815 -0.1002 -0.1211 21
0.9983 -0.1019 0.1589 19
0.991 -0.1014 -0.0872 21
0.9785 -0.1003 0.1912 18
0.9914 -0.1018 -0.0522 30
0.979 -0.1006 0.2272 18
1.0085 -0.1037 -0.0177 30
0.9781 -0.1007 0.2635 19
0.9944 -0.1038 0.0175 24
0.9713 -0.1017 0.0512 26
0.9927 -0.1043 0.0873 22
0.9921 -0.1043 -0.158 21
0.9871 -0.1039 0.1219 22
0.9772 -0.1031 -0.1207 22
0.9979 -0.1054 0.1589 19
0.9986 -0.1057 -0.0879 19
0.984 -0.1041 0.1923 19
0.9851 -0.1044 -0.0519 34
0.9786 -0.1039 0.2272 18
0.9903 -0.1053 -0.0174 34
0.9759 -0.1039 0.263 18
1 -0.1079 0.0176 21
0.971 -0.1051 0.0512 26
0.9884 -0.1072 0.087 24
0.9898 -0.1075 -0.1577 22
0.9828 -0.1069 0.1214 26
0.9788 -0.1067 -0.1209 21
0.9976 -0.1089 0.1589 17
0.9982 -0.109 -0.0879 18
0.9953 -0.1088 0.1946 18
0.9927 -0.1087 -0.0523 31
0.9821 -0.1077 0.2281 18
0.9819 -0.1079 -0.0172 30
0.987 -0.1086 0.2661 19
0.9897 -0.1103 0.0174 26
0.9766 -0.1092 0.0515 27
0.9841 -0.1102 0.0866 24
0.9835 -0.1103 -0.1567 21
0.9942 -0.1117 0.1228 19
0.9883 -0.1112 -0.1221 19
0.9834 -0.1108 0.1567 16
0.982 -0.1107 -0.0865 22
0.9852 -0.1112 0.1927 18
1.0022 -0.1133 -0.0529 28
0.9798 -0.1109 0.2277 18
0.9855 -0.1118 -0.0173 23
0.9694 -0.1101 0.2614 18
0.9933 -0.1142 0.0175 24
0.9901 -0.114 0.0522 25
0.9876 -0.1141 0.087 23
0.9753 -0.1128 -0.1555 23
0.9879 -0.1145 0.1221 21
0.984 -0.1142 -0.1216 19
0.9968 -0.1157 0.1589 19
0.9836 -0.1143 -0.0866 22
0.9789 -0.114 0.1916 19
0.9899 -0.1154 -0.0522 26
0.9949 -0.1162 0.2312 19
0.9911 -0.1157 -0.0174 20
0.9709 -0.1135 0.2619 19
0.9889 -0.117 0.0174 23
0.9877 -0.1173 0.0521 24
0.9872 -0.1175 0.087 23
0.9866 -0.1175 -0.1574 21
0.9777 -0.1166 0.1209 22
0.9836 -0.1175 -0.1216 22
1.0023 -0.1199 0.1599 17
0.9891 -0.1185 -0.0872 19
0.9844 -0.1179 0.1927 15
0.9876 -0.1185 -0.0521 26
0.981 -0.1178 0.2281 19
1.0006 -0.1204 -0.0176 24
0.9782 -0.1179 0.264 18
0.9905 -0.1207 0.0174 24
0.9675 -0.1183 0.0511 26
1.0027 -0.1228 0.0884 18
0.9862 -0.1209 -0.1574 18
0.9832 -0.1207 0.1216 17
0.9654 -0.1187 -0.1194 22
1.0058 -0.1238 0.1605 17
0.9927 -0.1222 -0.0875 19
0.984 -0.1213 0.1927 18
0.9852 -0.1217 -0.052 26
0.9805 -0.1213 0.2281 18
1.0042 -0.1244 -0.0177 22
0.9816 -0.1217 0.265 18
0.9921 -0.1244 0.0175 26
0.975 -0.1226 0.0515 26
0.9963 -0.1255 0.0879 20
0.9976 -0.1258 -0.1593 21
0.9946 -0.1256 0.1231 18
0.9808 -0.1241 -0.1214 22
0.9897 -0.1254 0.158 16
1.0002 -0.1267 -0.0882 16
0.9894 -0.1255 0.1939 19
0.9887 -0.1256 -0.0522 26
0.984 -0.1252 0.229 19
0.976 -0.1243 -0.0172 24
0.9812 -0.1252 0.265 18
0.9936 -0.1282 0.0175 21
0.9765 -0.1263 0.0516 26
0.984 -0.1274 0.0868 22
0.9854 -0.1278 -0.1574 20
1 -0.1299 0.1238 19
0.9823 -0.1278 -0.1216 21
0.9892 -0.1288 0.158 17
0.9799 -0.1276 -0.0865 21
0.9948 -0.1297 0.195 16
0.9981 -0.1303 -0.0528 26
0.9874 -0.1291 0.2299 18
0.9835 -0.1288 -0.0173 20
0.9692 -0.1271 0.2619 18
0.9852 -0.1306 0.0173 23
0.9761 -0.1297 0.0516 22
0.9756 -0.1298 0.0861 20
0.9849 -0.1312 -0.1574 20
0.9878 -0.1318 0.1224 18
0.9838 -0.1314 -0.1219 24
1.0005 -0.1339 0.1599 17
0.9874 -0.1321 -0.0872 19
0.9768 -0.1309 0.1916 19
0.9957 -0.1336 -0.0526 24
0.9889 -0.1328 0.2303 18
0.9909 -0.1333 -0.0175 20
0.9726 -0.131 0.263 18
0.9887 -0.1346 0.0174 22
0.9815 -0.1339 0.0519 22
0.9811 -0.134 0.0866 22
0.9825 -0.1344 -0.1571 20
0.9912 -0.1358 0.1228 18
0.9873 -0.1354 -0.1224 19
0.9961 -0.1368 0.1593 17
0.9929 -0.1364 -0.0877 16
0.9822 -0.1351 0.1927 16
0.9853 -0.1357 -0.0521 28
0.9845 -0.1357 0.2295 16
1.0023 -0.1384 -0.0177 22
0.9836 -0.136 0.2661 18
0.9982 -0.1394 0.0176 21
0.9732 -0.1362 0.0515 24
0.9984 -0.14 0.0882 20
0.9859 -0.1384 -0.1577 18
0.9829 -0.1381 0.1219 21
0.977 -0.1375 -0.1211 19
0.9976 -0.1406 0.1596 19
1.0003 -0.1409 -0.0884 19
0.9895 -0.1396 0.1942 18
0.9888 -0.1397 -0.0523 28
0.9821 -0.1389 0.229 18
0.99 -0.1402 -0.0175 23
0.9793 -0.1389 0.265 18
0.9937 -0.1423 0.0175 20
0.9747 -0.1398 0.0516 22
0.9821 -0.1412 0.0868 19
0.9893 -0.1424 -0.1583 20
0.9824 -0.1416 0.1219 19
0.9824 -0.1416 -0.1219 22
0.9873 -0.1425 0.158 16
0.9899 -0.143 -0.0875 18
0.9929 -0.1436 0.195 18
0.9903 -0.1434 -0.0524 22
0.9797 -0.1419 0.2286 16
0.9875 -0.1432 -0.0174 23
0.9769 -0.1418 0.2645 18
0.9932 -0.1456 0.0175 18
0.9801 -0.1439 0.0519 22
0.9816 -0.1444 0.0868 22
0.9908 -0.146 -0.1586 21
0.9917 -0.1463 0.1231 19
0.978 -0.1442 -0.1214 21
0.9888 -0.146 0.1583 21
0.9776 -0.1445 -0.0865 19
0.9885 -0.1463 0.1942 18
1.0017 -0.1484 -0.0531 22
0.9773 -0.1448 0.2281 18
0.9831 -0.1459 -0.0173 17
0.9707 -0.1442 0.263 19
0.9848 -0.1477 0.0174 20
0.9777 -0.147 0.0518 21
0.991 -0.1492 0.0877 18
0.9806 -0.1478 -0.1571 20
0.9893 -0.1493 0.1228 18
0.9853 -0.1488 -0.1224 19
1 -0.1512 0.1602 19
0.985 -0.149 -0.0872 17
0.9803 -0.1484 0.1927 18
0.9933 -0.1506 -0.0526 22
0.9845 -0.1494 0.2299 19
0.9865 -0.1499 -0.0174 23
0.9702 -0.1476 0.263 18
0.9863 -0.1515 0.0174 20
0.9811 -0.151 0.052 21
0.9806 -0.1511 0.0868 20
0.982 -0.1515 -0.1574 21
0.9888 -0.1527 0.1228 19
0.9809 -0.1517 -0.1219 21
1.0014 -0.155 0.1605 16
0.9884 -0.153 -0.0875 18
0.9778 -0.1515 0.1923 20
0.977 -0.1516 -0.0518 26
0.9879 -0.1535 0.2308 18
0.9899 -0.154 -0.0175 22
0.9735 -0.1516 0.264 19
0.9937 -0.1561 0.0176 17
0.9687 -0.1526 0.0514 22
1.0018 -0.1579 0.0887 20
0.9912 -0.1565 -0.1589 20
0.9843 -0.1555 0.1224 18
0.9666 -0.1529 -0.1202 20
0.997 -0.1579 0.1599 16
0.9918 -0.1573 -0.0879 18
0.9908 -0.1571 0.195 16
0.9843 -0.1563 -0.0522 24
0.9758 -0.1551 0.2281 18
0.9894 -0.1574 -0.0175 19
0.9863 -0.1571 0.2676 17
0.9971 -0.1602 0.0176 18
0.9701 -0.1563 0.0515 22
0.9854 -0.1591 0.0873 20
0.9867 -0.1595 -0.1583 20
0.9877 -0.1596 0.1228 18
0.9837 -0.1592 -0.1224 19
0.9886 -0.1601 0.1586 16
0.9873 -0.1601 -0.0875 19
0.9883 -0.1604 0.1946 19
0.9916 -0.1611 -0.0526 22
0.9829 -0.1599 0.2299 18
0.9829 -0.1599 -0.0174 20
0.982 -0.1599 0.2666 18
0.9945 -0.1636 0.0176 18
0.9775 -0.1611 0.0519 19
0.9829 -0.1622 0.0872 22
0.9901 -0.1636 -0.1589 20
0.9949 -0.1645 0.1238 18
0.9792 -0.1621 -0.1219 17
0.988 -0.1637 0.1586 17
0.9808 -0.1626 -0.087 19
0.9916 -0.1645 0.1954 18
0.995 -0.1653 -0.0529 21
0.9862 -0.164 0.2308 18
0.9764 -0.1625 -0.0173 20
0.9661 -0.161 0.2624 17
0.988 -0.166 0.0175 17
0.9808 -0.1652 0.0521 19
0.9863 -0.1663 0.0875 18
0.9759 -0.1647 -0.1567 18
0.9885 -0.167 0.1231 16
0.9865 -0.1668 -0.1228 19
0.9953 -0.1685 0.1599 17
0.994 -0.1683 -0.0882 18
0.9756 -0.1654 0.1923 19
0.9885 -0.1677 -0.0525 17
0.9933 -0.1687 0.2326 18
0.9877 -0.1679 -0.0175 13
0.9656 -0.1644 0.2624 17
0.9894 -0.1698 0.0175 18
0.9763 -0.1679 0.0519 21
0.9896 -0.1704 0.0879 18
0.985 -0.1698 -0.1583 18
0.98 -0.1691 0.1221 18
0.98 -0.1693 -0.1221 17
0.9947 -0.172 0.1599 16
0.9856 -0.1704 -0.0875 15
0.9808 -0.1698 0.1935 18
0.9859 -0.1708 -0.0524 19
0.985 -0.1708 0.2308 18
0.9969 -0.1731 -0.0177 16
0.9783 -0.17 0.2661 18
0.9927 -0.174 0.0176 16
0.9718 -0.1707 0.0517 19
0.9929 -0.1745 0.0882 18
0.9941 -0.1749 -0.1599 20
0.9775 -0.1722 0.1219 21
0.9736 -0.1717 -0.1214 17
0.9902 -0.1748 0.1593 16
0.9889 -0.1745 -0.0879 16
0.9841 -0.1739 0.1942 18
0.9834 -0.1739 -0.0523 22
0.9806 -0.1736 0.2299 18
0.9825 -0.1741 -0.0174 20
0.9815 -0.1741 0.2671 19
0.996 -0.1781 0.0177 16
0.9692 -0.1735 0.0516 19
0.9943 -0.1784 0.0884 18
0.9974 -0.1791 -0.1605 20
0.9828 -0.1766 0.1226 18
0.971 -0.1745 -0.1211 19
0.9915 -0.1784 0.1596 17
0.9883 -0.178 -0.0879 18
0.9892 -0.1783 0.1954 20
0.9867 -0.1781 -0.0525 19
0.9838 -0.1775 0.2308 18
0.982 -0.1774 -0.0174 17
0.9847 -0.1781 0.2681 18
0.9935 -0.1811 0.0176 18
0.9726 -0.1775 0.0518 19
0.9741 -0.1781 0.0866 20
0.9852 -0.1803 -0.1586 18
0.99 -0.1813 0.1236 18
0.9822 -0.1799 -0.1226 17
0.9812 -0.1799 0.158 17
0.9818 -0.1802 -0.0873 18
0.9848 -0.1809 0.1946 18
0.9861 -0.1813 -0.0525 19
0.9794 -0.1801 0.2299 18
0.9814 -0.1806 -0.0174 20
0.9708 -0.1789 0.2645 19
0.9909 -0.184 0.0176 17
0.9818 -0.1827 0.0523 19
0.9833 -0.1831 0.0875 18
0.9846 -0.1835 -0.1586 20
0.9855 -0.1839 0.1231 16
0.9835 -0.1837 -0.1228 16
0.9961 -0.1862 0.1605 16
0.991 -0.1853 -0.0882 18
0.9803 -0.1835 0.1939 19
0.9894 -0.1853 -0.0528 19
0.9883 -0.1853 0.2321 16
0.9866 -0.1852 -0.0175 16
0.9683 -0.1819 0.264 18
0.9844 -0.1864 0.0175 18
0.9733 -0.1846 0.0519 19
0.9885 -0.1877 0.088 18
0.9761 -0.1855 -0.1574 18
0.9848 -0.1873 0.1231 18
0.9789 -0.1864 -0.1224 17
1.0013 -0.1908 0.1614 19
0.9903 -0.1887 -0.0882 15
0.9816 -0.1872 0.1942 18
0.9848 -0.188 -0.0525 17
0.9915 -0.1895 0.233 19
0.9879 -0.189 -0.0176 19
0.979 -0.1875 0.2671 19
0.9955 -0.1921 0.0177 17
0.9629 -0.1859 0.0514 21
0.9839 -0.1904 0.0877 18
0.9832 -0.1904 -0.1586 18
0.9919 -0.1923 0.1241 15
0.9724 -0.1887 -0.1216 19
0.9948 -0.193 0.1605 16
0.9897 -0.1922 -0.0882 16
0.9829 -0.191 0.1946 19
0.9822 -0.1911 -0.0524 21
0.9794 -0.1907 0.2303 18
0.9912 -0.193 -0.0176 16
0.9803 -0.1911 0.2676 18
0.989 -0.1942 0.0176 16
0.9622 -0.1893 0.0514 22
0.9852 -0.1942 0.0879 18
0.9962 -0.1963 -0.1608 21
0.9991 -0.1971 0.125 18
0.9776 -0.193 -0.1224 19
0.9825 -0.1942 0.1586 16
0.9929 -0.1964 -0.0886 16
0.988 -0.1955 0.1958 18
0.9816 -0.1944 -0.0524 19
0.9845 -0.1951 0.2317 19
0.9768 -0.1938 -0.0174 20
0.9796 -0.1945 0.2676 18
0.9863 -0.1973 0.0176 18
0.9713 -0.1946 0.0519 19
0.9787 -0.1963 0.0873 18
0.9858 -0.1979 -0.1593 18
0.9809 -0.1971 0.1228 16
0.9789 -0.1968 -0.1226 17
0.9857 -0.1984 0.1593 17
0.9903 -0.1993 -0.0884 16
0.9854 -0.1985 0.1954 19
0.9907 -0.1998 -0.053 19
0.9857 -0.1989 0.2321 18
0.9859 -0.1992 -0.0176 19
0.9733 -0.1968 0.2661 18
0.9876 -0.2011 0.0176 17
0.9746 -0.1988 0.0521 21
0.9761 -0.1993 0.0872 19
0.9832 -0.2009 -0.1589 20
0.9938 -0.2033 0.1246 15
0.9899 -0.2027 -0.1241 19
0.9869 -0.2022 0.1596 14
0.9759 -0.2 -0.0872 17
0.9828 -0.2016 0.195 18
0.9861 -0.2024 -0.0528 19
1.0002 -0.2055 0.2357 18
0.9852 -0.2026 -0.0176 19
0.9726 -0.2002 0.2661 18
0.9908 -0.2054 0.0177 16
0.9719 -0.2018 0.052 19
0.9851 -0.2047 0.088 18
0.9805 -0.204 -0.1586 18
0.9756 -0.2031 0.1224 16
0.9814 -0.2045 -0.1231 19
1.0036 -0.2093 0.1624 17
0.9908 -0.2068 -0.0886 16
0.9821 -0.205 0.195 18
0.9756 -0.2038 -0.0522 22
0.9843 -0.2058 0.2321 18
0.9943 -0.2081 -0.0177 16
0.9757 -0.2044 0.2671 18
0.9842 -0.2076 0.0176 17
0.9614 -0.2031 0.0515 21
0.9883 -0.2092 0.0884 18
0.9914 -0.21 -0.1605 20
0.9904 -0.2098 0.1243 16
0.9729 -0.2063 -0.1221 19
0.9952 -0.2112 0.1611 17
0.9959 -0.2115 -0.0891 19
0.9851 -0.2094 0.1958 18
0.9807 -0.2086 -0.0525 17
0.9759 -0.2078 0.2303 18
0.976 -0.2078 -0.0174 20
0.9882 -0.2106 0.2707 18
0.9991 -0.2145 0.0178 18
0.9685 -0.2083 0.0519 19
0.9875 -0.2126 0.0884 18
0.9848 -0.2122 -0.1596 20
0.9974 -0.2151 0.1253 16
0.9702 -0.2094 -0.1219 19
0.9867 -0.2131 0.1599 16
0.9874 -0.2133 -0.0884 15
0.9786 -0.2116 0.1946 16
0.9897 -0.2142 -0.0531 19
0.9809 -0.2124 0.2317 16
0.9732 -0.211 -0.0174 17
0.9798 -0.2126 0.2687 17
1.0003 -0.2185 0.0179 18
0.9717 -0.2126 0.0521 19
0.977 -0.2139 0.0875 18
0.986 -0.2161 -0.1599 18
0.9908 -0.2173 0.1246 18
0.9753 -0.2141 -0.1226 17
0.9917 -0.2179 0.1608 16
0.9788 -0.215 -0.0877 15
0.9856 -0.2167 0.1962 19
0.9929 -0.2185 -0.0533 19
0.9858 -0.2171 0.233 18
0.9842 -0.2169 -0.0176 16
0.9659 -0.2131 0.265 18
0.9858 -0.2189 0.0176 17
0.9826 -0.2186 0.0528 20
0.9841 -0.2191 0.0882 18
0.9853 -0.2195 -0.1599 20
0.9901 -0.2208 0.1246 16
0.992 -0.2214 -0.1248 19
0.9967 -0.2226 0.1618 16
0.982 -0.2193 -0.088 15
0.9752 -0.218 0.1942 18
0.9823 -0.2198 -0.0528 17
0.9908 -0.2218 0.2344 18
0.9737 -0.2182 -0.0174 17
0.9727 -0.2181 0.2671 18
0.989 -0.2232 0.0177 17
0.9779 -0.2211 0.0525 17
0.9852 -0.2229 0.0884 18
0.9864 -0.2234 -0.1602 18
0.9796 -0.222 0.1233 16
0.9776 -0.2218 -0.1231 17
0.9959 -0.2261 0.1618 17
0.9851 -0.2236 -0.0884 19
0.984 -0.2236 0.1962 19
0.9757 -0.2219 -0.0524 21
0.9824 -0.2236 0.2326 16
0.9846 -0.2242 -0.0176 13
0.9757 -0.2224 0.2681 18
0.9765 -0.2238 0.0175 17
0.9597 -0.2203 0.0516 22
0.9864 -0.2266 0.0886 18
0.9895 -0.2275 -0.1608 20
0.9847 -0.2266 0.1241 15
0.9692 -0.2232 -0.1221 17
0.9933 -0.2289 0.1614 16
0.9882 -0.2278 -0.0887 15
0.9852 -0.2273 0.1965 18
0.9789 -0.226 -0.0526 19
0.9835 -0.2272 0.233 18
0.9897 -0.2289 -0.0177 16
0.9806 -0.2269 0.2697 18
0.9874 -0.23 0.0177 17
0.9686 -0.2259 0.0521 19
0.9876 -0.2305 0.0887 18
0.9829 -0.2296 -0.1599 18
0.9955 -0.2328 0.1255 18
0.978 -0.2289 -0.1233 19
0.9848 -0.2306 0.1602 14
0.9971 -0.2335 -0.0896 16
0.9882 -0.2316 0.1973 18
0.9859 -0.2312 -0.0531 19
0.9789 -0.2298 0.2321 18
0.9753 -0.2291 -0.0175 13
0.9779 -0.2299 0.2692 18
0.9905 -0.2343 0.0178 17
0.9601 -0.2273 0.0517 19
0.9713 -0.2303 0.0873 20
0.9879 -0.2344 -0.1608 21
0.9966 -0.2367 0.1258 16
0.9753 -0.2318 -0.1231 17
0.984 -0.2339 0.1602 14
0.9788 -0.2328 -0.088 15
0.9798 -0.2332 0.1958 18
0.9889 -0.2356 -0.0533 19
0.9838 -0.2346 0.2335 19
0.9823 -0.2342 -0.0176 19
0.9602 -0.2291 0.2645 17
0.9819 -0.2357 0.0176 18
0.9787 -0.2353 0.0528 17
0.9821 -0.2365 0.0884 18
0.9794 -0.2359 -0.1596 20
0.9823 -0.2367 0.1241 18
0.9842 -0.2374 -0.1243 19
0.987 -0.2382 0.1608 16
0.98 -0.2367 -0.0882 16
0.979 -0.2365 0.1958 18
0.9823 -0.2375 -0.053 19
0.9849 -0.2383 0.2339 18
0.9815 -0.2376 -0.0176 13
0.9688 -0.2347 0.2671 18
0.9753 -0.2377 0.0175 16
0.974 -0.2378 0.0525 17
0.9793 -0.2393 0.0882 17
0.9709 -0.2374 -0.1583 17
0.9776 -0.2392 0.1236 16
0.9756 -0.2389 -0.1233 22
0.9938 -0.2436 0.1621 14
0.9869 -0.2419 -0.0889 18
0.982 -0.2408 0.1965 18
0.9795 -0.2404 -0.0529 19
0.9803 -0.2408 0.233 18
0.9845 -0.242 -0.0177 16
0.9755 -0.24 0.2692 18
0.9977 -0.2469 0.0179 16
0.9712 -0.2407 0.0524 19
0.9882 -0.2451 0.0891 18
0.9931 -0.2465 -0.1621 21
0.9825 -0.2441 0.1243 16
0.969 -0.2409 -0.1226 17
0.993 -0.247 0.1621 14
0.9899 -0.2463 -0.0892 18
0.9907 -0.2466 0.1984 19
0.9845 -0.2453 -0.0532 19
0.9832 -0.2452 0.2339 18
0.9798 -0.2445 -0.0176 13
0.984 -0.2457 0.2718 17
0.9969 -0.2504 0.0179 16
0.9723 -0.2446 0.0525 17
0.9796 -0.2466 0.0884 18
0.9827 -0.2476 -0.1605 18
0.9913 -0.2499 0.1255 18
0.9778 -0.2467 -0.1238 19
0.9845 -0.2486 0.1608 19
0.9891 -0.2497 -0.0892 18
0.9936 -0.251 0.1992 18
0.9895 -0.2502 -0.0535 19
0.9862 -0.2495 0.2348 18
0.9789 -0.2479 -0.0176 11
0.9757 -0.2472 0.2697 17
0.9902 -0.2524 0.0178 18
0.9753 -0.249 0.0528 19
0.9787 -0.25 0.0884 18
0.9914 -0.2534 -0.1621 21
0.9904 -0.2534 0.1255 15
0.9846 -0.2521 -0.1248 19
0.9836 -0.252 0.1608 16
0.9824 -0.2517 -0.0887 16
0.9889 -0.2535 0.1984 19
0.9944 -0.2551 -0.0538 17
0.9796 -0.2515 0.2335 19
0.9742 -0.2503 -0.0176 13
0.9692 -0.2492 0.2681 18
0.9796 -0.2533 0.0177 16
0.9783 -0.2534 0.053 17
0.9778 -0.2534 0.0884 18
0.9771 -0.2534 -0.1599 18
0.9876 -0.2563 0.1253 16
0.9837 -0.2555 -0.1248 19
0.9923 -0.2579 0.1624 17
0.9777 -0.2541 -0.0884 15
0.969 -0.252 0.1946 16
0.9838 -0.2561 -0.0533 19
0.9825 -0.2559 0.2344 16
0.9791 -0.2552 -0.0177 13
0.9702 -0.2531 0.2687 18
0.9807 -0.2573 0.0177 18
0.9736 -0.2558 0.0528 17
0.9847 -0.2589 0.0891 18
0.9819 -0.2583 -0.1608 18
0.9829 -0.2588 0.1248 16
0.9828 -0.2589 -0.1248 19
0.9894 -0.2609 0.1621 14
0.9864 -0.2601 -0.0892 16
0.9776 -0.2579 0.1965 18
0.9771 -0.258 -0.053 17
0.9835 -0.2599 0.2348 18
0.9802 -0.2592 -0.0177 13
0.9786 -0.2589 0.2712 18
0.9914 -0.2638 0.0179 17
0.963 -0.2566 0.0522 19
0.9857 -0.2628 0.0892 17
0.9887 -0.2638 -0.1621 20
0.9839 -0.2627 0.125 15
0.9781 -0.2613 -0.1243 16
0.9923 -0.2653 0.1627 14
0.9816 -0.2625 -0.0889 15
0.9843 -0.2634 0.1981 18
0.9762 -0.2614 -0.053 17
0.9675 -0.2592 0.2312 15
0.985 -0.2641 -0.0178 16
0.9852 -0.2643 0.2733 16
0.9866 -0.2662 0.0178 16
0.9718 -0.2626 0.0528 17
0.9809 -0.2652 0.0889 17
0.9896 -0.2678 -0.1624 20
0.9925 -0.2687 0.1263 13
0.9733 -0.2637 -0.1238 19
0.9761 -0.2647 0.1602 13
0.9903 -0.2685 -0.0898 18
0.9872 -0.2678 0.1988 16
0.9753 -0.2648 -0.053 17
0.9647 -0.2621 0.2308 9
0.9764 -0.2655 -0.0177 11
0.9619 -0.2617 0.2671 9
0.9856 -0.2696 0.0178 15
0.9728 -0.2663 0.0529 15
0.978 -0.2681 0.0887 11
0.9735 -0.267 -0.1599 16
0.9495 -0.2606 0.1209 5
0.9724 -0.2671 -0.1238 16
0.981 -0.2695 0.1611 6
0.974 -0.2677 -0.0884 12
0.9862 -0.2713 0.1988 5
0.9744 -0.2682 -0.053 14
0.9562 -0.2634 -0.0173 8
0.9693 -0.2686 0.0176 3
0.9554 -0.2655 -0.1571 6
0.9811 -0.273 -0.125 4
0.9481 -0.2642 -0.0861 3
