1.987 0.2127 -0.1748 2
2.0036 0.2074 -0.1762 2
2.0642 0.2133 -0.1088 2
2.0043 0.2008 -0.1762 3
2.0788 0.2075 -0.1095 16
2.0248 0.1957 -0.178 9
2.0616 0.1985 -0.1085 17
2.1279 0.2041 -0.0373 15
2.2019 0.2078 0.0386 7
2.0275 0.1888 -0.1781 22
2.0563 0.1908 -0.1082 17
2.1266 0.1965 -0.0373 17
2.1966 0.1995 0.0385 13
2.2716 0.2055 0.1195 9
2.0261 0.1815 -0.178 18
2.059 0.1838 -0.1083 17
2.1253 0.1889 -0.0372 16
2.2132 0.1932 0.0388 15
2.2683 0.1973 0.1193 16
2.0089 0.1729 -0.1764 17
2.0636 0.1769 -0.1085 17
2.1239 0.1813 -0.0372 15
2.2159 0.1857 0.0388 16
2.271 0.1895 0.1194 14
2.0055 0.1656 -0.1761 18
2.0682 0.17 -0.1088 17
2.1146 0.1731 -0.037 16
2.2006 0.1767 0.0385 16
2.2676 0.1813 0.1192 15
1.9981 0.158 -0.1754 17
2.0568 0.1619 -0.1081 17
2.1272 0.1667 -0.0372 16
2.2052 0.1693 0.0386 16
2.2683 0.1733 0.1192 14
1.9986 0.151 -0.1754 17
2.0534 0.1544 -0.1079 17
2.1277 0.1592 -0.0372 16
2.2137 0.1622 0.0387 16
2.2648 0.1655 0.119 14
2.019 0.1454 -0.1771 19
2.0579 0.1475 -0.1081 18
2.1302 0.1523 -0.0373 16
2.2103 0.1546 0.0387 16
2.2634 0.1575 0.1189 15
1.9997 0.137 -0.1754 17
2.0624 0.141 -0.1083 17
2.1188 0.1441 -0.0371 16
2.1988 0.146 0.0385 16
2.262 0.1494 0.1188 15
2.0021 0.1305 -0.1755 18
2.0668 0.134 -0.1085 17
2.1193 0.1367 -0.0371 16
2.1953 0.1381 0.0384 16
2.2665 0.1418 0.119 14
2.0045 0.1237 -0.1757 17
2.0633 0.1266 -0.1083 18
2.1197 0.1293 -0.0371 15
2.2058 0.131 0.0386 17
2.2689 0.134 0.1191 15
2.0109 0.117 -0.1762 18
2.0478 0.1184 -0.1075 17
2.1302 0.1225 -0.0372 16
2.2002 0.123 0.0385 16
2.2614 0.1256 0.1187 15
2.0093 0.1099 -0.1761 17
2.0601 0.1119 -0.1081 18
2.1266 0.1148 -0.0372 16
2.2086 0.1157 0.0386 17
2.2519 0.1172 0.1182 15
2.0097 0.1029 -0.1761 17
2.0565 0.1045 -0.1079 17
2.117 0.1069 -0.037 15
2.201 0.1076 0.0385 17
2.2642 0.1099 0.1188 15
2.0021 0.0955 -0.1754 17
2.0629 0.0976 -0.1082 18
2.1233 0.0998 -0.0371 16
2.1974 0.0998 0.0384 16
2.2626 0.1023 0.1187 15
1.9984 0.0883 -0.175 17
2.0612 0.0904 -0.1081 17
2.1217 0.0926 -0.0371 15
2.1977 0.0925 0.0384 16
2.2649 0.0945 0.1188 14
1.9927 0.0811 -0.1745 17
2.0455 0.0829 -0.1073 17
2.124 0.0853 -0.0371 16
2.204 0.0851 0.0385 17
2.2612 0.0865 0.1186 15
2.0109 0.0748 -0.1761 17
2.0578 0.0762 -0.1079 17
2.1223 0.0778 -0.0371 17
2.2063 0.0774 0.0385 16
2.2575 0.0784 0.1184 15
2.0092 0.0677 -0.1759 18
2.058 0.0686 -0.1079 18
2.1165 0.0702 -0.037 16
2.2066 0.0693 0.0385 16
2.2518 0.0704 0.1181 15
2.0034 0.0605 -0.1754 18
2.0682 0.0617 -0.1084 18
2.1207 0.0629 -0.037 16
2.1868 0.0615 0.0382 17
2.262 0.0628 0.1186 15
1.9996 0.0534 -0.175 18
2.0545 0.0545 -0.1077 17
2.119 0.0555 -0.037 16
2.191 0.0539 0.0383 16
2.2622 0.0553 0.1186 15
1.9978 0.0467 -0.1748 17
2.0447 0.0471 -0.1072 18
2.1171 0.0484 -0.037 16
2.1952 0.0467 0.0383 17
2.2524 0.0472 0.1181 15
2.0139 0.0401 -0.1762 18
2.0428 0.0403 -0.1071 17
2.1213 0.0411 -0.037 16
2.2033 0.0392 0.0385 17
2.2566 0.0394 0.1183 15
2.0101 0.033 -0.1759 18
2.0549 0.0334 -0.1077 17
2.1154 0.0336 -0.0369 16
2.1954 0.0314 0.0383 16
2.2567 0.0315 0.1183 15
1.9962 0.0258 -0.1747 17
2.067 0.026 -0.1083 18
2.1135 0.0262 -0.0369 16
2.1915 0.0233 0.0383 17
2.2608 0.0233 0.1185 15
2.0043 0.0189 -0.1754 19
2.0631 0.0187 -0.1081 17
2.1236 0.0185 -0.0371 16
2.1956 0.0157 0.0383 16
2.2688 0.0154 0.1189 15
2.0003 0.0119 -0.175 17
2.0512 0.0115 -0.1075 17
2.1176 0.0111 -0.037 16
2.1917 0.008 0.0383 16
2.2489 0.0075 0.1179 15
2.0083 0.0049 -0.1757 17
2.0512 0.0043 -0.1075 18
2.1217 0.0037 -0.037 16
2.1997 0.0004 0.0384 16
2.2569 -0.0004 0.1183 15
2.0123 -0.0021 -0.1761 18
2.0512 -0.0029 -0.1075 17
2.1117 -0.0037 -0.0369 16
2.1997 -0.0073 0.0384 16
2.2569 -0.0083 0.1183 15
1.9944 -0.0091 -0.1745 16
2.0591 -0.0101 -0.1079 18
2.1156 -0.0111 -0.0369 17
2.1916 -0.0149 0.0383 16
2.2648 -0.0162 0.1187 15
2.0023 -0.0161 -0.1752 22
2.0551 -0.0172 -0.1077 17
2.1096 -0.0184 -0.0368 16
2.1916 -0.0226 0.0383 16
2.2648 -0.0241 0.1187 15
2.0062 -0.0231 -0.1755 16
2.0431 -0.0242 -0.1071 18
2.1235 -0.0259 -0.0371 16
2.1915 -0.0302 0.0383 17
2.2487 -0.0318 0.1179 15
2.0101 -0.0302 -0.1759 17
2.0489 -0.0315 -0.1074 18
2.1194 -0.0333 -0.037 16
2.1993 -0.038 0.0384 17
2.2486 -0.0392 0.1179 15
2.008 -0.0372 -0.1757 18
2.0528 -0.0387 -0.1076 18
2.1033 -0.04 -0.0367 17
2.1992 -0.0453 0.0384 17
2.2524 -0.0468 0.1181 15
1.9959 -0.0436 -0.1747 17
2.0567 -0.0456 -0.1078 18
2.1092 -0.0471 -0.0368 17
2.185 -0.0523 0.0382 17
2.2483 -0.0546 0.1179 15
1.9977 -0.0502 -0.1748 18
2.0605 -0.0525 -0.108 17
2.115 -0.0546 -0.0369 17
2.1828 -0.0598 0.0381 17
2.256 -0.0626 0.1183 15
1.9956 -0.0571 -0.1747 14
2.0423 -0.0592 -0.1071 17
2.1148 -0.062 -0.0369 16
2.1926 -0.0678 0.0383 17
2.2438 -0.0701 0.1177 15
1.9973 -0.0642 -0.1748 13
2.0481 -0.0665 -0.1074 18
2.1145 -0.0694 -0.0369 16
2.1964 -0.0755 0.0384 17
2.2515 -0.0782 0.1181 15
1.9971 -0.0711 -0.1748 11
2.0419 -0.0734 -0.1071 18
2.1063 -0.0765 -0.0368 17
2.2021 -0.0831 0.0385 16
2.2513 -0.0857 0.1181 15
2.0008 -0.0779 -0.1752 14
2.0596 -0.0809 -0.108 18
2.11 -0.0836 -0.0369 17
2.1878 -0.0902 0.0382 17
2.2589 -0.0939 0.1185 15
1.9926 -0.0846 -0.1745 11
2.0453 -0.0875 -0.1073 18
2.1137 -0.0912 -0.0369 16
2.1855 -0.0977 0.0382 17
2.2586 -0.1018 0.1185 15
2.0022 -0.092 -0.1754 11
2.045 -0.0947 -0.1073 17
2.1174 -0.0987 -0.037 17
2.1831 -0.1052 0.0382 17
2.2423 -0.1089 0.1177 15
2.0099 -0.0994 -0.1761 14
2.0427 -0.1017 -0.1072 18
2.119 -0.1062 -0.037 16
2.1927 -0.1134 0.0383 17
2.2499 -0.1171 0.1181 15
2.0095 -0.1067 -0.1761 12
2.0503 -0.1092 -0.1076 18
2.1086 -0.1131 -0.0369 16
2.1923 -0.121 0.0383 17
2.2455 -0.1248 0.1179 15
2.0011 -0.1133 -0.1754 14
2.0558 -0.1171 -0.1079 18
2.1042 -0.1202 -0.0368 17
2.1799 -0.1284 0.0381 17
2.249 -0.1328 0.1181 15
1.9968 -0.12 -0.175 13
2.0455 -0.1237 -0.1074 18
2.1118 -0.1281 -0.0369 16
2.1874 -0.1361 0.0383 17
2.2565 -0.1412 0.1185 15
2.3265 -0.1464 0.2039 3
2.0063 -0.1276 -0.1759 12
2.0391 -0.1301 -0.1071 17
2.1193 -0.1359 -0.0371 16
2.1869 -0.1437 0.0383 17
2.248 -0.1485 0.1181 15
2.3379 -0.1549 0.205 3
2.0019 -0.134 -0.1755 12
2.0386 -0.1372 -0.1071 18
2.1188 -0.1433 -0.0371 16
2.1884 -0.1515 0.0383 17
2.2515 -0.1566 0.1183 15
2.0093 -0.1416 -0.1762 12
2.05 -0.1452 -0.1077 17
2.1064 -0.1499 -0.0369 16
2.1919 -0.1594 0.0384 17
2.2469 -0.1638 0.1181 15
2.3427 -0.1716 0.2055 3
1.9929 -0.1474 -0.1748 11
2.0515 -0.1525 -0.1078 18
2.1098 -0.1572 -0.0369 17
2.1814 -0.1659 0.0382 17
2.2623 -0.1729 0.1189 15
1.9944 -0.1545 -0.175 12
2.059 -0.1599 -0.1082 17
2.1153 -0.165 -0.037 16
2.1887 -0.1742 0.0383 17
2.2497 -0.1798 0.1183 16
2.3515 -0.1884 0.2064 3
1.9899 -0.1608 -0.1747 12
2.0425 -0.1658 -0.1074 18
2.1167 -0.1725 -0.0371 16
2.1881 -0.1818 0.0383 16
2.2451 -0.1873 0.1181 15
2.3409 -0.1957 0.2055 3
2.0052 -0.1691 -0.1761 12
2.0459 -0.1732 -0.1076 18
2.1061 -0.1791 -0.0369 16
2.1935 -0.19 0.0384 17
2.2484 -0.1955 0.1183 15
2.3302 -0.203 0.2046 3
2.0006 -0.1757 -0.1757 13
2.0532 -0.1811 -0.108 18
2.1015 -0.1861 -0.0368 16
2.1888 -0.1973 0.0384 17
2.2477 -0.2034 0.1183 15
2.3255 -0.2108 0.2043 3
1.9901 -0.1818 -0.1748 12
2.0605 -0.189 -0.1084 17
2.0988 -0.1932 -0.0368 16
2.1841 -0.2045 0.0383 17
2.247 -0.2112 0.1183 15
2.3327 -0.2197 0.205 3
2.0013 -0.1899 -0.1759 13
2.0519 -0.1954 -0.108 18
2.1061 -0.2013 -0.0369 16
2.1854 -0.2124 0.0383 16
2.2502 -0.2194 0.1185 16
2.33 -0.2276 0.2048 3
2.0086 -0.1977 -0.1766 16
2.0353 -0.201 -0.1072 18
2.1113 -0.2093 -0.037 16
2.1926 -0.2208 0.0385 17
2.2415 -0.2261 0.1181 16
2.3311 -0.236 0.205 3
1.992 -0.203 -0.1752 13
2.0425 -0.2089 -0.1076 18
2.1186 -0.2171 -0.0372 16
2.1918 -0.2281 0.0385 17
2.2407 -0.2339 0.1181 15
2.3382 -0.2449 0.2057 3
1.9913 -0.21 -0.1752 12
2.0398 -0.2155 -0.1075 18
2.1039 -0.223 -0.0369 16
2.1851 -0.2351 0.0384 17
2.2439 -0.2418 0.1183 16
2.3295 -0.2518 0.205 3
1.9906 -0.2166 -0.1752 11
2.053 -0.2241 -0.1082 18
2.1051 -0.2302 -0.037 16
2.1783 -0.2416 0.0383 17
2.251 -0.2505 0.1187 15
2.3246 -0.2595 0.2046 3
1.9859 -0.2231 -0.1748 12
2.0482 -0.2305 -0.108 18
2.1083 -0.238 -0.037 16
2.1854 -0.2502 0.0384 17
2.2462 -0.2575 0.1185 15
2.3277 -0.2677 0.205 3
1.993 -0.2306 -0.1755 11
2.0454 -0.2374 -0.1079 16
2.1075 -0.245 -0.037 16
2.1865 -0.2576 0.0384 17
2.2373 -0.2644 0.1181 16
1.9863 -0.2369 -0.175 10
2.0427 -0.2439 -0.1078 18
2.1086 -0.2526 -0.0371 16
2.1935 -0.267 0.0386 17
2.0012 -0.2461 -0.1764 13
2.0516 -0.253 -0.1083 18
2.0957 -0.2592 -0.0369 16
2.0023 -0.2533 -0.1766 13
2.0567 -0.2609 -0.1086 18
2.1067 -0.268 -0.0371 17
1.9975 -0.2598 -0.1762 12
2.0498 -0.2673 -0.1083 16
1.9966 -0.2664 -0.1762 11
