1.1165 0.1599 -0.1786 3
1.1151 0.1581 0.3018 9
1.1347 0.1595 0.02 8
1.1383 0.1588 -0.1411 6
1.1406 0.1589 0.1824 14
1.1386 0.1586 -0.1006 9
1.1337 0.1577 0.2225 16
1.1513 0.16 -0.0609 14
1.1466 0.1591 0.2672 19
1.133 0.157 -0.02 15
1.1061 0.1531 0.2992 15
1.1412 0.1563 0.0201 21
1.1339 0.1549 0.06 22
1.1391 0.1554 0.1006 17
1.131 0.1539 0.1401 21
1.1369 0.1545 -0.1409 21
1.1333 0.1538 0.1812 17
1.1629 0.1578 -0.1027 25
1.1323 0.1535 0.2221 16
1.1301 0.153 -0.0598 26
1.122 0.1517 0.2614 18
1.1415 0.1541 -0.0201 22
1.1296 0.1523 0.3054 16
1.1318 0.151 0.0199 20
1.1305 0.1504 0.0598 23
1.1396 0.1514 0.1006 20
1.1276 0.1495 0.1397 21
1.1276 0.1493 -0.1397 22
1.1476 0.1517 0.1833 21
1.1555 0.1527 -0.102 24
1.1347 0.1498 0.2225 19
1.1287 0.1488 -0.0597 24
1.1167 0.147 0.26 18
1.1341 0.1491 -0.02 20
1.1397 0.1496 0.308 17
1.1402 0.1481 0.0201 20
1.1132 0.1442 0.0588 20
1.1381 0.1472 0.1004 21
1.1265 0.1455 -0.1799 18
1.1242 0.145 0.1392 21
1.1163 0.1438 -0.1382 22
1.1285 0.1452 0.1802 22
1.1303 0.1454 -0.0997 22
1.1314 0.1453 0.2217 19
1.1312 0.1451 -0.0598 24
1.1153 0.1429 0.2596 19
1.1167 0.1429 -0.0197 21
1.1268 0.1439 0.3044 17
1.1289 0.1426 0.0199 20
1.1137 0.1403 0.0588 20
1.1307 0.1422 0.0997 20
1.1231 0.1411 -0.1793 20
1.1345 0.1423 0.1404 18
1.1208 0.1404 -0.1387 24
1.129 0.1412 0.1802 22
1.1328 0.1417 -0.0999 22
1.1377 0.1421 0.2229 16
1.1356 0.1417 -0.06 26
1.1177 0.1392 0.26 18
1.1113 0.1382 -0.0195 21
1.1023 0.1369 0.2976 17
1.1194 0.1374 0.0197 18
1.1122 0.1362 0.0587 22
1.1253 0.1376 0.0992 21
1.1118 0.1357 -0.1774 18
1.1192 0.1364 0.1384 19
1.1193 0.1362 -0.1384 24
1.1315 0.1375 0.1805 21
1.1254 0.1368 -0.0992 19
1.1109 0.1348 0.2175 18
1.1222 0.136 -0.0592 26
1.1085 0.1341 0.2578 19
1.1157 0.1348 -0.0196 21
1.1105 0.134 0.2997 18
1.1199 0.1335 0.0197 18
1.1067 0.1316 0.0584 20
1.1218 0.1332 0.0988 18
1.1221 0.133 -0.179 22
1.1118 0.1316 0.1375 18
1.1059 0.1307 -0.1367 22
1.13 0.1333 0.1802 22
1.1278 0.1331 -0.0994 21
1.1114 0.1309 0.2175 18
1.1148 0.1312 -0.0588 24
1.1167 0.1312 0.2596 18
1.1102 0.1302 -0.0195 21
1.1109 0.1301 0.2997 16
1.1164 0.1292 0.0196 18
1.0952 0.1263 0.0578 20
1.1183 0.1288 0.0985 20
1.1088 0.1275 -0.1768 20
1.1123 0.1277 0.1375 18
1.1005 0.1262 -0.136 24
1.1265 0.1289 0.1796 22
1.1263 0.1289 -0.0992 21
1.1157 0.1275 0.2183 18
1.1113 0.1268 -0.0586 26
1.1056 0.126 0.2569 19
1.1127 0.1266 -0.0195 21
1.1076 0.1258 0.2987 17
1.1168 0.1253 0.0196 18
1.0917 0.1221 0.0576 20
1.1227 0.1253 0.0988 20
1.1131 0.1241 -0.1774 21
1.1048 0.123 0.1365 21
1.1049 0.1228 -0.1365 24
1.1112 0.1233 0.1771 21
1.1248 0.1248 -0.099 21
1.1162 0.1236 0.2183 18
1.1077 0.1225 -0.0584 26
1.1002 0.1215 0.2555 16
1.1071 0.122 -0.0194 21
1.108 0.1219 0.2987 17
1.1093 0.1205 0.0195 18
1.0941 0.1185 0.0577 19
1.0994 0.1188 0.0967 20
1.1096 0.1198 -0.1768 20
1.1092 0.1195 0.137 18
1.1053 0.1189 -0.1365 24
1.1117 0.1194 0.1771 22
1.1094 0.1191 -0.0976 21
1.1068 0.1187 0.2164 16
1.1121 0.119 -0.0586 24
1.1045 0.118 0.2564 16
1.1036 0.1177 -0.0194 21
1.0911 0.1162 0.294 16
1.1018 0.1158 0.0193 18
1.1024 0.1157 0.0581 20
1.1018 0.1152 0.0969 20
1.1002 0.1149 -0.1752 22
1.1076 0.1154 0.1367 18
1.1037 0.115 -0.1362 22
1.1101 0.1155 0.1768 21
1.1137 0.1157 -0.098 21
1.0955 0.1136 0.2141 16
1.1085 0.1148 -0.0584 24
1.0991 0.1138 0.2551 18
1.102 0.1139 -0.0193 21
1.0896 0.1124 0.2935 17
1.1061 0.1126 0.0194 18
1.0909 0.1108 0.0575 19
1.1002 0.1114 0.0967 18
1.0986 0.111 -0.1749 20
1.0804 0.109 0.1333 18
1.0922 0.1102 -0.1348 22
1.1124 0.112 0.1771 21
1.1082 0.1114 -0.0974 18
1.0939 0.1098 0.2137 18
1.091 0.1093 -0.0575 24
1.1053 0.1107 0.2564 16
1.0964 0.1096 -0.0192 21
1.088 0.1086 0.293 16
1.1105 0.1093 0.0195 18
1.0813 0.106 0.0569 19
1.1144 0.1091 0.098 20
1.097 0.1072 -0.1746 21
1.0945 0.1067 0.135 18
1.0788 0.105 -0.1331 22
1.1109 0.1079 0.1768 21
1.1085 0.1075 -0.0974 19
1.0943 0.1061 0.2137 18
1.0954 0.1061 -0.0577 22
1.0882 0.1052 0.2524 18
1.1007 0.1062 -0.0193 21
1.0999 0.1059 0.2961 18
1.1029 0.1046 0.0193 18
1.0877 0.1028 0.0573 19
1.1049 0.1041 0.0971 18
1.1033 0.1037 -0.1755 21
1.091 0.1025 0.1345 18
1.0732 0.1007 -0.1324 19
1.0975 0.1028 0.1746 21
1.1049 0.1033 -0.0971 22
1.0986 0.1025 0.2145 18
1.0957 0.102 -0.0577 24
1.0924 0.1015 0.2533 18
1.0852 0.1009 -0.019 21
1.0811 0.1003 0.2909 17
1.1013 0.1004 0.0193 18
1.0761 0.0977 0.0566 19
1.0774 0.0977 0.0947 20
1.0997 0.0995 -0.1749 21
1.0973 0.0991 0.1353 18
1.0815 0.0975 -0.1333 21
1.088 0.0979 0.173 21
1.0874 0.0978 -0.0955 21
1.095 0.0983 0.2137 16
1.1001 0.0986 -0.0579 21
1.0831 0.0969 0.251 18
1.0875 0.0971 -0.0191 21
1.0641 0.0948 0.2863 17
1.0877 0.0953 0.0191 18
1.0844 0.0947 0.057 19
1.0818 0.0943 0.095 18
1.0863 0.0945 -0.1727 21
1.0917 0.0947 0.1345 16
1.0897 0.0944 -0.1343 21
1.0903 0.0942 0.1733 17
1.0878 0.094 -0.0955 21
1.0817 0.0933 0.211 16
1.0885 0.0937 -0.0573 22
1.0912 0.0937 0.2528 18
1.0898 0.0934 -0.0191 21
1.076 0.0921 0.2894 17
1.088 0.0916 0.0191 18
1.0748 0.0901 0.0565 17
1.092 0.0913 0.0959 20
1.0847 0.0905 -0.1724 20
1.0762 0.0896 0.1326 16
1.0742 0.0893 -0.1324 19
1.0946 0.0908 0.174 21
1.0881 0.0902 -0.0955 21
1.082 0.0895 0.211 16
1.0729 0.0886 -0.0564 22
1.0837 0.0893 0.251 16
1.0902 0.0896 -0.0191 21
1.0705 0.0878 0.2878 16
1.0883 0.0878 0.0191 18
1.0591 0.085 0.0557 17
1.0903 0.0873 0.0957 18
1.085 0.0867 -0.1724 21
1.0725 0.0855 0.1321 16
1.0686 0.085 -0.1316 19
1.0929 0.0868 0.1736 19
1.0864 0.0863 -0.0953 19
1.0803 0.0856 0.2107 16
1.0772 0.0852 -0.0566 21
1.0724 0.0846 0.2483 18
1.0825 0.0852 -0.019 21
1.0708 0.0841 0.2878 16
1.0886 0.084 0.0191 20
1.0674 0.0821 0.0561 19
1.0827 0.0829 0.095 21
1.0853 0.0829 -0.1724 20
1.0768 0.0821 0.1326 16
1.0629 0.081 -0.1309 17
1.0774 0.082 0.1711 21
1.0808 0.082 -0.0948 21
1.0806 0.0818 0.2107 16
1.0755 0.0812 -0.0565 22
1.0707 0.0809 0.2479 18
1.0688 0.0806 -0.0187 21
1.0615 0.0798 0.2852 15
1.0849 0.08 0.019 18
1.0676 0.0786 0.0561 19
1.0671 0.0782 0.0936 18
1.0757 0.0786 -0.1708 21
1.077 0.0785 0.1326 16
1.0671 0.0778 -0.1314 19
1.0718 0.078 0.1702 17
1.0711 0.0777 -0.094 19
1.0731 0.0777 0.2091 18
1.0777 0.0778 -0.0566 19
1.0729 0.0775 0.2483 18
1.0711 0.0772 -0.0187 21
1.0521 0.0756 0.2826 17
1.0732 0.0756 0.0188 18
1.0679 0.0749 0.0561 17
1.0693 0.0748 0.0938 20
1.0681 0.0745 -0.1696 20
1.0674 0.0743 0.1314 15
1.0733 0.0745 -0.1321 19
1.076 0.0745 0.1708 17
1.0713 0.0742 -0.094 19
1.0674 0.0737 0.208 16
1.066 0.0734 -0.056 21
1.0732 0.0737 0.2483 18
1.0853 0.0744 -0.019 18
1.0466 0.0715 0.2811 17
1.0794 0.0723 0.0189 17
1.0562 0.0703 0.0555 17
1.0676 0.0709 0.0936 18
1.0624 0.0704 -0.1686 20
1.0577 0.0699 0.1302 15
1.0637 0.0701 -0.1309 17
1.0762 0.0707 0.1708 17
1.0795 0.0709 -0.0947 19
1.0618 0.0696 0.2068 16
1.0623 0.0694 -0.0558 19
1.0598 0.0691 0.2452 18
1.0676 0.0694 -0.0187 21
1.0564 0.0685 0.2837 16
1.0677 0.0677 0.0187 17
1.0445 0.0659 0.0548 19
1.0777 0.0678 0.0945 17
1.0646 0.0668 -0.1689 20
1.058 0.0662 0.1302 13
1.06 0.0661 -0.1304 19
1.0725 0.0667 0.1702 16
1.0678 0.0664 -0.0936 18
1.0679 0.0663 0.208 16
1.0585 0.0655 -0.0556 21
1.0542 0.065 0.2438 16
1.0678 0.0657 -0.0187 21
1.0605 0.0651 0.2847 16
1.0779 0.0646 0.0188 17
1.0487 0.0625 0.0551 17
1.068 0.0635 0.0936 20
1.0629 0.063 -0.1686 18
1.0641 0.0628 0.1309 15
1.0483 0.0617 -0.1289 17
1.055 0.0619 0.1674 19
1.0681 0.0627 -0.0936 21
1.0603 0.0621 0.2065 16
1.0567 0.0617 -0.0555 22
1.0525 0.0612 0.2434 18
1.0401 0.0603 -0.0182 19
1.053 0.0609 0.2826 16
1.0761 0.0604 0.0188 17
1.0429 0.0581 0.0547 19
1.0504 0.0584 0.092 18
1.0651 0.059 -0.1689 20
1.0664 0.0589 0.1311 13
1.0545 0.058 -0.1297 19
1.0552 0.0579 0.1674 16
1.0564 0.058 -0.0926 18
1.0566 0.0578 0.2057 16
1.055 0.0575 -0.0554 21
1.0508 0.0571 0.2429 18
1.0503 0.0569 -0.0184 19
1.034 0.0558 0.2775 16
1.0564 0.0555 0.0185 17
1.0491 0.0548 0.0551 17
1.0565 0.055 0.0926 20
1.0455 0.0542 -0.1658 20
1.0547 0.0545 0.1297 13
1.0547 0.0544 -0.1297 17
1.0515 0.054 0.1668 14
1.0526 0.0541 -0.0922 21
1.049 0.0537 0.2042 16
1.0592 0.054 -0.0556 21
1.0568 0.0537 0.2443 18
1.0525 0.0533 -0.0184 19
1.0361 0.0523 0.278 16
1.0526 0.0517 0.0184 18
1.0533 0.0515 0.0553 17
1.0567 0.0513 0.0926 20
1.0497 0.0508 -0.1664 18
1.0489 0.0506 0.1289 15
1.0509 0.0505 -0.1292 19
1.0576 0.0508 0.1677 16
1.0647 0.051 -0.0933 16
1.059 0.0505 0.2061 18
1.0434 0.0496 -0.0547 21
1.0492 0.0497 0.2425 18
1.0467 0.0495 -0.0183 16
1.0324 0.0487 0.2769 16
1.0567 0.0484 0.0185 17
1.0415 0.0473 0.0546 17
1.0549 0.0475 0.0924 18
1.0538 0.0475 -0.1671 18
1.055 0.0474 0.1297 13
1.0352 0.0463 -0.1272 16
1.0578 0.0471 0.1677 17
1.0748 0.0477 -0.0941 18
1.0532 0.0467 0.2049 16
1.0416 0.046 -0.0546 17
1.0318 0.0454 0.2384 16
1.0448 0.0458 -0.0183 19
1.0383 0.0453 0.2785 16
1.0609 0.0448 0.0185 17
1.0417 0.0437 0.0546 19
1.0471 0.0437 0.0917 18
1.0618 0.0441 -0.1683 22
1.0552 0.0437 0.1297 13
1.0413 0.0429 -0.128 17
1.0441 0.0428 0.1655 14
1.0571 0.0434 -0.0926 18
1.0573 0.0432 0.2057 16
1.0397 0.0423 -0.0545 19
1.0398 0.0421 0.2402 16
1.025 0.0413 -0.0179 16
1.0308 0.0414 0.2764 16
1.053 0.0408 0.0184 17
1.0418 0.04 0.0546 17
1.0373 0.0397 0.0908 16
1.0521 0.0401 -0.1668 21
1.0513 0.0398 0.1292 13
1.0295 0.0388 -0.1265 17
1.0442 0.0392 0.1655 14
1.0373 0.0389 -0.0908 15
1.0516 0.0393 0.2045 16
1.0458 0.0389 -0.0548 19
1.0477 0.0388 0.242 18
1.0351 0.0381 -0.0181 16
1.0174 0.0373 0.2728 16
1.0392 0.0367 0.0182 16
1.0359 0.0364 0.0543 17
1.0294 0.0358 0.0901 17
1.0325 0.0357 -0.1636 17
1.0435 0.0359 0.1282 15
1.0356 0.0356 -0.1272 16
1.0483 0.0359 0.1661 16
1.0454 0.0356 -0.0915 18
1.036 0.0351 0.2015 15
1.038 0.035 -0.0544 17
1.0284 0.0347 0.2375 16
1.0373 0.0348 -0.0181 16
1.0098 0.0337 0.2707 16
1.0393 0.0332 0.0182 17
1.0381 0.033 0.0544 17
1.0335 0.0325 0.0905 16
1.0326 0.0323 -0.1636 17
1.0317 0.0321 0.1267 15
1.0238 0.0318 -0.1258 16
1.0445 0.0323 0.1655 14
1.0515 0.0323 -0.092 18
1.0342 0.0316 0.2011 16
1.0301 0.0313 -0.054 15
1.0265 0.0312 0.2371 15
1.0314 0.0312 -0.018 16
1.0215 0.0307 0.2738 16
1.0434 0.0299 0.0182 16
1.0202 0.0289 0.0535 16
1.0297 0.0289 0.0901 18
1.0446 0.0292 -0.1655 17
1.0438 0.029 0.1282 13
1.0279 0.0284 -0.1263 17
1.0446 0.0286 0.1655 14
1.0556 0.0287 -0.0924 16
1.0382 0.0283 0.2019 16
1.0222 0.0277 -0.0536 15
1.0208 0.0274 0.2357 16
1.0175 0.0272 -0.0178 13
1.0216 0.0271 0.2738 16
1.0435 0.0262 0.0182 16
1.0163 0.0252 0.0533 16
1.0298 0.0252 0.0901 18
1.0427 0.0253 -0.1652 18
1.0399 0.0252 0.1277 13
1.022 0.0246 -0.1255 14
1.0289 0.0246 0.163 14
1.0377 0.0246 -0.0908 16
1.0442 0.0246 0.203 15
1.0303 0.0241 -0.054 17
1.0248 0.0238 0.2366 16
1.0176 0.0236 -0.0178 13
1.0178 0.0235 0.2728 16
1.0436 0.0224 0.0182 16
1.0343 0.022 0.0542 17
1.0119 0.0212 0.0886 15
1.0329 0.0215 -0.1636 17
1.0439 0.0215 0.1282 13
1.0201 0.0208 -0.1253 16
1.0369 0.0212 0.1643 14
1.0279 0.0208 -0.0899 15
1.0285 0.0206 0.2 15
1.0344 0.0206 -0.0542 15
1.0248 0.0202 0.2366 16
1.0057 0.0198 -0.0176 13
1.0024 0.0196 0.2687 16
1.0237 0.0186 0.0179 16
1.0284 0.0183 0.0539 16
1.018 0.0178 0.0891 15
1.029 0.018 -0.163 17
1.0361 0.0179 0.1272 13
1.0222 0.0175 -0.1255 14
1.033 0.0175 0.1636 14
1.0279 0.0172 -0.0899 15
1.0247 0.0172 0.1992 15
1.0304 0.0171 -0.054 15
1.0249 0.0168 0.2366 16
1.0217 0.0166 -0.0178 13
1.0025 0.0161 0.2687 16
1.0197 0.015 0.0178 16
1.0245 0.0147 0.0537 16
1.018 0.0144 0.0891 13
1.0251 0.0143 -0.1624 17
1.0202 0.0141 0.1253 15
1.0262 0.014 -0.126 16
1.033 0.0139 0.1636 14
1.034 0.0137 -0.0905 13
1.0169 0.0135 0.1977 15
1.0205 0.0134 -0.0535 15
1.0133 0.0131 0.2339 16
1.0258 0.0131 -0.0179 13
1.0083 0.0127 0.2702 15
1.0258 0.0115 0.0179 15
1.0145 0.011 0.0532 16
1.0161 0.0106 0.0889 15
1.0291 0.0106 -0.163 17
1.0203 0.0105 0.1253 13
1.0203 0.0103 -0.1253 17
1.0252 0.0102 0.1624 14
1.034 0.0101 -0.0905 13
1.0248 0.0098 0.1992 15
1.0186 0.0096 -0.0534 15
0.9997 0.0092 0.2308 15
1.0138 0.0094 -0.0177 13
1.0084 0.0092 0.2702 15
1.0378 0.0078 0.0181 15
1.0206 0.0073 0.0535 16
1.0141 0.0071 0.0887 13
1.0311 0.007 -0.1633 17
1.0243 0.0068 0.1258 13
1.0144 0.0066 -0.1246 16
1.0193 0.0064 0.1614 13
1.0221 0.0064 -0.0894 13
1.0209 0.0062 0.1984 15
1.0226 0.0061 -0.0536 15
1.0036 0.0058 0.2317 16
1.0058 0.0056 -0.0176 13
1.0065 0.0054 0.2697 16
1.0158 0.0041 0.0177 15
1.0106 0.0037 0.053 16
1.0042 0.0035 0.0879 15
1.0134 0.0034 -0.1605 16
1.0243 0.0032 0.1258 13
1.0203 0.003 -0.1253 16
1.0134 0.0028 0.1605 11
1.0141 0.0028 -0.0887 15
1.0248 0.0027 0.1992 15
1.0166 0.0025 -0.0533 14
1.0133 0.0023 0.2339 16
1.0018 0.0021 -0.0175 13
0.9891 0.0019 0.265 15
1.0098 0.0005 0.0176 15
1.0126 0.0002 0.0531 16
0.9982 0 0.0873 13
1.0074 -0.0002 -0.1596 16
1.0164 -0.0004 0.1248 15
1.0104 -0.0005 -0.1241 16
1.0232 -0.0007 0.1621 13
1.0042 -0.0007 -0.0879 13
1.0052 -0.0009 0.1954 15
1.0126 -0.0011 -0.0531 14
1.0094 -0.0012 0.233 16
0.9998 -0.0014 -0.0175 14
0.9852 -0.0015 0.264 15
1.0178 -0.003 0.0178 15
1.0126 -0.0034 0.0531 16
1.0022 -0.0035 0.0877 13
1.0055 -0.0037 -0.1593 17
1.0084 -0.0039 0.1238 13
1.0084 -0.004 -0.1238 16
1.0114 -0.0042 0.1602 13
1.0101 -0.0042 -0.0884 15
1.0052 -0.0044 0.1954 15
1.0126 -0.0046 -0.0531 14
1.0055 -0.0047 0.2321 16
0.9998 -0.0049 -0.0175 11
0.9891 -0.005 0.265 14
1.0098 -0.0065 0.0176 15
0.9986 -0.0066 0.0523 15
1.0061 -0.007 0.088 15
1.0094 -0.0072 -0.1599 17
1.0064 -0.0074 0.1236 13
0.9945 -0.0075 -0.1221 16
1.0114 -0.0076 0.1602 13
1.0121 -0.0078 -0.0886 13
1.0091 -0.0079 0.1962 14
1.0106 -0.0081 -0.053 15
0.9958 -0.0082 0.2299 16
0.9918 -0.0081 -0.0173 11
0.9968 -0.0084 0.2671 14
1.0118 -0.0099 0.0177 13
0.9866 -0.01 0.0517 16
1.0061 -0.0105 0.088 13
1.0192 -0.0107 -0.1614 16
1.0203 -0.0109 0.1253 13
0.9965 -0.0108 -0.1224 14
1.0015 -0.011 0.1586 11
1.0101 -0.0113 -0.0884 12
1.0051 -0.0112 0.1954 15
1.0066 -0.0114 -0.0528 14
0.9879 -0.0114 0.2281 16
0.9878 -0.0116 -0.0172 12
0.9813 -0.0116 0.263 14
1.0078 -0.0134 0.0176 15
0.9925 -0.0135 0.052 18
1.0041 -0.0138 0.0879 15
1.0014 -0.014 -0.1586 16
1.0123 -0.0143 0.1243 13
1.0083 -0.0144 -0.1238 16
1.0014 -0.0145 0.1586 13
0.9941 -0.0144 -0.087 13
1.0012 -0.0147 0.1946 14
1.0125 -0.015 -0.0531 14
0.9879 -0.0148 0.2281 15
0.9857 -0.015 -0.0172 15
0.9697 -0.0149 0.2599 15
0.9937 -0.0167 0.0173 13
0.9945 -0.017 0.0521 16
0.9941 -0.0172 0.087 15
0.9935 -0.0173 -0.1574 15
1.0083 -0.0178 0.1238 13
1.0023 -0.0178 -0.1231 14
0.9974 -0.0179 0.158 11
1 -0.018 -0.0875 12
1.0011 -0.0182 0.1946 14
1.0064 -0.0184 -0.0528 14
1.0034 -0.0186 0.2317 16
0.9877 -0.0184 -0.0172 12
0.9773 -0.0184 0.2619 14
0.9996 -0.0202 0.0175 15
1.0004 -0.0206 0.0524 13
0.996 -0.0207 0.0872 16
0.9875 -0.0207 -0.1564 15
0.9983 -0.0211 0.1226 13
0.9983 -0.0213 -0.1226 16
1.0052 -0.0216 0.1593 11
0.994 -0.0213 -0.087 11
0.9932 -0.0215 0.1931 15
0.9984 -0.0218 -0.0523 15
0.9917 -0.0218 0.229 15
0.9796 -0.0217 -0.0171 12
0.9773 -0.0218 0.2619 14
1.0036 -0.0238 0.0175 13
0.9884 -0.0238 0.0518 15
0.9959 -0.0242 0.0872 15
1.0052 -0.0246 -0.1593 15
0.9962 -0.0245 0.1224 12
0.9784 -0.0243 -0.1202 16
0.9992 -0.0249 0.1583 11
1.0118 -0.0253 -0.0886 13
1.0009 -0.0252 0.1946 14
0.9903 -0.0251 -0.0519 16
0.9799 -0.025 0.2263 15
0.9795 -0.0251 -0.0171 12
0.9811 -0.0253 0.263 14
0.9935 -0.0269 0.0173 15
0.9763 -0.0268 0.0512 16
0.9918 -0.0274 0.0868 15
0.9972 -0.0277 -0.158 12
1.0021 -0.028 0.1231 12
0.9842 -0.0277 -0.1209 15
0.9893 -0.028 0.1567 11
1.0097 -0.0286 -0.0884 13
0.995 -0.0283 0.1935 13
0.9942 -0.0285 -0.0521 15
0.9779 -0.0282 0.2259 15
0.9834 -0.0285 -0.0172 12
0.9655 -0.0281 0.2588 16
1.0034 -0.0307 0.0175 13
0.9822 -0.0304 0.0515 16
0.9798 -0.0304 0.0858 16
0.9892 -0.0309 -0.1567 10
1 -0.0314 0.1228 13
0.9861 -0.0312 -0.1211 15
0.9911 -0.0315 0.1571 11
0.9857 -0.0313 -0.0863 14
0.9949 -0.0318 0.1935 13
0.9861 -0.0317 -0.0517 16
0.9758 -0.0315 0.2254 15
0.9713 -0.0315 -0.017 12
0.9693 -0.0316 0.2599 14
0.9893 -0.0337 0.0173 16
0.9801 -0.0337 0.0514 16
0.9856 -0.0341 0.0863 16
0.997 -0.0346 -0.158 12
0.9919 -0.0346 0.1219 13
0.9919 -0.0348 -0.1219 15
0.991 -0.035 0.1571 11
0.9856 -0.0348 -0.0863 14
0.983 -0.0348 0.1912 13
0.998 -0.0355 -0.0523 13
0.9737 -0.0349 0.225 16
0.9792 -0.0352 -0.0171 12
0.9634 -0.0348 0.2583 16
0.9832 -0.0369 0.0172 16
0.9859 -0.0374 0.0517 15
0.9875 -0.0376 0.0865 13
0.9889 -0.0378 -0.1567 13
0.9878 -0.0379 0.1214 13
0.9799 -0.0378 -0.1204 16
0.9968 -0.0386 0.158 11
0.9954 -0.0386 -0.0872 14
0.9828 -0.0383 0.1912 13
0.9819 -0.0384 -0.0515 14
0.9756 -0.0383 0.2254 15
0.9791 -0.0386 -0.0171 12
0.9652 -0.0383 0.2588 16
0.993 -0.0408 0.0173 15
0.9539 -0.0393 0.05 18
0.9953 -0.0414 0.0872 13
0.9829 -0.041 -0.1558 16
0.9798 -0.0411 0.1204 14
0.9639 -0.0406 -0.1185 17
0.9947 -0.0419 0.1577 11
0.9993 -0.0422 -0.0875 12
0.9729 -0.0413 0.1893 12
0.9798 -0.0417 -0.0514 14
0.9657 -0.0413 0.2232 17
0.973 -0.0416 -0.017 12
0.9689 -0.0416 0.2599 14
0.9929 -0.044 0.0173 13
0.9697 -0.0434 0.0509 17
0.9872 -0.0445 0.0865 16
0.9827 -0.0443 -0.1558 17
0.9856 -0.0446 0.1211 13
0.9638 -0.0438 -0.1185 17
0.9748 -0.0444 0.1546 13
0.9912 -0.0454 -0.0868 13
0.9806 -0.0449 0.1908 15
0.9816 -0.0451 -0.0515 17
0.9675 -0.0446 0.2236 17
0.9608 -0.0445 -0.0168 13
0.961 -0.0446 0.2578 15
0.9827 -0.047 0.0172 13
0.9715 -0.0468 0.051 14
0.9791 -0.0474 0.0858 16
0.9767 -0.0474 -0.1549 15
0.9834 -0.0479 0.1209 14
0.9715 -0.0475 -0.1194 16
0.9826 -0.0482 0.1558 12
0.9831 -0.0483 -0.0861 14
0.9824 -0.0484 0.1912 12
0.9894 -0.0489 -0.0519 14
0.9634 -0.0478 0.2227 17
0.9647 -0.048 -0.0169 12
0.9493 -0.0474 0.2547 15
0.9766 -0.0502 0.0171 16
0.9694 -0.0501 0.0509 15
0.973 -0.0505 0.0852 13
0.9627 -0.0501 -0.1527 17
0.9753 -0.0509 0.1199 13
0.9694 -0.0508 -0.1192 14
0.9804 -0.0516 0.1555 14
0.9709 -0.0511 -0.0851 14
0.9665 -0.051 0.1881 16
0.9813 -0.0519 -0.0515 17
0.9749 -0.0518 0.2254 15
0.9645 -0.0514 -0.0169 12
0.953 -0.0509 0.2557 15
0.9624 -0.0528 0.0168 17
0.9692 -0.0535 0.0509 17
0.9708 -0.0538 0.0851 13
0.9704 -0.0539 -0.1539 18
0.9672 -0.0539 0.1189 16
0.9613 -0.0537 -0.1182 17
0.9842 -0.0552 0.1561 12
0.9827 -0.0551 -0.0861 14
0.9624 -0.0541 0.1874 16
0.9671 -0.0546 -0.0508 16
0.965 -0.0546 0.2232 17
0.9623 -0.0546 -0.0168 13
0.9586 -0.0546 0.2573 15
0.9782 -0.0571 0.0171 14
0.9491 -0.0557 0.0498 15
0.9726 -0.0573 0.0852 13
0.9623 -0.0568 -0.1527 17
0.973 -0.0576 0.1197 15
0.9492 -0.0564 -0.1168 15
0.9721 -0.0579 0.1542 13
0.9845 -0.0587 -0.0863 12
0.9701 -0.058 0.1889 15
0.9689 -0.0581 -0.0509 18
0.9551 -0.0574 0.2209 19
0.9601 -0.0579 -0.0168 13
0.9584 -0.0579 0.2573 15
0.966 -0.0598 0.0169 15
0.9449 -0.0588 0.0496 15
0.9684 -0.0604 0.0849 13
0.966 -0.0604 -0.1533 16
0.9688 -0.0608 0.1192 14
0.9629 -0.0606 -0.1185 17
0.9581 -0.0604 0.1521 14
0.9743 -0.0615 -0.0854 11
0.966 -0.0611 0.1881 15
0.9727 -0.0617 -0.0511 15
0.9452 -0.0601 0.2187 21
0.9539 -0.0609 -0.0167 13
0.9505 -0.0608 0.2552 15
0.9658 -0.0631 0.0169 15
0.9506 -0.0625 0.0499 16
0.9602 -0.0633 0.0842 13
0.956 -0.0632 -0.1517 16
0.9805 -0.065 0.1207 14
0.9488 -0.063 -0.1168 18
0.9776 -0.0651 0.1552 12
0.9662 -0.0643 -0.0847 14
0.9697 -0.0647 0.1889 16
0.9785 -0.0655 -0.0514 14
0.9527 -0.0639 0.2205 19
0.9337 -0.0628 -0.0163 14
0.9387 -0.0633 0.2521 17
0.9596 -0.0661 0.0168 15
0.9624 -0.0665 0.0506 15
0.958 -0.0665 0.084 14
0.9538 -0.0664 -0.1514 19
0.9703 -0.0677 0.1194 13
0.9565 -0.0669 -0.1177 14
0.9656 -0.0675 0.1533 13
0.952 -0.0667 -0.0835 13
0.9557 -0.0672 0.1862 16
0.9623 -0.0678 -0.0506 16
0.9486 -0.067 0.2196 17
0.9355 -0.0661 -0.0164 14
0.9385 -0.0664 0.2521 17
0.9554 -0.069 0.0167 15
0.9562 -0.0694 0.0502 14
0.9538 -0.0695 0.0837 17
0.9516 -0.0694 -0.1511 15
0.9701 -0.0709 0.1194 15
0.9503 -0.0696 -0.117 15
0.9693 -0.0712 0.1539 13
0.9637 -0.0709 -0.0845 12
0.9614 -0.0708 0.1874 15
0.9621 -0.071 -0.0506 16
0.9542 -0.0706 0.2209 17
0.9492 -0.0704 -0.0166 13
0.9459 -0.0703 0.2542 15
0.9551 -0.0723 0.0167 15
0.936 -0.071 0.0492 16
0.9675 -0.0738 0.0849 12
0.9632 -0.0736 -0.153 17
0.958 -0.0734 0.118 17
0.9441 -0.0725 -0.1163 19
0.9572 -0.0735 0.1521 14
0.9615 -0.074 -0.0844 10
0.9572 -0.0738 0.1866 15
0.9598 -0.0742 -0.0505 14
0.9384 -0.0727 0.2173 19
0.945 -0.0732 -0.0165 13
0.9457 -0.0734 0.2542 15
0.9628 -0.0761 0.0169 14
0.9477 -0.0753 0.0498 15
0.9573 -0.0763 0.084 14
0.9609 -0.0766 -0.1527 14
0.9597 -0.0767 0.1182 17
0.9399 -0.0753 -0.1158 16
0.957 -0.0768 0.1521 14
0.9553 -0.0769 -0.0838 13
0.9609 -0.0773 0.1874 15
0.9635 -0.0777 -0.0507 14
0.9362 -0.0757 0.2169 19
0.9388 -0.076 -0.0164 14
0.9416 -0.0764 0.2531 14
0.9606 -0.0793 0.0168 15
0.9455 -0.0784 0.0497 16
0.9491 -0.0789 0.0833 15
0.9607 -0.08 -0.1527 17
0.9575 -0.0799 0.118 17
0.9416 -0.0787 -0.116 16
0.9547 -0.08 0.1517 12
0.951 -0.0797 -0.0835 11
0.9488 -0.0797 0.1851 14
0.9633 -0.0811 -0.0507 16
0.9399 -0.0793 0.2178 19
0.9305 -0.0786 -0.0163 14
0.9298 -0.0787 0.25 16
0.9464 -0.0815 0.0166 16
0.9392 -0.0812 0.0494 16
0.9508 -0.0823 0.0835 15
0.9486 -0.0823 -0.1508 19
0.9611 -0.0836 0.1185 12
0.9532 -0.0831 -0.1175 18
0.9584 -0.0837 0.1524 12
0.9468 -0.0827 -0.0831 11
0.9407 -0.0823 0.1836 16
0.963 -0.0844 -0.0507 14
0.9415 -0.0827 0.2182 19
0.9362 -0.0824 -0.0164 14
0.9295 -0.082 0.25 17
0.9441 -0.0846 0.0165 16
0.9429 -0.0848 0.0496 13
0.9505 -0.0857 0.0835 15
0.9443 -0.0853 -0.1502 19
0.9371 -0.0848 0.1155 17
0.9371 -0.085 -0.1155 17
0.96 -0.0872 0.1527 14
0.9564 -0.087 -0.084 15
0.9443 -0.0859 0.1843 16
0.9408 -0.0858 -0.0495 16
0.9412 -0.086 0.2182 19
0.932 -0.0853 -0.0163 14
0.9292 -0.0852 0.25 17
0.9378 -0.0873 0.0164 17
0.9307 -0.087 0.049 18
0.9541 -0.0895 0.0838 14
0.9421 -0.0886 -0.1499 18
0.9487 -0.0892 0.117 18
0.9328 -0.0879 -0.115 17
0.9558 -0.0902 0.1521 14
0.9541 -0.0902 -0.0838 13
0.9479 -0.0898 0.1851 16
0.9504 -0.0902 -0.05 15
0.9215 -0.0876 0.2137 21
0.9356 -0.0889 -0.0164 14
0.9404 -0.0896 0.2531 15
0.9534 -0.0923 0.0167 15
0.9383 -0.0912 0.0494 18
0.9499 -0.0925 0.0835 15
0.9437 -0.092 -0.1502 19
0.9562 -0.0934 0.118 17
0.9286 -0.0909 -0.1146 17
0.9299 -0.0912 0.148 13
0.9498 -0.0931 -0.0835 11
0.9398 -0.0923 0.1836 16
0.9481 -0.0933 -0.0499 15
0.9251 -0.0912 0.2146 19
0.9154 -0.0904 -0.0161 14
0.9324 -0.0922 0.2511 16
0.9551 -0.0958 0.0168 16
0.926 -0.0932 0.0488 14
0.9337 -0.0942 0.0821 15
0.9414 -0.0951 -0.1499 18
0.9539 -0.0966 0.1177 18
0.9322 -0.0945 -0.115 17
0.9355 -0.095 0.1489 15
0.9316 -0.0946 -0.0819 13
0.9414 -0.0958 0.1839 14
0.9557 -0.0974 -0.0503 17
0.9267 -0.0946 0.2151 19
0.939 -0.096 -0.0165 13
0.9205 -0.0943 0.2479 17
0.9348 -0.0971 0.0164 19
0.9376 -0.0977 0.0494 18
0.9294 -0.097 0.0818 16
0.9371 -0.098 -0.1492 18
0.9417 -0.0986 0.1163 16
0.9318 -0.0978 -0.115 17
0.941 -0.0989 0.1499 12
0.9412 -0.0989 -0.0828 11
0.9372 -0.0987 0.1832 15
0.9474 -0.0999 -0.0499 18
0.9399 -0.0993 0.2182 19
0.9287 -0.0983 -0.0163 10
0.9164 -0.0971 0.2469 16
0.9365 -0.1006 0.0164 17
0.9214 -0.0993 0.0486 17
0.937 -0.1011 0.0824 16
0.9348 -0.1011 -0.1489 18
0.9394 -0.1017 0.116 20
0.9236 -0.1002 -0.1141 18
0.9485 -0.103 0.1511 14
0.9349 -0.1016 -0.0823 12
0.9271 -0.1009 0.1813 16
0.9411 -0.1026 -0.0496 13
0.9202 -0.1005 0.2137 17
0.9323 -0.1019 -0.0164 10
0.9199 -0.1007 0.2479 17
0.9362 -0.1035 0.0164 14
0.9171 -0.1017 0.0484 14
0.9366 -0.1041 0.0824 15
0.9267 -0.1031 -0.1477 18
0.9351 -0.1042 0.1155 17
0.9154 -0.1022 -0.1131 19
0.9325 -0.1043 0.1486 13
0.9306 -0.1042 -0.0819 13
0.9345 -0.1048 0.1828 15
0.9348 -0.105 -0.0493 16
0.9218 -0.1036 0.2142 19
0.924 -0.104 -0.0162 14
0.9195 -0.1036 0.2479 15
0.9358 -0.1069 0.0164 17
0.9207 -0.1056 0.0486 17
0.9422 -0.1082 0.083 14
0.94 -0.1081 -0.1499 18
0.9328 -0.1074 0.1153 20
0.917 -0.1058 -0.1133 16
0.9301 -0.1075 0.1483 15
0.9302 -0.1076 -0.0819 13
0.9361 -0.1085 0.1832 15
0.9384 -0.1089 -0.0495 16
0.9195 -0.1067 0.2137 21
0.9117 -0.106 -0.016 11
0.9115 -0.1061 0.2459 17
0.9354 -0.1104 0.0164 17
0.9223 -0.109 0.0487 12
0.9161 -0.1086 0.0807 18
0.9376 -0.1113 -0.1496 18
0.9442 -0.1123 0.1168 19
0.9127 -0.1087 -0.1129 16
0.9239 -0.11 0.1474 14
0.9199 -0.1097 -0.0811 13
0.924 -0.1103 0.1809 15
0.944 -0.1129 -0.0498 15
0.9191 -0.1101 0.2137 19
0.9034 -0.1082 -0.0159 15
0.9034 -0.1084 0.2438 19
0.9251 -0.1123 0.0163 15
0.9338 -0.1137 0.0493 18
0.9216 -0.1125 0.0812 16
0.9216 -0.1125 -0.147 20
0.93 -0.1137 0.115 18
0.9261 -0.1134 -0.1146 17
0.9274 -0.1137 0.148 13
0.9275 -0.1139 -0.0818 13
0.9178 -0.1127 0.1797 16
0.9297 -0.1143 -0.0491 17
0.9206 -0.1134 0.2142 19
0.907 -0.1118 -0.016 11
0.9011 -0.1113 0.2433 17
0.9267 -0.1157 0.0163 17
0.9215 -0.1154 0.0487 14
0.9232 -0.1158 0.0814 16
0.9212 -0.1157 -0.147 20
0.9178 -0.1155 0.1136 19
0.9119 -0.1149 -0.1129 19
0.927 -0.1169 0.148 13
0.931 -0.1175 -0.0821 13
0.9213 -0.1164 0.1805 16
0.9194 -0.1163 -0.0486 15
0.9183 -0.1163 0.2137 19
0.9264 -0.1175 -0.0163 10
0.9065 -0.1152 0.2448 17
0.9342 -0.12 0.0164 19
0.9152 -0.1179 0.0484 17
0.9307 -0.1201 0.0821 15
0.9227 -0.1192 -0.1474 18
0.9213 -0.1192 0.1141 16
0.9036 -0.117 -0.1119 17
0.9266 -0.1202 0.148 13
0.9188 -0.1192 -0.0811 13
0.9228 -0.1199 0.1809 16
0.9249 -0.1203 -0.0489 18
0.9024 -0.1175 0.2101 19
0.9082 -0.1184 -0.016 15
0.9099 -0.1188 0.2459 17
0.9199 -0.1214 0.0162 18
0.9148 -0.1211 0.0484 17
0.9244 -0.1225 0.0816 15
0.9301 -0.1234 -0.1486 18
0.9249 -0.1229 0.1146 18
0.9032 -0.1202 -0.1119 17
0.9105 -0.1213 0.1455 12
0.9203 -0.1226 -0.0812 13
0.9205 -0.1228 0.1805 15
0.9225 -0.1233 -0.0488 18
0.9059 -0.1212 0.211 19
0.9097 -0.1219 -0.016 11
0.9095 -0.122 0.2459 19
0.9175 -0.1244 0.0162 15
0.9222 -0.1253 0.0488 16
0.9002 -0.1225 0.0795 17
0.9238 -0.1259 -0.1477 18
0.9362 -0.1277 0.116 20
0.9106 -0.1244 -0.1129 16
0.9199 -0.1258 0.147 16
0.91 -0.1245 -0.0804 11
0.922 -0.1263 0.1809 15
0.934 -0.1281 -0.0494 13
0.8977 -0.1233 0.2092 20
0.9093 -0.125 -0.016 11
0.8937 -0.1231 0.2417 17
0.9131 -0.127 0.0161 16
0.9238 -0.1287 0.0489 16
0.9158 -0.1277 -0.1797 17
0.9037 -0.1262 0.0798 17
0.9117 -0.1275 -0.1458 17
0.92 -0.1288 0.1141 16
0.9023 -0.1265 -0.1119 17
0.9155 -0.1283 0.1464 14
0.9214 -0.1293 -0.0814 11
0.904 -0.1271 0.1775 17
0.9236 -0.13 -0.0489 15
0.9012 -0.127 0.2101 17
0.9049 -0.1275 -0.016 11
0.8857 -0.1249 0.2397 19
0.9107 -0.1298 0.0161 16
0.9056 -0.1294 0.0479 15
0.9151 -0.1311 0.0809 16
0.9054 -0.1297 -0.1449 20
0.9078 -0.1302 0.1126 21
0.9098 -0.1306 -0.1129 16
0.9288 -0.1335 0.1486 13
0.919 -0.1323 -0.0812 13
0.9075 -0.1306 0.1782 16
0.9153 -0.1319 -0.0485 15
0.8969 -0.1294 0.2092 20
0.9025 -0.1304 -0.0159 15
0.8814 -0.1275 0.2386 19
0.9122 -0.1332 0.0161 16
0.9051 -0.1325 0.0479 18
0.9127 -0.1338 0.0807 16
0.9088 -0.1334 -0.1455 19
0.9113 -0.1339 0.1131 17
0.8857 -0.1303 -0.1099 18
0.9146 -0.1347 0.1464 16
0.9126 -0.1344 -0.0807 11
0.9167 -0.1352 0.1801 15
0.9168 -0.1354 -0.0486 15
0.9003 -0.1331 0.2101 17
0.906 -0.1341 -0.016 15
0.8962 -0.1328 0.2428 17
0.9176 -0.1373 0.0162 15
0.9066 -0.136 0.048 17
0.9067 -0.136 -0.1782 18
0.926 -0.1391 0.0819 15
0.9181 -0.138 -0.147 18
0.9147 -0.1377 0.1136 16
0.8931 -0.1346 -0.1109 21
0.9161 -0.1382 0.1467 14
0.9082 -0.137 -0.0804 11
0.9104 -0.1375 0.179 16
0.9124 -0.138 -0.0484 15
0.8998 -0.1362 0.2101 17
0.8798 -0.1334 -0.0155 12
0.8881 -0.1348 0.2407 17
0.9073 -0.139 0.016 16
0.8963 -0.1376 0.0475 15
0.9023 -0.1386 -0.1775 18
0.9019 -0.1387 0.0798 17
0.9157 -0.1409 -0.1467 17
0.9025 -0.1391 0.1121 21
0.8966 -0.1383 -0.1114 18
0.9058 -0.1399 0.1452 17
0.9038 -0.1396 -0.08 12
0.9138 -0.1413 0.1797 15
0.9079 -0.1406 -0.0481 12
0.8955 -0.1388 0.2092 20
0.8872 -0.1377 -0.0157 11
0.8724 -0.1355 0.2366 18
0.9009 -0.1412 0.0159 17
0.8977 -0.1411 0.0476 15
0.9115 -0.1432 -0.1794 17
0.8877 -0.1396 0.0786 15
0.8957 -0.1411 -0.1436 16
0.9098 -0.1435 0.1131 17
0.8902 -0.1405 -0.1107 18
0.9073 -0.1434 0.1455 15
0.8994 -0.1421 -0.0797 12
0.892 -0.1411 0.1755 18
0.9035 -0.1431 -0.0479 13
0.895 -0.1419 0.2092 20
0.8868 -0.1408 -0.0157 11
0.8776 -0.1395 0.2381 18
0.8984 -0.1441 0.0159 15
0.9012 -0.1447 0.0478 15
0.9013 -0.1449 -0.1775 18
0.9088 -0.1462 0.0805 16
0.8932 -0.1439 -0.1433 19
0.8839 -0.1425 0.1099 20
0.8858 -0.143 -0.1102 18
0.9127 -0.1473 0.1464 16
0.9107 -0.1472 -0.0807 11
0.8934 -0.1445 0.1759 17
0.903 -0.1463 -0.0479 13
0.8945 -0.145 0.2092 22
0.8902 -0.1443 -0.0157 11
0.8772 -0.1424 0.2381 18
0.9058 -0.1483 0.016 16
0.883 -0.1449 0.0469 14
0.9008 -0.148 -0.1775 18
0.9083 -0.1494 0.0805 16
0.8966 -0.1475 -0.1439 18
0.8912 -0.1467 0.1109 19
0.8814 -0.1453 -0.1097 18
0.9063 -0.1495 0.1455 15
0.9101 -0.1503 -0.0807 11
0.9007 -0.1488 0.1775 17
0.8985 -0.1486 -0.0477 16
0.8902 -0.1474 0.2083 18
0.8838 -0.1465 -0.0156 11
0.8824 -0.1464 0.2397 19
0.9053 -0.1515 0.016 16
0.8903 -0.1493 0.0473 15
0.9003 -0.151 -0.1775 18
0.894 -0.1501 0.0793 14
0.902 -0.1516 -0.1449 18
0.9024 -0.1518 0.1124 18
0.8868 -0.1493 -0.1104 15
0.8941 -0.1507 0.1436 15
0.9057 -0.1527 -0.0804 11
0.9021 -0.1523 0.1778 16
0.9157 -0.1547 -0.0487 15
0.8916 -0.1508 0.2088 22
0.8793 -0.1489 -0.0156 12
0.8685 -0.1472 0.236 18
0.9008 -0.154 0.016 14
0.8859 -0.1517 0.0471 14
0.8901 -0.1525 -0.1755 19
0.8876 -0.1522 0.0788 18
0.8917 -0.1531 -0.1433 19
0.898 -0.1543 0.1119 18
0.8882 -0.1528 -0.1107 18
0.8994 -0.1549 0.1445 15
0.8973 -0.1545 -0.0797 12
0.8919 -0.1537 0.1759 17
0.9014 -0.1555 -0.0479 16
0.8833 -0.1526 0.207 22
0.8788 -0.152 -0.0156 12
0.8604 -0.1489 0.234 21
0.8904 -0.1554 0.0158 18
0.8991 -0.1572 0.0478 18
0.8973 -0.1569 -0.1771 18
0.8851 -0.155 0.0786 18
0.8834 -0.1548 -0.142 20
0.9033 -0.1585 0.1126 18
0.8798 -0.1545 -0.1097 18
0.8988 -0.158 0.1445 17
0.9007 -0.1583 -0.08 12
0.8894 -0.1565 0.1755 15
0.8989 -0.1583 -0.0478 16
0.8924 -0.1574 0.2092 18
0.8783 -0.155 -0.0156 12
0.858 -0.1516 0.2335 19
0.8938 -0.1592 0.0158 17
0.8848 -0.1579 0.0471 14
0.8948 -0.1597 -0.1767 18
0.8904 -0.1591 0.0791 18
0.8867 -0.1586 -0.1427 19
0.891 -0.1595 0.1111 18
0.8871 -0.159 -0.1107 15
0.8983 -0.1611 0.1445 15
0.8923 -0.1601 -0.0793 12
0.8889 -0.1596 0.1755 15
0.8925 -0.1604 -0.0475 13
0.8842 -0.1591 0.2074 18
0.8817 -0.1588 -0.0156 11
0.8707 -0.157 0.2371 19
0.8913 -0.162 0.0158 15
0.8803 -0.1601 0.0469 14
0.8904 -0.1621 -0.1759 19
0.8899 -0.1622 0.0791 18
0.8861 -0.1617 -0.1427 19
0.8924 -0.163 0.1114 18
0.8729 -0.1596 -0.109 19
0.8919 -0.1631 0.1436 15
0.8956 -0.1639 -0.0797 12
0.896 -0.1641 0.1771 17
0.884 -0.1621 -0.0471 14
0.8798 -0.1615 0.2065 20
0.8772 -0.161 -0.0156 12
0.8702 -0.1599 0.2371 18
0.8907 -0.1649 0.0158 15
0.8758 -0.1625 0.0467 14
0.8648 -0.1606 -0.171 16
0.8952 -0.1664 0.0797 17
0.9011 -0.1675 -0.1452 15
0.8899 -0.1656 0.1111 15
0.8684 -0.1617 -0.1085 16
0.8836 -0.1647 0.1424 16
0.8892 -0.1659 -0.0791 12
0.8878 -0.1657 0.1755 15
0.8913 -0.1665 -0.0475 13
0.8677 -0.1622 0.2038 20
0.8766 -0.1641 -0.0156 12
0.8564 -0.1604 0.2335 19
0.8882 -0.1677 0.0158 18
0.891 -0.1684 0.0475 15
0.8893 -0.1682 -0.1759 19
0.8848 -0.1675 0.0788 18
0.8889 -0.1684 -0.1433 16
0.8893 -0.1687 0.1111 15
0.8776 -0.1666 -0.1097 12
0.8733 -0.1658 0.1408 17
0.8789 -0.167 -0.0783 13
0.891 -0.1695 0.1763 14
0.8908 -0.1696 -0.0475 13
0.8787 -0.1675 0.2065 20
0.8682 -0.1655 -0.0154 12
0.852 -0.1625 0.2324 17
0.8758 -0.1683 0.0156 16
0.8826 -0.17 0.0471 11
0.8791 -0.1694 -0.174 15
0.8686 -0.1676 0.0774 19
0.8864 -0.171 -0.143 19
0.8868 -0.1713 0.1109 19
0.8751 -0.1692 -0.1094 15
0.8979 -0.1737 0.1449 15
0.888 -0.172 -0.0791 12
0.8808 -0.1706 0.1744 18
0.8902 -0.1726 -0.0475 13
0.8819 -0.1711 0.2074 20
0.8755 -0.17 -0.0156 12
0.8534 -0.1659 0.2329 19
0.8811 -0.1727 0.0157 15
0.88 -0.1728 0.047 14
0.8842 -0.1736 -0.1752 19
0.8856 -0.1741 0.079 15
0.8722 -0.1716 -0.1408 17
0.8823 -0.1737 0.1104 19
0.8745 -0.1724 -0.1094 15
0.8896 -0.1755 0.1436 13
0.8913 -0.1758 -0.0795 12
0.886 -0.1749 0.1755 18
0.8817 -0.1743 -0.0471 14
0.866 -0.1713 0.2038 22
0.867 -0.1717 -0.0154 12
0.8641 -0.1713 0.236 18
0.8883 -0.1773 0.0158 15
0.8578 -0.1716 0.0458 12
0.8856 -0.1771 -0.1755 14
0.8889 -0.1779 0.0793 14
0.8735 -0.175 -0.1411 17
0.8642 -0.1733 0.1082 18
0.8603 -0.1727 -0.1077 16
0.8812 -0.177 0.1424 13
0.8829 -0.1774 -0.0788 13
0.8796 -0.1769 0.1744 18
0.8733 -0.1758 -0.0467 14
0.8616 -0.1736 0.2029 23
0.8703 -0.1755 -0.0155 12
0.8635 -0.1743 0.236 18
0.8799 -0.1789 0.0157 15
0.8612 -0.1752 0.0461 15
0.8734 -0.1779 -0.1733 15
0.8727 -0.1779 0.0779 16
0.8749 -0.1785 -0.1414 17
0.8713 -0.1779 0.1092 17
0.8538 -0.1745 -0.107 17
0.869 -0.1776 0.1405 17
0.8842 -0.1809 -0.079 13
0.8847 -0.1811 0.1755 18
0.8844 -0.1812 -0.0473 14
0.8571 -0.1758 0.202 21
0.8463 -0.1736 -0.0151 12
0.8516 -0.1748 0.2329 19
0.8773 -0.1814 0.0156 15
0.8605 -0.1782 0.0461 12
0.8766 -0.1817 -0.174 20
0.8642 -0.1793 0.0772 16
0.8839 -0.1834 -0.143 16
0.8746 -0.1816 0.1097 16
0.861 -0.1789 -0.108 16
0.8761 -0.1822 0.1417 16
0.8739 -0.1819 -0.0781 13
0.8784 -0.1829 0.1744 18
0.874 -0.1821 -0.0468 14
0.8604 -0.1794 0.2029 23
0.8437 -0.1761 -0.015 12
0.8453 -0.1766 0.2314 19
0.8728 -0.1836 0.0156 16
0.8697 -0.1831 0.0466 14
0.8722 -0.1838 -0.1733 15
0.8753 -0.1846 0.0783 18
0.8736 -0.1844 -0.1414 17
0.8779 -0.1855 0.1102 16
0.8662 -0.1832 -0.1087 13
0.8774 -0.1855 0.142 16
0.8791 -0.1861 -0.0786 13
0.8662 -0.1835 0.1721 19
0.8734 -0.1852 -0.0468 14
0.8712 -0.1849 0.2056 20
0.8705 -0.1847 -0.0155 12
0.8409 -0.1786 0.2303 17
0.878 -0.1877 0.0157 15
0.8652 -0.1853 0.0464 15
0.8754 -0.1877 -0.174 15
0.8766 -0.1881 0.0784 18
0.8614 -0.1848 -0.1395 18
0.8676 -0.1863 0.109 21
0.8501 -0.1827 -0.1068 14
0.871 -0.1874 0.1411 16
0.8765 -0.1887 -0.0784 13
0.8694 -0.1872 0.1729 19
0.8727 -0.1881 -0.0468 14
0.861 -0.1857 0.2034 17
0.864 -0.1865 -0.0154 12
0.8478 -0.1832 0.2324 17
0.8715 -0.1895 0.0156 16
0.8606 -0.1875 0.0462 15
0.8671 -0.1889 -0.1725 15
0.8663 -0.1889 0.0776 16
0.8704 -0.1899 -0.1411 20
0.865 -0.1889 0.1087 17
0.8494 -0.1857 -0.1068 14
0.8684 -0.19 0.1408 14
0.8778 -0.192 -0.0786 13
0.8707 -0.1906 0.1733 19
0.876 -0.192 -0.047 14
0.8509 -0.1866 0.2011 21
0.8555 -0.1878 -0.0153 12
0.8434 -0.1853 0.2314 17
0.8786 -0.1943 0.0157 13
0.8619 -0.1909 0.0463 15
0.8664 -0.1919 -0.1725 15
0.8753 -0.1941 0.0784 18
0.8755 -0.1943 -0.142 17
0.8682 -0.1928 0.1092 14
0.8546 -0.1899 -0.1075 16
0.86 -0.1913 0.1395 14
0.8732 -0.1942 -0.0783 13
0.87 -0.1937 0.1733 16
0.8636 -0.1924 -0.0464 15
0.8521 -0.19 0.2016 19
0.8431 -0.1882 -0.0151 12
0.8428 -0.1882 0.2314 17
0.8721 -0.1961 0.0156 16
0.8573 -0.193 0.0461 12
0.8695 -0.1958 -0.1733 15
0.8649 -0.1949 0.0776 16
0.8594 -0.1938 -0.1395 18
0.8752 -0.1976 0.1102 16
0.8578 -0.1938 -0.108 20
0.8574 -0.1939 0.1392 17
0.857 -0.1939 -0.0769 14
0.8751 -0.198 0.1744 18
0.8668 -0.1963 -0.0466 14
0.8514 -0.193 0.2016 21
0.8503 -0.1929 -0.0152 12
0.8346 -0.1895 0.2293 17
0.8695 -0.1987 0.0156 16
0.8586 -0.1965 0.0462 12
0.865 -0.1981 -0.1725 15
0.8428 -0.1932 0.0757 21
0.8587 -0.197 -0.1395 18
0.8745 -0.2006 0.1102 13
0.8668 -0.199 -0.1092 19
0.8663 -0.1991 0.1408 14
0.866 -0.1991 -0.0777 13
0.8648 -0.199 0.1725 16
0.8603 -0.1981 -0.0463 15
0.8431 -0.1943 0.1998 20
0.8476 -0.1954 -0.0152 12
0.8339 -0.1924 0.2293 17
0.8707 -0.2023 0.0156 16
0.856 -0.199 0.0461 12
0.8758 -0.2038 -0.1748 15
0.8654 -0.2016 0.0777 19
0.8599 -0.2004 -0.1399 21
0.8583 -0.2002 0.1082 18
0.8525 -0.199 -0.1075 16
0.8637 -0.2016 0.1405 14
0.8672 -0.2026 -0.0779 13
0.8641 -0.202 0.1725 16
0.8635 -0.202 -0.0465 15
0.85 -0.1991 0.2016 19
0.8528 -0.1997 -0.0153 12
0.837 -0.1962 0.2303 16
0.8739 -0.2061 0.0157 15
0.8533 -0.2016 0.046 12
0.8579 -0.2028 -0.1713 16
0.857 -0.2027 0.077 19
0.865 -0.2046 -0.1408 17
0.8615 -0.204 0.1087 17
0.846 -0.2005 -0.1068 14
0.863 -0.2046 0.1405 14
0.8588 -0.2038 -0.0772 14
0.8672 -0.2058 0.1733 16
0.8492 -0.2017 -0.0457 16
0.8323 -0.1978 0.1975 23
0.8365 -0.199 -0.015 13
0.8288 -0.1973 0.2283 17
0.8596 -0.2059 0.0154 14
0.8448 -0.2027 0.0455 13
0.8438 -0.2024 -0.1687 17
0.8621 -0.207 0.0776 16
0.8586 -0.2063 -0.1399 18
0.8685 -0.2088 0.1097 16
0.8396 -0.202 -0.106 14
0.8431 -0.203 0.1373 15
0.8717 -0.2099 -0.0784 13
0.8646 -0.2084 0.1729 16
0.8601 -0.2074 -0.0464 15
0.8316 -0.2007 0.1975 23
0.8242 -0.1991 -0.0148 13
0.8375 -0.2025 0.2309 17
0.8705 -0.2117 0.0156 13
0.8364 -0.2037 0.0451 13
0.8546 -0.2082 -0.171 16
0.8575 -0.209 0.0772 16
0.8559 -0.2088 -0.1395 18
0.8582 -0.2095 0.1085 14
0.8446 -0.2064 -0.1068 14
0.8443 -0.2064 0.1377 12
0.8496 -0.2077 -0.0765 14
0.862 -0.2109 0.1725 16
0.871 -0.2133 -0.047 14
0.8385 -0.2055 0.1993 22
0.8351 -0.2048 -0.015 13
0.8218 -0.2017 0.2267 17
0.8503 -0.21 0.0153 14
0.8376 -0.2071 0.0452 13
0.8595 -0.2126 -0.1721 16
0.849 -0.2101 0.0765 17
0.8513 -0.2108 -0.1389 15
0.8632 -0.2139 0.1092 17
0.8458 -0.2098 -0.107 14
0.8436 -0.2094 0.1377 15
0.8547 -0.2122 -0.077 10
0.8479 -0.2106 0.1698 18
0.8625 -0.2144 -0.0466 14
0.8434 -0.2098 0.2007 22
0.8422 -0.2097 -0.0151 12
0.8248 -0.2055 0.2278 17
0.8535 -0.2139 0.0154 17
0.8465 -0.2125 0.0457 10
0.855 -0.2146 -0.1713 16
0.8386 -0.2107 0.0757 18
0.8564 -0.2153 -0.1399 18
0.8548 -0.215 0.1082 14
0.8412 -0.2118 -0.1065 14
0.8467 -0.2133 0.1383 12
0.8482 -0.2137 -0.0765 14
0.849 -0.2141 0.1702 17
0.8405 -0.212 -0.0454 12
0.8351 -0.2109 0.1989 20
0.8375 -0.2116 -0.0151 12
0.8185 -0.207 0.2262 19
0.8566 -0.2179 0.0154 14
0.8381 -0.2135 0.0453 13
0.8504 -0.2166 -0.1706 16
0.8572 -0.2185 0.0774 16
0.8556 -0.2182 -0.1399 18
0.8405 -0.2146 0.1065 19
0.8386 -0.2142 -0.1063 14
0.8459 -0.2162 0.1383 12
0.8764 -0.224 -0.0791 9
0.8521 -0.218 0.171 17
0.8494 -0.2175 -0.046 15
0.8268 -0.2118 0.1971 23
0.8291 -0.2126 -0.0149 13
0.8196 -0.2103 0.2267 17
0.8674 -0.2239 0.0156 10
0.8373 -0.2164 0.0453 13
0.8459 -0.2186 -0.1698 16
0.8449 -0.2185 0.0763 15
0.8567 -0.2217 -0.1402 18
0.8455 -0.219 0.1072 15
0.8301 -0.2152 -0.1053 14
0.8375 -0.2172 0.137 15
0.8486 -0.2201 -0.0767 10
0.8513 -0.221 0.171 17
0.839 -0.2179 -0.0454 12
0.8299 -0.2157 0.198 20
0.8302 -0.216 -0.015 13
0.8226 -0.2141 0.2278 19
0.8551 -0.2238 0.0154 11
0.8404 -0.2202 0.0455 10
0.8356 -0.2191 -0.1679 17
0.8383 -0.2199 0.0758 17
0.8521 -0.2237 -0.1395 18
0.8601 -0.226 0.1092 14
0.8275 -0.2175 -0.1051 15
0.8425 -0.2215 0.138 15
0.8382 -0.2205 -0.0758 11
0.8487 -0.2234 0.1706 17
0.8479 -0.2234 -0.046 11
0.831 -0.2191 0.1984 20
0.8199 -0.2162 -0.0148 13
0.8144 -0.2149 0.2257 17
0.8446 -0.2241 0.0153 18
0.8513 -0.2262 0.0462 10
0.8519 -0.2265 -0.1713 16
0.8452 -0.2249 0.0765 17
0.8342 -0.222 -0.1367 20
0.8383 -0.2232 0.1065 15
0.8382 -0.2234 -0.1065 14
0.8398 -0.2239 0.1377 12
0.8316 -0.2219 -0.0753 11
0.8365 -0.2232 0.1683 18
0.8471 -0.2262 -0.046 11
0.8321 -0.2224 0.1989 20
0.8152 -0.218 -0.0147 13
0.8174 -0.2187 0.2267 15
0.8439 -0.2271 0.0153 12
0.8389 -0.226 0.0455 10
0.8417 -0.2268 -0.1694 17
0.8445 -0.2277 0.0765 17
0.8411 -0.2269 -0.138 16
0.8298 -0.2241 0.1055 16
0.8298 -0.2242 -0.1055 14
0.839 -0.2269 0.1377 12
0.8328 -0.2252 -0.0755 11
0.8376 -0.2266 0.1687 15
0.8348 -0.226 -0.0453 12
0.8238 -0.2232 0.1971 16
0.826 -0.224 -0.0149 13
0.8092 -0.2195 0.2247 8
0.8431 -0.23 0.0153 18
0.8265 -0.2258 0.0449 11
0.8409 -0.2297 -0.1694 17
0.8341 -0.228 0.0757 10
0.8288 -0.2267 -0.1361 17
0.8137 -0.2228 0.1036 12
0.8367 -0.2292 -0.1065 14
0.823 -0.2256 0.1352 9
0.8186 -0.2244 -0.0743 12
0.8331 -0.2285 0.1679 11
0.8166 -0.2242 -0.0444 13
0.7892 -0.2168 0.189 7
0.8098 -0.2226 -0.0147 9
0.7991 -0.2198 0.2221 5
0.8442 -0.2335 0.0153 8
0.7969 -0.2207 0.0433 6
0.8136 -0.2253 -0.1641 13
0.816 -0.2261 0.0741 5
0.8223 -0.2281 -0.1352 12
0.811 -0.2252 -0.1033 11
0.807 -0.2243 0.1327 3
0.8235 -0.2288 -0.0748 8
0.8077 -0.2246 0.163 6
0.812 -0.2259 -0.0442 9
0.7802 -0.2174 -0.0141 4
0.8279 -0.2324 -0.1671 6
0.8272 -0.2325 -0.1361 5
0.8293 -0.2334 -0.1058 7
0.8477 -0.2387 -0.077 3
