1.4741 0.2477 0.1835 15
1.4754 0.2472 0.2908 19
1.4832 0.2477 -0.0262 5
1.4895 0.2463 0.0264 22
1.474 0.2435 0.0783 25
1.4495 0.2384 0.1804 21
1.4736 0.2421 0.2365 33
1.5119 0.2481 -0.134 26
1.4937 0.2449 0.2942 20
1.4723 0.2411 -0.0782 26
1.4919 0.244 -0.0264 54
1.4884 0.2411 0.0263 39
1.4788 0.239 0.0785 42
1.5008 0.242 0.133 34
1.4836 0.239 0.1845 28
1.5018 0.2414 0.2409 40
1.5069 0.2419 -0.1335 45
1.4848 0.2384 0.2923 28
1.5027 0.241 -0.0798 38
1.4908 0.2385 -0.0264 41
1.4853 0.2352 0.0262 24
1.4835 0.2344 0.0787 30
1.4937 0.2358 0.1323 31
1.4942 0.2353 0.1857 31
1.4889 0.234 0.2387 33
1.5038 0.236 -0.1332 36
1.4857 0.2332 0.2923 23
1.5016 0.2354 -0.0797 38
1.5015 0.2349 -0.0265 56
1.4861 0.2301 0.0262 36
1.4784 0.2283 0.0784 32
1.4946 0.2303 0.1323 31
1.4774 0.2274 0.1835 32
1.4956 0.2297 0.2397 36
1.4987 0.2299 -0.1327 36
1.4885 0.228 0.2927 24
1.4847 0.2272 -0.0787 44
1.4944 0.2284 -0.0264 50
1.4988 0.2264 0.0265 33
1.4753 0.2223 0.0782 35
1.4993 0.2257 0.1327 31
1.4821 0.2226 0.184 30
1.4925 0.2236 0.239 36
1.5035 0.225 -0.133 35
1.4854 0.2223 0.2919 27
1.4854 0.222 -0.0787 38
1.4992 0.2235 -0.0265 60
1.5075 0.2223 0.0266 31
1.4761 0.2172 0.0782 35
1.4982 0.2199 0.1325 32
1.4888 0.2183 0.1848 33
1.4894 0.2178 0.2384 36
1.4963 0.2186 -0.1323 33
1.5134 0.2208 0.2973 27
1.4862 0.2166 -0.0787 38
1.4861 0.2163 -0.0262 56
1.5003 0.2162 0.0265 34
1.4768 0.2123 0.0782 36
1.4811 0.2126 0.1309 29
1.4895 0.2133 0.1848 33
1.4882 0.2126 0.2381 35
1.4911 0.213 -0.1318 37
1.5063 0.2149 0.2958 27
1.4948 0.213 -0.0791 38
1.4908 0.2119 -0.0263 56
1.4852 0.2087 0.0262 36
1.4815 0.2077 0.0784 32
1.4956 0.2094 0.1321 31
1.4902 0.2081 0.1848 35
1.4889 0.2074 0.2381 35
1.4899 0.2075 -0.1316 33
1.4973 0.2083 0.2938 29
1.4916 0.2072 -0.0789 37
1.4915 0.2067 -0.0263 56
1.4899 0.2041 0.0262 34
1.4782 0.202 0.0782 32
1.4964 0.2042 0.1321 36
1.4752 0.2008 0.1828 36
1.4994 0.2035 0.2397 37
1.4926 0.2026 -0.1318 37
1.498 0.2031 0.2938 29
1.4804 0.2004 -0.0783 37
1.5002 0.2026 -0.0264 54
1.4906 0.1989 0.0262 37
1.475 0.1963 0.078 35
1.501 0.1995 0.1325 37
1.4838 0.1967 0.1838 32
1.4942 0.1975 0.2387 35
1.5012 0.1984 -0.1325 37
1.4987 0.1978 0.2938 29
1.4851 0.1958 -0.0785 41
1.489 0.1958 -0.0262 56
1.4952 0.1942 0.0263 34
1.4756 0.1911 0.078 36
1.4938 0.1932 0.1318 37
1.4884 0.192 0.1843 35
1.4871 0.1913 0.2375 38
1.4959 0.1924 -0.132 32
1.5013 0.1929 0.2942 28
1.4897 0.1911 -0.0787 38
1.4956 0.1913 -0.0263 61
1.4919 0.1885 0.0262 33
1.4763 0.186 0.078 35
1.4885 0.1873 0.1313 31
1.493 0.1873 0.1848 33
1.4858 0.1859 0.2372 35
1.4906 0.1865 -0.1314 37
1.5078 0.1883 0.2954 30
1.4924 0.1861 -0.0788 41
1.4843 0.1846 -0.0261 60
1.4886 0.1828 0.0262 36
1.4888 0.1825 0.0786 31
1.4912 0.1823 0.1314 34
1.4858 0.1811 0.1838 35
1.4903 0.1814 0.2378 37
1.4873 0.1808 -0.1311 40
1.4948 0.1814 0.2927 27
1.489 0.1805 -0.0786 37
1.4969 0.1811 -0.0263 60
1.4932 0.1783 0.0262 33
1.4815 0.1767 0.0782 35
1.4997 0.1783 0.1321 33
1.4785 0.1753 0.1828 35
1.4968 0.1772 0.2387 38
1.482 0.1751 -0.1306 37
1.4935 0.1762 0.2923 31
1.4738 0.1736 -0.0778 38
1.5014 0.1766 -0.0264 61
1.4937 0.1734 0.0262 34
1.4702 0.1701 0.0776 36
1.5042 0.1738 0.1325 31
1.481 0.1706 0.183 32
1.4954 0.1717 0.2384 37
1.5024 0.1725 -0.1323 33
1.496 0.1715 0.2927 28
1.4823 0.1697 -0.0782 39
1.502 0.1714 -0.0264 61
1.4983 0.1686 0.0263 34
1.4747 0.1654 0.0778 36
1.4969 0.1676 0.1318 34
1.4855 0.1658 0.1835 38
1.494 0.1663 0.2381 38
1.499 0.1668 -0.132 36
1.5103 0.1678 0.2954 29
1.4829 0.1645 -0.0782 39
1.4907 0.1648 -0.0262 61
1.4949 0.1629 0.0262 36
1.4812 0.1609 0.0781 37
1.4935 0.162 0.1314 33
1.494 0.1615 0.1845 37
1.4848 0.16 0.2365 36
1.4916 0.1607 -0.1313 36
1.503 0.1617 0.2938 29
1.4914 0.1602 -0.0786 41
1.4873 0.1592 -0.0261 60
1.4915 0.1573 0.0262 36
1.4798 0.1555 0.078 36
1.4822 0.1555 0.1304 34
1.4946 0.1563 0.1845 37
1.4952 0.1558 0.2381 38
1.4922 0.1555 -0.1313 35
1.4899 0.155 0.2912 28
1.484 0.1541 -0.0782 37
1.4898 0.1542 -0.0261 58
1.492 0.1521 0.0262 34
1.4803 0.1504 0.078 36
1.4946 0.1516 0.1314 34
1.4833 0.1499 0.183 38
1.4957 0.1506 0.2381 38
1.4987 0.1506 -0.1318 37
1.4963 0.1504 0.2923 30
1.4726 0.1478 -0.0776 39
1.5122 0.1512 -0.0265 67
1.4965 0.1473 0.0262 36
1.4709 0.1442 0.0775 38
1.4991 0.1465 0.1318 34
1.4917 0.1455 0.184 36
1.4962 0.1454 0.2381 38
1.4992 0.1454 -0.1318 42
1.5047 0.1457 0.2938 31
1.485 0.1435 -0.0782 38
1.4869 0.1434 -0.0261 69
1.4931 0.1414 0.0262 34
1.4774 0.1397 0.0778 43
1.5016 0.1414 0.132 38
1.4922 0.14 0.184 37
1.4849 0.1391 0.2362 38
1.4739 0.1378 -0.1295 33
1.511 0.141 0.295 27
1.4855 0.1383 -0.0782 39
1.4794 0.1375 -0.0259 60
1.4936 0.1364 0.0262 38
1.4838 0.135 0.0781 40
1.4882 0.1349 0.1307 34
1.5006 0.1358 0.185 37
1.4874 0.1341 0.2365 36
1.4962 0.1346 -0.1314 45
1.5076 0.1356 0.2942 27
1.486 0.1334 -0.0782 44
1.5058 0.1347 -0.0264 67
1.492 0.1311 0.0261 38
1.4863 0.1303 0.0782 38
1.4886 0.13 0.1307 34
1.4931 0.1298 0.184 35
1.4937 0.1296 0.2375 38
1.4788 0.1281 -0.1299 35
1.4904 0.1288 0.2908 29
1.4944 0.1289 -0.0786 38
1.5062 0.1297 -0.0264 65
1.4944 0.1263 0.0262 40
1.4827 0.1248 0.078 37
1.493 0.1251 0.1311 33
1.4797 0.1237 0.1823 33
1.4922 0.1243 0.2372 37
1.4991 0.1246 -0.1316 35
1.4987 0.1245 0.2923 30
1.4749 0.1223 -0.0776 38
1.5126 0.1249 -0.0265 69
1.4989 0.1214 0.0262 41
1.4772 0.1191 0.0777 40
1.5014 0.1208 0.1318 37
1.4801 0.1186 0.1823 33
1.4946 0.1192 0.2375 38
1.5094 0.1204 -0.1325 37
1.4952 0.119 0.2916 30
1.4753 0.1171 -0.0776 42
1.4812 0.1171 -0.0259 73
1.4993 0.1162 0.0262 41
1.4776 0.114 0.0777 40
1.4978 0.1153 0.1314 34
1.4845 0.1137 0.1828 33
1.4891 0.1135 0.2365 37
1.5019 0.1145 -0.1318 37
1.5034 0.1144 0.2931 30
1.4857 0.1128 -0.0781 46
1.4776 0.1116 -0.0259 67
1.4957 0.1106 0.0262 41
1.48 0.1089 0.0778 43
1.4823 0.1089 0.13 38
1.4868 0.1087 0.183 38
1.4875 0.1082 0.2362 41
1.4904 0.1084 -0.1307 42
1.5077 0.1094 0.2938 30
1.4881 0.1077 -0.0782 41
1.4859 0.107 -0.026 76
1.4861 0.1047 0.026 43
1.4883 0.1043 0.0782 42
1.4867 0.104 0.1304 36
1.4971 0.1042 0.1843 40
1.4938 0.1034 0.2372 41
1.4828 0.1026 -0.13 41
1.4944 0.1032 0.2912 31
1.4924 0.1028 -0.0784 48
1.4883 0.102 -0.026 82
1.4864 0.0995 0.026 54
1.4867 0.099 0.0781 45
1.497 0.0994 0.1313 40
1.4836 0.098 0.1826 38
1.4961 0.0983 0.2375 38
1.4752 0.0969 -0.1293 43
1.5006 0.0984 0.2923 29
1.4828 0.0969 -0.0779 42
1.4946 0.0972 -0.0261 84
1.4948 0.0948 0.0261 54
1.473 0.0929 0.0774 43
1.4993 0.0943 0.1314 38
1.4879 0.0931 0.183 40
1.4964 0.0931 0.2375 40
1.4894 0.0927 -0.1306 43
1.5029 0.0932 0.2927 31
1.4791 0.0915 -0.0777 44
1.5009 0.0923 -0.0262 86
1.4991 0.0896 0.0262 51
1.4754 0.0877 0.0775 47
1.5016 0.0889 0.1316 39
1.4981 0.0882 0.1843 41
1.4849 0.0869 0.2356 40
1.4858 0.087 -0.1302 45
1.5072 0.088 0.2935 31
1.4854 0.0864 -0.078 49
1.4893 0.0861 -0.026 90
1.4914 0.0839 0.0261 67
1.4836 0.0829 0.0779 48
1.496 0.0834 0.1311 42
1.5024 0.0832 0.1848 40
1.4852 0.0817 0.2356 35
1.4761 0.0812 -0.1293 43
1.5075 0.0827 0.2935 31
1.4937 0.0817 -0.0784 49
1.4856 0.0807 -0.026 86
1.4917 0.0787 0.0261 74
1.4839 0.0778 0.0779 47
1.4803 0.0773 0.1297 39
1.4947 0.0776 0.1838 40
1.4993 0.0773 0.2378 37
1.4844 0.0765 -0.13 46
1.4999 0.077 0.2919 33
1.49 0.0763 -0.0782 48
1.5058 0.0765 -0.0263 100
1.494 0.0736 0.0261 76
1.4842 0.0726 0.0779 53
1.4985 0.073 0.1313 41
1.491 0.0721 0.1833 41
1.4976 0.0719 0.2375 40
1.4826 0.0712 -0.1299 45
1.4943 0.0715 0.2908 30
1.4903 0.0711 -0.0782 49
1.5061 0.0713 -0.0263 100
1.4942 0.0684 0.0261 83
1.4764 0.0673 0.0775 53
1.5027 0.068 0.1316 49
1.4913 0.0669 0.1833 43
1.4998 0.0671 0.2378 41
1.4888 0.0663 -0.1304 46
1.5122 0.0671 0.2942 32
1.4825 0.0655 -0.0778 49
1.4843 0.0653 -0.0259 100
1.4984 0.0636 0.0262 83
1.4827 0.0624 0.0778 56
1.493 0.0623 0.1307 45
1.4915 0.062 0.1833 41
1.4882 0.0613 0.2359 45
1.493 0.0613 -0.1307 57
1.5085 0.0619 0.2935 32
1.4827 0.0606 -0.0778 52
1.4706 0.0596 -0.0257 100
1.4946 0.0582 0.0261 95
1.4829 0.0572 0.0778 65
1.4832 0.057 0.1299 50
1.4957 0.0569 0.1838 46
1.4884 0.0561 0.2359 47
1.5092 0.0569 -0.1321 100
1.5008 0.0563 0.2919 32
1.4869 0.0556 -0.078 52
1.4868 0.055 -0.026 100
1.4848 0.0526 0.0259 100
1.487 0.0522 0.078 81
1.4914 0.0521 0.1306 54
1.484 0.0513 0.1823 45
1.4984 0.0513 0.2375 43
1.4835 0.0508 -0.1299 75
1.4991 0.051 0.2916 31
1.4871 0.0504 -0.078 67
1.4909 0.05 -0.026 100
1.487 0.0475 0.026 100
1.4832 0.0471 0.0778 81
1.4975 0.0471 0.1311 64
1.4841 0.0461 0.1823 46
1.4986 0.0463 0.2375 46
1.5016 0.0461 -0.1314 100
1.4973 0.0457 0.2912 31
1.4773 0.0449 -0.0775 100
1.5051 0.0455 -0.0263 102
1.4952 0.0428 0.0261 100
1.4754 0.0417 0.0774 96
1.5037 0.042 0.1316 81
1.4843 0.0412 0.1823 48
1.4968 0.041 0.2372 42
1.5057 0.041 -0.1318 100
1.5092 0.0411 0.2935 34
1.4854 0.0402 -0.0779 100
1.5012 0.0401 -0.0262 106
1.5053 0.0378 0.0263 100
1.4755 0.0366 0.0774 100
1.4958 0.0368 0.1309 61
1.4904 0.0362 0.183 52
1.487 0.0356 0.2356 43
1.4879 0.0353 -0.1302 77
1.5054 0.0357 0.2927 34
1.4836 0.035 -0.0778 100
1.4874 0.0345 -0.026 126
1.4934 0.0323 0.0261 100
1.4756 0.0314 0.0774 100
1.482 0.031 0.1297 69
1.4945 0.031 0.1835 52
1.4911 0.0305 0.2362 38
1.486 0.0301 -0.13 85
1.5075 0.0303 0.2931 37
1.4937 0.0297 -0.0783 100
1.4715 0.029 -0.0257 124
1.4875 0.0267 0.026 100
1.4837 0.0264 0.0778 100
1.4841 0.0259 0.1299 63
1.4926 0.0255 0.1833 53
1.4951 0.0253 0.2368 38
1.4881 0.0249 -0.1302 90
1.4938 0.0248 0.2904 35
1.4878 0.0244 -0.078 100
1.4716 0.0239 -0.0257 127
1.4876 0.0218 0.026 100
1.4758 0.0211 0.0774 100
1.4941 0.0209 0.1307 81
1.4847 0.0205 0.1823 48
1.4913 0.02 0.2362 38
1.4862 0.0197 -0.13 85
1.4919 0.0198 0.29 31
1.4818 0.0194 -0.0777 100
1.4857 0.0189 -0.0259 129
1.4977 0.0167 0.0261 100
1.4739 0.0162 0.0772 100
1.4922 0.0159 0.1306 66
1.4808 0.0152 0.1818 63
1.4953 0.0151 0.2368 42
1.5002 0.0149 -0.1313 97
1.5077 0.0147 0.2931 29
1.4899 0.0143 -0.0781 100
1.4817 0.014 -0.0259 128
1.4897 0.0117 0.026 100
1.4699 0.011 0.077 100
1.4883 0.0106 0.1302 66
1.4967 0.0104 0.1838 61
1.4835 0.0098 0.235 42
1.5022 0.0097 -0.1314 100
1.5117 0.0098 0.2938 29
1.4959 0.0094 -0.0784 100
1.4917 0.0089 -0.026 131
1.4958 0.0065 0.0261 100
1.478 0.0062 0.0775 100
1.4783 0.0057 0.1293 81
1.4987 0.0052 0.184 52
1.4875 0.0049 0.2356 43
1.4664 0.0046 -0.1283 85
1.5019 0.0045 0.2919 33
1.488 0.0042 -0.078 100
1.4738 0.0039 -0.0257 131
1.4778 0.0015 0.0258 100
1.478 0.001 0.0775 100
1.4784 0.0005 0.1293 58
1.4928 0.0003 0.1833 50
1.4894 -0.0003 0.2359 42
1.5003 -0.0005 -0.1313 100
1.498 -0.0005 0.2912 34
1.486 -0.0008 -0.0779 100
1.4878 -0.0013 -0.026 135
1.4898 -0.0042 0.026 100
1.478 -0.0044 0.0775 100
1.4903 -0.0049 0.1304 57
1.4809 -0.0054 0.1818 53
1.4953 -0.0057 0.2368 45
1.4763 -0.0059 -0.1292 100
1.5019 -0.0063 0.2919 32
1.4879 -0.0065 -0.078 100
1.4978 -0.0068 -0.0261 136
1.4937 -0.0091 0.0261 100
1.47 -0.0095 0.077 100
1.4962 -0.0102 0.1309 58
1.4848 -0.0104 0.1823 48
1.4953 -0.011 0.2368 45
1.4943 -0.0112 -0.1307 100
1.5058 -0.0113 0.2927 34
1.4759 -0.0113 -0.0774 100
1.4857 -0.0119 -0.0259 135
1.4957 -0.0144 0.0261 100
1.4699 -0.0146 0.077 100
1.4962 -0.0151 0.1309 61
1.4887 -0.0156 0.1828 45
1.4933 -0.0162 0.2365 47
1.4962 -0.0162 -0.1309 100
1.5018 -0.0165 0.2919 31
1.4839 -0.0166 -0.0778 100
1.4817 -0.0171 -0.0259 138
1.4976 -0.0196 0.0261 100
1.4738 -0.0198 0.0772 100
1.4902 -0.0203 0.1304 65
1.4926 -0.0208 0.1833 50
1.4834 -0.0212 0.235 46
1.4742 -0.0211 -0.129 78
1.5037 -0.0218 0.2923 29
1.4898 -0.0218 -0.0781 100
1.4896 -0.0224 -0.026 136
1.4896 -0.0247 0.026 100
1.4798 -0.0251 0.0776 100
1.4841 -0.0254 0.1299 67
1.4886 -0.026 0.1828 45
1.4892 -0.0265 0.2359 41
1.4821 -0.0264 -0.1297 85
1.4997 -0.027 0.2916 29
1.4937 -0.0271 -0.0783 100
1.4795 -0.0274 -0.0258 132
1.4895 -0.0299 0.026 100
1.4777 -0.0302 0.0775 100
1.49 -0.0307 0.1304 72
1.4845 -0.0311 0.1823 48
1.4911 -0.0318 0.2362 45
1.492 -0.0318 -0.1306 90
1.4996 -0.0322 0.2916 29
1.4796 -0.032 -0.0776 100
1.4954 -0.0329 -0.0261 133
1.4934 -0.0352 0.0261 100
1.4696 -0.0349 0.077 100
1.4919 -0.0359 0.1306 66
1.4844 -0.0363 0.1823 53
1.4949 -0.0368 0.2368 42
1.4958 -0.0371 -0.1309 97
1.5053 -0.0376 0.2927 31
1.4835 -0.0373 -0.0778 100
1.4813 -0.0375 -0.0259 131
1.5012 -0.0404 0.0262 100
1.4734 -0.0401 0.0772 100
1.4957 -0.0413 0.1309 64
1.4863 -0.0413 0.1826 47
1.4869 -0.0418 0.2356 45
1.4897 -0.0421 -0.1304 85
1.5052 -0.0426 0.2927 32
1.4834 -0.0422 -0.0778 100
1.4772 -0.0426 -0.0258 135
1.4971 -0.0455 0.0261 100
1.4693 -0.0451 0.077 100
1.4836 -0.0458 0.1299 65
1.496 -0.0468 0.1838 42
1.4907 -0.0471 0.2362 43
1.4916 -0.0471 -0.1306 100
1.5129 -0.0481 0.2942 32
1.4852 -0.0475 -0.0779 100
1.463 -0.0473 -0.0256 130
1.4869 -0.0504 0.026 100
1.4831 -0.0508 0.0778 100
1.4874 -0.0512 0.1302 59
1.484 -0.0516 0.1823 45
1.4885 -0.0522 0.2359 42
1.4774 -0.0519 -0.1293 93
1.4931 -0.0527 0.2904 34
1.493 -0.0529 -0.0783 100
1.4808 -0.053 -0.0259 124
1.4907 -0.0557 0.026 100
1.4869 -0.0561 0.078 100
1.4992 -0.0568 0.1313 58
1.4877 -0.0569 0.1828 45
1.4942 -0.0577 0.2368 42
1.4693 -0.0567 -0.1286 92
1.5008 -0.0582 0.2919 32
1.4848 -0.0578 -0.0779 100
1.4806 -0.0582 -0.0259 127
1.4965 -0.0612 0.0261 100
1.4667 -0.0604 0.0769 100
1.5069 -0.0624 0.132 61
1.4875 -0.0621 0.1828 43
1.5 -0.0631 0.2378 47
1.481 -0.0623 -0.1297 92
1.5045 -0.0636 0.2927 32
1.4866 -0.0631 -0.078 100
1.4724 -0.063 -0.0257 121
1.5003 -0.0666 0.0262 100
1.4765 -0.066 0.0775 100
1.4928 -0.067 0.1307 55
1.4873 -0.0673 0.1828 43
1.4879 -0.0678 0.2359 41
1.4808 -0.0675 -0.1297 82
1.5042 -0.0688 0.2927 32
1.4904 -0.0685 -0.0782 100
1.4822 -0.0686 -0.0259 122
1.4961 -0.0716 0.0261 100
1.4783 -0.0713 0.0776 92
1.4866 -0.0719 0.1302 49
1.491 -0.0727 0.1833 43
1.4896 -0.0731 0.2362 38
1.4786 -0.0726 -0.1295 72
1.5079 -0.0743 0.2935 32
1.4901 -0.0737 -0.0782 100
1.466 -0.073 -0.0256 118
1.4938 -0.0767 0.0261 100
1.48 -0.0763 0.0777 95
1.4923 -0.0774 0.1307 46
1.4947 -0.0781 0.1838 42
1.4854 -0.0778 0.2356 38
1.4763 -0.0776 -0.1293 61
1.492 -0.0787 0.2904 34
1.4879 -0.0788 -0.0781 93
1.4757 -0.0784 -0.0258 112
1.4876 -0.0813 0.026 100
1.4797 -0.0812 0.0777 72
1.498 -0.0827 0.1313 49
1.4905 -0.0828 0.1833 41
1.497 -0.0834 0.2375 41
1.484 -0.083 -0.13 53
1.4995 -0.0841 0.2919 31
1.4816 -0.0834 -0.0778 82
1.4854 -0.0838 -0.026 100
1.5012 -0.0871 0.0262 83
1.4794 -0.0863 0.0777 68
1.4937 -0.0874 0.1309 40
1.4862 -0.0875 0.1828 41
1.4908 -0.0883 0.2365 41
1.4976 -0.0887 -0.1313 65
1.5012 -0.0892 0.2923 30
1.4813 -0.0883 -0.0778 81
1.4871 -0.0891 -0.026 100
1.4969 -0.0921 0.0262 78
1.4732 -0.0911 0.0774 67
1.4874 -0.0923 0.1304 39
1.4978 -0.0934 0.1843 40
1.4845 -0.0931 0.2356 40
1.4735 -0.0924 -0.1292 55
1.5107 -0.095 0.2942 27
1.489 -0.0939 -0.0782 75
1.4708 -0.0933 -0.0257 110
1.4926 -0.097 0.0261 78
1.4828 -0.0969 0.0779 65
1.4871 -0.0975 0.1304 39
1.4955 -0.0985 0.184 36
1.4881 -0.0986 0.2362 38
1.4831 -0.0985 -0.13 57
1.5064 -0.1001 0.2935 28
1.4906 -0.0993 -0.0783 66
1.4765 -0.0988 -0.0258 100
1.4843 -0.1017 0.026 78
1.4824 -0.1021 0.0779 56
1.4848 -0.1028 0.1302 40
1.4951 -0.1038 0.184 40
1.4898 -0.1039 0.2365 35
1.4708 -0.1028 -0.129 48
1.4923 -0.1046 0.2908 29
1.4903 -0.1047 -0.0783 66
1.4761 -0.104 -0.0258 100
1.4939 -0.1079 0.0261 68
1.4801 -0.1074 0.0778 62
1.4963 -0.1088 0.1313 40
1.4829 -0.1084 0.1826 40
1.4894 -0.1094 0.2365 36
1.4664 -0.1077 -0.1286 45
1.5037 -0.1107 0.2931 29
1.4899 -0.1099 -0.0783 57
1.4897 -0.1104 -0.0261 100
1.4975 -0.1134 0.0262 72
1.4737 -0.1121 0.0775 57
1.4939 -0.1139 0.1311 41
1.4944 -0.1145 0.184 36
1.4929 -0.1149 0.2372 36
1.4879 -0.1145 -0.1306 47
1.5014 -0.1158 0.2927 28
1.4796 -0.1144 -0.0778 56
1.4833 -0.1152 -0.026 100
1.5051 -0.1192 0.0264 65
1.4753 -0.1171 0.0776 51
1.4975 -0.1194 0.1314 39
1.5019 -0.1203 0.185 40
1.4807 -0.1189 0.2353 36
1.4795 -0.119 -0.1299 45
1.5088 -0.1217 0.2942 32
1.4851 -0.12 -0.0781 52
1.471 -0.1191 -0.0258 100
1.5007 -0.1239 0.0263 61
1.4789 -0.1226 0.0778 53
1.4792 -0.1232 0.1299 38
1.4936 -0.1246 0.184 38
1.4842 -0.1244 0.2359 37
1.4771 -0.124 -0.1297 46
1.5103 -0.1268 0.2946 29
1.4966 -0.1259 -0.0787 53
1.4785 -0.1249 -0.0259 95
1.4923 -0.1285 0.0261 56
1.4785 -0.1278 0.0778 52
1.4867 -0.1288 0.1306 41
1.501 -0.1305 0.185 36
1.4917 -0.1302 0.2372 36
1.4747 -0.1288 -0.1295 43
1.504 -0.1316 0.2935 31
1.4902 -0.1306 -0.0784 56
1.484 -0.1306 -0.026 100
1.4878 -0.1333 0.0261 46
1.484 -0.1335 0.0781 47
1.4982 -0.135 0.1316 32
1.4887 -0.1347 0.1835 37
1.4971 -0.136 0.2381 38
1.4842 -0.1348 -0.1304 46
1.4957 -0.1361 0.2919 28
1.4838 -0.1353 -0.0781 52
1.4836 -0.1358 -0.026 97
1.4913 -0.1389 0.0261 45
1.4716 -0.1373 0.0775 47
1.5096 -0.1414 0.1327 39
1.4843 -0.1395 0.183 36
1.4986 -0.1411 0.2384 35
1.4837 -0.14 -0.1304 40
1.503 -0.1421 0.2935 28
1.4793 -0.1401 -0.0779 49
1.4831 -0.1407 -0.026 80
1.5048 -0.1452 0.0264 40
1.4731 -0.1426 0.0776 40
1.4992 -0.1457 0.1318 39
1.4996 -0.146 0.185 36
1.4863 -0.1452 0.2365 35
1.4812 -0.145 -0.1302 36
1.5084 -0.1476 0.2946 29
1.4888 -0.146 -0.0784 45
1.4687 -0.1445 -0.0258 71
1.5003 -0.15 0.0263 40
1.4825 -0.1485 0.0781 41
1.4868 -0.1495 0.1307 37
1.4951 -0.1508 0.1845 38
1.4897 -0.1505 0.2372 35
1.4827 -0.1501 -0.1304 42
1.5059 -0.1527 0.2942 27
1.4923 -0.1516 -0.0786 44
1.4702 -0.1496 -0.0258 67
1.4898 -0.154 0.0261 39
1.478 -0.1533 0.0779 41
1.4863 -0.1546 0.1307 33
1.4986 -0.1562 0.185 36
1.4912 -0.1559 0.2375 38
1.4703 -0.154 -0.1293 38
1.4937 -0.1565 0.2919 28
1.4878 -0.1561 -0.0784 41
1.4776 -0.1556 -0.0259 61
1.4893 -0.1594 0.0261 39
1.4814 -0.1591 0.0781 40
1.4936 -0.1607 0.1314 33
1.4782 -0.1595 0.1826 32
1.4965 -0.162 0.2384 36
1.4856 -0.1609 -0.1307 38
1.5048 -0.1632 0.2942 27
1.4812 -0.1609 -0.0781 50
1.487 -0.1621 -0.0261 60
1.4966 -0.1655 0.0263 36
1.4729 -0.1634 0.0777 41
1.497 -0.1663 0.1318 32
1.4797 -0.1649 0.1828 35
1.4959 -0.1673 0.2384 36
1.485 -0.166 -0.1307 38
1.5062 -0.1687 0.2946 29
1.4787 -0.1659 -0.078 45
1.5023 -0.169 -0.0264 65
1.5 -0.1712 0.0264 34
1.4743 -0.1688 0.0778 37
1.4885 -0.1706 0.1311 32
1.487 -0.171 0.1838 32
1.4855 -0.1714 0.2368 40
1.5003 -0.1731 -0.1321 37
1.5076 -0.1742 0.295 28
1.488 -0.1722 -0.0785 38
1.5037 -0.1745 -0.0264 69
1.4855 -0.1748 0.0261 37
1.4777 -0.1744 0.078 42
1.4919 -0.1763 0.1314 34
1.4844 -0.176 0.1835 32
1.4967 -0.1779 0.2387 38
1.4918 -0.1774 -0.1314 38
1.5089 -0.1797 0.2954 29
1.4914 -0.1778 -0.0787 45
1.4693 -0.1757 -0.0258 58
1.4948 -0.1812 0.0263 34
1.4811 -0.1798 0.0782 37
1.4814 -0.1803 0.1306 38
1.4916 -0.1821 0.1845 38
1.4882 -0.1819 0.2375 38
1.4753 -0.1806 -0.13 38
1.5005 -0.184 0.2938 29
1.4888 -0.1828 -0.0786 42
1.5005 -0.1845 -0.0264 67
1.4803 -0.1844 0.026 38
1.4844 -0.1854 0.0784 40
1.5005 -0.188 0.1323 29
1.4792 -0.1856 0.183 32
1.4935 -0.1879 0.2384 36
1.4826 -0.1868 -0.1307 38
1.494 -0.1882 0.2927 28
1.4842 -0.1872 -0.0784 42
1.4919 -0.1887 -0.0262 61
1.4975 -0.1918 0.0264 38
1.4758 -0.1896 0.078 37
1.4939 -0.1922 0.1318 33
1.4786 -0.1907 0.183 31
1.4928 -0.1931 0.2384 36
1.48 -0.1914 -0.1306 35
1.5011 -0.1944 0.2942 27
1.4815 -0.1922 -0.0783 39
1.4932 -0.1942 -0.0263 63
1.4969 -0.1971 0.0264 37
1.4791 -0.1953 0.0782 37
1.4992 -0.1982 0.1323 30
1.4838 -0.1967 0.1838 33
1.4843 -0.1973 0.2372 36
1.4931 -0.1984 -0.1318 37
1.5082 -0.2007 0.2958 27
1.4809 -0.1973 -0.0783 38
1.4905 -0.1991 -0.0262 61
1.4962 -0.2023 0.0264 34
1.4824 -0.201 0.0784 35
1.4827 -0.2013 0.1309 31
1.491 -0.2029 0.1848 35
1.4875 -0.203 0.2378 36
1.4825 -0.2023 -0.1309 35
1.5056 -0.2057 0.2954 29
1.4881 -0.2036 -0.0787 39
1.4938 -0.2049 -0.0263 61
1.4816 -0.2056 0.0261 34
1.4817 -0.2061 0.0784 35
1.4899 -0.2075 0.1316 29
1.4843 -0.2073 0.184 31
1.4946 -0.2093 0.239 35
1.4838 -0.2077 -0.1311 40
1.501 -0.2104 0.2946 29
1.4794 -0.2077 -0.0783 39
1.4832 -0.2087 -0.0261 56
1.4888 -0.2119 0.0262 34
1.4889 -0.2122 0.0788 31
1.4911 -0.213 0.1318 33
1.4836 -0.2125 0.184 31
1.4939 -0.2142 0.239 37
1.4732 -0.2115 -0.1302 37
1.5002 -0.2156 0.2946 29
1.4728 -0.212 -0.078 33
1.4884 -0.2145 -0.0262 50
1.496 -0.218 0.0264 33
1.4684 -0.2142 0.0778 35
1.5022 -0.2197 0.1328 31
1.479 -0.2168 0.1835 31
1.4971 -0.2197 0.2397 36
1.4902 -0.219 -0.1318 37
1.5034 -0.2212 0.2954 29
1.478 -0.2177 -0.0783 35
1.4857 -0.2191 -0.0262 58
1.4992 -0.2235 0.0265 33
1.4815 -0.2214 0.0785 32
1.4936 -0.2235 0.1321 31
1.4881 -0.2232 0.1848 33
1.4826 -0.2229 0.2375 33
1.5013 -0.2257 -0.1328 37
1.5065 -0.2268 0.2961 26
1.4852 -0.2238 -0.0787 35
1.4731 -0.2225 -0.026 54
1.4945 -0.2281 0.0264 32
1.4807 -0.2266 0.0785 23
1.481 -0.2269 0.1311 33
1.4912 -0.229 0.1852 32
1.4838 -0.2284 0.2378 36
1.4828 -0.2282 -0.1313 36
1.4921 -0.2299 0.2935 26
1.4864 -0.2293 -0.0788 35
1.4782 -0.2286 -0.0261 52
1.4857 -0.2321 0.0262 33
1.4839 -0.2324 0.0787 23
1.4802 -0.2321 0.1311 31
1.4904 -0.2342 0.1852 35
1.4967 -0.2357 0.24 33
1.4899 -0.2346 -0.132 35
1.4991 -0.2364 0.295 27
1.4777 -0.2332 -0.0784 41
1.4833 -0.2347 -0.0262 48
1.4849 -0.2373 0.0262 32
1.4732 -0.236 0.0782 32
1.4931 -0.2394 0.1323 29
1.4798 -0.2378 0.184 28
1.4851 -0.2392 -0.1316 36
1.4768 -0.2384 -0.0784 41
