2.5471 0.1938 -0.1339 15
2.6061 0.1978 -0.0456 11
2.5478 0.1853 -0.1339 17
2.6227 0.1898 -0.0459 17
2.7008 0.1912 0.0473 14
2.7873 0.1964 0.1464 10
2.5404 0.1759 -0.1335 17
2.6114 0.1799 -0.0457 16
2.7055 0.1821 0.0473 15
2.7939 0.187 0.1468 16
2.5311 0.1663 -0.1329 18
2.616 0.171 -0.0458 16
2.7161 0.1733 0.0475 15
2.7886 0.1769 0.1464 14
2.5416 0.1581 -0.1335 18
2.6026 0.161 -0.0455 15
2.7147 0.1637 0.0475 15
2.7812 0.1667 0.146 14
2.5541 0.15 -0.1341 17
2.6032 0.1519 -0.0455 15
2.7052 0.1536 0.0473 15
2.7957 0.1583 0.1468 15
2.5426 0.1404 -0.1335 18
2.6057 0.1434 -0.0456 14
2.7057 0.1446 0.0473 15
2.7862 0.148 0.1462 15
2.5351 0.1315 -0.133 18
2.6101 0.1345 -0.0456 14
2.7062 0.1352 0.0473 15
2.7748 0.1377 0.1456 14
2.5356 0.1227 -0.133 17
2.6066 0.1252 -0.0456 14
2.7107 0.1259 0.0474 15
2.7832 0.1283 0.146 14
2.5439 0.1142 -0.1335 17
2.599 0.1157 -0.0454 14
2.7071 0.1163 0.0473 16
2.7876 0.1188 0.1462 14
2.5403 0.1051 -0.1332 18
2.5994 0.1067 -0.0454 15
2.6995 0.1065 0.0472 15
2.7801 0.1087 0.1458 15
2.5447 0.0964 -0.1335 18
2.5998 0.0976 -0.0454 15
2.7038 0.0973 0.0472 15
2.7924 0.0995 0.1464 15
2.537 0.0873 -0.133 17
2.6141 0.089 -0.0457 15
2.7162 0.0882 0.0474 15
2.7867 0.0895 0.1461 15
2.5373 0.0784 -0.133 17
2.6064 0.0796 -0.0455 15
2.7085 0.0785 0.0473 15
2.773 0.0799 0.1454 14
2.5416 0.0697 -0.1332 17
2.5946 0.0707 -0.0453 15
2.7127 0.0696 0.0474 15
2.7793 0.0708 0.1457 15
2.5498 0.0614 -0.1337 18
2.5949 0.0621 -0.0453 15
2.7009 0.0603 0.0472 16
2.7895 0.0614 0.1462 15
2.534 0.0522 -0.1328 18
2.5971 0.053 -0.0453 15
2.7011 0.0504 0.0472 15
2.7877 0.0511 0.1461 15
2.5302 0.0428 -0.1326 17
2.6092 0.0437 -0.0456 16
2.7113 0.0407 0.0473 16
2.7739 0.0412 0.1454 15
2.5323 0.034 -0.1327 18
2.6054 0.0346 -0.0455 15
2.7134 0.0317 0.0474 16
2.78 0.0315 0.1457 15
2.5384 0.0257 -0.133 18
2.5895 0.0253 -0.0452 14
2.7055 0.0222 0.0472 16
2.7801 0.0223 0.1457 15
2.5365 0.0168 -0.1329 18
2.6015 0.0168 -0.0454 16
2.7016 0.0132 0.0472 15
2.7881 0.0127 0.1461 15
2.5405 0.0084 -0.1331 18
2.5996 0.0077 -0.0454 15
2.7016 0.0038 0.0472 15
2.7802 0.0034 0.1457 15
2.5345 -0.0004 -0.1328 18
2.5996 -0.0009 -0.0454 15
2.7056 -0.0052 0.0472 15
2.7742 -0.0063 0.1454 15
2.5325 -0.0088 -0.1327 18
2.6016 -0.01 -0.0454 16
2.7135 -0.0156 0.0474 15
2.7701 -0.0169 0.1452 15
2.5404 -0.0186 -0.1331 17
2.5935 -0.0199 -0.0453 16
2.7055 -0.025 0.0472 16
2.7781 -0.0267 0.1456 15
2.5404 -0.0275 -0.1331 17
2.6014 -0.0291 -0.0454 16
2.7014 -0.0344 0.0472 16
2.778 -0.0359 0.1456 15
2.5442 -0.0364 -0.1334 17
2.5953 -0.0376 -0.0453 16
2.6992 -0.0433 0.0471 16
2.7798 -0.0451 0.1457 15
2.5321 -0.0446 -0.1327 18
2.5972 -0.0462 -0.0453 15
2.7051 -0.0524 0.0472 16
2.7637 -0.0545 0.1449 15
2.524 -0.0529 -0.1323 18
2.599 -0.0553 -0.0454 15
2.7009 -0.0618 0.0472 16
2.7714 -0.0643 0.1453 15
2.5378 -0.062 -0.133 17
2.5928 -0.0643 -0.0453 16
2.7007 -0.0712 0.0472 16
2.7712 -0.074 0.1453 15
2.5355 -0.0708 -0.1329 18
2.5946 -0.0734 -0.0453 15
2.6904 -0.0803 0.047 16
2.7749 -0.0838 0.1455 15
2.5353 -0.0801 -0.1329 18
2.6023 -0.0827 -0.0454 15
2.6941 -0.0903 0.0471 16
2.7706 -0.0934 0.1453 15
2.527 -0.0887 -0.1325 18
2.596 -0.0916 -0.0453 16
2.6998 -0.0995 0.0472 15
2.7663 -0.1024 0.1451 15
2.5267 -0.0971 -0.1325 17
2.6017 -0.1004 -0.0454 15
2.7014 -0.1085 0.0472 16
2.7639 -0.112 0.145 15
2.5343 -0.1058 -0.1329 18
2.5853 -0.1088 -0.0452 15
2.701 -0.1179 0.0472 16
2.7735 -0.1221 0.1455 15
2.5379 -0.1148 -0.1331 18
2.5929 -0.1182 -0.0453 15
2.6946 -0.1271 0.0471 16
2.7731 -0.1317 0.1455 15
2.5375 -0.1237 -0.1331 18
2.5885 -0.1271 -0.0452 15
2.6961 -0.1366 0.0471 16
2.7726 -0.1414 0.1455 15
2.5271 -0.132 -0.1326 18
2.598 -0.1366 -0.0454 16
2.6976 -0.1461 0.0472 15
2.7601 -0.1504 0.1449 15
2.5266 -0.1408 -0.1326 18
2.5975 -0.1457 -0.0454 16
2.7051 -0.156 0.0473 15
2.7655 -0.1604 0.1452 15
2.5321 -0.15 -0.1329 18
2.587 -0.1542 -0.0452 15
2.7005 -0.1652 0.0472 15
2.767 -0.1702 0.1453 15
2.5295 -0.1587 -0.1328 18
2.5885 -0.1633 -0.0453 16
2.69 -0.174 0.0471 16
2.7783 -0.1806 0.1459 15
2.5389 -0.1682 -0.1334 18
2.5959 -0.1729 -0.0454 16
2.6933 -0.1836 0.0471 16
2.7677 -0.1897 0.1454 15
2.5264 -0.1762 -0.1327 18
2.5992 -0.1822 -0.0455 16
2.6967 -0.1933 0.0472 16
2.7571 -0.1986 0.1449 15
2.5297 -0.1853 -0.1329 18
2.5986 -0.1913 -0.0455 16
2.694 -0.2026 0.0472 16
2.7604 -0.208 0.1451 15
2.5271 -0.194 -0.1328 17
2.5899 -0.1993 -0.0453 16
2.6933 -0.2115 0.0472 16
2.7676 -0.2183 0.1455 15
2.5324 -0.2029 -0.1331 18
2.5932 -0.2086 -0.0454 16
2.6905 -0.2207 0.0471 16
2.7748 -0.2286 0.1459 15
2.5277 -0.2114 -0.1329 18
2.5965 -0.218 -0.0455 16
2.6918 -0.2303 0.0472 16
2.766 -0.2376 0.1455 15
2.5269 -0.2202 -0.1329 18
2.6017 -0.2276 -0.0456 16
2.6969 -0.2402 0.0473 16
2.7572 -0.2461 0.1451 15
2.5301 -0.2294 -0.1331 18
2.5889 -0.2352 -0.0454 15
2.6961 -0.2492 0.0473 16
2.7603 -0.2561 0.1453 15
2.5314 -0.2379 -0.1332 16
2.5861 -0.244 -0.0453 16
2.6972 -0.2588 0.0473 15
2.7674 -0.266 0.1457 15
2.5285 -0.2466 -0.1331 18
2.5893 -0.253 -0.0454 16
2.6864 -0.2667 0.0471 16
2.7705 -0.276 0.1459 16
2.5317 -0.2554 -0.1334 18
2.5924 -0.2624 -0.0455 16
2.6854 -0.2761 0.0471 16
2.7695 -0.2857 0.1459 15
2.5228 -0.2638 -0.1329 17
2.5914 -0.2715 -0.0455 16
2.6924 -0.2868 0.0473 16
2.7565 -0.2946 0.1453 13
2.5297 -0.2739 -0.1334 18
2.5964 -0.2816 -0.0456 17
2.6913 -0.2966 0.0473 14
2.5228 -0.2821 -0.133 18
2.5815 -0.2891 -0.0453 16
2.5338 -0.2918 -0.1337 17
2.5685 -0.2967 -0.0451 2
