1.9956 0.2076 -0.1755 3
2.0161 0.2027 -0.1773 8
2.0648 0.2072 -0.1088 17
2.0247 0.1964 -0.178 21
2.0595 0.1994 -0.1084 17
2.1278 0.2053 -0.0373 18
2.1958 0.2083 0.0385 13
2.0234 0.1891 -0.1778 22
2.0583 0.1917 -0.1083 18
2.1325 0.1982 -0.0374 16
2.2105 0.2016 0.0387 16
2.2755 0.2067 0.1197 17
2.028 0.1824 -0.1781 21
2.0629 0.1848 -0.1085 18
2.1173 0.189 -0.0371 16
2.2032 0.1931 0.0386 16
2.2663 0.1979 0.1192 15
1.9969 0.1726 -0.1754 17
2.0695 0.1781 -0.1089 17
2.1239 0.1821 -0.0372 15
2.2039 0.1855 0.0386 16
2.2749 0.1906 0.1196 14
2.0134 0.1669 -0.1768 18
2.0661 0.1706 -0.1086 17
2.1265 0.1748 -0.0372 16
2.2045 0.1778 0.0386 16
2.2716 0.1824 0.1194 14
2.004 0.1591 -0.1759 16
2.0548 0.1624 -0.108 18
2.1311 0.1677 -0.0373 16
2.2011 0.1698 0.0385 16
2.2602 0.1739 0.1188 15
2.0204 0.1533 -0.1773 18
2.0593 0.1556 -0.1082 18
2.1237 0.1601 -0.0372 16
2.2077 0.1629 0.0386 17
2.2588 0.1659 0.1187 15
1.9971 0.1446 -0.1752 16
2.0638 0.149 -0.1084 17
2.1182 0.1522 -0.0371 16
2.2062 0.155 0.0386 16
2.2653 0.1588 0.119 15
2.0075 0.1386 -0.1761 18
2.0643 0.1418 -0.1084 18
2.1187 0.1452 -0.0371 15
2.1987 0.1472 0.0385 17
2.2738 0.1514 0.1194 15
2.002 0.1312 -0.1755 18
2.0568 0.1344 -0.108 17
2.1272 0.1383 -0.0372 15
2.1993 0.1391 0.0385 17
2.2684 0.1431 0.1191 15
2.0065 0.1245 -0.1759 17
2.0453 0.1262 -0.1074 18
2.1257 0.1308 -0.0372 16
2.2037 0.1321 0.0385 17
2.2609 0.1351 0.1187 15
2.0168 0.1184 -0.1768 17
2.0497 0.1196 -0.1076 18
2.1261 0.1237 -0.0372 16
2.2061 0.1249 0.0386 16
2.2573 0.127 0.1185 15
2.0013 0.1108 -0.1754 17
2.0561 0.1132 -0.1079 18
2.1185 0.1158 -0.037 16
2.1986 0.1168 0.0384 16
2.2617 0.1193 0.1187 15
1.9957 0.1035 -0.1748 17
2.0704 0.1067 -0.1086 17
2.1189 0.1085 -0.037 16
2.187 0.1085 0.0382 17
2.2621 0.1114 0.1187 15
2 0.0968 -0.1752 16
2.0588 0.0989 -0.108 17
2.1153 0.1009 -0.037 16
2.1953 0.1012 0.0384 16
2.2665 0.1037 0.1189 15
2.0163 0.0905 -0.1766 18
2.0551 0.0915 -0.1078 17
2.1236 0.0938 -0.0371 16
2.1997 0.0937 0.0384 16
2.2509 0.0951 0.1181 15
2.0205 0.0836 -0.1769 18
2.0515 0.0842 -0.1076 18
2.1239 0.0864 -0.0371 16
2.204 0.0862 0.0385 17
2.2632 0.0877 0.1187 15
2.0149 0.0763 -0.1764 17
2.0537 0.0771 -0.1077 18
2.1122 0.0786 -0.0369 16
2.2043 0.0785 0.0385 16
2.2595 0.0797 0.1185 15
2.0052 0.069 -0.1755 18
2.064 0.0703 -0.1082 16
2.1125 0.0712 -0.0369 16
2.1925 0.0704 0.0383 16
2.2637 0.0719 0.1187 15
2.0014 0.0618 -0.1752 15
2.0602 0.0629 -0.108 18
2.1147 0.0639 -0.0369 17
2.1988 0.063 0.0384 17
2.256 0.0638 0.1183 15
1.9976 0.0548 -0.1748 16
2.0484 0.0554 -0.1074 17
2.1249 0.0568 -0.0371 16
2.195 0.0552 0.0383 17
2.2542 0.0559 0.1182 15
2.0197 0.0483 -0.1768 17
2.0486 0.0483 -0.1074 18
2.1211 0.0492 -0.037 16
2.2011 0.0476 0.0384 16
2.2524 0.0484 0.1181 15
2.0119 0.0411 -0.1761 18
2.0528 0.0412 -0.1076 18
2.1093 0.042 -0.0368 16
2.1973 0.0403 0.0384 16
2.2605 0.0406 0.1185 15
2.0001 0.0339 -0.175 17
2.0669 0.0346 -0.1083 18
2.1194 0.0348 -0.037 17
2.1854 0.0324 0.0382 16
2.2647 0.0328 0.1187 15
2.0062 0.0273 -0.1755 20
2.065 0.0274 -0.1082 17
2.1215 0.0274 -0.037 16
2.1855 0.0248 0.0382 16
2.2608 0.0249 0.1185 15
1.9983 0.0202 -0.1748 17
2.0411 0.02 -0.107 17
2.1276 0.0201 -0.0371 16
2.1936 0.0172 0.0383 16
2.2489 0.0169 0.1179 15
2.0182 0.013 -0.1766 17
2.0452 0.0129 -0.1072 17
2.1176 0.0126 -0.037 16
2.1976 0.0096 0.0384 16
2.2609 0.0091 0.1185 15
2.0143 0.006 -0.1762 18
2.0532 0.0054 -0.1076 18
2.1097 0.0052 -0.0368 16
2.1977 0.0015 0.0384 16
2.2529 0.0008 0.1181 15
2.0043 -0.0014 -0.1754 17
2.0612 -0.0018 -0.108 18
2.1157 -0.0026 -0.0369 17
2.1857 -0.0061 0.0382 16
2.2689 -0.0071 0.1189 15
2.0103 -0.0084 -0.1759 24
2.0532 -0.0093 -0.1076 17
2.1237 -0.01 -0.0371 17
2.1936 -0.0138 0.0383 16
2.2569 -0.0146 0.1183 15
2.0043 -0.015 -0.1754 17
2.0451 -0.0161 -0.1072 17
2.1256 -0.0171 -0.0371 16
2.1856 -0.021 0.0382 17
2.2488 -0.0224 0.1179 15
2.0022 -0.022 -0.1752 14
2.0491 -0.0229 -0.1074 18
2.1215 -0.0244 -0.037 16
2.1915 -0.0287 0.0383 17
2.2527 -0.0299 0.1181 15
2.0002 -0.0286 -0.175 17
2.053 -0.0301 -0.1076 17
2.1114 -0.0313 -0.0369 16
2.1894 -0.0359 0.0382 17
2.2546 -0.0378 0.1182 15
1.9961 -0.0355 -0.1747 18
2.0568 -0.037 -0.1078 17
2.1073 -0.0386 -0.0368 17
2.1872 -0.0439 0.0382 17
2.2524 -0.0456 0.1181 15
1.9959 -0.0425 -0.1747 16
2.0527 -0.0444 -0.1076 17
2.1192 -0.0462 -0.037 16
2.1891 -0.0512 0.0382 18
2.2563 -0.0536 0.1183 15
2.0037 -0.0497 -0.1754 17
2.0426 -0.051 -0.1071 18
2.121 -0.0537 -0.037 16
2.1909 -0.0589 0.0383 17
2.2481 -0.0608 0.1179 15
1.9936 -0.056 -0.1745 14
2.0444 -0.0582 -0.1072 18
2.1148 -0.0605 -0.0369 16
2.2047 -0.0666 0.0385 16
2.2519 -0.0688 0.1181 15
2.0014 -0.0632 -0.1752 13
2.0581 -0.0654 -0.1079 18
2.1106 -0.0678 -0.0369 16
2.1844 -0.0736 0.0382 17
2.2556 -0.0768 0.1183 15
1.9832 -0.0693 -0.1736 11
2.0559 -0.0725 -0.1078 18
2.1103 -0.0752 -0.0369 17
2.1842 -0.0812 0.0382 17
2.2593 -0.0848 0.1185 15
2.0088 -0.0772 -0.1759 15
2.0476 -0.0794 -0.1074 18
2.1141 -0.0827 -0.0369 16
2.1958 -0.0893 0.0384 18
2.255 -0.0925 0.1183 15
1.9946 -0.0839 -0.1747 11
2.0434 -0.0864 -0.1072 17
2.1158 -0.0902 -0.037 16
2.2015 -0.0973 0.0385 17
2.2507 -0.1002 0.1181 15
2.0142 -0.0918 -0.1764 13
2.043 -0.0938 -0.1072 18
2.1194 -0.0977 -0.037 16
2.1972 -0.1052 0.0384 17
2.2463 -0.1079 0.1179 15
2.0059 -0.0985 -0.1757 14
2.0527 -0.1015 -0.1077 18
2.1051 -0.1044 -0.0368 16
2.1928 -0.1122 0.0383 17
2.246 -0.1153 0.1179 15
1.9996 -0.1048 -0.1752 14
2.0543 -0.1084 -0.1078 18
2.1107 -0.1117 -0.0369 17
2.1904 -0.1194 0.0383 16
2.2575 -0.1238 0.1185 15
1.9953 -0.1116 -0.1748 11
2.052 -0.1151 -0.1077 18
2.1123 -0.1192 -0.0369 16
2.19 -0.127 0.0383 16
2.2491 -0.1313 0.1181 15
1.9968 -0.1186 -0.175 13
2.0416 -0.122 -0.1072 18
2.1079 -0.1263 -0.0369 17
2.1955 -0.1354 0.0384 17
2.2446 -0.1393 0.1179 15
2.3306 -0.145 0.2043 2
2.0143 -0.1267 -0.1766 12
2.0451 -0.1294 -0.1074 17
2.1194 -0.1348 -0.0371 17
2.191 -0.1428 0.0383 17
2.2521 -0.1476 0.1183 15
2.3301 -0.1531 0.2043 3
2.0079 -0.1334 -0.1761 13
2.0526 -0.1371 -0.1078 18
2.1049 -0.1413 -0.0368 16
2.1905 -0.1505 0.0383 17
2.2516 -0.1551 0.1183 15
1.9975 -0.1397 -0.1752 12
2.0521 -0.1442 -0.1078 18
2.1045 -0.1483 -0.0368 16
2.184 -0.1573 0.0382 16
2.255 -0.1628 0.1185 15
2.3429 -0.17 0.2055 3
1.999 -0.1464 -0.1754 13
2.0457 -0.1506 -0.1075 18
2.1099 -0.1557 -0.0369 16
2.1835 -0.1646 0.0382 16
2.2584 -0.171 0.1187 15
2.3284 -0.1767 0.2043 3
1.9985 -0.1531 -0.1754 12
2.0431 -0.1572 -0.1074 18
2.1213 -0.164 -0.0371 16
2.1869 -0.1725 0.0383 16
2.2419 -0.1776 0.1179 15
2.3278 -0.1848 0.2043 3
2.0099 -0.161 -0.1764 13
2.0486 -0.1648 -0.1077 18
2.1168 -0.1711 -0.0371 16
2.1942 -0.1808 0.0384 17
2.2413 -0.1854 0.1179 15
2.3509 -0.1949 0.2064 3
2.0093 -0.1684 -0.1764 13
2.046 -0.1718 -0.1076 18
2.1082 -0.1778 -0.0369 17
2.1936 -0.1884 0.0384 17
2.2525 -0.1943 0.1185 16
1.9967 -0.1743 -0.1754 13
2.0553 -0.1802 -0.1081 18
2.1096 -0.1853 -0.037 17
2.1809 -0.1954 0.0382 17
2.2558 -0.2029 0.1187 15
2.3296 -0.21 0.2046 3
2.0001 -0.1817 -0.1757 13
2.0507 -0.187 -0.1079 19
2.1128 -0.1934 -0.037 17
2.1842 -0.2034 0.0383 17
2.2511 -0.2104 0.1185 16
2.3269 -0.2179 0.2045 3
1.9994 -0.1887 -0.1757 14
2.0401 -0.1932 -0.1074 16
2.1141 -0.201 -0.0371 17
2.1895 -0.2116 0.0384 17
2.2424 -0.2175 0.1181 15
2.336 -0.227 0.2053 3
2.0087 -0.1966 -0.1766 15
2.0453 -0.2009 -0.1077 18
2.1075 -0.2078 -0.037 16
2.1947 -0.2198 0.0385 17
2.2456 -0.2257 0.1183 15
2.3293 -0.2345 0.2048 3
2.0001 -0.2028 -0.1759 13
2.0406 -0.2076 -0.1075 18
2.1067 -0.2151 -0.037 17
2.188 -0.2265 0.0384 17
2.2528 -0.234 0.1187 15
2.3225 -0.2417 0.2043 3
1.9994 -0.2094 -0.1759 11
2.0598 -0.2165 -0.1085 17
2.108 -0.2223 -0.037 17
2.1812 -0.2335 0.0383 16
2.2519 -0.2419 0.1187 15
2.3058 -0.2481 0.2029 3
1.9868 -0.2151 -0.1748 11
2.0551 -0.2233 -0.1083 18
2.1112 -0.2301 -0.0371 16
2.1844 -0.2415 0.0384 17
2.2472 -0.2489 0.1185 15
2.3366 -0.2596 0.2057 3
2.0038 -0.2241 -0.1764 14
2.0523 -0.2302 -0.1082 16
2.1104 -0.2371 -0.0371 17
2.1855 -0.249 0.0384 17
2.2423 -0.2563 0.1183 15
2.3278 -0.2669 0.205 2
2.0109 -0.232 -0.1771 15
2.0436 -0.2361 -0.1078 18
2.1096 -0.2445 -0.0371 16
2.2045 -0.259 0.0387 17
2.2414 -0.2641 0.1183 16
1.9864 -0.2358 -0.175 11
2.0487 -0.2439 -0.1081 18
2.1047 -0.2513 -0.037 16
2.1877 -0.2647 0.0385 17
1.9895 -0.2432 -0.1754 13
2.0518 -0.2516 -0.1083 18
2.1098 -0.2594 -0.0371 17
1.9986 -0.2514 -0.1762 13
2.043 -0.2577 -0.1079 18
2.1089 -0.2668 -0.0371 16
1.9937 -0.2579 -0.1759 10
2.0381 -0.2643 -0.1077 18
1.9889 -0.2643 -0.1755 4
1.9623 -0.2677 -0.1733 2
