2.4679 0.2198 0.0432 20
2.4649 0.2187 0.1297 20
2.4962 0.2175 -0.0437 29
2.4746 0.2117 0.0434 39
2.4896 0.2121 0.1309 34
2.5014 0.2127 0.2196 32
2.4963 0.2114 0.3076 31
2.5097 0.2107 -0.132 36
2.5029 0.2093 -0.0438 34
2.4773 0.2032 0.0434 26
2.4962 0.2039 0.1313 41
2.512 0.2048 0.2205 35
2.491 0.2022 0.3069 31
2.4885 0.2002 -0.1308 36
2.5016 0.2004 -0.0438 36
2.4919 0.1957 0.0436 34
2.475 0.1935 0.1301 38
2.5068 0.1955 0.22 35
2.4937 0.1936 0.3071 33
2.4892 0.1915 -0.1308 33
2.5143 0.1926 -0.044 36
2.4966 0.1873 0.0437 37
2.4757 0.1848 0.1301 37
2.5115 0.1866 0.2203 41
2.4964 0.1851 0.3074 32
2.4959 0.1828 -0.1312 37
2.481 0.1813 -0.0434 39
2.4953 0.178 0.0437 46
2.4843 0.1763 0.1305 37
2.4962 0.1767 0.2189 37
2.5129 0.177 0.3093 28
2.4945 0.174 -0.131 43
2.4896 0.1728 -0.0436 36
2.4879 0.1687 0.0435 48
2.4929 0.1682 0.1309 39
2.5028 0.1684 0.2195 39
2.5016 0.1675 0.3078 30
2.4991 0.1656 -0.1313 43
2.4942 0.1644 -0.0436 35
2.4965 0.1606 0.0437 48
2.4895 0.1597 0.1307 43
2.5053 0.1598 0.2196 38
2.4903 0.158 0.3064 31
2.4817 0.1557 -0.1303 38
2.5107 0.1571 -0.0439 45
2.485 0.1516 0.0435 57
2.478 0.1503 0.1301 43
2.5098 0.1513 0.22 38
2.4967 0.1501 0.3071 33
2.4902 0.1479 -0.1307 51
2.5092 0.1482 -0.0439 65
2.4995 0.1437 0.0437 70
2.4825 0.1418 0.1303 56
2.5083 0.1429 0.2198 49
2.4972 0.1414 0.3071 35
2.4947 0.1395 -0.1309 51
2.4878 0.1382 -0.0435 81
2.496 0.1347 0.0436 74
2.483 0.1332 0.1303 57
2.5009 0.1337 0.2191 57
2.5036 0.133 0.3078 31
2.4912 0.1306 -0.1307 64
2.5062 0.1305 -0.0438 99
2.4865 0.1255 0.0435 83
2.4895 0.1248 0.1306 54
2.4993 0.1249 0.2189 44
2.5081 0.1244 0.3083 31
2.4976 0.1222 -0.131 74
2.4927 0.121 -0.0436 90
2.4969 0.1173 0.0436 99
2.4819 0.1157 0.1302 59
2.5097 0.1166 0.2198 41
2.4986 0.1152 0.3071 34
2.486 0.1129 -0.1304 93
2.4971 0.1125 -0.0436 100
2.5013 0.1088 0.0437 99
2.4803 0.1074 0.1301 68
2.5041 0.1076 0.2193 37
2.4989 0.1065 0.3071 33
2.4864 0.1042 -0.1304 82
2.5034 0.1045 -0.0437 105
2.4876 0.0999 0.0435 100
2.4866 0.099 0.1304 71
2.5164 0.0993 0.2203 54
2.5112 0.0987 0.3086 37
2.4927 0.0962 -0.1307 74
2.4838 0.095 -0.0434 100
2.4999 0.0917 0.0437 104
2.4909 0.0905 0.1306 77
2.5048 0.0905 0.2193 55
2.5076 0.0898 0.3081 39
2.503 0.0878 -0.1313 101
2.4921 0.0866 -0.0435 100
2.4823 0.0823 0.0434 100
2.4912 0.0818 0.1306 81
2.5071 0.0819 0.2195 58
2.5039 0.0809 0.3076 35
2.4933 0.0788 -0.1307 100
2.4944 0.078 -0.0436 100
2.5005 0.0742 0.0437 108
2.4895 0.073 0.1305 88
2.5093 0.0732 0.2196 58
2.5022 0.0721 0.3074 38
2.4876 0.0699 -0.1304 100
2.5007 0.0694 -0.0437 117
2.5008 0.0655 0.0437 109
2.4818 0.0641 0.1301 88
2.5195 0.0647 0.2205 66
2.4964 0.0632 0.3066 35
2.4938 0.0614 -0.1307 97
2.5029 0.0607 -0.0437 121
2.507 0.0569 0.0438 110
2.482 0.0555 0.1301 88
2.5058 0.0556 0.2193 57
2.5086 0.0547 0.3081 32
2.488 0.0526 -0.1304 96
2.4951 0.0518 -0.0436 100
2.5012 0.048 0.0437 111
2.4881 0.0469 0.1304 93
2.502 0.0467 0.2189 56
2.5127 0.0461 0.3086 33
2.5142 0.0443 -0.1318 105
2.4992 0.0432 -0.0436 100
2.4913 0.0391 0.0435 100
2.4963 0.0388 0.1308 90
2.5002 0.038 0.2188 48
2.5129 0.0373 0.3086 34
2.4983 0.0353 -0.1309 100
2.5034 0.035 -0.0437 121
2.4974 0.031 0.0436 100
2.4864 0.0299 0.1303 94
2.5082 0.0293 0.2195 51
2.5011 0.0288 0.3071 34
2.4904 0.027 -0.1305 99
2.5055 0.0262 -0.0437 118
2.4975 0.0222 0.0436 100
2.4825 0.0212 0.1301 85
2.5143 0.0211 0.22 44
2.5031 0.0201 0.3074 31
2.4925 0.0183 -0.1306 100
2.4876 0.0174 -0.0434 100
2.5016 0.0135 0.0437 109
2.4886 0.0126 0.1304 81
2.5044 0.0122 0.2191 35
2.5111 0.0114 0.3083 29
2.4906 0.0096 -0.1305 100
2.4716 0.0086 -0.0431 100
2.5056 0.0048 0.0437 108
2.4906 0.0039 0.1305 78
2.4965 0.0035 0.2184 33
2.5092 0.0026 0.3081 33
2.4986 0.0009 -0.1309 110
2.4756 0 -0.0432 100
2.4956 -0.0039 0.0436 100
2.4906 -0.0048 0.1305 65
2.5124 -0.0053 0.2198 38
2.5111 -0.0061 0.3083 29
2.4926 -0.0078 -0.1306 100
2.4876 -0.0087 -0.0434 100
2.4976 -0.0122 0.0436 100
2.4945 -0.0126 0.1307 63
2.5044 -0.0136 0.2191 41
2.5032 -0.0144 0.3074 30
2.4905 -0.0161 -0.1305 100
2.4956 -0.0166 -0.0436 100
2.4995 -0.0205 0.0436 100
2.4945 -0.0213 0.1307 53
2.5103 -0.0223 0.2196 38
2.5031 -0.0227 0.3074 30
2.4905 -0.0243 -0.1305 100
2.4935 -0.0252 -0.0435 100
2.5154 -0.0294 0.0439 103
2.4864 -0.0299 0.1303 51
2.5142 -0.0307 0.22 36
2.5109 -0.0316 0.3083 29
2.4944 -0.0335 -0.1307 100
2.4794 -0.0338 -0.0433 100
2.5053 -0.0385 0.0437 101
2.4903 -0.0391 0.1305 45
2.5021 -0.0397 0.2189 33
2.5168 -0.0409 0.3091 26
2.4982 -0.0427 -0.1309 101
2.4892 -0.043 -0.0435 100
2.4992 -0.0476 0.0436 100
2.5021 -0.0485 0.1312 45
2.5059 -0.049 0.2193 36
2.5067 -0.0499 0.3078 25
2.4901 -0.0513 -0.1305 100
2.4971 -0.0523 -0.0436 100
2.501 -0.0563 0.0437 88
2.4939 -0.057 0.1307 48
2.5217 -0.0581 0.2207 35
2.4946 -0.0584 0.3064 25
2.4899 -0.06 -0.1305 100
2.5009 -0.0611 -0.0437 103
2.5008 -0.065 0.0437 93
2.4917 -0.0652 0.1306 41
2.5175 -0.0668 0.2203 34
2.5003 -0.0672 0.3071 33
2.4916 -0.0687 -0.1306 65
2.4887 -0.0691 -0.0435 100
2.5105 -0.0736 0.0438 77
2.4895 -0.0735 0.1305 45
2.5153 -0.0751 0.2202 35
2.508 -0.0758 0.3081 28
2.4974 -0.0772 -0.1309 64
2.4864 -0.0773 -0.0434 70
2.5103 -0.082 0.0438 77
2.4932 -0.0823 0.1307 44
2.507 -0.0832 0.2195 35
2.5058 -0.084 0.3078 32
2.5051 -0.0857 -0.1314 70
2.4921 -0.0862 -0.0435 67
2.504 -0.0905 0.0437 64
2.4949 -0.091 0.1308 41
2.5107 -0.0925 0.2198 33
2.5114 -0.093 0.3086 28
2.4988 -0.0947 -0.131 63
2.4978 -0.0951 -0.0436 65
2.4996 -0.0995 0.0437 66
2.4966 -0.0998 0.1309 39
2.5104 -0.1013 0.2198 31
2.5031 -0.1018 0.3076 28
2.4924 -0.1032 -0.1307 50
2.5055 -0.1041 -0.0438 65
2.5073 -0.1082 0.0438 48
2.4822 -0.1079 0.1302 35
2.514 -0.1102 0.2202 30
2.5028 -0.1101 0.3076 27
2.5001 -0.1118 -0.1312 47
2.4951 -0.1124 -0.0436 51
2.5069 -0.1169 0.0438 45
2.4938 -0.1172 0.1308 34
2.5176 -0.1187 0.2205 34
2.5083 -0.1192 0.3083 24
2.5037 -0.1207 -0.1314 42
2.4847 -0.1207 -0.0434 42
2.4985 -0.1253 0.0437 49
2.4974 -0.1261 0.131 35
2.4972 -0.1265 0.2188 31
2.5118 -0.1281 0.3088 25
2.4972 -0.1291 -0.131 43
2.5042 -0.1304 -0.0438 45
2.492 -0.1337 0.0436 42
2.493 -0.1341 0.1308 35
2.5047 -0.1357 0.2195 31
2.5094 -0.1368 0.3086 27
2.4988 -0.138 -0.1312 40
2.5118 -0.1391 -0.0439 52
2.4996 -0.1424 0.0437 44
2.4925 -0.1428 0.1308 31
2.5162 -0.1451 0.2205 28
2.499 -0.1445 0.3074 25
2.4883 -0.1457 -0.1306 46
2.5053 -0.1475 -0.0438 44
2.5011 -0.1512 0.0437 40
2.486 -0.1507 0.1305 32
2.5276 -0.1542 0.2215 31
2.5084 -0.1539 0.3086 26
2.4918 -0.1546 -0.1308 41
2.5048 -0.1558 -0.0438 42
2.5105 -0.1601 0.0439 38
2.4934 -0.1599 0.1309 32
2.5191 -0.1625 0.2209 30
2.5119 -0.1624 0.3091 26
2.4972 -0.1632 -0.1312 36
2.4902 -0.1637 -0.0436 35
2.5099 -0.1693 0.0439 37
2.4909 -0.1689 0.1308 30
2.5026 -0.1702 0.2195 32
2.5172 -0.172 0.3098 26
2.5026 -0.1728 -0.1315 35
2.4896 -0.1728 -0.0436 35
2.4953 -0.1771 0.0437 33
2.4982 -0.1782 0.1313 28
2.506 -0.1792 0.2198 31
2.5205 -0.1811 0.3103 24
2.498 -0.1812 -0.1313 34
2.495 -0.1819 -0.0437 32
2.4987 -0.1861 0.0437 34
2.5016 -0.1872 0.1315 27
2.5252 -0.1894 0.2215 31
2.5001 -0.1884 0.3078 23
2.4973 -0.19 -0.1313 31
2.5083 -0.1917 -0.0439 30
2.506 -0.1955 0.0439 32
2.483 -0.1945 0.1305 30
2.5206 -0.1979 0.2212 31
2.5093 -0.1979 0.3091 26
2.4967 -0.1987 -0.1313 36
2.5076 -0.2004 -0.0439 34
2.5113 -0.2047 0.044 36
2.4962 -0.2039 0.1313 29
2.5219 -0.2069 0.2214 34
2.5086 -0.2067 0.3091 27
2.4999 -0.2077 -0.1315 35
2.5089 -0.2089 -0.0439 36
2.5126 -0.2132 0.044 36
2.4955 -0.2126 0.1313 30
2.5112 -0.2148 0.2205 31
2.5079 -0.215 0.3091 26
2.5032 -0.2164 -0.1317 32
2.4883 -0.2159 -0.0436 32
2.4999 -0.2209 0.0438 33
2.4968 -0.2215 0.1314 25
2.5144 -0.2235 0.2209 33
2.5111 -0.2241 0.3095 26
2.4945 -0.2244 -0.1313 35
2.5154 -0.2271 -0.0441 35
2.5051 -0.2302 0.0439 29
2.49 -0.2297 0.131 29
2.5216 -0.233 0.2215 31
2.5024 -0.2321 0.3086 26
2.4977 -0.2335 -0.1315 31
2.5126 -0.2357 -0.044 31
2.5003 -0.2385 0.0438 30
2.4832 -0.2378 0.1307 24
2.5247 -0.2422 0.2219 29
2.5114 -0.2418 0.3098 26
2.4988 -0.2424 -0.1316 28
2.5117 -0.2445 -0.044 29
2.5074 -0.2481 0.044 29
2.4863 -0.2469 0.1309 24
2.5159 -0.2502 0.2212 31
2.5126 -0.2508 0.31 26
2.498 -0.2511 -0.1316 33
2.5029 -0.2525 -0.0439 31
2.5085 -0.257 0.044 27
2.4935 -0.2559 0.1314 25
2.5012 -0.2576 0.22 25
2.5196 -0.2604 0.311 28
2.503 -0.2604 -0.1319 32
2.5041 -0.261 -0.0439 33
2.4977 -0.2643 0.0438 29
2.4986 -0.2648 0.1317 26
2.5082 -0.2667 0.2207 24
2.5128 -0.2681 0.3103 19
2.4982 -0.2683 -0.1317 35
2.5111 -0.2701 -0.0441 32
2.5027 -0.2732 0.0439 18
2.5135 -0.2753 0.1325 5
2.5201 -0.28 -0.0443 6
