2.5437 0.2123 -0.1338 2
2.5364 0.2032 -0.1334 13
2.545 0.1949 -0.1338 16
2.6299 0.201 -0.046 15
2.702 0.2022 0.0473 13
2.5357 0.1858 -0.1332 17
2.6306 0.1918 -0.046 18
2.7067 0.1931 0.0474 15
2.7911 0.1986 0.1466 13
2.5383 0.1771 -0.1334 18
2.6133 0.1818 -0.0457 15
2.7153 0.1846 0.0475 15
2.7918 0.1889 0.1466 15
2.5449 0.169 -0.1337 17
2.6059 0.1722 -0.0456 15
2.7159 0.1752 0.0475 15
2.7904 0.179 0.1465 15
2.5495 0.1604 -0.1339 17
2.6045 0.163 -0.0456 16
2.7046 0.1649 0.0473 15
2.791 0.1692 0.1465 15
2.5381 0.1503 -0.1332 17
2.6111 0.1542 -0.0457 15
2.7051 0.155 0.0473 15
2.7956 0.1592 0.1468 15
2.5346 0.1413 -0.133 17
2.6196 0.1451 -0.0458 15
2.7097 0.1458 0.0474 15
2.7782 0.1485 0.1458 15
2.539 0.1326 -0.1332 17
2.6141 0.1356 -0.0457 15
2.7142 0.1365 0.0474 15
2.7827 0.139 0.146 14
2.5495 0.1242 -0.1338 18
2.5926 0.1254 -0.0453 15
2.7066 0.1267 0.0473 15
2.7812 0.1292 0.1459 15
2.5399 0.1149 -0.1332 17
2.605 0.1169 -0.0455 15
2.707 0.1172 0.0473 15
2.7856 0.1197 0.1461 15
2.5463 0.1063 -0.1336 18
2.6034 0.1077 -0.0455 15
2.7074 0.1078 0.0473 15
2.78 0.1097 0.1458 15
2.5347 0.0969 -0.1329 18
2.6077 0.0988 -0.0456 15
2.7118 0.0985 0.0474 15
2.7784 0.1004 0.1457 15
2.539 0.0882 -0.1331 18
2.604 0.09 -0.0455 16
2.7081 0.0894 0.0473 15
2.7827 0.0909 0.1459 15
2.5373 0.0797 -0.133 16
2.5983 0.0807 -0.0454 15
2.7124 0.08 0.0474 15
2.781 0.0816 0.1458 14
2.5535 0.0713 -0.1339 17
2.6026 0.0722 -0.0454 15
2.6967 0.0706 0.0471 16
2.7892 0.0721 0.1462 14
2.5437 0.0626 -0.1334 18
2.6008 0.0631 -0.0454 14
2.7069 0.0614 0.0473 16
2.7875 0.0623 0.1461 15
2.534 0.0535 -0.1328 18
2.611 0.0542 -0.0456 15
2.7071 0.052 0.0473 16
2.7717 0.0523 0.1453 15
2.5301 0.0442 -0.1326 17
2.6032 0.045 -0.0454 15
2.7093 0.0421 0.0473 16
2.7699 0.0421 0.1452 15
2.5383 0.0354 -0.133 17
2.5954 0.0353 -0.0453 15
2.7054 0.0326 0.0472 15
2.778 0.0325 0.1456 14
2.5464 0.0262 -0.1335 17
2.5975 0.0263 -0.0453 14
2.6975 0.0235 0.0471 16
2.7841 0.0233 0.1459 15
2.5404 0.0182 -0.1331 19
2.5995 0.0177 -0.0454 15
2.6976 0.0141 0.0471 16
2.7802 0.0136 0.1457 15
2.5325 0.0093 -0.1327 17
2.6116 0.0087 -0.0456 16
2.7016 0.0047 0.0472 15
2.7662 0.0039 0.145 15
2.5305 0.0004 -0.1326 17
2.6036 -0.0005 -0.0454 15
2.7096 -0.0047 0.0473 16
2.7702 -0.0058 0.1452 14
2.5365 -0.0084 -0.1329 18
2.5976 -0.0095 -0.0453 16
2.6996 -0.0141 0.0471 16
2.7722 -0.0155 0.1453 15
2.5385 -0.0173 -0.133 18
2.6035 -0.0186 -0.0454 17
2.6975 -0.0235 0.0471 15
2.7781 -0.0252 0.1456 15
2.5364 -0.0261 -0.1329 18
2.6015 -0.0277 -0.0454 16
2.6994 -0.033 0.0471 16
2.768 -0.0348 0.1451 15
2.5323 -0.0349 -0.1327 18
2.6093 -0.0369 -0.0456 16
2.7053 -0.0425 0.0472 16
2.7698 -0.0445 0.1452 15
2.5321 -0.0438 -0.1327 18
2.6012 -0.0459 -0.0454 16
2.6991 -0.0518 0.0471 16
2.7717 -0.0537 0.1453 15
2.54 -0.0528 -0.1331 18
2.597 -0.0544 -0.0453 16
2.6989 -0.0608 0.0471 16
2.7735 -0.0629 0.1454 15
2.5358 -0.0611 -0.1329 18
2.5888 -0.0628 -0.0452 15
2.6987 -0.0697 0.0471 16
2.7752 -0.0727 0.1455 15
2.5316 -0.0694 -0.1327 18
2.5986 -0.0721 -0.0454 16
2.6924 -0.079 0.047 16
2.771 -0.0822 0.1453 15
2.5293 -0.0782 -0.1326 18
2.6003 -0.0813 -0.0454 16
2.6981 -0.0886 0.0471 16
2.7667 -0.0913 0.1451 15
2.525 -0.0869 -0.1324 18
2.5941 -0.0897 -0.0453 15
2.6998 -0.0976 0.0472 16
2.7664 -0.101 0.1451 16
2.5307 -0.0955 -0.1327 18
2.5877 -0.0985 -0.0452 15
2.6995 -0.107 0.0472 15
2.766 -0.1106 0.1451 15
2.5344 -0.1044 -0.1329 18
2.5834 -0.1074 -0.0451 16
2.6931 -0.1162 0.0471 16
2.7696 -0.1204 0.1453 16
2.538 -0.1135 -0.1331 18
2.591 -0.1167 -0.0453 16
2.6967 -0.1258 0.0471 16
2.7731 -0.1303 0.1455 15
2.5256 -0.1218 -0.1325 18
2.6025 -0.1264 -0.0455 16
2.7042 -0.1356 0.0473 16
2.7567 -0.1392 0.1447 15
2.5291 -0.1308 -0.1327 18
2.6041 -0.1356 -0.0455 16
2.7037 -0.145 0.0473 16
2.7582 -0.1489 0.1448 15
2.5327 -0.1398 -0.1329 18
2.5916 -0.144 -0.0453 15
2.6992 -0.1542 0.0472 16
2.7676 -0.1591 0.1453 15
2.5461 -0.1499 -0.1337 17
2.5971 -0.1534 -0.0454 16
2.6886 -0.1635 0.047 16
2.775 -0.1697 0.1457 15
2.5356 -0.1582 -0.1331 18
2.5965 -0.1629 -0.0454 16
2.69 -0.173 0.0471 16
2.7744 -0.1794 0.1457 15
2.5231 -0.1663 -0.1325 17
2.5979 -0.1721 -0.0454 16
2.6974 -0.1829 0.0472 16
2.7578 -0.188 0.1449 15
2.5264 -0.1753 -0.1327 18
2.6013 -0.1814 -0.0455 16
2.7027 -0.1928 0.0473 16
2.7651 -0.1982 0.1453 15
2.5318 -0.1846 -0.133 16
2.5887 -0.1896 -0.0453 15
2.6921 -0.2005 0.0471 16
2.7645 -0.2069 0.1453 15
2.5292 -0.1924 -0.1329 18
2.5901 -0.1979 -0.0453 16
2.6834 -0.2093 0.047 16
2.7717 -0.2172 0.1457 15
2.5325 -0.2015 -0.1331 17
2.6073 -0.2084 -0.0457 16
2.6907 -0.2193 0.0471 16
2.7669 -0.2265 0.1455 15
2.5159 -0.2091 -0.1323 18
2.5966 -0.2167 -0.0455 16
2.6899 -0.2287 0.0471 16
2.7562 -0.2353 0.145 15
2.5191 -0.2182 -0.1325 17
2.5998 -0.2261 -0.0456 16
2.697 -0.2388 0.0473 16
2.7653 -0.2458 0.1455 15
2.5303 -0.228 -0.1331 17
2.587 -0.2341 -0.0453 16
2.6962 -0.2482 0.0473 16
2.7644 -0.2555 0.1455 16
2.5374 -0.2381 -0.1336 18
2.5902 -0.2435 -0.0454 16
2.6793 -0.2566 0.047 16
2.7635 -0.2651 0.1455 15
2.5246 -0.2458 -0.1329 18
2.5953 -0.2531 -0.0455 17
2.6864 -0.2662 0.0471 16
2.7705 -0.2756 0.1459 15
2.5198 -0.2537 -0.1327 17
2.5924 -0.262 -0.0455 16
2.6954 -0.2766 0.0473 16
2.7577 -0.2835 0.1453 15
2.5189 -0.2625 -0.1327 18
2.5955 -0.271 -0.0456 16
2.6985 -0.286 0.0474 15
2.5259 -0.2717 -0.1331 17
2.5846 -0.279 -0.0454 15
2.5349 -0.2816 -0.1337 16
2.5796 -0.2875 -0.0453 13
2.5319 -0.2903 -0.1336 8
