0.9677 0.2225 0.2661 1
1.0067 0.2296 0.0541 1
0.9791 0.223 0.0879 1
1.0094 0.2293 0.1639 1
1.013 0.2296 0.2398 3
0.9693 0.2195 -0.0173 2
0.9892 0.2238 0.2718 3
1.0036 0.2253 0.0539 2
1.0051 0.2254 0.0901 2
1.0209 0.2286 0.1285 6
1.0063 0.2249 0.1633 4
1.0189 0.2276 -0.0913 1
1.0174 0.2272 0.2026 4
0.9986 0.2227 0.2362 15
0.9993 0.2226 -0.0179 5
0.9824 0.2187 0.2697 15
1.0231 0.2263 0.0183 8
1.0103 0.223 0.0542 13
1.0001 0.2204 0.0896 12
1.036 0.2281 -0.168 6
0.9984 0.2199 0.1255 18
1.0023 0.2206 -0.126 6
0.9839 0.2163 0.1596 14
0.9963 0.2189 -0.0892 7
0.9914 0.2176 0.1973 16
1.0106 0.2216 -0.0542 14
1.0146 0.2223 0.2398 21
0.9943 0.2179 -0.0178 13
0.9738 0.2132 0.2671 18
0.9907 0.2153 0.0177 16
1.0013 0.2174 0.0537 23
0.9872 0.214 0.0884 13
1.0039 0.2174 -0.1627 18
0.9973 0.2158 0.1253 15
1.0108 0.2187 -0.127 19
0.9963 0.2154 0.1614 14
1.0205 0.2204 -0.0913 19
0.9864 0.2129 0.1962 16
0.9938 0.2143 -0.0533 17
1.002 0.2161 0.2366 20
0.9989 0.2152 -0.0178 19
0.9707 0.209 0.2661 17
0.9993 0.2137 0.0178 18
0.9883 0.2112 0.053 20
0.9938 0.212 0.0889 18
1.0104 0.2153 -0.1636 21
0.998 0.2125 0.1253 19
1.0057 0.2141 -0.1263 22
1.0144 0.2158 0.1643 17
1.0037 0.2133 -0.0898 19
1.0005 0.2125 0.1988 19
0.9964 0.2114 -0.0534 21
0.9989 0.212 0.2357 20
1.0094 0.214 -0.018 19
0.9903 0.2098 0.2712 18
1.0097 0.2124 0.018 20
0.9773 0.2052 0.0523 21
0.9945 0.2087 0.0889 18
1.0034 0.2104 -0.1624 21
0.989 0.2071 0.1241 19
0.9812 0.2053 -0.1231 19
1.0035 0.2098 0.1624 17
1.0219 0.2135 -0.0913 22
0.9936 0.2074 0.1973 18
0.9893 0.2063 -0.053 22
0.9882 0.2061 0.233 19
1.0062 0.2097 -0.0179 22
0.9948 0.2071 0.2723 18
1.0125 0.2091 0.018 18
0.9898 0.2041 0.053 20
0.9933 0.2046 0.0887 18
1.0119 0.2083 -0.1636 21
0.9936 0.2043 0.1246 19
0.9917 0.2037 -0.1243 21
0.9946 0.2042 0.1608 19
1.0052 0.2061 -0.0898 19
1.0117 0.2073 0.2007 20
1.0038 0.2055 -0.0537 22
0.9889 0.2025 0.233 19
0.9952 0.2036 -0.0177 19
0.9842 0.2011 0.2692 18
1.0054 0.2038 0.0179 18
0.9788 0.1982 0.0523 21
0.994 0.201 0.0887 18
1.0049 0.203 -0.1624 21
1.0041 0.2026 0.1258 21
1.006 0.203 -0.126 24
0.9992 0.2015 0.1614 17
0.9942 0.2003 -0.0887 16
0.9989 0.2011 0.1981 19
1.0162 0.2044 -0.0543 21
0.9935 0.1998 0.2339 19
0.9959 0.2001 -0.0177 22
0.9868 0.1981 0.2697 19
1.0021 0.1997 0.0178 18
0.997 0.1985 0.0533 20
0.9869 0.1961 0.088 20
0.9959 0.1977 -0.1608 21
0.995 0.1974 0.1246 18
0.995 0.1974 -0.1246 19
1.0095 0.2001 0.163 21
1.0065 0.1993 -0.0898 21
0.9938 0.1966 0.1969 19
1.013 0.2002 -0.0541 21
0.9979 0.1972 0.2348 19
1.0064 0.1987 -0.0179 22
0.978 0.1929 0.2671 18
0.9949 0.1948 0.0177 18
0.9801 0.1916 0.0523 21
1.0012 0.1955 0.0892 18
0.9927 0.1937 -0.1602 21
0.982 0.1914 0.1228 18
0.9976 0.1943 -0.1248 22
1.0122 0.1969 0.1633 19
0.9877 0.192 -0.088 16
0.9925 0.1929 0.1965 18
0.996 0.1934 -0.0532 19
0.9986 0.1938 0.2348 19
1.0051 0.1948 -0.0179 22
0.9843 0.1906 0.2687 19
1.0015 0.1925 0.0178 18
0.9807 0.1882 0.0523 21
0.9999 0.1915 0.0891 18
1.0011 0.1915 -0.1614 21
0.9983 0.191 0.1248 18
0.9905 0.1893 -0.1238 21
1.0012 0.1912 0.1614 19
1.0079 0.1923 -0.0898 18
0.9971 0.19 0.1973 19
1.0026 0.1909 -0.0535 19
0.984 0.1872 0.2312 19
1.0097 0.1921 -0.0179 22
0.9869 0.1875 0.2692 18
1.0061 0.1896 0.0179 18
0.9834 0.1851 0.0524 19
1.0006 0.188 0.0891 17
1.0096 0.1895 -0.1627 22
0.997 0.1869 0.1246 18
0.9912 0.1857 -0.1238 21
1.0038 0.188 0.1618 17
1.0066 0.1884 -0.0896 15
0.9996 0.1869 0.1977 19
0.9993 0.1867 -0.0533 19
0.9923 0.1852 0.233 19
0.9966 0.186 -0.0177 19
0.9875 0.1841 0.2692 18
1.0048 0.1859 0.0178 18
0.9879 0.1824 0.0526 20
0.9915 0.1827 0.0882 18
1.0044 0.1851 -0.1618 22
1.0074 0.1854 0.1258 18
1.0035 0.1845 -0.1253 22
0.9889 0.1817 0.1593 16
0.9955 0.1827 -0.0886 19
1.0022 0.1839 0.1981 19
1.0039 0.1841 -0.0535 19
0.9891 0.1812 0.2321 20
0.9914 0.1814 -0.0176 19
0.9787 0.1789 0.2666 19
0.9976 0.1809 0.0177 20
0.9945 0.18 0.053 20
0.9881 0.1787 0.0879 18
0.9914 0.1791 -0.1596 21
1.0041 0.1812 0.1253 19
1.012 0.1824 -0.1263 24
1.0032 0.1807 0.1614 19
1.0059 0.181 -0.0894 21
0.9932 0.1787 0.1962 18
1.0025 0.1802 -0.0534 21
0.9936 0.1784 0.233 19
0.9999 0.1794 -0.0177 19
0.9812 0.1758 0.2671 18
0.9903 0.176 0.0176 20
0.9911 0.1758 0.0528 20
0.9966 0.1765 0.0886 20
0.9998 0.1768 -0.1608 21
0.995 0.176 0.1241 19
0.993 0.1755 -0.1238 17
1.0077 0.1779 0.1621 19
0.9948 0.1754 -0.0884 18
0.988 0.174 0.195 19
0.9875 0.1738 -0.0525 21
0.9961 0.1751 0.2335 19
0.9966 0.1752 -0.0177 19
0.9932 0.1744 0.2702 19
0.9988 0.1738 0.0177 18
0.976 0.1696 0.0519 22
1.0012 0.1737 0.0889 18
0.9965 0.1727 -0.1602 21
0.9956 0.1723 0.1241 19
0.9917 0.1715 -0.1236 22
1.0102 0.1747 0.1624 17
1.0033 0.1733 -0.0891 16
0.9944 0.1716 0.1962 20
0.994 0.1713 -0.0529 21
0.9948 0.1713 0.233 19
1.0011 0.1724 -0.0177 19
0.9881 0.17 0.2687 19
1.0053 0.1715 0.0178 17
0.9786 0.1666 0.052 24
0.988 0.1678 0.0877 18
1.001 0.17 -0.1608 21
1.004 0.1704 0.125 18
0.9962 0.1689 -0.1241 19
1.005 0.1702 0.1614 17
0.998 0.1688 -0.0886 19
1.0066 0.1703 0.1984 20
0.9985 0.1687 -0.0531 21
0.9838 0.1661 0.2303 19
0.9978 0.1682 -0.0177 22
0.9944 0.1675 0.2702 18
1.0039 0.1676 0.0178 20
0.985 0.1643 0.0523 21
0.9866 0.1642 0.0875 18
1.0094 0.1678 -0.1621 22
0.9948 0.1652 0.1238 16
0.9909 0.1644 -0.1233 19
0.9919 0.1646 0.1593 21
0.9965 0.1652 -0.0884 19
1.0014 0.1658 0.1973 19
1.003 0.1659 -0.0533 21
0.9979 0.1648 0.2335 20
1.0023 0.1656 -0.0177 22
0.9854 0.1626 0.2676 19
0.9966 0.163 0.0176 18
0.9895 0.1615 0.0525 19
0.9872 0.1608 0.0875 18
0.9846 0.1604 -0.158 21
0.9993 0.1626 0.1243 18
0.9934 0.1614 -0.1236 22
1.01 0.164 0.1621 21
1.003 0.1626 -0.0889 19
0.9922 0.1609 0.1954 19
0.9996 0.1619 -0.0531 21
1.0061 0.1628 0.2353 20
0.9969 0.1611 -0.0176 19
0.9784 0.1579 0.2655 19
1.0051 0.1608 0.0178 18
0.9861 0.1574 0.0523 21
0.9975 0.1591 0.0884 20
0.991 0.1578 -0.1589 18
0.99 0.1575 0.1231 19
0.992 0.1577 -0.1233 21
1.0028 0.1592 0.1608 19
0.9996 0.1585 -0.0886 19
0.9986 0.1583 0.1965 18
0.9923 0.1572 -0.0526 21
0.9932 0.1571 0.2321 20
1.0054 0.1589 -0.0178 16
0.9866 0.1557 0.2676 19
1.0056 0.1573 0.0178 18
0.9689 0.1512 0.0514 21
0.9961 0.1551 0.0882 18
0.9935 0.1545 -0.1593 21
0.9906 0.1541 0.1231 18
0.9906 0.1539 -0.1231 21
1.0053 0.156 0.1611 17
1.0002 0.155 -0.0886 22
0.9972 0.1544 0.1962 19
0.9908 0.1532 -0.0525 21
0.9861 0.1523 0.2303 20
1.0059 0.1554 -0.0178 19
0.9871 0.1523 0.2676 19
1.0022 0.153 0.0177 18
0.9734 0.1483 0.0516 22
0.9908 0.1507 0.0877 20
1.0019 0.1522 -0.1605 21
0.997 0.1513 0.1238 18
0.9911 0.1503 -0.1231 19
1 0.1514 0.1602 17
0.9988 0.1512 -0.0884 18
1.0036 0.1518 0.1973 21
0.9953 0.1504 -0.0528 21
0.9943 0.15 0.2321 20
0.9966 0.1502 -0.0176 22
0.9896 0.1489 0.2681 18
1.0047 0.1498 0.0177 17
0.9818 0.146 0.052 19
0.9874 0.1467 0.0873 18
1.0063 0.1493 -0.1611 21
1.0152 0.1505 0.126 19
1.0015 0.1482 -0.1243 22
0.9966 0.1473 0.1596 19
0.9953 0.1472 -0.088 19
1.0041 0.1483 0.1973 18
0.9978 0.1472 -0.0529 21
0.9929 0.1463 0.2317 18
0.9932 0.1461 -0.0175 22
0.9824 0.1444 0.2661 19
0.9973 0.1451 0.0176 17
0.9882 0.1436 0.0523 22
0.9957 0.1444 0.088 18
0.9873 0.143 -0.158 21
0.9921 0.1435 0.1231 19
0.9961 0.1439 -0.1236 21
1.003 0.1449 0.1605 17
0.9958 0.1437 -0.088 18
0.9813 0.1414 0.1927 20
0.9964 0.1434 -0.0528 21
0.9915 0.1425 0.2312 20
1.0055 0.1445 -0.0177 19
0.9791 0.1406 0.265 18
0.9978 0.1418 0.0176 18
0.9927 0.1408 0.0525 19
0.9943 0.1406 0.0879 18
0.9916 0.1402 -0.1586 20
0.9985 0.141 0.1238 15
0.9946 0.1403 -0.1233 22
1.0015 0.1411 0.1602 17
0.9983 0.1405 -0.0882 15
0.9954 0.1401 0.1954 18
0.9948 0.1398 -0.0526 21
0.9919 0.1392 0.2312 19
1.006 0.141 -0.0177 22
0.9872 0.1382 0.2671 19
1.0023 0.1389 0.0177 17
0.9774 0.1351 0.0517 21
1.0026 0.1384 0.0886 18
0.9902 0.1365 -0.1583 21
0.9892 0.1362 0.1226 16
0.9892 0.136 -0.1226 22
0.9961 0.1368 0.1593 16
1.0027 0.1377 -0.0886 19
0.9881 0.1355 0.1939 20
0.9894 0.1355 -0.0523 24
0.9847 0.1347 0.2295 20
1.0025 0.137 -0.0177 22
0.9896 0.135 0.2676 18
1.0027 0.1354 0.0177 17
0.9798 0.132 0.0518 21
1.0031 0.1349 0.0886 20
0.9985 0.1341 -0.1596 22
0.9995 0.1341 0.1238 18
0.9857 0.132 -0.1221 19
0.9966 0.1333 0.1593 17
0.9953 0.1332 -0.0879 16
0.9983 0.1334 0.1958 18
0.9998 0.1334 -0.0529 22
0.9967 0.1328 0.2321 19
0.9971 0.1327 -0.0176 19
0.9862 0.1311 0.2666 19
1.0032 0.1319 0.0177 17
0.9842 0.129 0.052 22
0.9897 0.1296 0.0873 20
0.997 0.1304 -0.1593 20
0.994 0.1298 0.1231 18
0.996 0.1299 -0.1233 21
0.999 0.1301 0.1596 19
0.9918 0.1292 -0.0875 16
0.9948 0.1294 0.195 20
1.0121 0.1314 -0.0535 22
0.9972 0.1293 0.2321 19
0.9876 0.1279 -0.0174 17
0.9829 0.1271 0.2655 19
0.9957 0.1274 0.0175 17
0.9906 0.1264 0.0523 21
0.9823 0.1251 0.0866 22
0.9915 0.1261 -0.1583 20
1.0024 0.1273 0.1241 19
0.9984 0.1267 -0.1236 22
0.9995 0.1266 0.1596 19
0.9863 0.125 -0.087 17
0.9875 0.1249 0.1935 19
0.9967 0.1259 -0.0526 21
0.9938 0.1254 0.2312 19
0.996 0.1255 -0.0175 19
0.9775 0.123 0.264 18
0.9962 0.1239 0.0175 17
0.9871 0.1226 0.0521 21
0.9906 0.1227 0.0873 20
0.992 0.1227 -0.1583 20
0.9851 0.1216 0.1219 19
0.989 0.122 -0.1224 21
1.0057 0.124 0.1605 17
0.9986 0.123 -0.088 19
0.9977 0.1227 0.1954 19
0.9892 0.1215 -0.0522 22
0.9981 0.1224 0.2321 19
1.0043 0.1231 -0.0177 22
0.9856 0.1207 0.2661 19
1.0085 0.122 0.0177 20
0.9696 0.117 0.0512 21
0.999 0.1202 0.088 20
0.9963 0.1199 -0.1589 21
0.9894 0.1189 0.1224 18
0.9835 0.118 -0.1216 24
1.0081 0.1207 0.1608 16
1.003 0.12 -0.0884 19
1 0.1196 0.1958 18
0.9896 0.1182 -0.0522 22
0.9869 0.1177 0.2295 19
0.9889 0.1177 -0.0174 20
0.9879 0.1175 0.2666 19
1.0109 0.1188 0.0178 18
0.9799 0.1148 0.0517 21
1.0033 0.1173 0.0884 20
0.9967 0.1164 -0.1589 20
0.9918 0.1156 0.1226 18
0.9839 0.1145 -0.1216 22
1.0027 0.1165 0.1599 17
0.9955 0.1157 -0.0877 15
0.9965 0.1157 0.195 18
1.0019 0.1161 -0.0529 21
0.9834 0.1138 0.2286 20
0.9932 0.1147 -0.0175 23
0.9845 0.1136 0.2655 19
1.0053 0.1145 0.0177 20
0.9764 0.1109 0.0515 24
0.9839 0.1116 0.0866 22
0.9952 0.1127 -0.1586 20
0.9922 0.1122 0.1226 18
1.0001 0.1129 -0.1236 22
0.9854 0.1111 0.1571 19
0.9899 0.1116 -0.0872 17
0.9989 0.1124 0.1954 18
0.9904 0.1113 -0.0522 22
0.9896 0.111 0.2299 20
0.9976 0.1117 -0.0175 22
0.9695 0.1084 0.2614 19
0.9938 0.1097 0.0175 20
0.9867 0.1086 0.052 22
0.9843 0.1081 0.0866 22
0.9955 0.1092 -0.1586 20
1.0064 0.1102 0.1243 18
1.0005 0.1094 -0.1236 19
1.0015 0.1093 0.1596 21
0.9903 0.1081 -0.0872 19
0.9837 0.1072 0.1923 20
0.9987 0.1087 -0.0526 19
0.9977 0.1084 0.2317 20
0.992 0.1076 -0.0174 20
0.9757 0.1056 0.263 18
0.9982 0.1067 0.0175 20
0.9811 0.1045 0.0517 22
1.0005 0.1064 0.088 20
0.9998 0.1061 -0.1593 21
0.985 0.1044 0.1216 19
0.993 0.1051 -0.1226 21
1.0058 0.1062 0.1602 19
0.9986 0.1055 -0.0879 18
0.9918 0.1046 0.1939 19
0.9852 0.1037 -0.0519 24
0.9865 0.1037 0.229 20
1.0063 0.1056 -0.0177 19
0.9856 0.1032 0.2655 19
0.9965 0.103 0.0175 18
0.9775 0.1007 0.0515 22
0.9969 0.1025 0.0877 17
0.9904 0.1016 -0.1577 20
0.9992 0.1024 0.1233 21
0.9874 0.101 -0.1219 24
1.0062 0.1027 0.1602 19
0.999 0.102 -0.0879 16
0.9981 0.1017 0.195 18
0.9895 0.1007 -0.0521 22
0.9888 0.1004 0.2295 19
1.0007 0.1015 -0.0176 16
0.9918 0.1004 0.2671 18
1.0009 0.0999 0.0176 16
0.9818 0.0977 0.0517 22
0.9933 0.0986 0.0873 20
0.9947 0.0986 -0.1583 20
0.9976 0.0987 0.1231 19
0.9838 0.0972 -0.1214 21
0.9947 0.0981 0.1583 17
0.9993 0.0985 -0.0879 16
0.9906 0.0975 0.1935 19
1.0038 0.0986 -0.0529 19
0.9891 0.097 0.2295 20
0.9851 0.0964 -0.0173 17
0.9844 0.0962 0.265 18
0.9933 0.0956 0.0174 20
0.9801 0.0942 0.0516 24
0.9817 0.094 0.0863 22
0.9911 0.0947 -0.1577 20
1.0058 0.096 0.1241 18
0.992 0.0946 -0.1224 22
0.9911 0.0944 0.1577 19
0.9897 0.0941 -0.087 17
1.0007 0.0949 0.1954 19
0.9962 0.0943 -0.0524 21
0.9856 0.0933 0.2286 19
0.9855 0.0932 -0.0173 20
0.9751 0.092 0.2624 19
0.9975 0.0927 0.0175 18
0.9824 0.0911 0.0517 21
0.992 0.0917 0.0872 20
0.9855 0.0909 -0.1567 20
0.9983 0.0919 0.1231 19
0.9884 0.091 -0.1219 22
0.9993 0.0918 0.1589 19
0.994 0.0912 -0.0873 15
0.9815 0.0898 0.1916 16
1.0005 0.0914 -0.0526 21
0.9897 0.0904 0.2295 19
0.9937 0.0906 -0.0174 23
0.9754 0.0888 0.2624 19
0.9939 0.089 0.0174 20
0.9887 0.0882 0.052 22
0.9982 0.0889 0.0877 20
0.9917 0.0882 -0.1577 21
0.9867 0.0875 0.1216 21
0.9966 0.0882 -0.1228 21
1.0035 0.0887 0.1596 21
0.9884 0.0873 -0.0868 21
0.9837 0.0868 0.192 19
0.9868 0.0869 -0.0519 24
0.99 0.087 0.2295 19
0.998 0.0875 -0.0175 19
0.9815 0.0859 0.264 18
0.9922 0.0854 0.0174 20
0.9751 0.0836 0.0513 24
0.9965 0.0853 0.0875 20
0.9979 0.0852 -0.1586 20
0.9949 0.0848 0.1226 19
0.9771 0.0831 -0.1204 24
1.0117 0.0858 0.1608 19
0.9986 0.0847 -0.0877 19
0.9918 0.084 0.1935 18
0.9931 0.0839 -0.0522 22
0.9845 0.083 0.2281 19
0.9943 0.0837 -0.0174 20
0.9856 0.0828 0.265 19
0.9965 0.0823 0.0175 19
0.9774 0.0804 0.0514 24
0.9948 0.0816 0.0873 20
0.9962 0.0816 -0.1583 21
0.9873 0.0806 0.1216 21
0.9833 0.0802 -0.1211 22
0.9903 0.0806 0.1574 22
0.9969 0.0811 -0.0875 19
0.996 0.0808 0.1942 18
0.9874 0.08 -0.0519 22
0.9829 0.0794 0.2277 18
0.9847 0.0794 -0.0172 21
0.9878 0.0795 0.2655 19
1.0027 0.0793 0.0176 18
0.9756 0.0768 0.0513 22
0.9832 0.0772 0.0863 22
0.9945 0.0779 -0.158 21
0.9974 0.078 0.1228 21
0.9876 0.077 -0.1216 21
0.9906 0.0771 0.1574 22
0.9833 0.0765 -0.0863 19
0.9924 0.0771 0.1935 20
1.0016 0.0776 -0.0526 21
0.987 0.0763 0.2286 20
0.9909 0.0764 -0.0173 23
0.9727 0.0748 0.2614 19
0.989 0.0749 0.0173 22
0.9839 0.0741 0.0517 21
0.9815 0.0738 0.0861 22
0.9849 0.0739 -0.1564 22
0.9937 0.0744 0.1224 18
0.9918 0.074 -0.1221 19
0.9987 0.0744 0.1586 21
0.9835 0.0733 -0.0863 19
0.9828 0.073 0.1916 20
0.9959 0.0738 -0.0523 22
0.997 0.0737 0.2308 20
0.9872 0.0728 -0.0173 23
0.9787 0.072 0.263 20
0.9953 0.0719 0.0174 23
0.9881 0.071 0.0519 22
0.9837 0.0705 0.0863 23
0.9852 0.0704 -0.1564 22
0.9821 0.0701 0.1209 21
0.9881 0.0703 -0.1216 21
1.0029 0.0712 0.1593 21
0.9937 0.0705 -0.0872 17
0.9968 0.0706 0.1942 19
0.9802 0.0692 -0.0515 27
0.9914 0.0698 0.2295 19
1.0034 0.0705 -0.0176 22
0.9771 0.0685 0.2624 20
1.0015 0.0688 0.0175 20
0.9664 0.0661 0.0508 26
0.9999 0.0682 0.0877 20
0.9913 0.0674 -0.1574 21
0.9883 0.067 0.1216 21
0.9705 0.0657 -0.1194 26
0.9992 0.0674 0.1586 21
0.9999 0.0675 -0.0877 16
0.9951 0.067 0.1939 19
0.9904 0.0665 -0.052 22
0.9819 0.0657 0.2272 18
0.9996 0.0667 -0.0175 22
0.9888 0.0659 0.2655 19
1.0017 0.0653 0.0175 20
0.9706 0.0629 0.051 24
0.9981 0.0645 0.0875 18
0.9935 0.0641 -0.1577 20
0.9885 0.0636 0.1216 21
0.9786 0.0628 -0.1204 20
0.9896 0.0633 0.1571 21
0.9962 0.0637 -0.0873 16
0.9953 0.0635 0.1939 16
0.9926 0.0631 -0.0521 24
0.9802 0.0622 0.2268 19
0.9959 0.063 -0.0174 23
0.9833 0.062 0.264 18
0.998 0.0616 0.0175 22
0.9868 0.0605 0.0518 22
0.9923 0.0607 0.087 22
0.9937 0.0606 -0.1577 21
0.9927 0.0604 0.1221 19
0.9828 0.0596 -0.1209 21
0.9938 0.0601 0.1577 19
0.9944 0.0599 -0.0872 24
0.9896 0.0597 0.1927 20
1.0108 0.0608 -0.0531 21
0.9882 0.0592 0.2286 19
0.9921 0.0593 -0.0173 23
0.9739 0.058 0.2614 19
0.9862 0.0574 0.0172 25
0.975 0.0564 0.0512 24
0.9906 0.0569 0.0868 20
0.9861 0.0565 -0.1564 24
0.9969 0.0571 0.1226 18
0.979 0.0559 -0.1204 22
0.9999 0.057 0.1586 21
1.0006 0.0568 -0.0877 16
0.9879 0.0559 0.1923 18
0.995 0.0562 -0.0522 24
0.9962 0.056 0.2303 19
0.9963 0.056 -0.0174 23
0.9818 0.0551 0.2635 19
0.9944 0.0542 0.0174 23
0.9812 0.0533 0.0515 22
0.9908 0.0535 0.0868 22
0.9843 0.053 -0.1561 23
0.9753 0.0523 0.1199 20
0.9931 0.0531 -0.1221 19
0.9981 0.0534 0.1583 21
0.9908 0.0528 -0.0868 22
0.9822 0.0522 0.1912 19
0.9873 0.0523 -0.0518 26
0.9905 0.0523 0.229 20
0.9945 0.0525 -0.0174 20
0.982 0.0516 0.2635 19
0.9965 0.051 0.0174 23
0.9674 0.0492 0.0508 26
0.9969 0.0503 0.0873 20
0.9845 0.0497 -0.1561 22
0.9834 0.0495 0.1209 24
0.9754 0.0489 -0.1199 20
0.9884 0.0494 0.1567 22
0.993 0.0494 -0.087 17
0.9922 0.0494 0.1931 19
0.9914 0.0492 -0.052 24
0.981 0.0485 0.2268 18
0.9986 0.0492 -0.0175 23
0.9841 0.0483 0.264 18
1.0007 0.0477 0.0175 21
0.9676 0.046 0.0508 26
0.9951 0.0469 0.0872 20
0.9925 0.0466 -0.1574 21
0.9875 0.0462 0.1214 22
0.9776 0.0456 -0.1202 24
0.9866 0.046 0.1564 21
0.9931 0.0461 -0.087 17
0.9963 0.0461 0.1939 19
0.9956 0.0459 -0.0522 24
0.9831 0.0452 0.2272 18
0.9828 0.0451 -0.0172 24
0.9804 0.0449 0.263 19
0.9969 0.0442 0.0174 23
0.9717 0.0428 0.051 26
0.9853 0.043 0.0863 22
0.9808 0.0428 -0.1555 23
0.9936 0.0432 0.1221 19
0.9896 0.0429 -0.1216 21
0.9966 0.043 0.158 22
0.9973 0.0428 -0.0873 18
0.9925 0.0426 0.1931 19
0.9957 0.0426 -0.0522 22
0.9852 0.042 0.2277 19
0.987 0.0419 -0.0172 24
0.9709 0.041 0.2604 19
0.985 0.0403 0.0172 25
0.9838 0.0399 0.0516 26
0.9874 0.0398 0.0865 23
0.9849 0.0396 -0.1561 20
0.9878 0.0395 0.1214 19
0.9878 0.0393 -0.1214 22
0.9909 0.0393 0.1571 22
0.9874 0.0391 -0.0865 19
0.9867 0.0389 0.192 20
0.9999 0.0393 -0.0524 21
0.9912 0.0388 0.229 19
0.9951 0.0387 -0.0174 23
0.9806 0.038 0.263 19
0.9892 0.037 0.0173 25
0.982 0.0364 0.0515 27
0.9895 0.0365 0.0866 22
0.987 0.0362 -0.1564 23
0.9879 0.0361 0.1214 22
0.9899 0.036 -0.1216 26
0.989 0.0357 0.1567 22
0.9975 0.0361 -0.0873 21
0.9849 0.0354 0.1916 19
0.988 0.0354 -0.0518 26
0.9893 0.0352 0.2286 20
0.9992 0.0354 -0.0175 25
0.975 0.0344 0.2614 19
0.9973 0.0338 0.0174 26
0.9701 0.0325 0.0509 29
0.9897 0.033 0.0866 24
0.9812 0.0326 -0.1555 22
0.9861 0.0325 0.1211 21
0.9781 0.0321 -0.1202 26
1.001 0.0327 0.1586 21
0.9897 0.0321 -0.0866 17
0.9948 0.0323 0.1935 18
0.9921 0.032 -0.052 24
0.9836 0.0316 0.2272 19
1.0053 0.0321 -0.0176 22
0.979 0.0311 0.2624 19
0.9974 0.0303 0.0174 26
0.9782 0.0294 0.0513 29
0.9918 0.0294 0.0868 23
0.9873 0.0291 -0.1564 22
0.9901 0.0292 0.1216 21
0.9762 0.0286 -0.1199 22
0.9892 0.0288 0.1567 21
1.0018 0.029 -0.0877 19
0.993 0.0286 0.1931 20
1.0022 0.0287 -0.0525 24
0.9857 0.028 0.2277 19
0.9954 0.0283 -0.0174 23
0.9868 0.0279 0.2645 19
0.9935 0.0265 0.0173 26
0.9723 0.0256 0.051 26
0.9859 0.0258 0.0863 22
0.9854 0.0256 -0.1561 22
0.9962 0.0257 0.1224 22
0.9863 0.0253 -0.1211 26
0.9854 0.0251 0.1561 24
0.9899 0.0252 -0.0866 24
0.9872 0.025 0.192 18
0.9963 0.025 -0.0522 31
0.9858 0.0246 0.2277 19
0.9855 0.0244 -0.0172 27
0.9753 0.024 0.2614 19
0.9876 0.0229 0.0172 40
0.9864 0.0226 0.0517 25
0.978 0.0222 0.0856 24
0.9835 0.0221 -0.1558 23
0.9844 0.022 0.1209 26
0.9863 0.0219 -0.1211 26
0.9973 0.0219 0.158 22
0.988 0.0217 -0.0865 24
0.9755 0.0213 0.1897 23
0.9864 0.0214 -0.0517 34
0.9897 0.0213 0.2286 19
1.0016 0.0213 -0.0175 33
0.9754 0.0206 0.2614 19
0.9857 0.0194 0.0172 34
0.9785 0.0191 0.0513 27
0.998 0.0192 0.0873 20
0.9934 0.0189 -0.1574 22
0.9765 0.0184 0.1199 26
0.9884 0.0185 -0.1214 31
0.9895 0.0185 0.1567 22
0.9881 0.0183 -0.0865 29
0.9854 0.0181 0.1916 19
0.9905 0.018 -0.0519 36
0.982 0.0177 0.2268 19
1.0037 0.018 -0.0175 27
0.9754 0.0174 0.2614 20
0.9897 0.0162 0.0173 42
0.9785 0.0157 0.0513 30
1.004 0.0158 0.0879 21
0.9856 0.0155 -0.1561 22
0.9785 0.0152 0.1202 26
0.9766 0.015 -0.1199 30
0.9975 0.0151 0.158 21
0.9921 0.0149 -0.0868 24
0.9953 0.0149 0.1935 20
0.9885 0.0147 -0.0518 34
0.984 0.0144 0.2272 18
0.9917 0.0144 -0.0173 34
0.9871 0.0141 0.2645 19
1.0018 0.0129 0.0175 41
0.9666 0.0123 0.0507 31
0.9921 0.0123 0.0868 30
0.9935 0.0121 -0.1574 20
0.9885 0.0119 0.1214 22
0.9786 0.0116 -0.1202 30
0.9876 0.0117 0.1564 26
0.9921 0.0116 -0.0868 27
0.9914 0.0114 0.1927 20
0.9886 0.0112 -0.0518 38
0.9802 0.0109 0.2263 18
0.9878 0.011 -0.0172 36
0.9833 0.0108 0.2635 19
0.9938 0.0095 0.0173 42
0.9746 0.009 0.0511 27
0.9862 0.0088 0.0863 30
0.9896 0.0088 -0.1567 21
0.9965 0.0087 0.1224 22
0.9885 0.0085 -0.1214 29
0.9877 0.0083 0.1564 26
0.9822 0.0081 -0.0859 28
0.9894 0.0081 0.1923 22
1.0006 0.008 -0.0524 40
0.9841 0.0077 0.2272 19
0.9938 0.0076 -0.0173 57
0.9717 0.0073 0.2604 19
0.9738 0.0059 0.017 55
0.9786 0.0058 0.0513 30
0.9922 0.0055 0.0868 28
0.9837 0.0053 -0.1558 24
0.9965 0.0052 0.1224 22
0.9886 0.005 -0.1214 29
0.9916 0.005 0.1571 22
0.9902 0.0048 -0.0866 27
0.9875 0.0047 0.192 20
0.9966 0.0045 -0.0522 43
0.988 0.0043 0.2281 18
0.9978 0.0044 -0.0174 48
0.9678 0.0041 0.2593 20
0.9838 0.0027 0.0172 58
0.9727 0.0024 0.051 32
0.9942 0.0021 0.087 33
0.9818 0.0021 -0.1555 23
0.9806 0.0019 0.1204 29
0.9886 0.0017 -0.1214 33
1.0015 0.0016 0.1586 26
0.9962 0.0014 -0.0872 27
0.9816 0.0014 0.1908 23
0.9886 0.0012 -0.0518 48
0.9841 0.001 0.2272 18
1.0138 0.0009 -0.0177 66
0.9756 0.0007 0.2614 19
0.9918 -0.001 0.0173 55
0.9647 -0.0012 0.0506 45
0.9942 -0.0016 0.087 45
0.9916 -0.0017 -0.1571 22
0.9786 -0.0019 0.1202 30
0.9707 -0.002 -0.1192 26
1.0035 -0.0021 0.1589 27
0.9962 -0.0023 -0.0872 27
0.9856 -0.0024 0.1916 21
0.9906 -0.0026 -0.0519 52
0.9763 -0.0027 0.2254 18
0.9958 -0.0028 -0.0174 51
0.9814 -0.0029 0.263 20
0.9938 -0.0043 0.0173 75
0.9707 -0.0046 0.0509 42
0.9942 -0.005 0.087 41
0.9837 -0.005 -0.1558 23
0.9806 -0.0051 0.1204 28
0.9806 -0.0053 -0.1204 26
0.9877 -0.0055 0.1564 24
0.9902 -0.0057 -0.0866 27
0.9875 -0.0057 0.192 20
0.9906 -0.0059 -0.0519 66
0.986 -0.006 0.2277 19
0.9898 -0.0062 -0.0173 80
0.9794 -0.0063 0.2624 19
0.9918 -0.0078 0.0173 86
0.9866 -0.0081 0.0517 66
0.9782 -0.0082 0.0856 48
0.9817 -0.0084 -0.1555 23
0.9965 -0.0087 0.1224 22
0.9885 -0.0088 -0.1214 24
0.9797 -0.0089 0.1552 26
0.9842 -0.0089 -0.0861 28
0.9934 -0.0092 0.1931 21
0.9966 -0.0094 -0.0522 58
0.9899 -0.0095 0.2286 19
0.9798 -0.0096 -0.0171 90
0.962 -0.0096 0.2578 20
0.9898 -0.0112 0.0173 81
0.9766 -0.0114 0.0512 56
0.9822 -0.0117 0.0859 52
0.9817 -0.0118 -0.1555 23
0.9925 -0.0121 0.1219 27
0.9964 -0.0123 -0.1224 29
0.9876 -0.0124 0.1564 26
0.9822 -0.0123 -0.0859 42
0.9835 -0.0125 0.1912 21
0.9906 -0.0128 -0.0519 72
0.9879 -0.0129 0.2281 18
0.9998 -0.0133 -0.0175 100
0.9678 -0.013 0.2593 19
0.9817 -0.0146 0.0171 100
0.9845 -0.015 0.0516 100
0.9981 -0.0153 0.0873 35
0.9915 -0.0154 -0.1571 22
0.9765 -0.0153 0.1199 30
0.9845 -0.0156 -0.1209 31
0.9994 -0.016 0.1583 22
0.9941 -0.016 -0.087 29
0.9893 -0.0161 0.1923 21
0.9845 -0.0162 -0.0516 92
0.9898 -0.0164 0.2286 19
0.9997 -0.0168 -0.0175 100
0.9793 -0.0166 0.2624 20
0.9977 -0.0183 0.0174 100
0.9545 -0.0178 0.05 73
1 -0.0189 0.0875 46
0.9915 -0.0189 -0.1571 23
0.9844 -0.0189 0.1209 29
0.9785 -0.019 -0.1202 41
0.9954 -0.0195 0.1577 24
0.994 -0.0194 -0.087 30
0.9893 -0.0195 0.1923 21
0.9845 -0.0196 -0.0516 92
0.9859 -0.0198 0.2277 19
0.9996 -0.0202 -0.0175 100
0.9754 -0.0199 0.2614 19
0.9956 -0.0217 0.0174 100
0.9664 -0.0214 0.0507 80
0.986 -0.022 0.0863 48
0.9914 -0.0223 -0.1571 22
0.9883 -0.0224 0.1214 26
0.9863 -0.0226 -0.1211 38
0.9835 -0.0227 0.1558 26
0.988 -0.0228 -0.0865 42
0.9931 -0.0231 0.1931 21
0.9864 -0.0231 -0.0517 76
0.9819 -0.0231 0.2268 19
0.9936 -0.0236 -0.0173 100
0.9811 -0.0235 0.263 19
0.9915 -0.0251 0.0173 100
0.9843 -0.0253 0.0516 100
0.9759 -0.0252 0.0854 49
0.9953 -0.0259 -0.1577 23
0.9843 -0.0258 0.1209 29
0.9803 -0.0258 -0.1204 39
0.9913 -0.0263 0.1571 24
0.9719 -0.0258 -0.0851 62
0.9872 -0.0264 0.192 20
0.9923 -0.0267 -0.052 80
0.9838 -0.0266 0.2272 18
0.9835 -0.0268 -0.0172 81
0.9694 -0.0266 0.2599 19
0.9794 -0.0282 0.0171 100
0.9743 -0.0282 0.0511 82
0.9778 -0.0287 0.0856 45
0.9833 -0.029 -0.1558 27
0.9842 -0.0292 0.1209 29
0.9961 -0.0296 -0.1224 40
0.9991 -0.0298 0.1583 24
0.9838 -0.0295 -0.0861 75
0.9792 -0.0296 0.1904 26
0.9902 -0.0301 -0.0519 100
0.9856 -0.0299 0.2277 20
0.9974 -0.0305 -0.0174 97
0.9674 -0.0297 0.2593 19
0.9793 -0.0315 0.0171 100
0.9622 -0.0311 0.0505 100
0.9837 -0.0321 0.0861 37
0.9852 -0.0323 -0.1561 30
0.9781 -0.0323 0.1202 30
0.9742 -0.0321 -0.1197 58
1.0029 -0.0333 0.1589 24
0.9857 -0.0329 -0.0863 66
0.9811 -0.0329 0.1908 23
0.9801 -0.033 -0.0514 100
0.9894 -0.0333 0.2286 20
1.0073 -0.0341 -0.0176 114
0.975 -0.0332 0.2614 19
0.9872 -0.035 0.0172 100
0.9661 -0.0346 0.0507 100
0.9916 -0.0357 0.0868 46
0.9811 -0.0355 -0.1555 26
0.984 -0.0357 0.1209 28
0.974 -0.0355 -0.1197 48
0.989 -0.0363 0.1567 27
0.9856 -0.0361 -0.0863 63
0.9829 -0.0362 0.1912 21
0.986 -0.0365 -0.0517 100
0.9737 -0.0362 0.225 22
0.9912 -0.037 -0.0173 120
0.9826 -0.0369 0.2635 19
0.9931 -0.0387 0.0173 100
0.9759 -0.0383 0.0512 100
0.9894 -0.039 0.0866 52
0.9968 -0.0395 -0.158 27
0.9818 -0.0391 0.1207 22
0.968 -0.0387 -0.1189 44
0.9751 -0.0392 0.1546 28
0.9894 -0.0397 -0.0866 58
0.9828 -0.0396 0.1912 21
0.9858 -0.0399 -0.0517 100
0.9736 -0.0396 0.225 21
0.981 -0.0401 -0.0171 118
0.9748 -0.04 0.2614 20
0.987 -0.0419 0.0172 100
0.9658 -0.0412 0.0507 100
0.9853 -0.0423 0.0863 49
0.9966 -0.043 -0.158 25
0.9877 -0.0428 0.1214 22
0.9837 -0.0428 -0.1209 52
0.9828 -0.0427 0.1558 26
0.9793 -0.0428 -0.0858 73
0.9925 -0.0435 0.1931 21
0.9857 -0.0434 -0.0517 100
0.9793 -0.0433 0.2263 18
0.9889 -0.0437 -0.0173 115
0.9669 -0.0429 0.2593 19
0.9728 -0.0445 0.017 100
0.9696 -0.0447 0.0509 100
0.9812 -0.0456 0.0859 52
0.9866 -0.0458 -0.1564 31
0.9895 -0.0461 0.1216 21
0.9895 -0.0463 -0.1216 52
0.9905 -0.0465 0.1571 24
0.9752 -0.046 -0.0854 65
0.9766 -0.0461 0.19 25
0.9955 -0.0471 -0.0522 100
0.9869 -0.0469 0.2281 18
0.9907 -0.0472 -0.0173 112
0.9648 -0.0462 0.2588 20
0.9807 -0.0483 0.0171 100
0.9755 -0.0484 0.0512 100
0.989 -0.0492 0.0866 53
0.9805 -0.049 -0.1555 26
0.9854 -0.0494 0.1211 26
0.9853 -0.0496 -0.1211 57
1.0002 -0.0505 0.1586 21
0.981 -0.0495 -0.0859 66
0.9784 -0.0496 0.1904 22
0.9774 -0.0497 -0.0513 100
0.9848 -0.0502 0.2277 19
0.9965 -0.051 -0.0174 100
0.9724 -0.0499 0.2609 19
0.9905 -0.0523 0.0173 100
0.9633 -0.0512 0.0506 100
0.9908 -0.0528 0.0868 50
0.9883 -0.0528 -0.1567 30
0.9792 -0.0525 0.1204 24
0.9713 -0.0523 -0.1194 74
0.9902 -0.0535 0.1571 26
0.9947 -0.0537 -0.0872 50
0.988 -0.0535 0.1923 21
0.9832 -0.0534 -0.0516 91
0.9807 -0.0535 0.2268 19
0.9904 -0.0542 -0.0173 122
0.978 -0.0537 0.2624 19
0.9903 -0.0557 0.0173 100
0.9651 -0.0546 0.0507 100
0.9926 -0.0564 0.087 48
0.9979 -0.0568 -0.1583 28
0.987 -0.0564 0.1214 27
0.979 -0.0561 -0.1204 56
0.99 -0.0569 0.1571 24
0.9906 -0.0569 -0.0868 48
0.9976 -0.0575 0.1942 20
0.983 -0.0569 -0.0516 100
0.9786 -0.0568 0.2263 20
0.9882 -0.0575 -0.0173 115
0.9778 -0.0571 0.2624 18
0.9901 -0.0592 0.0173 100
0.9669 -0.0581 0.0508 100
0.9745 -0.0587 0.0854 57
0.9839 -0.0595 -0.1561 24
0.9987 -0.0606 0.1228 25
0.9808 -0.0596 -0.1207 50
0.9937 -0.0606 0.1577 22
0.9824 -0.0599 -0.0861 75
0.9896 -0.0605 0.1927 20
0.9928 -0.0609 -0.0521 100
0.9745 -0.0599 0.2254 19
0.984 -0.0607 -0.0172 90
0.9699 -0.06 0.2604 18
0.9839 -0.0622 0.0172 100
0.9707 -0.0618 0.051 100
0.9942 -0.0634 0.0872 45
0.9837 -0.0629 -0.1561 27
0.9786 -0.0628 0.1204 28
0.9865 -0.0635 -0.1214 52
0.9896 -0.0638 0.1571 24
0.9902 -0.0639 -0.0868 60
0.9737 -0.063 0.1897 23
0.9806 -0.0636 -0.0515 100
0.9879 -0.0642 0.2286 19
0.9878 -0.0644 -0.0173 115
0.9677 -0.0633 0.2599 18
0.9777 -0.0653 0.0171 100
0.9685 -0.065 0.0509 100
0.992 -0.0668 0.087 41
0.9874 -0.0666 -0.1567 27
0.9744 -0.0659 0.1199 33
0.9823 -0.0666 -0.1209 45
0.9992 -0.0679 0.1586 26
0.9879 -0.0672 -0.0866 71
0.9813 -0.0669 0.1912 20
0.9863 -0.0674 -0.0518 100
0.9818 -0.0673 0.2272 20
0.9955 -0.0684 -0.0174 102
0.9752 -0.0672 0.2619 18
0.9874 -0.0694 0.0173 100
0.9563 -0.0675 0.0502 80
0.9997 -0.0708 0.0877 40
0.9852 -0.0699 -0.1564 35
0.9742 -0.0693 0.1199 30
0.9702 -0.0692 -0.1194 46
0.9911 -0.0709 0.1574 21
0.9976 -0.0713 -0.0875 60
0.985 -0.0706 0.192 20
0.9821 -0.0706 -0.0516 100
0.9777 -0.0704 0.2263 19
0.9953 -0.0719 -0.0174 100
0.975 -0.0706 0.2619 19
0.9931 -0.0733 0.0174 100
0.96 -0.0712 0.0505 80
0.9875 -0.0734 0.0866 38
0.9889 -0.0737 -0.1571 25
0.9878 -0.0738 0.1216 29
0.9739 -0.0729 -0.1199 48
0.979 -0.0734 0.1555 22
0.9855 -0.0739 -0.0865 54
0.9828 -0.0739 0.1916 19
0.9978 -0.0752 -0.0524 100
0.9813 -0.0741 0.2272 19
0.985 -0.0746 -0.0172 100
0.9709 -0.0737 0.2609 18
1.0009 -0.0774 0.0175 100
0.9658 -0.0748 0.0508 71
0.9733 -0.0757 0.0854 51
0.9827 -0.0767 -0.1561 24
0.9915 -0.0775 0.1221 25
0.9816 -0.0769 -0.1209 33
0.9906 -0.0776 0.1574 21
0.9792 -0.0769 -0.0859 45
0.9845 -0.0775 0.192 20
0.9836 -0.0776 -0.0517 74
0.983 -0.0777 0.2277 19
0.9888 -0.0782 -0.0173 100
0.9706 -0.0769 0.2609 18
0.9807 -0.0791 0.0172 100
0.9814 -0.0795 0.0516 84
0.983 -0.08 0.0863 48
0.9805 -0.0798 -0.1558 24
0.9873 -0.0805 0.1216 27
0.9813 -0.0802 -0.1209 31
1.0001 -0.0819 0.1589 21
0.9909 -0.0813 -0.087 37
0.9783 -0.0803 0.1908 21
0.9893 -0.0813 -0.052 82
0.9808 -0.0808 0.2272 18
0.9885 -0.0816 -0.0173 100
0.9723 -0.0804 0.2614 18
0.9864 -0.083 0.0173 100
0.9712 -0.0819 0.0511 60
0.9867 -0.0835 0.0866 41
0.9802 -0.0832 -0.1558 26
0.9811 -0.0834 0.1209 28
0.985 -0.0839 -0.1214 31
0.9959 -0.0849 0.1583 21
0.9827 -0.0839 -0.0863 38
0.9741 -0.0833 0.19 22
0.985 -0.0844 -0.0518 86
0.9824 -0.0844 0.2277 19
0.9962 -0.0856 -0.0175 97
0.972 -0.0837 0.2614 19
0.998 -0.0873 0.0175 70
0.959 -0.0842 0.0505 57
0.9844 -0.0868 0.0865 37
0.9858 -0.0869 -0.1567 26
0.9788 -0.0865 0.1207 29
0.9709 -0.086 -0.1197 34
0.9858 -0.0875 0.1567 21
0.9982 -0.0887 -0.0877 30
0.9856 -0.0876 0.1923 19
0.9847 -0.0877 -0.0518 60
0.9686 -0.0864 0.2245 22
0.9939 -0.0889 -0.0174 92
0.9871 -0.0884 0.2655 19
0.9917 -0.0904 0.0174 67
0.9587 -0.0878 0.0505 56
0.9861 -0.0904 0.0866 42
0.9855 -0.0906 -0.1567 22
0.9844 -0.0906 0.1214 26
0.9666 -0.0892 -0.1192 24
0.9717 -0.0898 0.1546 24
0.99 -0.0915 -0.087 29
0.9892 -0.0916 0.1931 19
0.9864 -0.0915 -0.0519 62
0.9818 -0.0913 0.2277 19
0.9816 -0.0914 -0.0172 81
0.9829 -0.0917 0.2645 19
0.9954 -0.0943 0.0175 49
0.9643 -0.0917 0.0508 52
0.9818 -0.0935 0.0863 41
0.9891 -0.0944 -0.1574 22
0.9841 -0.0941 0.1214 22
0.9781 -0.0937 -0.1207 22
0.9891 -0.0949 0.1574 21
0.9837 -0.0944 -0.0865 38
0.9869 -0.0949 0.1927 20
0.9861 -0.0949 -0.0519 56
0.9834 -0.0949 0.2281 19
0.9872 -0.0954 -0.0173 71
0.9576 -0.0927 0.2578 20
0.9831 -0.0966 0.0172 61
0.97 -0.0956 0.0511 43
0.9854 -0.0973 0.0866 39
0.975 -0.0965 -0.1552 26
0.9917 -0.0983 0.1224 24
0.9837 -0.0977 -0.1214 24
0.9927 -0.0987 0.158 21
0.9854 -0.098 -0.0866 29
0.9748 -0.0971 0.1904 20
0.9818 -0.098 -0.0517 62
0.9889 -0.0989 0.2295 19
0.9909 -0.0993 -0.0174 54
0.9669 -0.097 0.2604 19
0.9828 -0.1 0.0172 51
0.9637 -0.0984 0.0508 49
0.9851 -0.1008 0.0866 30
0.9766 -0.1001 -0.1555 23
0.9716 -0.0997 0.1199 28
0.9933 -0.1021 -0.1226 30
0.9884 -0.1018 0.1574 22
0.9771 -0.1006 -0.0859 29
0.9882 -0.1019 0.1931 19
0.9814 -0.1014 -0.0517 40
0.9828 -0.1017 0.2281 19
0.9945 -0.1031 -0.0175 51
0.9742 -0.1012 0.2624 19
0.9924 -0.1045 0.0174 49
0.9613 -0.1014 0.0507 43
0.9887 -0.1046 0.087 24
0.9842 -0.1043 -0.1567 20
0.9811 -0.1042 0.1211 19
0.9692 -0.1031 -0.1197 28
0.99 -0.1053 0.1577 21
0.9866 -0.1051 -0.0868 22
0.9819 -0.1048 0.192 18
0.987 -0.1055 -0.052 41
0.9805 -0.105 0.2277 19
0.9902 -0.106 -0.0174 43
0.9854 -0.1057 0.2655 18
0.992 -0.1078 0.0174 39
0.957 -0.1043 0.0505 33
0.9844 -0.1076 0.0866 26
0.9838 -0.1076 -0.1567 20
0.9906 -0.1085 0.1224 19
0.9689 -0.1063 -0.1197 28
0.9798 -0.1077 0.1561 22
0.9823 -0.1081 -0.0865 28
0.9855 -0.1085 0.1927 19
0.9807 -0.1081 -0.0517 32
0.9743 -0.1076 0.2263 18
0.9779 -0.1081 -0.0172 39
0.9812 -0.1087 0.2645 19
0.9877 -0.1108 0.0173 34
0.9686 -0.109 0.0511 30
0.9681 -0.1091 0.0852 28
0.9815 -0.1108 -0.1564 23
0.9823 -0.1111 0.1214 22
0.9843 -0.1114 -0.1216 21
0.9853 -0.1117 0.1571 19
0.9701 -0.11 -0.0854 28
0.9832 -0.1117 0.1923 18
0.9863 -0.1122 -0.052 35
0.9797 -0.1116 0.2277 19
0.9835 -0.1122 -0.0173 40
0.9616 -0.1099 0.2593 19
0.9833 -0.1138 0.0173 34
0.9642 -0.1119 0.0509 29
0.9796 -0.1139 0.0863 24
0.9752 -0.1135 -0.1555 22
0.9859 -0.1149 0.1219 24
0.976 -0.114 -0.1207 24
0.9889 -0.1156 0.1577 21
0.9815 -0.1148 -0.0865 24
0.9711 -0.1137 0.19 20
0.976 -0.1145 -0.0515 34
0.9851 -0.1157 0.229 18
0.987 -0.1161 -0.0173 40
0.967 -0.1139 0.2609 19
0.9829 -0.1172 0.0173 31
0.9638 -0.1153 0.0509 29
0.9911 -0.1187 0.0873 25
0.9767 -0.1172 -0.1558 23
0.9795 -0.1177 0.1211 21
0.9756 -0.1174 -0.1207 28
0.9884 -0.1191 0.1577 17
0.9831 -0.1184 -0.0866 21
0.9707 -0.1171 0.19 20
0.9795 -0.1184 -0.0517 34
0.9789 -0.1185 0.2277 19
0.9846 -0.1193 -0.0173 37
0.9742 -0.1182 0.263 18
0.9864 -0.1211 0.0173 34
0.9614 -0.1184 0.0508 28
0.9867 -0.1217 0.087 24
0.9783 -0.1208 -0.1561 23
0.9752 -0.1206 0.1207 22
0.9673 -0.1198 -0.1197 28
0.9802 -0.1216 0.1564 17
0.9827 -0.1219 -0.0866 21
0.978 -0.1215 0.1916 18
0.9791 -0.1218 -0.0517 30
0.9727 -0.1212 0.2263 18
0.9981 -0.1245 -0.0176 27
0.9757 -0.1219 0.2635 19
0.986 -0.1246 0.0173 27
0.9669 -0.1225 0.0511 27
0.9942 -0.1261 0.0877 22
0.9837 -0.125 -0.1571 20
0.9866 -0.1255 0.1221 19
0.9649 -0.1229 -0.1194 24
0.9895 -0.1262 0.158 17
0.9902 -0.1263 -0.0873 21
0.9854 -0.1259 0.1931 18
0.9846 -0.126 -0.052 30
0.9761 -0.125 0.2272 19
0.9798 -0.1257 -0.0172 24
0.9715 -0.1248 0.2624 19
0.9856 -0.128 0.0173 28
0.9724 -0.1266 0.0514 27
0.976 -0.1273 0.0861 23
0.9755 -0.1274 -0.1558 22
0.9901 -0.1295 0.1226 18
0.9822 -0.1286 -0.1216 21
0.9813 -0.1287 0.1567 16
0.9779 -0.1282 -0.0863 22
0.9811 -0.1288 0.1923 18
0.9941 -0.1307 -0.0525 24
0.9796 -0.129 0.2281 18
0.9853 -0.1299 -0.0173 25
0.9653 -0.1274 0.2609 18
0.9772 -0.1304 0.0172 28
0.974 -0.1301 0.0515 26
0.9834 -0.1317 0.0868 23
0.9691 -0.13 -0.1549 22
0.9817 -0.1319 0.1216 21
0.9778 -0.1313 -0.1211 19
0.9926 -0.1335 0.1586 21
0.9853 -0.1327 -0.087 22
0.965 -0.1301 0.1893 20
0.9817 -0.1326 -0.0519 30
0.9869 -0.1333 0.2299 18
0.9948 -0.1345 -0.0175 24
0.9744 -0.1319 0.2635 19
0.9768 -0.1336 0.0172 30
0.9696 -0.1328 0.0513 27
0.981 -0.1347 0.0866 22
0.9785 -0.1346 -0.1564 23
0.9695 -0.1335 0.1202 24
0.9793 -0.1348 -0.1214 21
0.996 -0.1373 0.1593 17
0.977 -0.1349 -0.0863 21
0.9821 -0.1358 0.1927 19
0.9773 -0.1353 -0.0517 34
0.9768 -0.1352 0.2277 18
1.0003 -0.1386 -0.0176 22
0.9702 -0.1346 0.2624 17
0.9902 -0.1388 0.0175 23
0.9553 -0.1343 0.0506 26
0.9904 -0.1394 0.0875 20
0.978 -0.1378 -0.1564 20
0.9867 -0.1392 0.1224 22
0.9651 -0.1363 -0.1197 24
0.9877 -0.1397 0.158 17
0.9884 -0.1398 -0.0873 18
0.9875 -0.1398 0.1939 16
0.9828 -0.1393 -0.052 30
0.9821 -0.1394 0.229 18
0.9859 -0.1401 -0.0174 23
0.9735 -0.1385 0.2635 17
0.9818 -0.1411 0.0173 24
0.9607 -0.1384 0.0509 28
0.984 -0.142 0.087 22
0.9873 -0.1426 -0.158 20
0.9823 -0.1421 0.1219 19
0.9685 -0.1403 -0.1202 20
0.9775 -0.1417 0.1564 21
0.9839 -0.1427 -0.087 19
0.9831 -0.1427 0.1931 18
0.9823 -0.1428 -0.052 31
0.9777 -0.1423 0.2281 18
0.9815 -0.143 -0.0173 23
0.973 -0.1419 0.2635 17
0.9813 -0.1445 0.0173 24
0.9622 -0.1421 0.051 24
0.9697 -0.1434 0.0858 22
0.979 -0.1449 -0.1567 20
0.9897 -0.1467 0.1228 19
0.9779 -0.1451 -0.1214 21
0.9789 -0.1454 0.1567 16
0.9775 -0.1454 -0.0865 17
0.9845 -0.1464 0.1935 20
0.9858 -0.1468 -0.0522 24
0.9772 -0.1457 0.2281 18
0.9889 -0.1476 -0.0175 23
0.963 -0.1439 0.2609 18
0.9709 -0.1465 0.0171 22
0.9716 -0.1469 0.0515 26
0.9751 -0.1478 0.0863 20
0.9765 -0.1482 -0.1564 20
0.9793 -0.1486 0.1216 21
0.9813 -0.1491 -0.1219 21
0.9862 -0.15 0.158 17
0.9789 -0.1491 -0.0866 21
0.9821 -0.1497 0.1931 16
0.9832 -0.1501 -0.0521 26
0.9882 -0.151 0.2308 18
0.9884 -0.1511 -0.0175 23
0.9739 -0.149 0.264 18
0.9842 -0.1522 0.0174 22
0.9652 -0.1494 0.0512 26
0.9726 -0.1509 0.0861 22
0.9779 -0.1519 -0.1567 20
0.9709 -0.151 0.1207 21
0.9768 -0.1521 -0.1214 24
0.9876 -0.1538 0.1583 14
0.9804 -0.1528 -0.0868 17
0.9738 -0.152 0.1916 18
0.9788 -0.1529 -0.0519 24
0.9781 -0.153 0.2286 18
0.9878 -0.1545 -0.0175 23
0.9772 -0.153 0.265 18
0.9856 -0.1558 0.0174 23
0.9567 -0.1515 0.0508 26
0.9858 -0.1565 0.0873 18
0.9735 -0.1545 -0.1561 20
0.9763 -0.1552 0.1214 19
0.9626 -0.1531 -0.1197 24
0.993 -0.1582 0.1593 17
0.9956 -0.1588 -0.0882 19
0.983 -0.1567 0.1935 19
0.9802 -0.1565 -0.052 22
0.9756 -0.1559 0.2281 18
0.9893 -0.1583 -0.0175 22
0.9805 -0.157 0.2661 18
0.9851 -0.1592 0.0174 22
0.9661 -0.1563 0.0513 22
0.9794 -0.1588 0.0868 22
0.9827 -0.1595 -0.1577 18
0.9895 -0.1608 0.1231 19
0.966 -0.1571 -0.1202 22
0.9807 -0.1595 0.1574 17
0.9773 -0.1592 -0.0866 16
0.9843 -0.1605 0.1939 18
0.9738 -0.1589 -0.0517 28
0.9828 -0.1606 0.2299 18
0.969 -0.1583 -0.0171 21
0.9742 -0.1594 0.2645 17
0.9885 -0.1631 0.0175 18
0.9734 -0.161 0.0517 21
0.971 -0.1609 0.0861 22
0.9822 -0.1628 -0.1577 21
0.9968 -0.1654 0.1241 18
0.9693 -0.161 -0.1207 22
0.9802 -0.163 0.1574 17
0.9709 -0.1616 -0.0861 21
0.9819 -0.1634 0.1935 19
0.9772 -0.1628 -0.0519 24
0.9803 -0.1635 0.2295 18
0.9822 -0.164 -0.0174 23
0.9565 -0.1599 0.2599 18
0.978 -0.1649 0.0173 22
0.9768 -0.1649 0.0519 21
0.9803 -0.1658 0.087 20
0.966 -0.1636 -0.1552 22
0.9864 -0.1672 0.1228 21
0.9786 -0.166 -0.1219 22
0.9816 -0.1665 0.1577 16
0.9762 -0.1658 -0.0866 24
0.9716 -0.1652 0.1916 15
0.9825 -0.1672 -0.0522 22
0.9817 -0.1673 0.2299 18
0.9817 -0.1673 -0.0174 23
0.9598 -0.1637 0.2609 19
0.9775 -0.1681 0.0173 19
0.9703 -0.1673 0.0516 21
0.9777 -0.1689 0.0868 22
0.9772 -0.1688 -0.1571 20
0.9741 -0.1684 0.1214 17
0.9917 -0.1717 -0.1236 19
0.9868 -0.171 0.1586 16
0.9835 -0.1706 -0.0873 16
0.973 -0.1688 0.192 16
0.9741 -0.1691 -0.0518 24
0.9811 -0.1705 0.2299 19
0.985 -0.1714 -0.0175 23
0.9706 -0.1691 0.264 18
0.9847 -0.1731 0.0175 19
0.954 -0.168 0.0508 22
0.9791 -0.1726 0.087 20
0.9785 -0.1727 -0.1574 18
0.9813 -0.1734 0.1224 19
0.9637 -0.1704 -0.1202 20
0.992 -0.1756 0.1596 14
0.9888 -0.1752 -0.0879 16
0.9743 -0.1727 0.1923 18
0.9695 -0.172 -0.0516 24
0.9747 -0.1731 0.2286 16
0.9864 -0.1753 -0.0175 16
0.9738 -0.1733 0.265 18
0.9881 -0.1772 0.0175 17
0.9632 -0.1731 0.0513 21
0.9706 -0.1748 0.0863 20
0.9798 -0.1766 -0.1577 18
0.9807 -0.1768 0.1224 18
0.9768 -0.1763 -0.1219 21
0.9836 -0.1777 0.1583 16
0.9823 -0.1776 -0.0873 16
0.9872 -0.1787 0.195 19
0.9787 -0.1773 -0.0521 20
0.976 -0.177 0.229 18
0.97 -0.1759 -0.0172 18
0.9713 -0.1763 0.2645 17
0.9894 -0.1812 0.0176 16
0.9587 -0.1758 0.0511 19
0.9759 -0.1793 0.0868 20
0.9792 -0.1801 -0.1577 20
0.9801 -0.1804 0.1224 19
0.9703 -0.1788 -0.1211 19
0.9811 -0.1808 0.158 16
0.9738 -0.1796 -0.0866 16
0.9808 -0.1811 0.1939 16
0.982 -0.1815 -0.0523 18
0.9792 -0.1811 0.2299 18
0.9733 -0.18 -0.0173 17
0.9612 -0.178 0.2619 19
0.977 -0.1823 0.0173 17
0.9698 -0.1813 0.0517 18
0.9713 -0.182 0.0865 20
0.9669 -0.1811 -0.1558 19
0.9716 -0.1822 0.1214 17
0.9814 -0.1842 -0.1226 17
0.9862 -0.1853 0.1589 14
0.9771 -0.1837 -0.087 16
0.9647 -0.1814 0.1908 20
0.9834 -0.1851 -0.0524 19
0.9824 -0.1851 0.2308 18
0.9825 -0.1853 -0.0175 17
0.9643 -0.182 0.263 19
0.9724 -0.185 0.0173 22
0.9712 -0.1851 0.0518 19
0.9746 -0.1859 0.0868 20
0.9799 -0.1871 -0.158 20
0.9691 -0.1852 0.1211 17
0.969 -0.1854 -0.1211 19
0.9933 -0.1902 0.1602 16
0.9804 -0.1877 -0.0873 16
0.9756 -0.187 0.1931 18
0.9709 -0.1863 -0.0518 22
0.9779 -0.1878 0.2299 19
0.9878 -0.1899 -0.0176 13
0.9694 -0.1865 0.2645 18
0.9875 -0.1914 0.0176 17
0.9666 -0.1877 0.0516 21
0.9798 -0.1905 0.0873 20
0.9695 -0.1886 -0.1564 20
0.9781 -0.1905 0.1224 15
0.9625 -0.1876 -0.1204 18
0.9869 -0.1925 0.1593 16
0.9797 -0.1911 -0.0873 16
0.975 -0.1904 0.1931 18
0.982 -0.192 -0.0524 19
0.9677 -0.1893 0.2277 18
0.9792 -0.1918 -0.0174 17
0.9744 -0.191 0.2661 18
0.9868 -0.1949 0.0176 16
0.962 -0.1903 0.0514 21
0.9811 -0.1943 0.0875 18
0.9708 -0.1924 -0.1567 18
0.9833 -0.1951 0.1231 16
0.9677 -0.1921 -0.1211 19
0.9823 -0.1952 0.1586 16
0.9751 -0.1938 -0.087 17
0.9743 -0.1938 0.1931 18
0.9794 -0.195 -0.0523 20
0.9766 -0.1946 0.2299 19
0.9668 -0.1928 -0.0172 18
0.9719 -0.194 0.2655 17
0.9841 -0.1979 0.0175 17
0.9633 -0.1941 0.0515 21
0.9746 -0.1965 0.087 22
0.9856 -0.1989 -0.1593 18
0.9904 -0.2001 0.1241 16
0.9748 -0.1971 -0.1221 17
0.9777 -0.1979 0.158 17
0.9705 -0.1964 -0.0866 16
0.9736 -0.1972 0.1931 18
0.9826 -0.1992 -0.0525 19
0.9816 -0.1992 0.2312 20
0.9798 -0.199 -0.0175 17
0.9693 -0.197 0.265 18
0.9776 -0.2001 0.0174 20
0.9646 -0.1977 0.0516 21
0.9719 -0.1995 0.0868 20
0.9733 -0.2 -0.1574 18
0.9858 -0.2027 0.1236 16
0.9819 -0.2021 -0.1231 21
0.981 -0.2019 0.1586 16
0.9718 -0.2002 -0.0868 16
0.9672 -0.1994 0.192 19
0.9741 -0.201 -0.0521 20
0.9829 -0.203 0.2317 18
0.9831 -0.2031 -0.0175 16
0.9705 -0.2006 0.2655 19
0.9769 -0.2034 0.0174 17
0.9678 -0.2018 0.0518 21
0.9771 -0.2041 0.0873 20
0.9765 -0.204 -0.158 18
0.9696 -0.2027 0.1216 14
0.9715 -0.2033 -0.1219 21
0.9996 -0.2094 0.1618 16
0.9711 -0.2036 -0.0868 16
0.9742 -0.2042 0.1935 19
0.9715 -0.2038 -0.052 20
0.9822 -0.2063 0.2317 18
0.9785 -0.2057 -0.0175 17
0.966 -0.2032 0.2645 18
0.9762 -0.2068 0.0174 20
0.9534 -0.2023 0.0511 22
0.9745 -0.207 0.0872 20
0.9854 -0.2095 -0.1596 18
0.9728 -0.2069 0.1221 16
0.9591 -0.2042 -0.1204 20
0.9872 -0.2104 0.1599 17
0.9763 -0.208 -0.0873 13
0.985 -0.2101 0.1958 18
0.9786 -0.2089 -0.0524 19
0.97 -0.2072 0.229 18
0.9856 -0.2107 -0.0176 16
0.9729 -0.2082 0.2666 17
0.9872 -0.2127 0.0176 17
0.9488 -0.2048 0.0509 22
0.9757 -0.2108 0.0873 17
0.9905 -0.2141 -0.1605 18
0.9837 -0.2129 0.1236 16
0.9739 -0.2109 -0.1224 19
0.9846 -0.2134 0.1596 17
0.9794 -0.2123 -0.0877 16
0.9747 -0.2114 0.1939 16
0.9857 -0.214 -0.0529 21
0.9693 -0.2106 0.229 18
0.9711 -0.2112 -0.0173 14
0.974 -0.212 0.2671 18
0.9786 -0.2144 0.0175 16
0.9559 -0.2097 0.0513 21
0.9672 -0.2125 0.0866 20
0.9859 -0.2168 -0.1599 18
0.9887 -0.2176 0.1243 15
0.9635 -0.2122 -0.1211 19
0.9897 -0.218 0.1605 16
0.9709 -0.214 -0.087 16
0.9873 -0.2178 0.1965 19
0.979 -0.2162 -0.0525 17
0.98 -0.2165 0.2317 18
0.9743 -0.2153 -0.0174 14
0.9601 -0.2123 0.2635 17
0.9662 -0.2151 0.0173 19
0.9688 -0.216 0.052 19
0.9742 -0.2176 0.0873 20
0.9717 -0.217 -0.1577 18
0.9822 -0.2195 0.1236 16
0.9764 -0.2184 -0.1228 16
0.9889 -0.2214 0.1605 16
0.9779 -0.2191 -0.0877 15
0.9675 -0.2168 0.1927 16
0.9783 -0.2194 -0.0525 19
0.9697 -0.2176 0.2295 18
0.9833 -0.2209 -0.0176 16
0.9669 -0.2174 0.2655 17
0.9752 -0.2207 0.0175 20
0.97 -0.2199 0.0521 19
0.9735 -0.2208 0.0873 18
0.9805 -0.2226 -0.1593 17
0.9756 -0.2217 0.1228 15
0.9736 -0.2214 -0.1226 17
0.9862 -0.2244 0.1602 14
0.9791 -0.2228 -0.0879 15
0.9686 -0.2206 0.1931 18
0.9717 -0.2215 -0.0522 22
0.9709 -0.2215 0.2299 19
0.9806 -0.2239 -0.0176 13
0.9661 -0.2207 0.2655 17
0.9803 -0.2254 0.0176 20
0.9595 -0.221 0.0516 21
0.9746 -0.2247 0.0875 18
0.9874 -0.2278 -0.1605 18
0.9806 -0.2264 0.1236 16
0.9651 -0.223 -0.1216 19
0.9835 -0.2274 0.1599 16
0.9803 -0.2267 -0.088 16
0.9755 -0.2257 0.1946 18
0.9787 -0.2267 -0.0526 19
0.9701 -0.2249 0.2299 18
0.9837 -0.2282 -0.0176 16
0.9748 -0.2263 0.2681 18
0.9834 -0.2297 0.0176 16
0.9607 -0.2248 0.0517 19
0.9874 -0.2312 0.0887 17
0.9751 -0.2285 -0.1586 20
0.9837 -0.2307 0.1241 16
0.9586 -0.225 -0.1209 17
0.9807 -0.2304 0.1596 16
0.9853 -0.2316 -0.0886 15
0.9862 -0.2318 0.1969 20
0.9799 -0.2305 -0.0528 19
0.9731 -0.2291 0.2308 18
0.9674 -0.228 -0.0173 14
0.9702 -0.2288 0.2671 18
0.9845 -0.2336 0.0177 17
0.9618 -0.2286 0.0518 19
0.9672 -0.2302 0.087 20
0.9819 -0.2339 -0.1599 20
0.9887 -0.2355 0.1248 15
0.9674 -0.2306 -0.1221 17
0.9857 -0.2352 0.1605 16
0.967 -0.2309 -0.087 17
0.9834 -0.235 0.1965 18
0.9829 -0.2351 -0.053 17
0.9741 -0.2332 0.2312 18
0.9743 -0.2332 -0.0175 13
0.9563 -0.229 0.2635 17
0.972 -0.2344 0.0175 17
0.963 -0.2324 0.0519 18
0.9644 -0.2331 0.0868 20
0.9696 -0.2346 -0.158 18
0.984 -0.2382 0.1243 15
0.9724 -0.2356 -0.1228 19
0.983 -0.2382 0.1602 17
0.972 -0.2357 -0.0875 13
0.9616 -0.2333 0.1923 18
0.9821 -0.2385 -0.053 19
0.979 -0.2379 0.2326 18
0.9813 -0.2385 -0.0176 16
0.9705 -0.236 0.2676 17
0.9673 -0.2367 0.0174 19
0.9641 -0.2363 0.052 19
0.9733 -0.2389 0.0877 17
0.9765 -0.2397 -0.1593 17
0.962 -0.2363 0.1216 17
0.9639 -0.2369 -0.1219 21
0.986 -0.2425 0.1608 16
0.9789 -0.241 -0.0882 16
0.9703 -0.2389 0.1942 19
0.9677 -0.2384 -0.0522 22
0.9782 -0.2412 0.2326 16
0.9727 -0.24 -0.0175 13
0.9696 -0.2394 0.2676 17
0.9762 -0.2425 0.0176 16
0.9555 -0.2377 0.0516 21
0.9841 -0.245 0.0887 17
0.9756 -0.2431 -0.1593 17
0.9746 -0.243 0.1233 15
0.9553 -0.2384 -0.1209 19
0.987 -0.2465 0.1611 17
0.9839 -0.2457 -0.0887 16
0.9714 -0.2427 0.1946 18
0.9669 -0.2418 -0.0522 22
0.9698 -0.2427 0.2308 19
0.9874 -0.2473 -0.0178 13
0.9744 -0.2442 0.2692 18
0.9753 -0.2459 0.0176 16
0.9566 -0.2415 0.0517 19
0.9794 -0.2475 0.0884 17
0.9844 -0.2489 -0.1608 18
0.9795 -0.2479 0.1241 16
0.966 -0.2446 -0.1224 16
0.9708 -0.246 0.1586 14
0.9773 -0.2476 -0.0882 15
0.982 -0.249 0.1969 18
0.9834 -0.2496 -0.0532 17
0.9689 -0.2461 0.2308 18
0.9749 -0.2478 -0.0176 16
0.9717 -0.2471 0.2687 17
0.9783 -0.2503 0.0176 16
0.9596 -0.2459 0.0519 18
0.9688 -0.2484 0.0875 18
0.9797 -0.2514 -0.1602 18
0.9902 -0.2542 0.1255 16
0.9652 -0.248 -0.1224 16
0.9776 -0.2514 0.1599 14
0.9687 -0.2491 -0.0875 18
0.9811 -0.2524 0.1969 18
0.9826 -0.253 -0.0532 17
0.9719 -0.2504 0.2317 19
0.9624 -0.2482 -0.0173 14
0.9652 -0.2491 0.2671 18
0.9697 -0.2517 0.0175 16
0.9704 -0.2522 0.0525 16
0.966 -0.2513 0.0873 18
0.9692 -0.2523 -0.1586 18
0.9816 -0.2557 0.1246 16
0.9777 -0.2549 -0.1241 17
0.9767 -0.2548 0.1599 14
0.9774 -0.255 -0.0884 15
0.9783 -0.2554 0.1965 20
0.9739 -0.2544 -0.0528 17
0.9879 -0.2583 0.2357 19
0.9673 -0.253 -0.0175 11
0.9625 -0.252 0.2666 17
0.9785 -0.2576 0.0177 17
0.9618 -0.2534 0.0521 22
0.9729 -0.2567 0.088 17
0.9702 -0.2562 -0.1589 20
0.9711 -0.2566 0.1233 15
0.9769 -0.2581 -0.1241 17
0.9873 -0.2611 0.1618 14
0.9708 -0.2568 -0.0879 15
0.9755 -0.2583 0.1962 16
0.975 -0.2583 -0.0529 19
0.9795 -0.2595 0.2339 16
0.9723 -0.2578 -0.0176 11
0.9728 -0.2581 0.2697 17
0.9718 -0.2593 0.0176 17
0.9494 -0.2535 0.0515 21
0.9816 -0.2625 0.0889 16
0.9732 -0.2604 -0.1596 17
0.976 -0.2613 0.1241 15
0.953 -0.2552 -0.1211 17
0.9865 -0.2643 0.1618 16
0.9795 -0.2626 -0.0887 15
0.9708 -0.2605 0.1954 15
0.9683 -0.26 -0.0525 17
0.9599 -0.2577 0.2295 16
0.981 -0.2636 -0.0177 13
0.972 -0.2613 0.2697 17
0.9845 -0.2662 0.0178 17
0.9543 -0.2584 0.0518 19
0.9711 -0.2631 0.088 16
0.9819 -0.2662 -0.1611 17
0.9694 -0.263 0.1233 15
0.9617 -0.2611 -0.1224 16
0.9741 -0.2647 0.1599 14
0.9748 -0.2648 -0.0884 15
0.9757 -0.2653 0.1965 16
0.979 -0.2664 -0.0532 17
0.9702 -0.2642 0.2321 16
0.9685 -0.2639 -0.0175 13
0.9711 -0.2647 0.2697 17
0.9778 -0.268 0.0177 16
0.9534 -0.2617 0.0518 19
0.9664 -0.2655 0.0877 17
0.9809 -0.2696 -0.1611 17
0.9838 -0.2706 0.1253 15
0.978 -0.2692 -0.1246 17
0.9732 -0.2681 0.1599 16
0.9662 -0.2661 -0.0877 15
0.9728 -0.2681 0.1962 18
0.9742 -0.2687 -0.053 19
0.9806 -0.2706 0.2348 18
0.9638 -0.2662 -0.0175 14
0.9571 -0.2645 0.2661 16
0.9691 -0.2693 0.0176 16
0.9698 -0.2699 0.0528 15
0.9654 -0.2688 0.0877 17
0.9762 -0.272 -0.1605 18
0.979 -0.273 0.1248 15
0.9752 -0.2721 -0.1243 17
0.9836 -0.2746 0.1618 14
0.9633 -0.269 -0.0875 13
0.9681 -0.2705 0.1954 18
0.9771 -0.2732 -0.0532 17
0.9777 -0.2735 0.2344 15
0.9705 -0.2717 -0.0176 16
0.958 -0.2684 0.2666 14
0.9663 -0.2721 0.0175 16
0.965 -0.2722 0.0525 16
0.9664 -0.2727 0.0879 15
0.9676 -0.2733 -0.1593 18
0.9551 -0.2699 0.1219 11
0.9704 -0.2744 -0.1238 19
0.9865 -0.2791 0.1624 11
0.9758 -0.2761 -0.0887 15
0.969 -0.2744 0.1958 13
0.9608 -0.2722 -0.0523 20
0.9599 -0.2722 0.2303 6
0.9657 -0.274 -0.0175 11
0.9589 -0.2723 0.2671 6
0.9749 -0.2783 0.0177 13
0.9371 -0.2678 0.0511 11
0.9635 -0.2756 0.0877 6
0.9686 -0.2772 -0.1596 15
0.9541 -0.2734 -0.1219 14
0.9437 -0.2706 0.1555 3
0.9805 -0.2813 -0.0892 9
0.9737 -0.2794 0.1969 3
0.9541 -0.2739 -0.052 11
0.9648 -0.2774 -0.0175 5
0.9732 -0.2824 -0.1605 3
0.9646 -0.2801 -0.1233 4
