1.6858 0.1632 0.0888 1
1.6777 0.1621 0.1475 2
1.6717 0.161 0.2062 4
1.693 0.1624 0.2694 3
1.692 0.1617 -0.0891 2
1.6702 0.1591 -0.0293 3
1.6684 0.1562 0.0293 10
1.6545 0.1546 0.0871 14
1.6883 0.156 -0.1483 12
1.6806 0.1547 -0.0884 23
1.6627 0.1528 -0.0291 19
1.657 0.1496 0.029 20
1.657 0.1493 0.0872 23
1.6808 0.1509 0.1476 19
1.6688 0.1492 0.2057 22
1.6685 0.1489 0.2653 20
1.6888 0.1504 -0.1483 21
1.6563 0.1472 0.3232 7
1.6771 0.1488 -0.0882 27
1.6652 0.1474 -0.0292 30
1.6675 0.145 0.0292 18
1.6575 0.1436 0.0872 20
1.6555 0.1431 0.1454 19
1.6574 0.1427 0.2043 19
1.6611 0.1424 0.2641 20
1.6715 0.1433 -0.1468 20
1.6451 0.1407 0.3209 19
1.6656 0.1422 -0.0876 23
1.6617 0.1413 -0.0291 31
1.65 0.1377 0.0289 21
1.662 0.1381 0.0874 20
1.6619 0.1378 0.1459 19
1.6519 0.1364 0.2035 19
1.6577 0.1363 0.2634 20
1.6561 0.1362 -0.1454 20
1.6436 0.1348 0.3206 17
1.6622 0.1361 -0.0874 21
1.6622 0.1355 -0.0291 31
1.6505 0.1319 0.0289 22
1.6445 0.1309 0.0865 20
1.6604 0.1318 0.1457 18
1.6465 0.1302 0.2028 20
1.6542 0.1302 0.2628 21
1.6526 0.1301 -0.145 21
1.6362 0.1285 0.319 18
1.6427 0.1287 -0.0864 22
1.6527 0.1289 -0.0289 34
1.643 0.1256 0.0288 22
1.631 0.1241 0.0857 19
1.6569 0.1257 0.1454 19
1.6469 0.1244 0.2028 19
1.6586 0.1247 0.2634 21
1.651 0.1241 -0.1449 20
1.6602 0.1245 0.3236 19
1.6431 0.123 -0.0864 22
1.6552 0.1233 -0.029 35
1.6474 0.1201 0.0288 23
1.6235 0.1178 0.0853 20
1.6474 0.1192 0.1445 21
1.6552 0.1192 0.2038 19
1.6373 0.1174 0.26 22
1.6435 0.1178 -0.1442 20
1.6489 0.1179 0.3213 19
1.6436 0.1172 -0.0864 21
1.6297 0.1157 -0.0285 32
1.6318 0.1132 0.0286 23
1.6319 0.1127 0.0857 21
1.6299 0.1123 0.1429 20
1.6438 0.1126 0.2023 20
1.6259 0.1108 0.2581 22
1.626 0.1108 -0.1426 20
1.6375 0.1113 0.319 20
1.64 0.1112 -0.0861 22
1.636 0.1104 -0.0286 35
1.6242 0.107 0.0284 23
1.6302 0.1071 0.0856 20
1.6243 0.1062 0.1424 19
1.6362 0.1064 0.2013 20
1.6381 0.1062 0.26 22
1.6264 0.1052 -0.1426 19
1.6261 0.1049 0.3167 19
1.6224 0.1043 -0.0852 22
1.6184 0.1038 -0.0283 30
1.6146 0.101 0.0282 23
1.6186 0.1007 0.085 22
1.6326 0.101 0.1431 21
1.6207 0.1 0.1994 20
1.6365 0.1004 0.2597 22
1.6247 0.0994 -0.1424 20
1.6245 0.0994 0.3164 19
1.6068 0.098 -0.0844 22
1.6208 0.0983 -0.0283 29
1.6249 0.096 0.0284 23
1.605 0.0942 0.0843 21
1.6349 0.0957 0.1433 21
1.6211 0.0943 0.1994 20
1.623 0.0939 0.2575 21
1.6191 0.0936 -0.1419 20
1.6268 0.0938 0.3167 19
1.6051 0.0923 -0.0843 22
1.6231 0.0927 -0.0284 34
1.6272 0.0904 0.0284 23
1.6053 0.0886 0.0843 21
1.6194 0.0891 0.1419 20
1.6135 0.0882 0.1984 20
1.6115 0.0876 0.2556 21
1.6154 0.0878 -0.1415 19
1.6232 0.0879 0.316 20
1.6134 0.0871 -0.0847 22
1.6134 0.0865 -0.0282 35
1.6136 0.084 0.0282 21
1.6017 0.0828 0.0841 21
1.6117 0.0831 0.1412 20
1.6177 0.0828 0.1989 21
1.6079 0.0817 0.255 21
1.5958 0.0811 -0.1398 19
1.6078 0.0814 0.3129 20
1.6137 0.0815 -0.0847 22
1.5898 0.0797 -0.0278 29
1.5939 0.0774 0.0279 23
1.6079 0.0775 0.0844 22
1.608 0.0772 0.1408 20
1.6101 0.0768 0.1979 20
1.6042 0.0759 0.2544 21
1.6001 0.0757 -0.1401 20
1.5963 0.0753 0.3106 19
1.61 0.0756 -0.0845 22
1.6 0.0746 -0.028 32
1.5981 0.072 0.0279 21
1.5902 0.0711 0.0834 21
1.6083 0.0716 0.1408 20
1.5865 0.0701 0.195 22
1.6044 0.0703 0.2544 21
1.6003 0.0702 -0.1401 19
1.5966 0.0697 0.3106 19
1.5943 0.0693 -0.0836 22
1.6063 0.0693 -0.0281 34
1.5944 0.0663 0.0279 22
1.5825 0.0652 0.083 23
1.6025 0.0658 0.1403 19
1.5887 0.0646 0.1952 21
1.5968 0.0644 0.2531 21
1.5926 0.0642 -0.1394 21
1.5929 0.064 0.3099 19
1.5905 0.0636 -0.0834 22
1.5925 0.0631 -0.0278 35
1.5866 0.0604 0.0277 22
1.5707 0.0592 0.0824 23
1.5948 0.0599 0.1396 19
1.583 0.0589 0.1945 22
1.5812 0.0583 0.2506 22
1.6008 0.059 -0.1401 21
1.5931 0.0584 0.3099 19
1.5848 0.0578 -0.0831 23
1.5767 0.057 -0.0275 36
1.5828 0.0547 0.0276 22
1.5709 0.0538 0.0824 23
1.581 0.0538 0.1384 20
1.5832 0.0534 0.1945 21
1.5794 0.0527 0.2503 22
1.5831 0.0528 -0.1386 20
1.5854 0.0526 0.3083 19
1.5949 0.0526 -0.0836 21
1.5729 0.0514 -0.0275 36
1.567 0.0487 0.0274 22
1.5651 0.0481 0.0821 22
1.5772 0.0482 0.1381 20
1.5774 0.0476 0.1938 23
1.5796 0.0472 0.2503 22
1.5813 0.0472 -0.1384 23
1.5738 0.0467 0.3061 19
1.5752 0.0465 -0.0826 22
1.5631 0.0456 -0.0273 36
1.5672 0.0432 0.0274 23
1.5653 0.0426 0.0821 22
1.5774 0.0427 0.1381 20
1.5677 0.0419 0.1926 22
1.5817 0.0417 0.2506 22
1.5695 0.0414 -0.1374 22
1.5661 0.041 0.3045 19
1.5633 0.0407 -0.082 24
1.5792 0.0405 -0.0276 38
1.5753 0.0379 0.0275 20
1.5474 0.0367 0.0811 21
1.5815 0.0373 0.1384 20
1.5539 0.0361 0.1908 23
1.5799 0.0361 0.2503 22
1.5696 0.0359 -0.1374 22
1.5702 0.0356 0.3053 19
1.5694 0.0353 -0.0823 23
1.5634 0.0347 -0.0273 36
1.5674 0.0323 0.0274 21
1.5516 0.0314 0.0813 23
1.5697 0.0315 0.1374 20
1.556 0.0307 0.1911 23
1.5603 0.0302 0.2472 23
1.5657 0.0303 -0.137 21
1.5625 0.03 0.3038 19
1.5676 0.0298 -0.0822 24
1.5415 0.0288 -0.0269 31
1.5555 0.0269 0.0272 23
1.5497 0.0262 0.0812 22
1.5578 0.0261 0.1363 21
1.5601 0.0256 0.1916 22
1.5544 0.025 0.2462 23
1.5519 0.0249 -0.1358 22
1.5665 0.0249 0.3045 19
1.5617 0.0245 -0.0819 27
1.5376 0.0236 -0.0268 31
1.5516 0.0214 0.0271 23
1.5397 0.0207 0.0807 20
1.5619 0.0207 0.1367 21
1.5542 0.0201 0.1908 25
1.5565 0.0196 0.2465 22
1.5519 0.0195 -0.1358 22
1.5548 0.0193 0.3022 19
1.5538 0.019 -0.0814 26
1.5477 0.0184 -0.027 36
1.5477 0.0159 0.027 21
1.5438 0.0154 0.0809 21
1.556 0.0152 0.1361 21
1.5364 0.0145 0.1887 22
1.5625 0.0142 0.2475 23
1.548 0.0141 -0.1354 22
1.5431 0.0137 0.3 19
1.5398 0.0134 -0.0807 24
1.5437 0.0129 -0.0269 36
1.5437 0.0105 0.0269 21
1.5299 0.0099 0.0802 22
1.558 0.0098 0.1363 21
1.5325 0.0091 0.1882 22
1.5427 0.0086 0.2444 26
1.556 0.0087 -0.1361 22
1.547 0.0084 0.3007 20
1.5419 0.0081 -0.0808 26
1.5297 0.0075 -0.0267 37
1.5438 0.0051 0.0269 21
1.5219 0.0045 0.0798 20
1.5501 0.0043 0.1356 20
1.5325 0.0037 0.1882 23
1.5309 0.0032 0.2425 26
1.5481 0.0032 -0.1354 22
1.5372 0.003 0.2988 19
1.5359 0.0027 -0.0805 24
1.5158 0.0021 -0.0265 35
1.5438 -0.0003 0.0269 21
1.5279 -0.0008 0.0801 21
1.5361 -0.0011 0.1344 23
1.5325 -0.0016 0.1882 22
1.5388 -0.0021 0.2437 25
1.5321 -0.0021 -0.134 22
1.5313 -0.0024 0.2977 19
1.5439 -0.0027 -0.0809 26
1.5118 -0.0032 -0.0264 35
1.5238 -0.0056 0.0266 21
1.5199 -0.0061 0.0797 21
1.5361 -0.0064 0.1344 23
1.5206 -0.0069 0.1867 22
1.5289 -0.0075 0.2422 26
1.5321 -0.0075 -0.134 22
1.5195 -0.0077 0.2954 19
1.5339 -0.008 -0.0804 27
1.5157 -0.0085 -0.0265 35
1.5277 -0.0109 0.0267 21
1.5199 -0.0114 0.0797 23
1.5321 -0.0118 0.134 24
1.5126 -0.0121 0.1857 22
1.5328 -0.0128 0.2428 23
1.5201 -0.0127 -0.133 22
1.5195 -0.013 0.2954 19
1.5079 -0.0132 -0.079 24
1.5237 -0.0138 -0.0266 39
1.5157 -0.0161 0.0265 21
1.5118 -0.0166 0.0792 21
1.5281 -0.0171 0.1337 23
1.5125 -0.0174 0.1857 22
1.5308 -0.0182 0.2425 23
1.53 -0.0182 -0.1339 23
1.5194 -0.0183 0.2954 19
1.5118 -0.0185 -0.0792 24
1.5097 -0.019 -0.0264 37
1.5156 -0.0214 0.0265 22
1.5038 -0.0218 0.0788 21
1.532 -0.0225 0.134 21
1.5085 -0.0226 0.1852 22
1.5189 -0.0233 0.2406 26
1.522 -0.0234 -0.1332 21
1.5233 -0.0237 0.2961 19
1.5157 -0.0238 -0.0794 24
1.5016 -0.0241 -0.0262 37
1.5195 -0.0268 0.0265 22
1.5017 -0.0267 0.0787 20
1.514 -0.0275 0.1325 22
1.5144 -0.028 0.186 23
1.5129 -0.0283 0.2397 26
1.512 -0.0285 -0.1323 23
1.5154 -0.0288 0.2946 19
1.5156 -0.0291 -0.0794 26
1.4975 -0.029 -0.0261 39
1.5114 -0.0317 0.0264 21
1.4956 -0.0319 0.0784 23
1.5119 -0.0327 0.1323 23
1.5004 -0.0327 0.1843 22
1.5147 -0.0336 0.24 26
1.5079 -0.0337 -0.132 26
1.4996 -0.0335 0.2916 19
1.4996 -0.0338 -0.0786 26
1.4954 -0.0342 -0.0261 39
1.4993 -0.0366 0.0262 22
1.4915 -0.037 0.0782 23
1.5118 -0.0377 0.1323 21
1.4923 -0.0378 0.1833 22
1.5107 -0.0388 0.2393 25
1.5038 -0.0386 -0.1316 22
1.5053 -0.0389 0.2927 18
1.4875 -0.0387 -0.078 24
1.4953 -0.0394 -0.0261 35
1.4992 -0.0419 0.0262 23
1.4794 -0.0418 0.0776 23
1.5176 -0.0432 0.1328 24
1.4922 -0.043 0.1833 22
1.5026 -0.0438 0.2381 26
1.5116 -0.0441 -0.1323 23
1.5052 -0.0441 0.2927 19
1.4913 -0.044 -0.0782 24
1.4891 -0.0445 -0.026 37
1.499 -0.0471 0.0262 23
1.4792 -0.047 0.0776 23
1.4995 -0.0479 0.1313 24
1.492 -0.0482 0.1833 22
1.4906 -0.0487 0.2362 25
1.5015 -0.049 -0.1314 23
1.4972 -0.0491 0.2912 18
1.4871 -0.0491 -0.078 24
1.4849 -0.0495 -0.0259 43
1.5029 -0.0525 0.0262 23
1.479 -0.0522 0.0776 23
1.4854 -0.0526 0.13 24
1.4918 -0.0534 0.1833 22
1.4865 -0.0537 0.2356 26
1.4834 -0.0536 -0.1299 22
1.497 -0.0544 0.2912 19
1.487 -0.0543 -0.078 24
1.4688 -0.0541 -0.0257 41
1.4827 -0.057 0.0259 22
1.4828 -0.0575 0.0778 23
1.4892 -0.058 0.1304 24
1.4797 -0.0581 0.1818 22
1.4902 -0.0591 0.2362 26
1.4812 -0.0587 -0.1297 23
1.483 -0.059 0.2885 19
1.4848 -0.0594 -0.0779 26
1.4766 -0.0596 -0.0258 39
1.4745 -0.0618 0.0258 23
1.4747 -0.0623 0.0774 23
1.491 -0.0633 0.1306 23
1.4795 -0.0633 0.1818 21
1.4821 -0.0639 0.235 23
1.479 -0.0638 -0.1295 22
1.4809 -0.0641 0.2881 19
1.4686 -0.0639 -0.077 27
1.4804 -0.0649 -0.0259 39
1.4783 -0.0671 0.0258 23
1.4625 -0.0667 0.0767 26
1.4927 -0.0686 0.1307 22
1.4674 -0.0679 0.1804 22
1.4701 -0.0683 0.2331 28
1.4867 -0.0693 -0.1302 22
1.4787 -0.0692 0.2877 19
1.4664 -0.0689 -0.0769 24
1.4681 -0.0692 -0.0257 39
1.484 -0.0723 0.0259 24
1.4642 -0.0719 0.0768 25
1.4845 -0.0734 0.13 22
1.4751 -0.0732 0.1813 22
1.4659 -0.0732 0.2325 28
1.4785 -0.0741 -0.1295 22
1.4784 -0.0741 0.2877 19
1.4701 -0.074 -0.0771 24
1.4479 -0.0733 -0.0253 42
1.4798 -0.0773 0.0259 23
1.462 -0.0766 0.0767 23
1.4683 -0.0775 0.1286 24
1.4709 -0.0781 0.1809 22
1.4656 -0.0781 0.2325 28
1.4663 -0.0784 -0.1285 25
1.4782 -0.0793 0.2877 19
1.4778 -0.0795 -0.0776 24
1.4557 -0.0786 -0.0254 38
1.4635 -0.0813 0.0256 23
1.4617 -0.0817 0.0767 26
1.4641 -0.0824 0.1283 22
1.4627 -0.0825 0.1799 22
1.4634 -0.0831 0.2321 28
1.4541 -0.0828 -0.1274 23
1.4583 -0.0831 0.2839 22
1.4616 -0.0835 -0.0767 24
1.4494 -0.0833 -0.0253 46
1.4632 -0.0864 0.0256 24
1.4574 -0.0863 0.0765 26
1.4598 -0.087 0.1279 22
1.4525 -0.0871 0.1787 25
1.4611 -0.0878 0.2318 27
1.4598 -0.088 -0.1279 23
1.458 -0.0882 0.2839 21
1.4493 -0.0879 -0.0761 26
1.4452 -0.0879 0.3343 4
1.4551 -0.0885 -0.0254 42
1.4669 -0.0915 0.0257 23
1.4372 -0.0902 0.0755 26
1.4635 -0.0923 0.1283 22
1.4502 -0.0917 0.1784 22
1.4529 -0.0924 0.2306 24
1.4614 -0.0932 -0.1281 26
1.4616 -0.0932 0.2847 21
1.457 -0.0932 -0.0765 26
1.4313 -0.0918 0.3311 4
1.4428 -0.0928 -0.0252 42
1.4666 -0.0969 0.0257 23
1.4408 -0.0957 0.0757 26
1.4612 -0.0973 0.1281 25
1.4578 -0.0976 0.1794 22
1.4447 -0.0972 0.2293 27
1.4511 -0.0979 -0.1272 21
1.4573 -0.0983 0.2839 22
1.4547 -0.0984 -0.0764 26
1.4232 -0.0965 0.3293 4
1.4305 -0.0973 -0.025 40
1.4543 -0.1012 0.0254 24
1.4405 -0.1007 0.0757 23
1.4389 -0.1011 0.1262 21
1.4495 -0.1021 0.1784 23
1.4522 -0.1028 0.2306 27
1.4409 -0.1023 -0.1264 25
1.457 -0.1037 0.2839 21
1.4483 -0.1033 -0.0761 24
1.4267 -0.102 0.3302 7
1.4222 -0.1017 -0.0249 42
1.4359 -0.1052 0.0251 23
1.4421 -0.1062 0.0758 25
1.4346 -0.1059 0.1259 21
1.4452 -0.1071 0.1779 23
1.44 -0.1073 0.2287 27
1.4484 -0.1079 -0.1271 23
1.439 -0.1074 0.2805 22
1.4519 -0.1087 -0.0763 24
1.4244 -0.1069 0.3298 9
1.4218 -0.1069 -0.0249 38
1.4435 -0.1108 0.0253 25
1.4397 -0.111 0.0757 26
1.4442 -0.1116 0.1267 23
1.4329 -0.1113 0.1765 22
1.4436 -0.1126 0.2293 26
1.4361 -0.112 -0.126 22
1.4406 -0.1126 0.2809 21
1.4277 -0.1119 -0.075 24
1.424 -0.1118 0.3298 12
1.4373 -0.1131 -0.0252 40
1.4431 -0.1159 0.0253 27
1.4334 -0.1156 0.0754 28
1.4358 -0.116 0.126 21
1.4345 -0.1164 0.1767 25
1.4373 -0.1172 0.2284 26
1.4457 -0.1178 -0.1269 23
1.4362 -0.1173 0.2801 22
1.4273 -0.1168 -0.075 24
1.4217 -0.1166 0.3293 15
1.421 -0.1168 -0.0249 40
1.4348 -0.1202 0.0251 22
1.419 -0.1194 0.0746 26
1.4354 -0.121 0.126 21
1.442 -0.1221 0.1777 23
1.4231 -0.121 0.2262 28
1.4393 -0.1224 -0.1264 25
1.4437 -0.123 0.2816 22
1.4268 -0.1218 -0.075 24
1.4213 -0.1216 0.3293 16
1.4086 -0.1208 -0.0247 42
1.4303 -0.1249 0.0251 25
1.4286 -0.125 0.0752 27
1.4231 -0.125 0.125 23
1.4376 -0.1268 0.1772 25
1.4168 -0.1252 0.2253 26
1.419 -0.1256 -0.1246 23
1.4295 -0.1268 0.279 23
1.4344 -0.1275 -0.0755 24
1.4112 -0.1254 0.3271 18
1.4042 -0.1251 -0.0246 40
1.4279 -0.1294 0.025 31
1.4262 -0.1295 0.075 30
1.4226 -0.1297 0.125 23
1.4233 -0.1303 0.1755 22
1.4222 -0.1304 0.2262 26
1.4067 -0.1293 -0.1236 23
1.4174 -0.1305 0.2767 23
1.43 -0.1319 -0.0753 24
1.4146 -0.1305 0.328 20
1.4118 -0.1305 -0.0247 40
1.4215 -0.1336 0.0249 25
1.4158 -0.1336 0.0745 27
1.4242 -0.1346 0.1252 22
1.415 -0.1343 0.1745 23
1.4218 -0.1354 0.2262 26
1.4181 -0.1351 -0.1246 23
1.4189 -0.1354 0.2771 22
1.4156 -0.1353 -0.0745 28
1.4142 -0.1354 0.328 20
1.4033 -0.1346 -0.0246 40
1.421 -0.1386 0.0249 27
1.4053 -0.1375 0.074 26
1.4297 -0.1402 0.1257 24
1.4184 -0.1396 0.175 23
1.4174 -0.14 0.2256 27
1.4137 -0.1396 -0.1243 23
1.4164 -0.1401 0.2767 22
1.4092 -0.1397 -0.0742 27
1.3982 -0.1388 0.3244 21
1.4029 -0.1395 -0.0246 40
1.4166 -0.1431 0.0249 25
1.4088 -0.1429 0.0742 30
1.4153 -0.1438 0.1245 22
1.4199 -0.1447 0.1752 26
1.407 -0.1439 0.224 26
1.4052 -0.144 -0.1236 23
1.4179 -0.1453 0.2771 22
1.4166 -0.1454 -0.0746 27
1.3977 -0.1437 0.3244 21
1.3984 -0.144 -0.0245 40
1.42 -0.1485 0.0249 25
1.4024 -0.1471 0.0739 27
1.4048 -0.1479 0.1236 23
1.4174 -0.1495 0.175 23
1.4026 -0.1484 0.2234 26
1.4047 -0.1489 -0.1236 23
1.4095 -0.1496 0.2755 22
1.4121 -0.1502 -0.0744 27
1.3913 -0.1482 0.323 22
1.384 -0.1474 -0.0243 38
1.3976 -0.1513 0.0245 24
1.4018 -0.1523 0.0739 28
1.3984 -0.1522 0.1231 22
1.407 -0.1536 0.1738 25
1.406 -0.154 0.224 26
1.4022 -0.1536 -0.1234 23
1.4032 -0.1539 0.2744 22
1.4076 -0.1547 -0.0742 27
1.3947 -0.1535 0.3239 22
1.3993 -0.1542 -0.0246 42
1.403 -0.1569 0.0246 25
1.4013 -0.1572 0.0739 28
1.4058 -0.1579 0.1238 20
1.3907 -0.1567 0.1718 27
1.4054 -0.1589 0.224 26
1.3957 -0.1578 -0.1229 22
1.3987 -0.1584 0.2736 23
1.4011 -0.1589 -0.0739 28
1.3922 -0.1581 0.3235 23
1.4027 -0.1596 -0.0246 48
1.3985 -0.1613 0.0246 28
1.3849 -0.16 0.0731 28
1.4032 -0.1626 0.1236 23
1.398 -0.1625 0.1728 25
1.3931 -0.1622 0.2221 26
1.4011 -0.1634 -0.1234 27
1.404 -0.1639 0.2748 21
1.4025 -0.164 -0.074 28
1.3762 -0.1609 0.3199 23
1.3804 -0.1617 -0.0243 42
1.4059 -0.1669 0.0247 25
1.3863 -0.1648 0.0732 30
1.3948 -0.1663 0.1229 21
1.3896 -0.1662 0.1718 26
1.3808 -0.1654 0.2203 26
1.3927 -0.1671 -0.1227 23
1.4054 -0.1688 0.2751 22
1.398 -0.1682 -0.0738 27
1.3776 -0.1657 0.3203 21
1.3679 -0.1648 -0.024 44
1.3974 -0.1706 0.0246 28
1.3818 -0.1692 0.073 26
1.3843 -0.1697 0.122 22
1.393 -0.1713 0.1723 26
1.3763 -0.1697 0.2196 26
1.3743 -0.1697 -0.1211 24
1.397 -0.1725 0.2736 23
1.3935 -0.1723 -0.0736 27
1.3692 -0.1696 0.3185 24
1.3594 -0.1686 -0.0239 38
1.3809 -0.1735 0.0243 28
1.3871 -0.1747 0.0733 28
1.3797 -0.1743 0.1217 20
1.3884 -0.1756 0.1718 23
1.3874 -0.176 0.2215 24
1.3836 -0.1758 -0.122 26
1.373 -0.1747 0.269 22
1.3908 -0.1772 -0.0735 30
1.3783 -0.1758 0.3208 23
1.3707 -0.1749 -0.0241 44
1.3803 -0.1785 0.0243 27
1.3805 -0.1791 0.073 30
1.391 -0.1807 0.1227 22
1.376 -0.1792 0.1704 30
1.379 -0.1801 0.2203 26
1.375 -0.1796 -0.1213 23
1.3763 -0.18 0.2698 22
1.3744 -0.18 -0.0726 30
1.3661 -0.1791 0.3181 24
1.3799 -0.1812 -0.0243 44
1.3717 -0.1823 0.0242 28
1.368 -0.1823 0.0723 30
1.3765 -0.1837 0.1215 21
1.3694 -0.1832 0.1696 26
1.3714 -0.1837 -0.1699 37
1.3803 -0.1851 0.2206 26
1.3783 -0.1849 -0.1217 26
1.3718 -0.1843 0.269 22
1.3777 -0.1853 -0.0729 30
1.3596 -0.1831 0.3167 24
1.3694 -0.1847 -0.0241 44
1.383 -0.1887 0.0244 23
1.3654 -0.1866 0.0722 28
1.3758 -0.1885 0.1215 21
1.3747 -0.1888 0.1704 30
1.3569 -0.1866 -0.1682 35
1.3679 -0.1881 0.2187 27
1.3757 -0.1894 -0.1215 24
1.3808 -0.1904 0.2709 27
1.381 -0.1906 -0.0731 33
1.3571 -0.1876 0.3163 22
1.3569 -0.1876 -0.0239 42
1.3744 -0.1922 0.0242 27
1.3667 -0.1916 0.0723 26
1.3633 -0.1916 0.1204 21
1.3701 -0.1928 0.1699 28
1.3622 -0.1919 -0.1689 34
1.3672 -0.1929 0.2187 26
1.3612 -0.1923 -0.1203 24
1.3744 -0.1941 0.2698 23
1.3764 -0.1947 -0.0729 28
1.3526 -0.1915 0.3154 24
1.3582 -0.1926 -0.0239 44
1.3599 -0.195 0.024 24
1.3602 -0.1953 0.072 28
1.3666 -0.1967 0.1208 21
1.3616 -0.1964 0.1689 27
1.3635 -0.197 -0.1692 31
1.3627 -0.1969 0.2181 26
1.3586 -0.1965 -0.1201 24
1.3581 -0.1967 0.2668 23
1.3718 -0.1989 -0.0726 31
1.3558 -0.1968 0.3163 23
1.3655 -0.1982 -0.0241 51
1.3612 -0.1998 0.024 28
1.3595 -0.2 0.072 28
1.3699 -0.202 0.1211 23
1.3491 -0.1992 0.1674 27
1.3511 -0.1997 -0.1677 35
1.3659 -0.2022 0.2187 27
1.3678 -0.2027 -0.121 26
1.3575 -0.2012 0.2668 22
1.3632 -0.2023 -0.0722 28
1.3474 -0.2002 0.3145 24
1.3549 -0.2015 -0.0239 40
1.3644 -0.2054 0.0241 27
1.339 -0.2018 0.071 25
1.3633 -0.2059 0.1206 22
1.3582 -0.2057 0.1687 26
1.3464 -0.2041 -0.1672 37
1.3632 -0.2067 0.2184 26
1.3533 -0.2054 -0.1198 24
1.3606 -0.2067 0.2675 22
1.3664 -0.2079 -0.0724 30
1.337 -0.2036 0.3122 22
1.3443 -0.2047 -0.0237 36
1.3598 -0.2093 0.024 28
1.3403 -0.2068 0.0711 26
1.3586 -0.2101 0.1203 22
1.3477 -0.2086 0.1674 26
1.3477 -0.2089 -0.1674 37
1.3527 -0.2099 0.2168 28
1.3644 -0.2119 -0.1208 28
1.3599 -0.2113 0.2675 25
1.3617 -0.2118 -0.0722 31
1.3344 -0.2078 0.3118 20
1.3357 -0.2082 -0.0236 44
1.3551 -0.2134 0.0239 28
1.3455 -0.2124 0.0714 28
1.35 -0.2133 0.1196 22
1.347 -0.2133 0.1674 27
1.3509 -0.2142 -0.1679 38
1.352 -0.2146 0.2168 26
1.3479 -0.2142 -0.1194 24
1.3534 -0.2151 0.2664 21
1.363 -0.2168 -0.0723 34
1.3279 -0.2115 0.3104 12
1.331 -0.2122 -0.0235 38
1.3464 -0.2169 0.0238 25
1.3506 -0.218 0.0717 31
1.3453 -0.2177 0.1192 21
1.3423 -0.2174 0.167 22
1.3481 -0.2186 -0.1677 37
1.3532 -0.2197 0.2171 22
1.3451 -0.2186 -0.1192 26
1.3351 -0.2172 0.2629 14
1.3484 -0.2196 -0.0716 33
1.3322 -0.2172 -0.0236 36
1.3417 -0.2212 0.0237 32
1.3361 -0.2205 0.071 18
1.3317 -0.2209 -0.1657 27
1.3463 -0.2236 -0.1194 22
1.3417 -0.2233 -0.0713 22
1.3334 -0.2222 -0.0236 27
1.3485 -0.2283 -0.1679 12
