1.9758 0.2237 -0.174 2
2.0023 0.2196 -0.1762 2
2.0229 0.2148 -0.178 2
2.0616 0.2181 -0.1086 6
2.0038 0.2057 -0.1762 3
2.0703 0.2118 -0.1091 19
2.1147 0.2159 -0.0371 3
2.0243 0.2006 -0.178 17
2.073 0.2051 -0.1092 18
2.1274 0.2097 -0.0373 20
2.1914 0.2126 0.0384 13
2.021 0.1935 -0.1776 26
2.0658 0.1971 -0.1088 17
2.1301 0.2025 -0.0373 18
2.1981 0.2055 0.0385 16
2.2651 0.2109 0.1192 16
2.0137 0.1857 -0.1769 18
2.0545 0.1888 -0.1081 17
2.1228 0.1943 -0.0372 15
2.2028 0.1981 0.0386 17
2.2578 0.2023 0.1188 15
2.0005 0.1775 -0.1757 17
2.0571 0.1818 -0.1082 18
2.1215 0.1867 -0.0372 16
2.2114 0.1911 0.0387 16
2.2665 0.1951 0.1192 14
2.017 0.1719 -0.1771 17
2.0637 0.1751 -0.1085 18
2.1141 0.1786 -0.037 16
2.2141 0.1836 0.0388 17
2.2751 0.1882 0.1196 14
2.0096 0.1642 -0.1764 18
2.0683 0.1682 -0.1088 17
2.1187 0.172 -0.0371 16
2.1967 0.1748 0.0385 16
2.2638 0.1794 0.119 14
1.9982 0.1562 -0.1754 18
2.0569 0.1604 -0.1081 18
2.1273 0.1652 -0.0372 16
2.1973 0.1671 0.0385 16
2.2684 0.1718 0.1192 15
2.0008 0.1494 -0.1755 16
2.0535 0.153 -0.1079 18
2.1278 0.1578 -0.0372 16
2.2099 0.1603 0.0387 16
2.257 0.163 0.1186 15
2.0192 0.1437 -0.1771 18
2.058 0.1457 -0.1081 18
2.1224 0.1499 -0.0371 15
2.2064 0.152 0.0386 16
2.2576 0.1547 0.1186 15
2.0117 0.1357 -0.1764 18
2.0625 0.1388 -0.1083 18
2.109 0.1412 -0.0369 16
2.2109 0.1445 0.0387 17
2.2641 0.1472 0.1189 15
2.0003 0.1279 -0.1754 18
2.065 0.1314 -0.1084 18
2.1174 0.1343 -0.037 16
2.1954 0.1362 0.0384 17
2.2706 0.1401 0.1192 15
1.9967 0.1211 -0.175 17
2.0554 0.1243 -0.1079 17
2.1179 0.1273 -0.037 15
2.1939 0.1284 0.0384 15
2.2651 0.1318 0.1189 15
2.009 0.1148 -0.1761 18
2.0559 0.1167 -0.1079 17
2.1263 0.1204 -0.0372 16
2.2004 0.1207 0.0385 16
2.2535 0.1232 0.1183 15
2.0174 0.1082 -0.1768 18
2.0563 0.1096 -0.1079 17
2.1247 0.1128 -0.0371 16
2.2147 0.1141 0.0387 17
2.252 0.1153 0.1182 15
2.0038 0.1005 -0.1755 17
2.0566 0.1027 -0.1079 17
2.1171 0.105 -0.037 16
2.2171 0.1065 0.0387 16
2.2643 0.108 0.1188 14
1.9922 0.0933 -0.1745 18
2.0649 0.0959 -0.1083 18
2.1194 0.0977 -0.037 16
2.1975 0.0979 0.0384 16
2.2687 0.1002 0.119 15
1.9985 0.0866 -0.175 17
2.0613 0.0886 -0.1081 18
2.1218 0.0904 -0.0371 16
2.1978 0.0902 0.0384 16
2.265 0.0926 0.1188 15
2.0047 0.0798 -0.1755 18
2.0456 0.0807 -0.1073 17
2.124 0.0835 -0.0371 16
2.1981 0.0829 0.0384 16
2.2633 0.085 0.1187 15
2.0209 0.0738 -0.1769 18
2.0518 0.0742 -0.1076 18
2.1243 0.0764 -0.0371 16
2.2024 0.0758 0.0385 16
2.2576 0.0769 0.1184 15
2.0052 0.0665 -0.1755 18
2.0621 0.0677 -0.1081 18
2.1166 0.0687 -0.037 16
2.2026 0.0681 0.0385 17
2.2578 0.069 0.1184 15
1.9955 0.0592 -0.1747 17
2.0583 0.0604 -0.1079 18
2.1148 0.0613 -0.0369 16
2.1828 0.0598 0.0381 17
2.2661 0.0613 0.1188 15
2.0017 0.0524 -0.1752 18
2.0585 0.0532 -0.1079 18
2.125 0.0542 -0.0371 16
2.191 0.0524 0.0383 16
2.2663 0.0534 0.1188 15
1.9998 0.0454 -0.175 17
2.0467 0.0457 -0.1073 17
2.1212 0.0467 -0.037 16
2.2032 0.045 0.0385 16
2.2604 0.0454 0.1185 15
2.01 0.0386 -0.1759 18
2.0468 0.0386 -0.1073 18
2.1233 0.0393 -0.0371 16
2.1993 0.0372 0.0384 17
2.2526 0.0374 0.1181 15
2.0041 0.0315 -0.1754 18
2.0549 0.0316 -0.1077 17
2.1134 0.0317 -0.0369 16
2.1975 0.0295 0.0384 17
2.2567 0.0295 0.1183 15
1.9942 0.0244 -0.1745 16
2.063 0.0245 -0.1081 17
2.1135 0.0243 -0.0369 17
2.1996 0.0219 0.0384 17
2.2648 0.0217 0.1187 15
2.0043 0.0175 -0.1754 17
2.0511 0.0172 -0.1075 18
2.1236 0.0171 -0.0371 16
2.1916 0.0142 0.0383 16
2.2569 0.0138 0.1183 15
2.0043 0.0105 -0.1754 17
2.0492 0.01 -0.1074 18
2.1177 0.0096 -0.037 16
2.1917 0.0065 0.0383 16
2.2509 0.0059 0.118 15
2.0023 0.0035 -0.1752 18
2.0552 0.0029 -0.1077 18
2.1197 0.0022 -0.037 17
2.2017 -0.0015 0.0384 17
2.2489 -0.002 0.1179 15
2.0043 -0.0038 -0.1754 17
2.0552 -0.0043 -0.1077 17
2.1057 -0.0051 -0.0368 16
2.1956 -0.0088 0.0383 17
2.2569 -0.0095 0.1183 15
2.0023 -0.0105 -0.1752 22
2.0551 -0.0115 -0.1077 18
2.1116 -0.0122 -0.0369 17
2.1836 -0.016 0.0381 16
2.2608 -0.0174 0.1185 15
2.0003 -0.0171 -0.175 17
2.0511 -0.0183 -0.1075 17
2.1156 -0.0196 -0.0369 16
2.1935 -0.0237 0.0383 17
2.2568 -0.0252 0.1183 15
2.0082 -0.0242 -0.1757 17
2.047 -0.0254 -0.1073 18
2.1295 -0.0271 -0.0372 16
2.1974 -0.0315 0.0384 17
2.2447 -0.0329 0.1177 16
2.0081 -0.0312 -0.1757 18
2.0449 -0.0325 -0.1072 18
2.1194 -0.0344 -0.037 16
2.1933 -0.0391 0.0383 17
2.2525 -0.0409 0.1181 16
2.002 -0.0381 -0.1752 15
2.0468 -0.0397 -0.1073 17
2.1113 -0.0416 -0.0369 17
2.1952 -0.0467 0.0383 17
2.2484 -0.0487 0.1179 16
1.9879 -0.0451 -0.174 14
2.0586 -0.0471 -0.1079 18
2.1111 -0.049 -0.0369 17
2.187 -0.0542 0.0382 17
2.2602 -0.0568 0.1185 15
1.9937 -0.0522 -0.1745 17
2.0545 -0.0545 -0.1077 17
2.1149 -0.0565 -0.0369 16
2.1908 -0.0623 0.0383 16
2.252 -0.0645 0.1181 16
1.9935 -0.0592 -0.1745 13
2.0383 -0.0612 -0.1069 17
2.1147 -0.0639 -0.0369 17
2.1886 -0.0695 0.0382 17
2.2478 -0.0718 0.1179 15
1.9973 -0.0659 -0.1748 12
2.048 -0.0683 -0.1074 18
2.1205 -0.0711 -0.037 16
2.2023 -0.0773 0.0385 17
2.2475 -0.0797 0.1179 16
2.001 -0.0727 -0.1752 12
2.0538 -0.0753 -0.1077 18
2.1082 -0.078 -0.0368 17
2.198 -0.0848 0.0384 17
2.2552 -0.0878 0.1183 15
1.9968 -0.0795 -0.1748 13
2.0655 -0.083 -0.1083 18
2.106 -0.0853 -0.0368 17
2.1837 -0.0919 0.0382 17
2.2549 -0.0957 0.1183 15
2.0005 -0.0866 -0.1752 12
2.0492 -0.0895 -0.1075 18
2.1096 -0.0928 -0.0369 16
2.1854 -0.0996 0.0382 16
2.2545 -0.1036 0.1183 15
1.9922 -0.0933 -0.1745 12
2.0369 -0.0961 -0.1069 18
2.1213 -0.1008 -0.0371 16
2.189 -0.1074 0.0383 17
2.2542 -0.1114 0.1183 15
1.9998 -0.1006 -0.1752 12
2.0486 -0.1038 -0.1075 18
2.1109 -0.1077 -0.0369 17
2.2026 -0.1158 0.0385 17
2.2498 -0.1191 0.1181 15
2.0034 -0.1078 -0.1755 11
2.0542 -0.1112 -0.1078 18
2.1066 -0.1148 -0.0368 17
2.1882 -0.1227 0.0383 16
2.2533 -0.1268 0.1183 15
1.9971 -0.1145 -0.175 13
2.0578 -0.1186 -0.108 18
2.1082 -0.1219 -0.0369 16
2.1838 -0.1297 0.0382 16
2.2529 -0.1346 0.1183 15
2.3408 -0.1407 0.2052 3
1.9987 -0.1215 -0.1752 12
2.0554 -0.1254 -0.1079 18
2.1037 -0.129 -0.0368 16
2.1933 -0.138 0.0384 17
2.2524 -0.1425 0.1183 15
2.3383 -0.1483 0.205 3
2.0022 -0.1284 -0.1755 12
2.039 -0.1315 -0.1071 17
2.1192 -0.1374 -0.0371 16
2.1948 -0.1458 0.0384 17
2.2419 -0.1497 0.1178 16
2.3199 -0.1553 0.2034 3
2.0077 -0.1358 -0.1761 12
2.0465 -0.1392 -0.1075 18
2.1167 -0.1447 -0.037 16
2.1943 -0.1534 0.0384 16
2.2474 -0.1579 0.1181 15
2.0092 -0.143 -0.1762 12
2.0519 -0.1467 -0.1078 18
2.1003 -0.1509 -0.0368 17
2.1938 -0.1611 0.0384 17
2.2508 -0.1661 0.1183 15
2.3228 -0.1718 0.2038 3
1.9888 -0.1485 -0.1745 12
2.0574 -0.1543 -0.1081 17
2.1097 -0.159 -0.0369 17
2.1832 -0.168 0.0382 17
2.2582 -0.1745 0.1187 15
2.3301 -0.1805 0.2045 3
1.9982 -0.1562 -0.1754 11
2.0509 -0.161 -0.1078 18
2.1151 -0.1668 -0.037 17
2.1926 -0.1764 0.0384 17
2.2536 -0.1821 0.1185 16
2.3374 -0.1893 0.2052 3
2.0036 -0.1637 -0.1759 12
2.0383 -0.1672 -0.1072 18
2.1145 -0.1742 -0.037 16
2.19 -0.1839 0.0384 17
2.2449 -0.1893 0.1181 15
2.3387 -0.1976 0.2053 3
2.011 -0.1713 -0.1766 12
2.0557 -0.1759 -0.1081 16
2.1139 -0.1816 -0.037 16
2.2013 -0.1926 0.0386 17
2.2403 -0.1968 0.1179 15
2.3459 -0.2065 0.206 3
2.0104 -0.1784 -0.1766 13
2.0491 -0.1825 -0.1078 18
2.1033 -0.1881 -0.0369 17
2.1966 -0.1999 0.0385 17
2.2516 -0.2053 0.1185 15
1.9998 -0.1845 -0.1757 13
2.0524 -0.19 -0.108 18
2.1146 -0.1962 -0.0371 17
2.18 -0.2057 0.0382 17
2.2468 -0.2128 0.1183 16
2.3365 -0.2221 0.2053 3
1.9952 -0.1911 -0.1754 13
2.0478 -0.1965 -0.1078 18
2.1099 -0.2032 -0.037 16
2.1872 -0.2141 0.0384 17
2.2481 -0.2204 0.1184 15
2.3258 -0.2289 0.2045 3
2.0005 -0.1983 -0.1759 15
2.0471 -0.2036 -0.1078 17
2.1132 -0.2106 -0.0371 17
2.1885 -0.2215 0.0384 17
2.2414 -0.2277 0.1181 15
2.3409 -0.2386 0.2059 3
2.0038 -0.2057 -0.1762 11
2.0464 -0.2104 -0.1078 18
2.1145 -0.2181 -0.0371 16
2.1936 -0.2302 0.0385 17
2.2426 -0.2357 0.1182 16
2.342 -0.247 0.206 3
2.009 -0.2133 -0.1768 13
2.0416 -0.2175 -0.1076 18
2.0998 -0.224 -0.0369 16
2.1889 -0.237 0.0384 17
2.2477 -0.2442 0.1185 15
2.3273 -0.2536 0.2048 3
1.9904 -0.2183 -0.1752 13
2.0588 -0.2262 -0.1085 16
2.1109 -0.2327 -0.0371 16
2.1841 -0.2442 0.0384 17
2.2508 -0.2525 0.1187 15
2.3343 -0.2623 0.2055 3
2.0055 -0.2271 -0.1766 15
2.052 -0.2327 -0.1082 18
2.114 -0.2405 -0.0371 16
2.1852 -0.2521 0.0384 17
2.2578 -0.2612 0.1191 15
2.3235 -0.2697 0.2046 2
1.9829 -0.2315 -0.1747 11
2.0373 -0.2386 -0.1075 18
2.1152 -0.2481 -0.0372 16
2.1902 -0.2608 0.0385 17
2.2489 -0.2686 0.1187 15
2.3304 -0.2787 0.2053 2
2.0157 -0.2425 -0.1776 13
2.0503 -0.2474 -0.1082 18
2.1162 -0.2561 -0.0372 16
2.1932 -0.2689 0.0386 17
2.244 -0.2759 0.1185 15
2.005 -0.2483 -0.1768 13
2.0534 -0.255 -0.1084 17
2.1034 -0.262 -0.037 17
2.1982 -0.2773 0.0387 17
1.9903 -0.2535 -0.1755 12
2.0545 -0.2625 -0.1085 18
2.1065 -0.2698 -0.0371 17
1.9894 -0.2605 -0.1755 8
2.0516 -0.2694 -0.1084 18
2.1055 -0.2772 -0.0371 15
1.9904 -0.2677 -0.1757 3
2.0447 -0.2757 -0.1081 16
1.9579 -0.2699 -0.1729 2
1.9669 -0.2778 -0.1738 2
