2.5614 0.216 -0.1347 1
2.5283 0.2043 -0.1329 12
2.5349 0.1959 -0.1332 16
2.6298 0.2024 -0.046 15
2.6999 0.2035 0.0473 14
2.7684 0.2077 0.1455 8
2.5316 0.1868 -0.133 17
2.6265 0.1929 -0.046 18
2.7106 0.1948 0.0474 15
2.791 0.1996 0.1466 15
2.5363 0.1782 -0.1332 17
2.5913 0.1812 -0.0453 14
2.7113 0.1853 0.0474 15
2.7837 0.1898 0.1462 15
2.5448 0.1699 -0.1337 17
2.6058 0.1735 -0.0456 15
2.7039 0.1758 0.0473 15
2.7883 0.1803 0.1464 15
2.5414 0.1612 -0.1335 17
2.6024 0.1642 -0.0455 15
2.7085 0.1666 0.0474 15
2.7809 0.1706 0.146 14
2.526 0.1514 -0.1326 17
2.6189 0.1565 -0.0458 15
2.709 0.1576 0.0474 15
2.7815 0.1609 0.146 14
2.5384 0.1437 -0.1332 18
2.6035 0.1465 -0.0455 15
2.7115 0.1483 0.0474 16
2.7761 0.1508 0.1457 15
2.5389 0.1348 -0.1332 17
2.602 0.1373 -0.0455 14
2.706 0.1385 0.0473 16
2.7766 0.1411 0.1457 15
2.5334 0.1252 -0.1329 18
2.5945 0.1278 -0.0453 15
2.7065 0.1286 0.0473 16
2.7891 0.1315 0.1463 15
2.5358 0.1165 -0.133 18
2.6009 0.1186 -0.0454 15
2.707 0.1191 0.0473 15
2.7815 0.1214 0.1459 15
2.5243 0.1071 -0.1324 18
2.6013 0.1095 -0.0454 15
2.7074 0.1097 0.0473 15
2.7779 0.1121 0.1457 15
2.5286 0.0985 -0.1326 17
2.6076 0.1011 -0.0456 14
2.7077 0.1007 0.0473 16
2.7703 0.1026 0.1453 15
2.5329 0.0902 -0.1328 18
2.604 0.0923 -0.0455 14
2.704 0.0916 0.0472 16
2.7686 0.0928 0.1452 15
2.5452 0.0822 -0.1335 17
2.5983 0.083 -0.0454 15
2.6963 0.0819 0.0471 16
2.7889 0.0837 0.1462 15
2.5335 0.073 -0.1328 18
2.5986 0.0739 -0.0454 15
2.7006 0.0726 0.0472 15
2.7832 0.0739 0.1459 15
2.5317 0.0641 -0.1327 18
2.6048 0.065 -0.0455 16
2.7088 0.0634 0.0473 16
2.7615 0.0636 0.1448 14
2.5359 0.0553 -0.1329 18
2.597 0.0558 -0.0453 15
2.713 0.054 0.0474 15
2.7697 0.0541 0.1452 14
2.5381 0.0465 -0.133 16
2.5972 0.0467 -0.0453 16
2.7032 0.0444 0.0472 16
2.7698 0.0445 0.1452 14
2.5422 0.0377 -0.1332 17
2.5993 0.0377 -0.0454 15
2.7014 0.0349 0.0472 15
2.786 0.035 0.146 15
2.5384 0.0288 -0.133 17
2.6054 0.0286 -0.0455 16
2.6995 0.0254 0.0471 16
2.7841 0.0253 0.1459 15
2.5364 0.0199 -0.1329 18
2.6055 0.0196 -0.0455 16
2.7015 0.016 0.0472 15
2.7682 0.0155 0.1451 15
2.5305 0.011 -0.1326 18
2.6056 0.0105 -0.0455 16
2.7096 0.0066 0.0473 15
2.7762 0.0058 0.1455 15
2.5345 0.0022 -0.1328 17
2.5916 0.0014 -0.0452 15
2.7016 -0.0024 0.0472 16
2.7722 -0.0034 0.1453 15
2.5405 -0.0062 -0.1331 18
2.5956 -0.0072 -0.0453 15
2.6996 -0.0118 0.0471 16
2.7802 -0.0131 0.1457 15
2.5345 -0.0155 -0.1328 18
2.6056 -0.0164 -0.0455 16
2.6935 -0.0216 0.047 16
2.7761 -0.0228 0.1455 15
2.5264 -0.0243 -0.1324 18
2.6035 -0.0254 -0.0454 15
2.7014 -0.0306 0.0472 16
2.764 -0.0323 0.1449 15
2.5303 -0.0327 -0.1326 18
2.6114 -0.0346 -0.0456 16
2.7013 -0.0401 0.0472 16
2.7619 -0.0419 0.1448 15
2.5302 -0.0415 -0.1326 18
2.5832 -0.0433 -0.0451 15
2.7011 -0.0495 0.0472 16
2.7677 -0.0517 0.1451 15
2.536 -0.0505 -0.1329 18
2.6011 -0.0527 -0.0454 16
2.6969 -0.0588 0.0471 16
2.7835 -0.0612 0.1459 15
2.5298 -0.0592 -0.1326 18
2.5949 -0.0612 -0.0453 15
2.6887 -0.0676 0.0469 16
2.7713 -0.0701 0.1453 15
2.5256 -0.0675 -0.1324 18
2.6007 -0.0699 -0.0454 16
2.6965 -0.0767 0.0471 16
2.7591 -0.0795 0.1447 15
2.5254 -0.0758 -0.1324 18
2.6004 -0.079 -0.0454 16
2.7082 -0.0865 0.0473 15
2.7668 -0.0894 0.1451 15
2.5291 -0.0848 -0.1326 18
2.5881 -0.0877 -0.0452 16
2.7039 -0.0958 0.0472 15
2.7684 -0.0991 0.1452 14
2.5368 -0.0939 -0.133 18
2.5958 -0.097 -0.0453 16
2.6955 -0.105 0.0471 16
2.778 -0.1091 0.1457 16
2.5324 -0.1026 -0.1328 18
2.5934 -0.106 -0.0453 16
2.6972 -0.1145 0.0471 16
2.7697 -0.118 0.1453 15
2.5281 -0.1113 -0.1326 18
2.6031 -0.115 -0.0455 16
2.6988 -0.1235 0.0472 15
2.7613 -0.1273 0.1449 15
2.5317 -0.1198 -0.1328 18
2.5967 -0.1238 -0.0454 15
2.6983 -0.1329 0.0472 16
2.7728 -0.1376 0.1455 15
2.5313 -0.1287 -0.1328 18
2.5962 -0.1329 -0.0454 15
2.6998 -0.1424 0.0472 16
2.7663 -0.1469 0.1452 14
2.5388 -0.1379 -0.1332 17
2.5877 -0.1415 -0.0452 15
2.6913 -0.1514 0.0471 16
2.7877 -0.1578 0.1463 15
2.5303 -0.1463 -0.1328 18
2.5972 -0.1511 -0.0454 16
2.6968 -0.1612 0.0472 15
2.7752 -0.1668 0.1457 15
2.5258 -0.1549 -0.1326 17
2.6027 -0.1606 -0.0455 15
2.7002 -0.1708 0.0472 16
2.7666 -0.1755 0.1453 15
2.5272 -0.1639 -0.1327 17
2.6001 -0.1691 -0.0455 16
2.6976 -0.1796 0.0472 16
2.77 -0.1854 0.1455 15
2.5287 -0.1724 -0.1328 18
2.5895 -0.1774 -0.0453 15
2.703 -0.1895 0.0473 15
2.7793 -0.1958 0.146 16
2.532 -0.1815 -0.133 18
2.5889 -0.1865 -0.0453 15
2.6923 -0.1982 0.0471 16
2.7726 -0.2051 0.1457 15
2.5354 -0.1906 -0.1332 18
2.5982 -0.1963 -0.0455 16
2.6976 -0.208 0.0472 16
2.7798 -0.2154 0.1461 15
2.5227 -0.1985 -0.1326 18
2.5995 -0.2055 -0.0455 15
2.7008 -0.2178 0.0473 15
2.7631 -0.2238 0.1453 15
2.526 -0.2077 -0.1328 18
2.6047 -0.2151 -0.0456 16
2.6981 -0.227 0.0473 16
2.7663 -0.2338 0.1455 15
2.5332 -0.2172 -0.1332 17
2.588 -0.2228 -0.0453 16
2.6992 -0.2366 0.0473 16
2.7655 -0.2434 0.1455 16
2.5404 -0.2267 -0.1337 18
2.5892 -0.232 -0.0454 15
2.6964 -0.2459 0.0473 16
2.7726 -0.2538 0.1459 15
2.5297 -0.2347 -0.1331 18
2.5984 -0.242 -0.0456 16
2.6955 -0.2553 0.0473 16
2.7757 -0.2638 0.1461 15
2.5268 -0.2433 -0.133 18
2.6035 -0.2516 -0.0457 16
2.6946 -0.2647 0.0473 16
2.7589 -0.2715 0.1453 15
2.524 -0.2519 -0.1329 18
2.5947 -0.2594 -0.0455 15
2.7037 -0.2746 0.0474 16
2.7559 -0.2809 0.1452 14
2.5331 -0.2613 -0.1335 18
2.5937 -0.2685 -0.0455 16
2.7027 -0.2841 0.0474 15
2.5401 -0.271 -0.1339 17
2.5948 -0.2778 -0.0456 16
2.5312 -0.279 -0.1335 17
2.5938 -0.2868 -0.0456 14
2.5143 -0.286 -0.1326 15
