2.0978 0.0887 0.0367 17
2.0853 0.0874 0.1094 17
2.1141 0.0882 0.1851 18
2.0945 0.0867 0.2574 17
2.1119 0.0867 0.3348 7
2.0823 0.0855 -0.1823 7
2.0934 0.0852 -0.1098 17
2.094 0.0845 -0.0366 19
2.0961 0.0813 0.0366 18
2.0896 0.0803 0.1096 17
2.1104 0.0807 0.1848 18
2.0868 0.0791 0.2564 18
2.1023 0.0789 0.3332 10
2.0885 0.0784 -0.1829 7
2.0957 0.0779 -0.1099 19
2.0843 0.0768 -0.0364 20
2.0884 0.0737 0.0365 18
2.0779 0.0729 0.109 17
2.0828 0.0724 0.1823 18
2.095 0.0721 0.2574 17
2.0986 0.0718 0.3326 11
2.0749 0.0706 -0.1816 8
2.086 0.0703 -0.1094 17
2.0765 0.0696 -0.0363 18
2.0766 0.0663 0.0363 18
2.0741 0.0655 0.1088 17
2.087 0.0652 0.1827 18
2.0833 0.0647 0.2559 18
2.085 0.0641 0.3304 14
2.0671 0.0632 -0.1809 8
2.0782 0.0631 -0.109 18
2.0827 0.0625 -0.0364 21
2.0728 0.059 0.0362 18
2.0703 0.0586 0.1085 17
2.0792 0.0581 0.182 18
2.0637 0.0569 0.2535 18
2.0813 0.057 0.3298 17
2.0793 0.0566 -0.182 8
2.0704 0.0557 -0.1085 18
2.0809 0.0556 -0.0363 21
2.069 0.052 0.0361 18
2.0545 0.0509 0.1077 19
2.0834 0.0509 0.1823 20
2.0718 0.0503 0.2545 17
2.0775 0.0497 0.3291 18
2.0715 0.0492 -0.1813 8
2.0626 0.0486 -0.1081 18
2.0691 0.048 -0.0361 20
2.0652 0.0447 0.0361 18
2.0467 0.0436 0.1073 18
2.0637 0.0436 0.1806 18
2.0641 0.0429 0.2535 17
2.052 0.0419 0.3251 18
2.0677 0.0419 -0.1809 8
2.0667 0.0415 -0.1083 17
2.0573 0.0406 -0.0359 21
2.0573 0.0373 0.0359 18
2.0469 0.0364 0.1073 17
2.0558 0.0359 0.1799 18
2.0602 0.0356 0.253 17
2.0482 0.0347 0.3244 18
2.0479 0.0343 -0.1792 8
2.0589 0.0338 -0.1079 19
2.0554 0.0334 -0.0359 22
2.0515 0.0297 0.0358 19
2.049 0.0293 0.1074 18
2.0559 0.0287 0.1799 18
2.0564 0.028 0.2525 18
2.0542 0.0276 0.3254 18
2.052 0.0272 -0.1795 10
2.047 0.0264 -0.1073 17
2.0535 0.0262 -0.0358 21
2.0436 0.0228 0.0357 19
2.0351 0.022 0.1067 17
2.0481 0.0214 0.1792 19
2.0426 0.021 0.2508 19
2.0464 0.0204 0.3241 18
2.0441 0.02 -0.1788 14
2.0311 0.0195 -0.1065 18
2.0456 0.0189 -0.0357 21
2.0396 0.0157 0.0356 20
2.0252 0.0148 0.1061 20
2.0521 0.0147 0.1795 18
2.0367 0.0139 0.2501 18
2.0385 0.0132 0.3229 19
2.0422 0.0132 -0.1787 15
2.0352 0.0124 -0.1067 18
2.0377 0.0117 -0.0356 21
2.0377 0.0085 0.0356 21
2.0112 0.0077 0.1054 19
2.0362 0.0075 0.1781 18
2.0327 0.0067 0.2496 18
2.0208 0.006 0.3201 18
2.0282 0.006 -0.1774 14
2.0272 0.0053 -0.1062 18
2.0257 0.0046 -0.0354 21
2.0237 0.0014 0.0353 20
2.0172 0.0007 0.1057 18
2.0243 0.0004 0.1771 18
2.0327 -0.0004 0.2496 18
2.0169 -0.0011 0.3194 18
2.0203 -0.0011 -0.1768 18
2.0312 -0.0018 -0.1065 18
2.0197 -0.0025 -0.0353 22
2.0157 -0.0056 0.0352 21
2.0152 -0.0063 0.1056 19
2.0143 -0.0067 0.1762 17
2.0248 -0.0074 0.2486 18
2.0129 -0.0081 0.3188 19
2.0243 -0.0081 -0.1771 18
2.0232 -0.0088 -0.106 19
2.0137 -0.0095 -0.0351 21
2.0117 -0.0126 0.0351 24
2.0032 -0.0133 0.105 19
2.0163 -0.0137 0.1764 19
2.0069 -0.0144 0.2464 21
2.0227 -0.0152 0.3204 18
2.0123 -0.0151 -0.1761 15
2.0072 -0.0158 -0.1052 18
2.0276 -0.0166 -0.0354 24
2.0016 -0.0196 0.0349 22
1.9972 -0.0202 0.1047 20
2.0122 -0.0207 0.1761 18
2.0028 -0.0213 0.2459 19
2.0108 -0.0221 0.3185 18
2.0142 -0.0221 -0.1762 17
2.0031 -0.0227 -0.105 18
2.0016 -0.0234 -0.0349 19
1.9995 -0.0265 0.0349 21
1.9831 -0.0267 0.1039 21
2.0081 -0.0277 0.1757 18
1.9968 -0.0282 0.2452 18
1.993 -0.0285 0.3157 18
2.0201 -0.0293 -0.1768 18
2.003 -0.0297 -0.105 18
1.9875 -0.0298 -0.0347 24
1.9914 -0.033 0.0348 21
1.979 -0.0335 0.1037 21
1.9921 -0.0344 0.1743 18
2.0046 -0.035 0.2462 18
1.9869 -0.0354 0.3147 18
1.9921 -0.0358 -0.1743 19
1.9989 -0.0363 -0.1048 18
1.9814 -0.0367 -0.0346 18
1.9793 -0.0397 0.0346 20
1.9809 -0.0405 0.1038 20
1.992 -0.041 0.1743 18
1.9906 -0.0417 0.2445 20
1.9868 -0.0423 0.3147 18
1.986 -0.0423 -0.1738 18
1.9908 -0.0431 -0.1044 19
1.9832 -0.0436 -0.0346 21
1.9791 -0.0466 0.0346 21
1.9807 -0.0474 0.1038 20
1.9878 -0.0479 0.174 18
1.9825 -0.0485 0.2435 19
1.9906 -0.0493 0.3154 18
1.9778 -0.049 -0.1731 21
1.9807 -0.0498 -0.1038 20
1.9891 -0.0507 -0.0347 23
1.977 -0.0535 0.0345 21
1.9586 -0.0537 0.1027 19
1.9876 -0.0548 0.174 18
1.9665 -0.0549 0.2415 21
1.9785 -0.056 0.3135 18
1.9777 -0.0559 -0.1731 18
1.9765 -0.0566 -0.1036 19
1.9669 -0.057 -0.0343 18
1.9708 -0.0602 0.0344 23
1.9484 -0.0602 0.1022 18
1.9795 -0.0615 0.1733 18
1.9682 -0.0619 0.2418 23
1.9645 -0.0624 0.3113 21
1.9735 -0.0627 -0.1727 18
1.9763 -0.0635 -0.1036 19
1.9547 -0.0635 -0.0341 21
1.9646 -0.0669 0.0343 21
1.9542 -0.0669 0.1025 21
1.9633 -0.0679 0.1719 20
1.97 -0.0688 0.242 20
1.9603 -0.0688 0.3107 20
1.9613 -0.0692 -0.1717 19
1.968 -0.0701 -0.1032 20
1.9485 -0.0697 -0.034 21
1.9523 -0.073 0.0341 22
1.9579 -0.0738 0.1027 19
1.9611 -0.0747 0.1717 19
1.9579 -0.0749 0.2406 21
1.968 -0.0759 0.3119 19
1.959 -0.0759 -0.1715 24
1.9638 -0.0765 -0.103 20
1.9522 -0.0767 -0.0341 20
1.9481 -0.0796 0.034 21
1.9457 -0.0802 0.1021 19
1.9628 -0.0812 0.1719 19
1.9377 -0.0809 0.2381 21
1.9638 -0.0826 0.3113 20
1.9528 -0.0822 -0.171 27
1.9476 -0.0826 -0.1022 21
1.9499 -0.0834 -0.0341 21
1.9418 -0.0861 0.0339 20
1.9394 -0.0867 0.1017 22
1.9585 -0.0879 0.1715 20
1.9454 -0.088 0.2391 20
1.9556 -0.0891 0.3101 20
1.9525 -0.089 -0.171 27
1.9473 -0.0894 -0.1022 19
1.9376 -0.0897 -0.0339 21
1.9435 -0.093 0.034 22
1.9311 -0.0931 0.1013 22
1.9542 -0.0946 0.1712 20
1.9371 -0.0944 0.2381 21
1.9355 -0.095 0.3069 21
1.9502 -0.0957 -0.1708 24
1.941 -0.0959 -0.1018 22
1.9273 -0.0959 -0.0337 22
1.9372 -0.0995 0.0339 20
1.9308 -0.0998 0.1013 20
1.94 -0.1007 0.17 21
1.9328 -0.101 0.2376 19
1.9391 -0.102 0.3076 20
1.9379 -0.1019 -0.1698 24
1.9426 -0.1028 -0.102 22
1.925 -0.1026 -0.0336 21
1.9248 -0.1056 0.0336 20
1.9165 -0.1055 0.1006 19
1.9297 -0.1069 0.1691 22
1.9245 -0.1073 0.2367 19
1.9368 -0.1083 0.3072 21
1.9296 -0.1082 -0.1691 25
1.9323 -0.109 -0.1014 22
1.9206 -0.1087 -0.0336 23
1.9225 -0.1119 0.0336 22
1.9101 -0.1118 0.1003 20
1.9352 -0.114 0.1696 22
1.9083 -0.1127 0.2347 22
1.9265 -0.1145 0.3057 20
1.9292 -0.115 -0.1691 25
1.9159 -0.1145 -0.1006 22
1.9143 -0.1151 -0.0335 22
1.9221 -0.1186 0.0336 22
1.9037 -0.1178 0.1 19
1.9269 -0.1199 0.1689 21
1.9119 -0.1196 0.2352 19
1.9242 -0.1207 0.3054 22
1.9348 -0.1217 -0.1696 26
1.9155 -0.1212 -0.1006 22
1.9119 -0.1213 -0.0334 23
1.9177 -0.1247 0.0335 21
1.8993 -0.1242 0.0998 19
1.9205 -0.1262 0.1684 20
1.9075 -0.1257 0.2347 22
1.91 -0.1265 0.3032 21
1.9204 -0.1276 -0.1684 24
1.9171 -0.1277 -0.1007 21
1.8915 -0.1266 -0.0331 23
1.9172 -0.1314 0.0335 21
1.8909 -0.1302 0.0993 18
1.9121 -0.132 0.1677 22
1.9031 -0.1321 0.2342 20
1.9095 -0.1332 0.3032 23
1.914 -0.1338 -0.1679 26
1.9087 -0.1341 -0.1003 22
1.897 -0.1336 -0.0332 23
1.9048 -0.1375 0.0333 22
1.9004 -0.1379 0.0999 20
1.9037 -0.1385 0.167 22
1.8986 -0.1388 0.2337 20
1.8991 -0.1395 0.3016 23
1.9055 -0.1403 -0.1672 27
1.9062 -0.141 -0.1002 22
1.8985 -0.1407 -0.0332 23
1.9042 -0.1445 0.0333 21
1.8919 -0.1439 0.0994 20
1.9051 -0.1456 0.1672 22
1.8882 -0.145 0.2325 19
1.9026 -0.1464 0.3022 23
1.909 -0.1472 -0.1675 26
1.8897 -0.1464 -0.0993 23
1.896 -0.1472 -0.0332 23
1.8938 -0.15 0.0332 23
1.8735 -0.1491 0.0985 19
1.8967 -0.1516 0.1665 21
1.8778 -0.1504 0.2313 22
1.8962 -0.1526 0.3013 20
1.9065 -0.1537 -0.1673 25
1.8853 -0.1523 -0.0991 22
1.8895 -0.1534 -0.0331 23
1.8992 -0.1571 0.0333 22
1.873 -0.1553 0.0985 19
1.9061 -0.1587 0.1673 24
1.8852 -0.1576 0.2323 19
1.8799 -0.1575 0.2988 23
1.898 -0.1594 -0.1666 24
1.8867 -0.1591 -0.0992 20
1.881 -0.1589 -0.033 24
1.8967 -0.1633 0.0332 23
1.8764 -0.1622 0.0987 19
1.8738 -0.1626 0.1646 21
1.8847 -0.1639 0.2323 21
1.8715 -0.1634 0.2975 21
1.8836 -0.1648 -0.1654 27
1.8782 -0.1647 -0.0988 21
1.8745 -0.165 -0.0328 25
1.8762 -0.1684 0.0329 24
1.8719 -0.1684 0.0985 19
1.8851 -0.1702 0.1656 24
1.8683 -0.1694 0.2303 19
1.8768 -0.1705 0.2985 22
1.879 -0.171 -0.1651 29
1.8796 -0.1717 -0.0989 22
1.8699 -0.1712 -0.0328 23
1.8676 -0.1739 0.0327 25
1.8653 -0.1744 0.0982 20
1.8726 -0.1757 0.1646 23
1.8598 -0.1748 0.2294 21
1.8762 -0.177 0.2985 22
1.8745 -0.1772 -0.1647 29
1.8671 -0.1768 -0.0983 22
1.8613 -0.1769 -0.0326 23
1.875 -0.1812 0.0329 25
1.8508 -0.1792 0.0974 21
1.874 -0.1821 0.1647 23
1.8592 -0.1813 0.2294 19
1.8677 -0.1825 0.2972 23
1.8818 -0.1842 -0.1654 26
1.8565 -0.1824 -0.0978 22
1.8567 -0.1827 -0.0326 26
1.8724 -0.1872 0.0328 26
1.8581 -0.1864 0.0979 21
1.8634 -0.1876 0.1639 21
1.8526 -0.1869 0.2286 19
1.8533 -0.1876 0.295 21
1.8772 -0.1903 -0.1651 26
1.8599 -0.1889 -0.098 21
1.8462 -0.1882 -0.0324 28
1.8657 -0.1931 0.0327 25
1.8475 -0.1919 0.0973 22
1.8568 -0.1932 0.1633 22
1.8579 -0.194 0.2294 19
1.8507 -0.1939 0.2947 21
1.8606 -0.1952 -0.1637 26
1.8652 -0.196 -0.0983 23
1.8395 -0.194 -0.0323 26
1.8511 -0.1982 0.0325 27
1.8488 -0.1986 0.0974 21
1.8561 -0.2 0.1633 23
1.8532 -0.2 0.2289 19
1.848 -0.2001 0.2944 23
1.856 -0.2013 -0.1633 28
1.8466 -0.2009 -0.0973 22
1.8388 -0.2004 -0.0323 27
1.8544 -0.2054 0.0326 26
1.8401 -0.2045 0.097 21
1.8534 -0.2063 0.1632 22
1.8407 -0.2055 0.2274 20
1.8453 -0.2067 0.2941 22
1.8513 -0.2073 -0.163 26
1.8359 -0.2063 -0.0968 24
1.8341 -0.2067 -0.0322 26
1.8437 -0.2107 0.0324 25
1.8315 -0.21 0.0966 21
1.8547 -0.213 0.1633 23
1.836 -0.2115 0.2269 20
1.8367 -0.2122 0.2928 22
1.8506 -0.2138 -0.163 27
1.8372 -0.2129 -0.0969 24
1.8373 -0.2136 -0.0323 26
1.8469 -0.2176 0.0325 25
1.8228 -0.2151 0.0962 21
1.844 -0.2183 0.1625 22
1.8392 -0.2183 0.2274 20
1.8243 -0.2169 0.291 25
1.8459 -0.2198 -0.1626 29
1.8324 -0.2188 -0.0967 23
1.8088 -0.2163 -0.0318 27
1.8422 -0.2233 0.0324 24
1.8241 -0.2217 0.0963 22
1.8255 -0.2225 0.1609 21
1.8345 -0.2239 0.2269 20
1.8333 -0.2244 0.2925 21
1.8293 -0.2243 -0.1612 29
1.8337 -0.2251 -0.0968 28
1.814 -0.2234 -0.0319 28
1.8315 -0.2285 0.0322 27
1.8272 -0.2286 0.0965 22
1.8247 -0.2286 0.1609 22
1.8298 -0.2299 0.2264 19
1.8188 -0.2291 0.2903 22
1.8325 -0.2308 -0.1616 26
1.8349 -0.2318 -0.0969 22
1.8192 -0.2305 -0.032 31
1.8208 -0.2336 0.032 34
1.8185 -0.2339 0.0961 22
1.8259 -0.2352 0.1611 19
1.8171 -0.2347 0.225 14
1.8297 -0.237 0.2922 13
1.8257 -0.2365 -0.1611 25
1.8143 -0.2356 -0.0959 23
1.8144 -0.2363 -0.0319 26
1.812 -0.2389 0.0319 16
1.8348 -0.2442 -0.1619 13
1.8114 -0.2417 -0.0958 5
1.8175 -0.2432 -0.032 8
