0.6102 0.2293 -0.1032 5
0.5925 0.2203 -0.1001 5
0.601 0.2233 -0.0787 6
0.5785 0.2131 -0.1198 12
0.5932 0.2183 -0.1001 11
0.6018 0.2212 -0.0787 6
0.5792 0.2107 -0.0976 11
0.6026 0.2191 -0.0787 6
0.5615 0.2023 -0.116 13
0.5836 0.21 -0.0982 11
0.581 0.2088 -0.0758 7
0.577 0.2056 -0.1191 12
0.5881 0.2094 -0.0989 11
0.6041 0.2149 -0.0787 6
0.5666 0.1997 -0.1168 13
0.5813 0.2047 -0.0976 11
0.5936 0.2088 -0.0773 7
0.5673 0.1978 -0.1168 13
0.5708 0.1988 -0.0957 12
0.6037 0.21 -0.0785 6
0.621 0.2159 -0.0575 7
0.5754 0.1983 -0.1183 12
0.5827 0.2007 -0.0976 11
0.5969 0.2053 -0.0775 14
0.6105 0.2098 -0.0565 7
0.6498 0.2231 -0.036 7
0.5835 0.1989 -0.1198 12
0.5797 0.1973 -0.097 12
0.6052 0.2058 -0.0785 13
0.6112 0.2077 -0.0565 7
0.6733 0.2286 -0.0373 6
0.5693 0.1918 -0.1168 13
0.5879 0.1978 -0.0982 11
0.5795 0.1948 -0.0751 14
0.6384 0.2145 -0.0589 7
0.6665 0.2237 -0.0368 6
0.596 0.1984 -0.0995 11
0.6066 0.2017 -0.0785 13
0.6391 0.2122 -0.0589 7
0.654 0.217 -0.0361 7
0.5817 0.1914 -0.097 12
0.5959 0.1958 -0.077 14
0.6057 0.1989 -0.0558 7
0.6661 0.2185 -0.0367 6
0.6651 0.2179 -0.0122 6
0.5711 0.1857 -0.0951 12
0.6004 0.195 -0.0775 14
0.6083 0.1974 -0.056 7
0.6479 0.21 -0.0357 7
0.6487 0.21 -0.0119 6
0.5869 0.1888 -0.1198 12
0.583 0.1873 -0.097 12
0.5973 0.1917 -0.077 14
0.6299 0.202 -0.0579 7
0.6619 0.212 -0.0364 7
0.6495 0.2078 -0.0119 6
0.7108 0.2262 0.013 4
0.5761 0.1829 -0.0957 12
0.5942 0.1884 -0.0765 14
0.6458 0.2046 -0.0593 7
0.6779 0.2145 -0.0373 6
0.6578 0.2079 -0.012 6
0.7039 0.2213 0.0129 4
0.5694 0.1788 -0.116 13
0.5843 0.1832 -0.097 12
0.61 0.191 -0.0785 13
0.6047 0.1893 -0.0554 7
0.6596 0.2062 -0.0362 7
0.6375 0.1992 -0.0117 6
0.7008 0.2178 0.0128 4
0.7363 0.2285 0.0404 3
0.5738 0.1779 -0.1168 13
0.5849 0.1813 -0.097 12
0.603 0.1867 -0.0775 14
0.6224 0.1924 -0.057 7
0.6545 0.2022 -0.0359 7
0.6592 0.2034 -0.012 6
0.6939 0.213 0.0127 4
0.7333 0.2247 0.0402 3
0.5591 0.1711 -0.0926 12
0.5923 0.1811 -0.076 14
0.6231 0.1904 -0.057 7
0.6648 0.2029 -0.0364 7
0.6484 0.1976 -0.0118 6
0.6851 0.2076 0.0125 5
0.6882 0.2083 0.0377 8
0.5788 0.1752 -0.1175 13
0.5786 0.1749 -0.0957 12
0.6043 0.1825 -0.0775 14
0.6276 0.1893 -0.0573 7
0.6464 0.1948 -0.0354 7
0.6625 0.1994 -0.0121 6
0.6858 0.2052 0.0125 5
0.6985 0.2088 0.0382 7
0.5868 0.1752 -0.097 12
0.5935 0.1769 -0.076 7
0.6244 0.186 -0.057 7
0.6662 0.1982 -0.0364 7
0.6402 0.1903 -0.0117 6
0.7096 0.2096 0.0129 9
0.7011 0.2069 0.0383 7
0.5837 0.1722 -0.1183 12
0.7568 0.2232 0.069 3
0.5836 0.172 -0.0964 12
0.6132 0.1805 -0.0785 6
0.6212 0.1827 -0.0567 7
0.6554 0.1925 -0.0358 7
0.6275 0.1841 -0.0114 6
0.7065 0.206 0.0128 4
0.6922 0.2016 0.0378 8
0.5806 0.1691 -0.1175 13
0.7442 0.2166 0.0678 6
0.5842 0.1699 -0.0964 12
0.6062 0.1761 -0.0775 14
0.6027 0.175 -0.0549 8
0.6829 0.198 -0.0373 6
0.6281 0.1819 -0.0114 6
0.6783 0.1953 0.0123 5
0.7006 0.2014 0.0382 7
0.5774 0.166 -0.1168 13
0.7449 0.214 0.0678 6
0.5772 0.1657 -0.0951 12
0.7919 0.2272 0.1012 4
0.5915 0.1696 -0.0756 14
0.634 0.1817 -0.0577 7
0.6759 0.1934 -0.0368 6
0.6441 0.1841 -0.0117 6
0.7175 0.2038 0.013 9
0.7205 0.2046 0.0393 7
0.7341 0.2082 0.0668 7
0.5892 0.1669 -0.097 12
0.7716 0.2185 0.0985 10
0.5768 0.1633 -0.0736 7
0.6173 0.1746 -0.0561 7
0.642 0.1813 -0.035 7
0.6582 0.1858 -0.0119 6
0.7008 0.1966 0.0127 4
0.7039 0.1973 0.0383 7
0.5785 0.1621 -0.1168 13
0.7425 0.2079 0.0675 7
0.5821 0.1629 -0.0957 12
0.7762 0.217 0.099 10
0.5965 0.1668 -0.076 14
0.6313 0.1763 -0.0573 7
0.658 0.1835 -0.0358 7
0.6607 0.1841 -0.012 6
0.713 0.1975 0.0129 4
0.6949 0.1922 0.0378 8
0.5639 0.1559 -0.1137 13
0.7547 0.2086 0.0685 6
0.5903 0.163 -0.097 12
0.7903 0.2181 0.1007 9
0.5894 0.1626 -0.0751 7
0.7922 0.2184 0.1302 3
0.6377 0.1757 -0.0579 7
0.6547 0.1801 -0.0356 7
0.6614 0.1818 -0.012 6
0.6906 0.1885 0.0125 5
0.6821 0.186 0.0371 8
0.591 0.161 -0.1191 12
0.7382 0.2011 0.0669 10
0.5985 0.1629 -0.0982 11
0.7796 0.2121 0.0992 10
0.5977 0.1625 -0.076 14
0.7949 0.216 0.1305 7
0.6018 0.1634 -0.0546 8
0.6747 0.1829 -0.0366 6
0.6331 0.1715 -0.0114 6
0.6971 0.1876 0.0126 9
0.7117 0.1914 0.0386 7
0.5574 0.1498 -0.1122 13
0.7428 0.1994 0.0673 10
0.5762 0.1546 -0.0945 12
0.7554 0.2026 0.096 10
0.5906 0.1582 -0.0751 7
0.8071 0.2163 0.1323 6
0.639 0.1711 -0.0579 7
0.6657 0.178 -0.0361 7
0.653 0.1745 -0.0118 6
0.7112 0.1888 0.0128 4
0.6911 0.1833 0.0375 8
0.7415 0.1963 0.0671 7
0.5652 0.1497 -0.0926 12
0.7619 0.2016 0.0968 10
0.618 0.1634 -0.0785 6
0.8002 0.2114 0.1311 7
0.6376 0.1684 -0.0577 7
0.8523 0.225 0.1713 2
0.6566 0.1732 -0.0356 7
0.6536 0.1722 -0.0118 6
0.6945 0.1818 0.0125 5
0.6918 0.1808 0.0375 8
0.5888 0.1539 -0.1183 12
0.746 0.1949 0.0675 7
0.5772 0.1507 -0.0945 12
0.7587 0.1979 0.0963 10
0.5993 0.1562 -0.076 7
0.801 0.2086 0.1311 7
0.6343 0.1652 -0.0573 7
0.8493 0.2211 0.1706 5
0.6649 0.173 -0.036 7
0.6445 0.1674 -0.0116 6
0.7067 0.1824 0.0127 4
0.6982 0.1799 0.0378 8
0.5703 0.147 -0.1145 13
0.7428 0.1913 0.0671 7
0.593 0.1526 -0.097 12
0.7575 0.1948 0.096 10
0.6268 0.161 -0.0795 13
0.7979 0.2049 0.1305 7
0.6465 0.166 -0.0584 7
0.85 0.2181 0.1706 7
0.6597 0.1691 -0.0357 7
0.6664 0.1706 -0.012 6
0.6957 0.177 0.0125 5
0.6969 0.1771 0.0377 8
0.5785 0.1469 -0.116 13
0.7319 0.1857 0.0661 7
0.5744 0.1457 -0.0939 12
0.7639 0.1936 0.0968 10
0.6196 0.1569 -0.0785 13
0.7985 0.2022 0.1305 7
0.6084 0.154 -0.0549 8
0.8242 0.2084 0.1652 8
0.6584 0.1664 -0.0356 7
0.6301 0.1591 -0.0113 6
0.6944 0.1742 0.0125 10
0.6936 0.1737 0.0375 8
0.5714 0.143 -0.1145 13
0.7345 0.1837 0.0662 10
0.5864 0.1466 -0.0957 12
0.7684 0.192 0.0973 10
0.6125 0.1529 -0.0775 7
0.8031 0.2004 0.1311 7
0.6438 0.1605 -0.058 7
0.8325 0.2076 0.1668 8
0.6725 0.1675 -0.0363 7
0.652 0.1622 -0.0117 6
0.7008 0.1732 0.0126 4
0.7155 0.1767 0.0386 7
0.5985 0.1477 -0.1198 12
0.7332 0.1808 0.0661 10
0.5869 0.1446 -0.0957 12
0.771 0.1898 0.0975 10
0.5976 0.147 -0.0756 14
0.8037 0.1977 0.1311 7
0.6404 0.1574 -0.0577 7
0.8256 0.2028 0.1652 8
0.6459 0.1585 -0.0349 7
0.639 0.1567 -0.0115 6
0.6936 0.169 0.0125 5
0.6909 0.168 0.0373 8
0.5952 0.1447 -0.1191 12
0.7531 0.1829 0.0678 6
0.5567 0.1352 -0.0907 13
0.7659 0.1858 0.0968 10
0.6135 0.1488 -0.0775 14
0.8044 0.1949 0.1311 7
0.61 0.1477 -0.0549 8
0.8377 0.2028 0.1675 8
0.6697 0.162 -0.0361 7
0.6512 0.1573 -0.0117 6
0.7195 0.1726 0.0129 4
0.7031 0.1684 0.0379 7
0.5728 0.1372 -0.1145 13
0.7421 0.1776 0.0668 7
0.5917 0.1415 -0.0964 12
0.7704 0.1841 0.0973 10
0.6024 0.1438 -0.076 14
0.7974 0.1903 0.1298 7
0.6163 0.1469 -0.0554 7
0.8422 0.2008 0.1683 7
0.6917 0.1648 -0.0373 6
0.6342 0.1509 -0.0114 6
0.6909 0.1632 0.0124 5
0.7076 0.1669 0.0381 7
0.5847 0.1378 -0.1168 13
0.7273 0.1712 0.0654 7
0.5922 0.1393 -0.0964 12
0.7826 0.1841 0.0987 10
0.599 0.1408 -0.0756 14
0.8019 0.1884 0.1305 7
0.6071 0.1425 -0.0546 8
0.8142 0.191 0.1626 9
0.6825 0.16 -0.0367 6
0.6386 0.1496 -0.0114 6
0.6954 0.1616 0.0125 5
0.7121 0.1653 0.0383 7
0.5852 0.1358 -0.1168 13
0.7317 0.1696 0.0657 7
0.5735 0.1328 -0.0932 12
0.7678 0.1777 0.0968 10
0.5918 0.1369 -0.0746 7
0.7987 0.1847 0.1298 7
0.5998 0.1386 -0.0539 8
0.8283 0.1912 0.1652 8
0.6636 0.1531 -0.0357 7
0.6469 0.1491 -0.0116 6
0.6842 0.1566 0.0123 5
0.701 0.1602 0.0377 8
0.5933 0.1355 -0.1183 12
0.7401 0.1688 0.0664 7
0.5855 0.1336 -0.0951 12
0.7568 0.1725 0.0953 11
0.5961 0.1358 -0.0751 7
0.7993 0.1819 0.1298 7
0.6314 0.1436 -0.0567 7
0.8251 0.1876 0.1645 8
0.6466 0.1469 -0.0348 7
0.6631 0.1504 -0.0119 6
0.6847 0.1542 0.0123 5
0.6937 0.156 0.0373 8
0.59 0.1326 -0.1175 13
0.7368 0.1655 0.0661 7
0.5821 0.1306 -0.0945 12
0.7845 0.1759 0.0987 10
0.5927 0.1328 -0.0746 14
0.7961 0.1782 0.1292 7
0.6183 0.1384 -0.0554 7
0.8258 0.1847 0.1645 8
0.6569 0.1468 -0.0353 7
0.648 0.1446 -0.0116 6
0.7068 0.1566 0.0126 4
0.6982 0.1544 0.0375 8
0.5827 0.1289 -0.116 13
0.7451 0.1646 0.0668 7
0.5825 0.1286 -0.0945 12
0.7696 0.1698 0.0968 10
0.6087 0.1342 -0.0765 14
0.7967 0.1755 0.1292 7
0.5915 0.1303 -0.053 8
0.8264 0.1818 0.1645 8
0.6574 0.1445 -0.0353 7
0.6328 0.1389 -0.0113 6
0.7112 0.1549 0.0127 4
0.6987 0.152 0.0375 8
0.5947 0.1293 -0.1183 12
0.7223 0.157 0.0647 7
0.5907 0.1283 -0.0957 12
0.7721 0.1675 0.097 10
0.6053 0.1312 -0.076 14
0.7935 0.1718 0.1286 7
0.6036 0.1307 -0.054 8
0.8309 0.1798 0.1652 8
0.6715 0.1452 -0.036 7
0.6411 0.1384 -0.0114 6
0.7 0.1499 0.0125 5
0.7031 0.1504 0.0377 8
0.5836 0.1248 -0.116 13
0.7384 0.1578 0.0661 7
0.5834 0.1245 -0.0945 12
0.7649 0.1631 0.096 10
0.6057 0.1291 -0.076 7
0.7979 0.1699 0.1292 7
0.6119 0.1303 -0.0547 8
0.818 0.174 0.1626 9
0.6642 0.1412 -0.0356 7
0.6631 0.1407 -0.0118 6
0.6947 0.1463 0.0124 5
0.6958 0.1463 0.0373 8
0.5994 0.126 -0.1191 12
0.739 0.1552 0.0661 7
0.5916 0.1241 -0.0957 12
0.7674 0.1609 0.0963 10
0.5984 0.1253 -0.0751 7
0.8063 0.1687 0.1305 7
0.6045 0.1265 -0.054 8
0.8283 0.1732 0.1645 8
0.6608 0.1381 -0.0354 7
0.6714 0.14 -0.012 6
0.6991 0.1446 0.0125 5
0.6846 0.1414 0.0366 8
0.5845 0.1207 -0.116 13
0.7434 0.1534 0.0664 7
0.5843 0.1205 -0.0945 12
0.7622 0.157 0.0955 11
0.5872 0.1209 -0.0736 7
0.7914 0.1627 0.128 7
0.6128 0.126 -0.0547 8
0.8269 0.1699 0.1641 9
0.6554 0.1345 -0.0351 7
0.6504 0.1333 -0.0116 6
0.6917 0.1407 0.0123 5
0.7007 0.1423 0.0375 8
0.5656 0.1149 -0.1122 13
0.7439 0.151 0.0664 7
0.5885 0.1193 -0.0951 12
0.7685 0.1557 0.0963 10
0.5954 0.1205 -0.0746 7
0.7919 0.1601 0.128 7
0.6034 0.122 -0.0539 8
0.8313 0.1679 0.1649 8
0.6735 0.1359 -0.036 7
0.6391 0.1287 -0.0114 6
0.6961 0.1391 0.0124 5
0.7012 0.1399 0.0375 8
0.5892 0.1175 -0.1168 13
0.721 0.1437 0.0643 7
0.5812 0.1157 -0.0939 12
0.7827 0.1557 0.098 10
0.6153 0.1223 -0.077 7
0.7963 0.1581 0.1286 7
0.6117 0.1214 -0.0546 8
0.8223 0.1631 0.163 9
0.6681 0.1324 -0.0357 7
0.6434 0.1273 -0.0114 6
0.7143 0.1401 0.0127 4
0.6978 0.1366 0.0373 8
0.5857 0.1147 -0.116 13
0.7332 0.1435 0.0654 7
0.5855 0.1144 -0.0945 12
0.7637 0.1491 0.0955 11
0.6079 0.1186 -0.076 7
0.8085 0.1576 0.1305 7
0.6141 0.1197 -0.0547 8
0.8171 0.1591 0.1618 9
0.6607 0.1285 -0.0353 7
0.6439 0.125 -0.0114 6
0.701 0.135 0.0125 5
0.6924 0.1331 0.0369 8
0.6054 0.1164 -0.1198 12
0.7259 0.1394 0.0647 7
0.5742 0.1102 -0.0926 12
0.7584 0.1454 0.0948 11
0.5849 0.112 -0.0731 15
0.8052 0.154 0.1298 7
0.6106 0.1168 -0.0544 8
0.8195 0.1566 0.1622 9
0.6768 0.1292 -0.0361 7
0.6423 0.1224 -0.0114 6
0.6936 0.1311 0.0123 5
0.6987 0.1318 0.0373 8
0.5788 0.1092 -0.1145 13
0.7421 0.1398 0.0661 7
0.594 0.1118 -0.0957 12
0.7667 0.1442 0.0958 11
0.636 0.1195 -0.0795 6
0.8018 0.1505 0.1292 7
0.6384 0.1198 -0.0568 7
0.8317 0.1559 0.1645 8
0.6419 0.1203 -0.0342 7
0.6526 0.122 -0.0116 6
0.7059 0.1308 0.0125 5
0.7031 0.1301 0.0375 8
0.5869 0.1086 -0.116 13
0.7386 0.1365 0.0657 7
0.5789 0.1069 -0.0932 12
0.7652 0.1411 0.0955 11
0.5974 0.1101 -0.0746 7
0.7946 0.1463 0.128 7
0.6388 0.1176 -0.0568 7
0.8168 0.1502 0.1614 9
0.6757 0.1241 -0.036 7
0.6255 0.1147 -0.0111 6
0.7024 0.1276 0.0125 5
0.7094 0.1287 0.0378 8
0.5872 0.1065 -0.116 13
0.7352 0.1332 0.0654 7
0.5792 0.1048 -0.0932 12
0.7657 0.1385 0.0955 11
0.5782 0.1045 -0.0721 7
0.7912 0.1428 0.1273 7
0.6255 0.1129 -0.0556 7
0.8366 0.1508 0.1652 8
0.6703 0.1207 -0.0357 7
0.6456 0.116 -0.0114 6
0.695 0.1238 0.0123 5
0.6981 0.1241 0.0372 8
0.5799 0.1031 -0.1145 13
0.7199 0.1279 0.064 7
0.5874 0.1042 -0.0945 12
0.7779 0.1379 0.097 10
0.6177 0.1094 -0.077 7
0.8034 0.1421 0.1292 7
0.62 0.1097 -0.0551 7
0.8178 0.1445 0.1614 9
0.6668 0.1177 -0.0355 7
0.6223 0.1096 -0.011 6
0.6993 0.1221 0.0124 5
0.7024 0.1225 0.0374 8
0.6073 0.1058 -0.1198 12
0.7204 0.1253 0.064 7
0.5761 0.1001 -0.0926 12
0.751 0.1304 0.0936 11
0.5946 0.1032 -0.0741 7
0.8038 0.1394 0.1292 7
0.6105 0.1058 -0.0542 8
0.8144 0.141 0.1607 9
0.6514 0.1126 -0.0346 7
0.8622 0.1491 0.202 2
0.6444 0.1113 -0.0114 6
0.6997 0.1197 0.0124 5
0.6792 0.1161 0.0361 8
0.5999 0.1024 -0.1183 12
0.7287 0.1243 0.0647 7
0.592 0.1009 -0.0951 12
0.771 0.1312 0.096 10
0.6164 0.1049 -0.0768 7
0.8004 0.1361 0.1286 7
0.6305 0.1071 -0.056 7
0.8188 0.1389 0.1614 9
0.6715 0.1138 -0.0357 7
0.6309 0.1068 -0.0112 6
0.7119 0.1194 0.0126 4
0.6895 0.1154 0.0366 8
0.5693 0.0953 -0.1122 13
0.7448 0.1245 0.0661 7
0.5845 0.0976 -0.0939 12
0.7734 0.129 0.0963 10
0.6051 0.1008 -0.0753 7
0.7853 0.1307 0.1261 7
0.6171 0.1027 -0.0547 8
0.8289 0.1378 0.1633 9
0.6581 0.1093 -0.035 7
0.6392 0.1059 -0.0113 6
0.7203 0.1182 0.0127 4
0.6839 0.112 0.0363 8
0.7295 0.1193 0.0647 7
0.5927 0.0968 -0.0951 12
0.7719 0.126 0.096 10
0.6054 0.0987 -0.0753 7
0.7935 0.1292 0.1273 7
0.6293 0.1025 -0.0558 7
0.8274 0.1346 0.163 9
0.6841 0.1112 -0.0363 7
0.6395 0.1037 -0.0113 6
0.7305 0.1173 0.0129 4
0.706 0.1131 0.0375 8
0.5971 0.0955 -0.1175 13
0.7338 0.1174 0.065 7
0.5618 0.0898 -0.0901 13
0.7665 0.1224 0.0953 11
0.6214 0.0991 -0.0773 7
0.7784 0.124 0.1248 8
0.5942 0.0945 -0.0526 8
0.8163 0.1297 0.1607 9
0.6845 0.1087 -0.0363 7
0.6281 0.0996 -0.0111 6
0.6934 0.1087 0.0123 5
0.7045 0.1102 0.0374 8
0.6013 0.0939 -0.1183 12
0.7421 0.1159 0.0657 7
0.5738 0.0895 -0.092 12
0.761 0.1186 0.0946 11
0.5982 0.0931 -0.0743 7
0.7905 0.1229 0.1267 7
0.6143 0.0954 -0.0544 8
0.8284 0.1285 0.163 9
0.6612 0.1025 -0.0351 7
0.6245 0.0967 -0.011 6
0.6899 0.1056 0.0122 5
0.693 0.1059 0.0367 8
0.6016 0.0918 -0.1183 12
0.7583 0.1156 0.0671 7
0.5741 0.0874 -0.092 12
0.7654 0.1164 0.0951 11
0.5986 0.0911 -0.0743 7
0.8027 0.122 0.1286 7
0.6422 0.0975 -0.0568 7
0.8191 0.1242 0.161 9
0.6378 0.0966 -0.0338 7
0.6406 0.0969 -0.0113 6
0.6981 0.1045 0.0123 5
0.6874 0.1027 0.0364 8
0.5709 0.0852 -0.1122 13
0.735 0.1096 0.065 7
0.5861 0.0873 -0.0939 12
0.7618 0.1133 0.0946 11
0.6067 0.0902 -0.0753 7
0.7953 0.1181 0.1273 7
0.6346 0.0942 -0.0561 7
0.8215 0.1217 0.1614 9
0.6816 0.1009 -0.0361 7
0.635 0.0939 -0.0112 6
0.6905 0.101 0.0122 5
0.7095 0.1035 0.0376 8
0.5867 0.0856 -0.1152 13
0.7275 0.106 0.0643 7
0.5825 0.0848 -0.0932 12
0.7779 0.1131 0.0965 10
0.607 0.0881 -0.0753 7
0.7878 0.1142 0.1261 7
0.6073 0.0879 -0.0537 8
0.8219 0.119 0.1614 9
0.6543 0.0946 -0.0346 7
0.6314 0.0911 -0.0111 6
0.683 0.0974 0.012 5
0.6901 0.0982 0.0365 8
0.5715 0.0812 -0.1122 13
0.7239 0.1028 0.064 7
0.5633 0.0799 -0.0901 6
0.7665 0.1087 0.0951 11
0.6073 0.086 -0.0753 7
0.7843 0.1109 0.1255 7
0.6195 0.0875 -0.0547 8
0.8184 0.1155 0.1607 9
0.6744 0.095 -0.0357 7
0.6416 0.0903 -0.0113 6
0.7071 0.0982 0.0125 5
0.7082 0.0983 0.0375 8
0.5873 0.0814 -0.1152 13
0.7243 0.1002 0.064 7
0.5714 0.079 -0.0914 12
0.7512 0.1037 0.0931 11
0.6155 0.085 -0.0763 7
0.8043 0.1109 0.1286 7
0.6198 0.0853 -0.0547 8
0.8208 0.1129 0.161 9
0.6688 0.0919 -0.0354 7
0.6518 0.0894 -0.0115 6
0.7272 0.0986 0.0128 4
0.6709 0.0908 0.0355 8
0.5953 0.0805 -0.1168 13
0.7404 0.1 0.0654 7
0.5912 0.0797 -0.0945 12
0.7633 0.1028 0.0946 11
0.6 0.0808 -0.0743 7
0.8086 0.1087 0.1292 7
0.62 0.0833 -0.0547 8
0.8114 0.1088 0.1591 9
0.6671 0.0894 -0.0353 7
0.6481 0.0867 -0.0114 6
0.7058 0.0933 0.0124 5
0.7109 0.0937 0.0376 8
0.5917 0.0779 -0.116 13
0.7329 0.0965 0.0647 7
0.5954 0.0783 -0.0951 12
0.7558 0.0992 0.0936 11
0.5806 0.0761 -0.0719 7
0.7972 0.1044 0.1273 7
0.6559 0.0858 -0.0579 7
0.8313 0.1086 0.163 9
0.6615 0.0863 -0.035 7
0.6286 0.0819 -0.0111 6
0.6962 0.0894 0.0123 5
0.6993 0.0896 0.0369 8
0.592 0.0757 -0.116 13
0.7292 0.0933 0.0643 7
0.5918 0.0756 -0.0945 12
0.764 0.0975 0.0946 11
0.6124 0.078 -0.0758 7
0.7858 0.1 0.1255 7
0.6048 0.0768 -0.0533 8
0.8316 0.1055 0.163 9
0.6757 0.0856 -0.0357 7
0.6031 0.0763 -0.0106 7
0.6965 0.0869 0.0123 5
0.6858 0.0853 0.0362 8
0.6001 0.0745 -0.1175 13
0.7256 0.0901 0.064 7
0.592 0.0734 -0.0945 12
0.7565 0.0937 0.0936 11
0.6048 0.0748 -0.0748 7
0.7979 0.0985 0.1273 7
0.5853 0.0722 -0.0516 8
0.8164 0.1005 0.1599 9
0.668 0.0821 -0.0353 7
0.651 0.0799 -0.0114 6
0.6948 0.0841 0.0122 5
0.7019 0.0847 0.0371 8
0.5847 0.0705 -0.1145 13
0.7299 0.0879 0.0643 7
0.5923 0.0713 -0.0945 12
0.747 0.0897 0.0924 12
0.6366 0.0764 -0.0787 6
0.81 0.097 0.1292 7
0.6172 0.0738 -0.0544 8
0.8324 0.0994 0.163 9
0.6723 0.0802 -0.0355 7
0.6533 0.0778 -0.0115 6
0.709 0.0834 0.0125 5
0.6923 0.0812 0.0365 8
0.6006 0.0704 -0.1175 13
0.7223 0.0846 0.0636 7
0.6121 0.0716 -0.0976 11
0.7571 0.0884 0.0936 11
0.625 0.0729 -0.0773 7
0.7947 0.0925 0.1267 7
0.6293 0.0733 -0.0554 7
0.8171 0.095 0.1599 9
0.6607 0.0767 -0.0349 7
0.6317 0.0731 -0.0111 6
0.6854 0.0782 0.012 5
0.7025 0.0799 0.0371 8
0.6008 0.0683 -0.1175 13
0.7384 0.0839 0.065 7
0.5928 0.0672 -0.0945 12
0.7693 0.0871 0.0951 11
0.6154 0.0696 -0.076 7
0.7832 0.0884 0.1248 8
0.59 0.0666 -0.0519 8
0.8291 0.0934 0.1622 9
0.6649 0.0748 -0.0351 7
0.6518 0.0731 -0.0114 6
0.6996 0.0774 0.0123 5
0.6928 0.0765 0.0365 8
0.6049 0.0667 -0.1183 12
0.7268 0.08 0.064 7
0.6008 0.066 -0.0957 12
0.7577 0.0831 0.0936 11
0.6235 0.0684 -0.077 7
0.8031 0.088 0.128 7
0.5942 0.065 -0.0523 8
0.8295 0.0905 0.1622 9
0.6632 0.0723 -0.035 7
0.6202 0.0675 -0.0109 6
0.6701 0.0718 0.0118 5
0.6931 0.0742 0.0365 8
0.5974 0.0638 -0.1168 13
0.731 0.078 0.0643 7
0.5775 0.0615 -0.092 12
0.7659 0.0814 0.0946 11
0.608 0.0647 -0.0751 7
0.7838 0.0832 0.1248 8
0.5904 0.0626 -0.0519 8
0.8102 0.0857 0.1584 10
0.6733 0.0711 -0.0355 7
0.6364 0.0671 -0.0112 6
0.7101 0.0738 0.0125 5
0.7092 0.0734 0.0374 8
0.6093 0.0631 -0.1191 12
0.7273 0.0752 0.064 7
0.5816 0.06 -0.0926 6
0.7622 0.0785 0.0941 11
0.5964 0.0613 -0.0736 7
0.7998 0.0821 0.1273 7
0.6184 0.0635 -0.0544 8
0.8046 0.0824 0.1572 10
0.6656 0.0681 -0.0351 7
0.8201 0.0837 0.1903 7
0.6247 0.0637 -0.011 6
0.7103 0.0713 0.0125 5
0.6856 0.0686 0.0361 8
0.5861 0.0586 -0.1145 13
0.7435 0.0742 0.0654 7
0.5976 0.0595 -0.0951 12
0.7467 0.0743 0.0921 12
0.6084 0.0604 -0.0751 7
0.7922 0.0785 0.1261 7
0.6345 0.0629 -0.0558 7
0.8147 0.0806 0.1591 9
0.6778 0.0669 -0.0357 7
0.6289 0.0619 -0.011 6
0.7006 0.0678 0.0123 5
0.6998 0.0675 0.0368 8
0.6058 0.0584 -0.1183 12
0.7239 0.0697 0.0636 7
0.6135 0.059 -0.0976 11
0.7627 0.0732 0.0941 11
0.5928 0.0568 -0.0731 7
0.7846 0.075 0.1248 8
0.6069 0.058 -0.0533 8
0.8306 0.0792 0.1622 9
0.6939 0.0661 -0.0365 7
0.637 0.0604 -0.0112 6
0.7068 0.0659 0.0124 5
0.704 0.0654 0.0371 8
0.5904 0.0549 -0.1152 13
0.7281 0.0675 0.064 7
0.5704 0.0528 -0.0907 13
0.7709 0.0712 0.0951 11
0.6088 0.0562 -0.0751 7
0.7888 0.0726 0.1255 7
0.619 0.057 -0.0544 8
0.8309 0.0763 0.1622 9
0.6703 0.0615 -0.0353 7
0.8364 0.0766 0.1939 7
0.6432 0.0588 -0.0113 6
0.6891 0.0619 0.0121 5
0.7022 0.0629 0.0369 8
0.5749 0.0514 -0.1122 13
0.7363 0.0657 0.0647 7
0.5942 0.0529 -0.0945 12
0.7791 0.0693 0.096 10
0.6169 0.0547 -0.076 7
0.8087 0.0717 0.1286 7
0.6073 0.0538 -0.0533 8
0.8077 0.0714 0.1576 10
0.6486 0.0572 -0.0341 7
0.6135 0.054 -0.0108 7
0.7112 0.0615 0.0125 5
0.7024 0.0605 0.0369 8
0.5907 0.0507 -0.1152 13
0.7365 0.0631 0.0647 7
0.5708 0.0489 -0.0907 13
0.7714 0.066 0.0951 11
0.6171 0.0527 -0.076 7
0.7893 0.0672 0.1255 7
0.5916 0.0503 -0.0519 8
0.806 0.0685 0.1572 10
0.6567 0.0557 -0.0345 7
0.8175 0.0692 0.1894 7
0.6436 0.0544 -0.0113 6
0.6975 0.0578 0.0122 5
0.6867 0.0567 0.0361 8
0.5987 0.0494 -0.1168 13
0.7486 0.0617 0.0657 7
0.6142 0.0505 -0.0976 11
0.7597 0.0623 0.0936 11
0.6015 0.0492 -0.0741 7
0.7777 0.0635 0.1236 8
0.5997 0.049 -0.0526 8
0.8218 0.067 0.1603 9
0.6669 0.0542 -0.0351 7
0.8294 0.0673 0.1921 7
0.6418 0.052 -0.0112 6
0.6857 0.0545 0.012 5
0.6849 0.0541 0.036 8
0.5754 0.0455 -0.1122 13
0.7289 0.0575 0.064 7
0.5868 0.0462 -0.0932 12
0.7599 0.0597 0.0936 11
0.5977 0.0468 -0.0736 7
0.7937 0.062 0.1261 7
0.5999 0.0469 -0.0526 8
0.8299 0.0647 0.1618 9
0.675 0.0525 -0.0355 7
0.8063 0.0626 0.1867 8
0.646 0.05 -0.0113 6
0.7039 0.0534 0.0123 5
0.6871 0.0519 0.0361 8
0.599 0.0453 -0.1168 13
0.7331 0.0553 0.0643 7
0.5949 0.0447 -0.0945 12
0.7443 0.0558 0.0916 12
0.6057 0.0453 -0.0746 7
0.7742 0.0578 0.123 8
0.6318 0.0472 -0.0554 7
0.8145 0.0607 0.1588 9
0.6513 0.0484 -0.0342 7
0.8357 0.062 0.1935 7
0.6202 0.0459 -0.0109 6
0.7021 0.0508 0.0123 5
0.7012 0.0505 0.0368 8
0.5796 0.0418 -0.113 13
0.7214 0.0518 0.0633 7
0.5872 0.0421 -0.0932 12
0.7841 0.0561 0.0965 10
0.5861 0.0418 -0.0721 7
0.7941 0.0565 0.1261 7
0.6121 0.0436 -0.0537 8
0.8107 0.0575 0.158 10
0.6574 0.0466 -0.0345 7
0.8262 0.0584 0.1912 7
0.6323 0.0445 -0.0111 6
0.6783 0.0467 0.0119 5
0.7014 0.0481 0.0368 8
0.5915 0.0405 -0.1152 13
0.7255 0.0496 0.0636 7
0.5676 0.0387 -0.0901 6
0.7704 0.0524 0.0948 11
0.6021 0.0408 -0.0741 7
0.7982 0.054 0.1267 7
0.5924 0.04 -0.0519 8
0.8051 0.0543 0.1568 10
0.6297 0.0424 -0.0331 8
0.8244 0.0553 0.1908 7
0.6345 0.0425 -0.0111 6
0.7084 0.0463 0.0124 5
0.6856 0.0446 0.036 8
0.5877 0.0381 -0.1145 13
0.7297 0.0472 0.064 7
0.5835 0.0376 -0.0926 6
0.7647 0.0493 0.0941 11
0.6022 0.0387 -0.0741 7
0.7944 0.051 0.1261 7
0.6124 0.0392 -0.0537 8
0.8111 0.0517 0.158 10
0.6637 0.0422 -0.0349 7
0.811 0.0515 0.1876 8
0.6366 0.0404 -0.0111 6
0.7026 0.0433 0.0123 5
0.6838 0.0421 0.0359 8
0.5996 0.0368 -0.1168 13
0.7378 0.0451 0.0647 7
0.5955 0.0363 -0.0945 12
0.7668 0.0466 0.0943 11
0.5984 0.0363 -0.0736 7
0.7907 0.0479 0.1255 7
0.6006 0.0363 -0.0526 8
0.8348 0.0503 0.1626 9
0.6659 0.04 -0.035 7
0.8209 0.0492 0.1899 7
0.6527 0.0391 -0.0114 6
0.6967 0.0407 0.0122 5
0.6939 0.0403 0.0364 8
0.6154 0.0356 -0.1198 12
0.726 0.0419 0.0636 7
0.5759 0.0332 -0.0914 6
0.765 0.044 0.0941 11
0.6183 0.0354 -0.076 7
0.8027 0.0459 0.1273 7
0.6087 0.0347 -0.0533 8
0.8291 0.0472 0.1614 9
0.666 0.0378 -0.035 7
0.8191 0.0464 0.1894 7
0.6249 0.0353 -0.0109 6
0.7168 0.0393 0.0125 5
0.688 0.0375 0.0361 8
0.6038 0.0329 -0.1175 13
0.7262 0.0395 0.0636 7
0.5957 0.0323 -0.0945 12
0.785 0.0424 0.0965 10
0.6026 0.0324 -0.0741 7
0.787 0.0422 0.1248 8
0.6327 0.0339 -0.0554 7
0.7999 0.0428 0.1557 10
0.6582 0.0351 -0.0345 7
0.8232 0.0437 0.1903 7
0.627 0.0332 -0.011 6
0.683 0.0351 0.0119 5
0.6921 0.0353 0.0363 8
0.5843 0.0298 -0.1137 13
0.7263 0.0369 0.0636 7
0.5958 0.0302 -0.0945 12
0.7613 0.0384 0.0936 11
0.5868 0.0295 -0.0721 7
0.7911 0.0397 0.1255 7
0.6089 0.0305 -0.0533 8
0.8157 0.0408 0.1588 9
0.6443 0.0321 -0.0338 7
0.8116 0.0403 0.1876 8
0.6251 0.0309 -0.0109 6
0.6851 0.0328 0.012 5
0.6963 0.0332 0.0365 8
0.5962 0.0283 -0.116 13
0.7503 0.0355 0.0657 7
0.5801 0.0274 -0.092 12
0.7495 0.0352 0.0921 12
0.6028 0.0282 -0.0741 7
0.7913 0.037 0.1255 7
0.6329 0.0295 -0.0554 7
0.8237 0.0383 0.1603 9
0.6803 0.0315 -0.0357 7
0.8312 0.0383 0.1921 7
0.6372 0.0294 -0.0111 6
0.7172 0.0319 0.0125 5
0.6844 0.0302 0.0359 8
0.5766 0.0254 -0.1122 13
0.7305 0.032 0.064 7
0.6039 0.0265 -0.0957 12
0.7615 0.0333 0.0936 11
0.6069 0.0264 -0.0746 7
0.7677 0.0333 0.1217 8
0.6449 0.0278 -0.0565 7
0.8218 0.0355 0.1599 9
0.6685 0.0287 -0.0351 7
0.6533 0.0278 -0.0114 6
0.7093 0.0291 0.0124 5
0.6965 0.0285 0.0365 8
0.7147 0.029 0.0626 8
0.6 0.0242 -0.0951 12
0.7577 0.0304 0.0931 11
0.6149 0.0246 -0.0756 7
0.7718 0.0309 0.1223 8
0.6172 0.0246 -0.054 8
0.8121 0.0322 0.158 10
0.6586 0.026 -0.0345 7
0.8217 0.0323 0.1899 7
0.6374 0.025 -0.0111 6
0.6614 0.0249 0.0116 5
0.7005 0.0262 0.0367 8
0.6003 0.0223 -0.1168 13
0.7227 0.0268 0.0633 7
0.5764 0.0213 -0.0914 12
0.7618 0.0281 0.0936 11
0.611 0.0224 -0.0751 7
0.7995 0.0292 0.1267 7
0.5973 0.0217 -0.0523 8
0.8005 0.0291 0.1557 10
0.6746 0.0244 -0.0354 7
0.8238 0.0296 0.1903 7
0.6535 0.0234 -0.0114 6
0.7075 0.0241 0.0124 5
0.6847 0.0231 0.0359 8
0.5926 0.02 -0.1152 13
0.7467 0.025 0.0654 7
0.5725 0.0191 -0.0907 13
0.738 0.0245 0.0907 12
0.6071 0.02 -0.0746 7
0.7956 0.0261 0.1261 7
0.6173 0.0203 -0.054 8
0.8006 0.0261 0.1557 10
0.6747 0.0219 -0.0354 7
0.6496 0.0209 -0.0113 6
0.6976 0.0213 0.0122 5
0.6887 0.0208 0.0361 8
0.6005 0.0181 -0.1168 13
0.7508 0.0225 0.0657 7
0.6042 0.018 -0.0957 12
0.75 0.0223 0.0921 12
0.6111 0.018 -0.0751 7
0.7957 0.0233 0.1261 7
0.6054 0.0178 -0.053 8
0.8085 0.0236 0.1572 10
0.6688 0.0194 -0.0351 7
0.6556 0.0188 -0.0114 6
0.6976 0.0189 0.0122 5
0.6649 0.0178 0.0349 9
0.577 0.0154 -0.1122 13
0.7349 0.0195 0.0643 7
0.6003 0.0158 -0.0951 12
0.758 0.0199 0.0931 11
0.6152 0.016 -0.0756 7
0.784 0.0203 0.1242 8
0.6055 0.0156 -0.053 8
0.8125 0.0209 0.158 10
0.6888 0.0176 -0.0361 7
0.8143 0.0206 0.1881 11
0.6137 0.0154 -0.0107 7
0.7057 0.0166 0.0123 5
0.6809 0.0158 0.0357 8
0.5888 0.0137 -0.1145 13
0.723 0.0167 0.0633 7
0.5846 0.0134 -0.0926 12
0.766 0.0174 0.0941 11
0.6152 0.0139 -0.0756 7
0.788 0.0176 0.1248 8
0.6016 0.0134 -0.0526 8
0.8244 0.0183 0.1603 9
0.6669 0.0147 -0.035 7
0.8241 0.018 0.1903 10
0.6458 0.014 -0.0113 6
0.7058 0.0142 0.0123 5
0.6989 0.0138 0.0366 8
0.5889 0.0116 -0.1145 13
0.7351 0.0144 0.0643 7
0.5846 0.0113 -0.0926 6
0.7582 0.0146 0.0931 11
0.5835 0.0111 -0.0717 7
0.792 0.0149 0.1255 7
0.6016 0.0113 -0.0526 8
0.8009 0.015 0.1557 10
0.667 0.0123 -0.035 7
0.8261 0.0151 0.1908 7
0.6378 0.0116 -0.0111 6
0.6838 0.0113 0.0119 5
0.685 0.0111 0.0359 8
0.6007 0.0098 -0.1168 13
0.7391 0.0119 0.0647 7
0.5886 0.0093 -0.0932 12
0.7463 0.0117 0.0916 12
0.6113 0.0095 -0.0751 7
0.7881 0.0121 0.1248 8
0.6176 0.0095 -0.054 8
0.8127 0.0123 0.158 10
0.659 0.0099 -0.0345 7
0.8281 0.0123 0.1912 10
0.6538 0.0096 -0.0114 6
0.7138 0.0093 0.0125 5
0.681 0.0087 0.0357 8
0.5889 0.0075 -0.1145 13
0.7391 0.0093 0.0647 7
0.5807 0.0072 -0.092 6
0.7582 0.0093 0.0931 11
0.5875 0.0071 -0.0721 7
0.7842 0.0093 0.1242 8
0.6296 0.0075 -0.0551 7
0.8167 0.0096 0.1588 9
0.6511 0.0075 -0.0341 7
0.8087 0.0092 0.1867 11
0.6459 0.0072 -0.0113 6
0.7139 0.0069 0.0125 5
0.687 0.0064 0.036 8
0.5772 0.0053 -0.1122 13
0.7272 0.0066 0.0636 7
0.5886 0.0052 -0.0932 12
0.7722 0.0067 0.0948 11
0.5836 0.005 -0.0717 7
0.7723 0.0065 0.1223 8
0.6017 0.005 -0.0526 8
0.8245 0.0068 0.1603 9
0.6751 0.0054 -0.0354 7
0.8145 0.0064 0.1881 11
0.6239 0.0048 -0.0109 6
0.7259 0.0044 0.0127 4
0.6771 0.0039 0.0355 8
0.589 0.0034 -0.1145 13
0.7153 0.004 0.0626 8
0.5808 0.0031 -0.092 12
0.7623 0.004 0.0936 11
0.6114 0.0031 -0.0751 7
0.8 0.0039 0.1267 7
0.6017 0.0029 -0.0526 8
0.8147 0.0038 0.1584 10
0.6611 0.003 -0.0346 7
0.8224 0.0036 0.1899 10
0.6259 0.0026 -0.0109 6
0.6939 0.0018 0.0121 5
0.699 0.0016 0.0366 8
0.6125 0.0014 -0.1191 12
0.7193 0.0015 0.0629 8
0.5847 0.0011 -0.0926 12
0.7504 0.0013 0.0921 12
0.6114 0.001 -0.0751 7
0.7882 0.0011 0.1248 8
0.6296 0.0009 -0.0551 7
0.803 0.001 0.1561 10
0.6471 0.0007 -0.0339 7
0.8302 0.0007 0.1917 10
0.6339 0.0004 -0.0111 6
0.6939 -0.0004 0.0121 5
0.697 -0.0006 0.0365 8
0.589 -0.0005 -0.1145 13
0.7392 -0.0008 0.0647 7
0.5768 -0.0007 -0.0914 12
0.7504 -0.001 0.0921 12
0.6193 -0.001 -0.076 7
0.7921 -0.0014 0.1255 7
0.6017 -0.0011 -0.0526 8
0.7971 -0.0015 0.1549 10
0.6831 -0.0014 -0.0358 7
0.8321 -0.0019 0.1921 10
0.6579 -0.0016 -0.0115 6
0.6939 -0.0028 0.0121 5
0.697 -0.003 0.0365 8
0.589 -0.0026 -0.1145 13
0.7312 -0.0033 0.064 7
0.5847 -0.0028 -0.0926 6
0.7464 -0.0036 0.0916 12
0.5876 -0.003 -0.0721 7
0.7882 -0.004 0.1248 8
0.6136 -0.0032 -0.0537 8
0.8088 -0.0044 0.1572 10
0.6231 -0.0035 -0.0327 8
0.8185 -0.0047 0.189 10
0.6339 -0.0038 -0.0111 6
0.7039 -0.0053 0.0123 5
0.683 -0.0054 0.0358 4
0.589 -0.0046 -0.1145 13
0.7352 -0.0059 0.0643 7
0.5886 -0.0048 -0.0932 12
0.7662 -0.0064 0.0941 11
0.5995 -0.0051 -0.0736 7
0.7763 -0.0068 0.123 8
0.6136 -0.0054 -0.0537 8
0.8147 -0.0073 0.1584 10
0.6671 -0.0061 -0.035 7
0.8243 -0.0076 0.1903 10
0.6159 -0.0058 -0.0108 7
0.6939 -0.0076 0.0121 5
0.683 -0.0077 0.0358 8
0.585 -0.0066 -0.1137 13
0.7152 -0.0082 0.0626 8
0.5965 -0.007 -0.0945 12
0.7702 -0.0091 0.0946 11
0.6153 -0.0074 -0.0756 7
0.7842 -0.0096 0.1242 8
0.6096 -0.0074 -0.0533 8
0.8127 -0.0101 0.158 10
0.6511 -0.0082 -0.0341 7
0.8184 -0.0104 0.189 10
0.6458 -0.0083 -0.0113 6
0.7038 -0.0102 0.0123 5
0.697 -0.0103 0.0365 8
0.6085 -0.009 -0.1183 12
0.7311 -0.011 0.064 7
0.5807 -0.0088 -0.092 12
0.7542 -0.0116 0.0926 12
0.6193 -0.0096 -0.076 7
0.796 -0.0125 0.1261 7
0.6136 -0.0096 -0.0537 8
0.8009 -0.0127 0.1557 10
0.667 -0.0107 -0.035 7
0.8359 -0.0136 0.193 10
0.6298 -0.0103 -0.011 6
0.6898 -0.0124 0.012 5
0.7029 -0.0129 0.0368 8
0.6164 -0.0113 -0.1198 12
0.7351 -0.0136 0.0643 7
0.5688 -0.0106 -0.0901 13
0.7502 -0.0141 0.0921 12
0.6113 -0.0116 -0.0751 7
0.8038 -0.0154 0.1273 7
0.6255 -0.012 -0.0547 8
0.8028 -0.0156 0.1561 10
0.643 -0.0126 -0.0337 7
0.83 -0.0164 0.1917 10
0.6598 -0.0131 -0.0115 6
0.7077 -0.0152 0.0124 5
0.6789 -0.0148 0.0356 8
0.5928 -0.0129 -0.1152 13
0.727 -0.016 0.0636 7
0.5806 -0.0129 -0.092 12
0.7541 -0.0169 0.0926 12
0.6152 -0.0139 -0.0756 7
0.7801 -0.0177 0.1236 8
0.6374 -0.0145 -0.0558 7
0.8086 -0.0185 0.1572 10
0.631 -0.0145 -0.0331 8
0.8105 -0.0188 0.1872 11
0.6377 -0.0149 -0.0111 6
0.7157 -0.0179 0.0125 5
0.6868 -0.0174 0.036 8
0.5849 -0.0148 -0.1137 13
0.7389 -0.0188 0.0647 7
0.6043 -0.0155 -0.0957 12
0.7541 -0.0195 0.0926 12
0.6033 -0.0157 -0.0741 7
0.7761 -0.0203 0.123 8
0.6294 -0.0165 -0.0551 7
0.8086 -0.0213 0.1572 10
0.6389 -0.017 -0.0335 7
0.8299 -0.0222 0.1917 10
0.5997 -0.0161 -0.0105 7
0.6836 -0.0195 0.0119 5
0.6788 -0.0194 0.0356 8
0.577 -0.0166 -0.1122 13
0.7269 -0.0211 0.0636 7
0.5845 -0.017 -0.0926 12
0.7659 -0.0225 0.0941 11
0.6072 -0.0179 -0.0746 7
0.7878 -0.0232 0.1248 8
0.6373 -0.0189 -0.0558 7
0.8203 -0.0245 0.1595 9
0.6588 -0.0198 -0.0345 7
0.82 -0.0248 0.1894 10
0.6216 -0.0188 -0.0109 6
0.7015 -0.0223 0.0123 5
0.7007 -0.0225 0.0367 8
0.6044 -0.0195 -0.1175 13
0.7229 -0.0235 0.0633 7
0.5726 -0.0186 -0.0907 13
0.75 -0.0245 0.0921 12
0.6111 -0.0201 -0.0751 7
0.7956 -0.0263 0.1261 7
0.6213 -0.0206 -0.0544 8
0.8143 -0.027 0.1584 10
0.6587 -0.022 -0.0345 7
0.82 -0.0275 0.1894 10
0.6236 -0.021 -0.0109 6
0.6915 -0.0244 0.0121 5
0.6886 -0.0245 0.0361 8
0.5886 -0.021 -0.1145 13
0.7228 -0.0259 0.0633 7
0.5764 -0.0207 -0.0914 6
0.7419 -0.0268 0.0912 12
0.5951 -0.0216 -0.0731 7
0.7916 -0.0289 0.1255 7
0.6013 -0.0219 -0.0526 8
0.8044 -0.0295 0.1565 10
0.6646 -0.0245 -0.0349 7
0.8354 -0.0309 0.193 10
0.6355 -0.0236 -0.0111 6
0.6934 -0.0269 0.0121 5
0.6805 -0.0266 0.0357 8
0.6042 -0.0236 -0.1175 13
0.7386 -0.029 0.0647 7
0.5764 -0.0227 -0.0914 6
0.7537 -0.0299 0.0926 12
0.599 -0.0238 -0.0736 7
0.7836 -0.0313 0.1242 8
0.6012 -0.024 -0.0526 8
0.8161 -0.0328 0.1588 9
0.6586 -0.0266 -0.0345 7
0.8178 -0.0331 0.189 10
0.6154 -0.025 -0.0108 7
0.6913 -0.0292 0.0121 5
0.6844 -0.0292 0.0359 8
0.5884 -0.0251 -0.1145 13
0.7226 -0.0309 0.0633 7
0.6 -0.0258 -0.0951 12
0.7616 -0.0329 0.0936 11
0.6267 -0.0271 -0.077 7
0.7677 -0.0334 0.1217 8
0.6011 -0.0261 -0.0526 8
0.812 -0.0355 0.158 10
0.6625 -0.029 -0.0348 7
0.8216 -0.0362 0.1899 10
0.6133 -0.0271 -0.0107 7
0.7052 -0.0323 0.0123 5
0.6724 -0.031 0.0353 8
0.5884 -0.0271 -0.1145 13
0.7105 -0.0329 0.0622 8
0.5841 -0.0271 -0.0926 12
0.7456 -0.0348 0.0916 12
0.5949 -0.0278 -0.0731 7
0.7834 -0.0368 0.1242 8
0.5612 -0.0264 -0.0492 9
0.8237 -0.0388 0.1603 9
0.6663 -0.0315 -0.035 7
0.8195 -0.0389 0.1894 10
0.6172 -0.0294 -0.0108 6
0.701 -0.0345 0.0123 5
0.7042 -0.0349 0.0369 8
0.7343 -0.0366 0.0643 7
0.5721 -0.0286 -0.0907 13
0.7653 -0.0384 0.0941 11
0.6186 -0.0311 -0.076 7
0.7832 -0.0395 0.1242 8
0.6129 -0.0309 -0.0537 8
0.8117 -0.0411 0.158 10
0.6543 -0.0333 -0.0343 7
0.8349 -0.0426 0.193 10
0.6131 -0.0314 -0.0107 7
0.7009 -0.037 0.0123 5
0.6781 -0.036 0.0356 8
0.596 -0.0317 -0.116 13
0.7342 -0.0391 0.0643 7
0.6036 -0.0323 -0.0957 12
0.7453 -0.04 0.0916 12
0.5748 -0.0309 -0.0707 7
0.8028 -0.0433 0.1273 7
0.6207 -0.0335 -0.0544 8
0.8116 -0.044 0.158 10
0.6661 -0.0362 -0.035 7
0.8211 -0.0448 0.1899 10
0.6469 -0.0354 -0.0113 6
0.6888 -0.0388 0.012 5
0.686 -0.0388 0.036 8
0.588 -0.0333 -0.1145 13
0.73 -0.0415 0.064 7
0.568 -0.0324 -0.0901 13
0.7491 -0.0428 0.0921 12
0.5787 -0.0332 -0.0712 7
0.7948 -0.0457 0.1261 7
0.6047 -0.0348 -0.053 8
0.7997 -0.0461 0.1557 10
0.65 -0.0376 -0.0341 7
0.8268 -0.048 0.1912 10
0.6348 -0.0369 -0.0111 6
0.7046 -0.0421 0.0123 5
0.6918 -0.0416 0.0363 8
0.5879 -0.0353 -0.1145 13
0.7179 -0.0433 0.0629 8
0.5955 -0.036 -0.0945 12
0.7688 -0.0466 0.0946 11
0.5825 -0.0354 -0.0717 7
0.7867 -0.048 0.1248 8
0.6006 -0.0366 -0.0526 8
0.8113 -0.0496 0.158 10
0.6379 -0.0391 -0.0335 7
0.8189 -0.0504 0.1894 10
0.6028 -0.0372 -0.0105 7
0.7085 -0.0448 0.0124 5
0.6937 -0.044 0.0364 8
0.5917 -0.0376 -0.1152 13
0.7297 -0.0465 0.064 7
0.5756 -0.0368 -0.0914 6
0.7686 -0.0493 0.0946 11
0.6101 -0.0392 -0.0751 7
0.7984 -0.0513 0.1267 7
0.5885 -0.038 -0.0516 8
0.8189 -0.053 0.1595 9
0.6896 -0.0447 -0.0362 7
0.8323 -0.0541 0.1926 10
0.6046 -0.0393 -0.0106 7
0.6983 -0.0465 0.0122 5
0.6955 -0.0466 0.0365 8
0.5877 -0.0394 -0.1145 13
0.7216 -0.0486 0.0633 7
0.5834 -0.0393 -0.0926 12
0.7605 -0.0513 0.0936 11
0.6021 -0.0407 -0.0741 7
0.7864 -0.0533 0.1248 8
0.5725 -0.0389 -0.0502 8
0.7992 -0.0543 0.1557 10
0.6655 -0.0454 -0.035 7
0.8263 -0.0565 0.1912 10
0.6444 -0.0442 -0.0113 6
0.6882 -0.0482 0.012 5
0.6874 -0.0484 0.0361 8
0.5914 -0.0417 -0.1152 13
0.7254 -0.0512 0.0636 7
0.5754 -0.0407 -0.0914 6
0.7485 -0.0531 0.0921 12
0.5821 -0.0414 -0.0717 7
0.7901 -0.0564 0.1255 7
0.5803 -0.0414 -0.0509 8
0.8068 -0.0577 0.1572 10
0.6455 -0.0463 -0.0339 7
0.8339 -0.0599 0.193 10
0.6303 -0.0454 -0.011 6
0.69 -0.0508 0.0121 5
0.6732 -0.0498 0.0354 8
0.7173 -0.0532 0.0629 8
0.5831 -0.0433 -0.0926 6
0.7542 -0.0562 0.0929 11
0.5978 -0.0446 -0.0736 7
0.782 -0.0585 0.1242 8
0.6159 -0.0461 -0.054 8
0.8125 -0.0609 0.1584 10
0.6373 -0.0479 -0.0335 7
0.8259 -0.0622 0.1912 10
0.6281 -0.0474 -0.011 6
0.6978 -0.0538 0.0122 5
0.691 -0.0535 0.0363 8
0.5911 -0.0458 -0.1152 13
0.7171 -0.0557 0.0629 8
0.5869 -0.0457 -0.0932 12
0.7718 -0.0602 0.0951 11
0.5937 -0.0464 -0.0731 7
0.7818 -0.0613 0.1242 8
0.6197 -0.0486 -0.0544 8
0.8064 -0.0633 0.1572 10
0.665 -0.0523 -0.035 7
0.8257 -0.0651 0.1912 10
0.622 -0.0492 -0.0109 6
0.6956 -0.0561 0.0122 5
0.6928 -0.0561 0.0364 8
0.5753 -0.0466 -0.1122 13
0.7209 -0.0585 0.0633 7
0.5946 -0.0484 -0.0945 12
0.7637 -0.0623 0.0941 11
0.5936 -0.0485 -0.0731 7
0.7737 -0.0633 0.123 8
0.6037 -0.0494 -0.053 8
0.8101 -0.0665 0.158 10
0.6569 -0.054 -0.0345 7
0.8157 -0.0672 0.189 10
0.6238 -0.0515 -0.0109 6
0.6815 -0.0573 0.0119 5
0.6985 -0.059 0.0367 8
0.5869 -0.0496 -0.1145 13
0.7167 -0.0607 0.0629 8
0.5669 -0.0481 -0.0901 6
0.7556 -0.0642 0.0931 11
0.6092 -0.0519 -0.0751 7
0.7893 -0.0674 0.1255 7
0.6075 -0.0519 -0.0533 8
0.802 -0.0686 0.1565 10
0.6567 -0.0563 -0.0345 7
0.8291 -0.0712 0.1921 10
0.6336 -0.0545 -0.0111 6
0.6912 -0.0606 0.0121 5
0.7003 -0.0616 0.0368 8
0.5867 -0.0516 -0.1145 13
0.7046 -0.0621 0.0619 8
0.5667 -0.0501 -0.0901 6
0.7395 -0.0655 0.0912 12
0.6011 -0.0533 -0.0741 7
0.7929 -0.0705 0.1261 7
0.6073 -0.054 -0.0533 8
0.8057 -0.0718 0.1572 10
0.6406 -0.0572 -0.0337 7
0.8191 -0.0732 0.1899 10
0.6214 -0.0557 -0.0109 6
0.7109 -0.0648 0.0125 5
0.6882 -0.063 0.0362 8
0.6022 -0.0551 -0.1175 13
0.7242 -0.0664 0.0636 7
0.5823 -0.0535 -0.0926 6
0.763 -0.0702 0.0941 11
0.5891 -0.0543 -0.0726 7
0.7848 -0.0725 0.1248 8
0.5991 -0.0554 -0.0526 8
0.8054 -0.0746 0.1572 10
0.6443 -0.0598 -0.0339 7
0.8247 -0.0766 0.1912 10
0.6172 -0.0575 -0.0108 6
0.7067 -0.0669 0.0124 5
0.678 -0.0644 0.0357 8
0.5785 -0.055 -0.113 13
0.7319 -0.0697 0.0643 7
0.5742 -0.0548 -0.0914 12
0.7549 -0.0722 0.0931 11
0.5928 -0.0568 -0.0731 7
0.7846 -0.0753 0.1248 8
0.6109 -0.0586 -0.0537 8
0.8208 -0.0789 0.1603 9
0.672 -0.0647 -0.0354 7
0.8089 -0.078 0.1876 11
0.623 -0.0602 -0.0109 6
0.7025 -0.069 0.0123 5
0.6977 -0.0687 0.0367 8
0.5744 -0.0566 -0.1122 13
0.7237 -0.0715 0.0636 7
0.5976 -0.0591 -0.0951 12
0.7586 -0.0752 0.0936 11
0.6084 -0.0604 -0.0751 7
0.7922 -0.0787 0.1261 7
0.5987 -0.0596 -0.0526 8
0.8049 -0.0802 0.1572 10
0.6717 -0.067 -0.0354 7
0.8222 -0.0822 0.1908 10
0.6208 -0.0621 -0.0109 6
0.6844 -0.0695 0.012 5
0.6935 -0.0707 0.0365 8
0.5859 -0.0598 -0.1145 13
0.7195 -0.0736 0.0633 7
0.5777 -0.0591 -0.092 12
0.7702 -0.0789 0.0951 11
0.628 -0.0645 -0.0775 7
0.7998 -0.0822 0.1273 7
0.5708 -0.0588 -0.0502 8
0.789 -0.0813 0.1542 10
0.6636 -0.0685 -0.035 7
0.8355 -0.0863 0.1939 10
0.6385 -0.0661 -0.0112 6
0.6861 -0.0721 0.012 5
0.6912 -0.0729 0.0364 8
0.5974 -0.063 -0.1168 13
0.7232 -0.0764 0.0636 7
0.5658 -0.0599 -0.0901 13
0.7501 -0.0795 0.0926 12
0.5922 -0.0629 -0.0731 7
0.8073 -0.0859 0.1286 7
0.5983 -0.0636 -0.0526 8
0.8121 -0.0865 0.1588 9
0.6554 -0.0699 -0.0345 7
0.8274 -0.0884 0.1921 10
0.6303 -0.0675 -0.0111 6
0.6819 -0.0741 0.012 5
0.685 -0.0747 0.0361 8
0.5855 -0.0638 -0.1145 13
0.7229 -0.0789 0.0636 7
0.6009 -0.0657 -0.0957 6
0.7499 -0.0821 0.0926 12
0.6058 -0.0665 -0.0748 7
0.7913 -0.0869 0.1261 7
0.6179 -0.0679 -0.0544 8
0.8118 -0.0893 0.1588 9
0.6611 -0.0729 -0.0349 7
0.8271 -0.0913 0.1921 10
0.6321 -0.0699 -0.0111 6
0.6995 -0.0785 0.0123 5
0.6808 -0.0766 0.0359 8
0.5736 -0.0645 -0.1122 13
0.7345 -0.0828 0.0647 7
0.5732 -0.0647 -0.0914 12
0.7535 -0.0852 0.0931 11
0.6174 -0.0699 -0.0763 7
0.7871 -0.0893 0.1255 7
0.6216 -0.0705 -0.0547 8
0.8076 -0.0917 0.158 10
0.639 -0.0727 -0.0337 7
0.8326 -0.0949 0.1935 10
0.6139 -0.0701 -0.0108 6
0.7092 -0.0821 0.0125 5
0.6864 -0.0797 0.0362 8
0.5889 -0.0684 -0.1152 13
0.7224 -0.084 0.0636 7
0.5886 -0.0685 -0.0939 12
0.7571 -0.0883 0.0936 11
0.6171 -0.0721 -0.0763 7
0.7671 -0.0897 0.1223 8
0.6055 -0.0708 -0.0533 8
0.8151 -0.0955 0.1595 9
0.6645 -0.0779 -0.0351 7
0.8226 -0.0966 0.1912 10
0.6037 -0.071 -0.0106 7
0.6751 -0.0805 0.0119 5
0.6842 -0.0818 0.0361 8
0.5809 -0.0695 -0.1137 13
0.7221 -0.0865 0.0636 7
0.5805 -0.0696 -0.0926 12
0.7529 -0.0904 0.0931 11
0.6366 -0.0766 -0.0787 6
0.7943 -0.0957 0.1267 7
0.6251 -0.0753 -0.0551 7
0.8069 -0.0974 0.158 10
0.6543 -0.0791 -0.0345 7
0.8319 -0.1007 0.1935 10
0.6412 -0.0777 -0.0113 6
0.6828 -0.0838 0.012 5
0.6978 -0.0859 0.0368 8
0.5885 -0.0725 -0.1152 13
0.7376 -0.091 0.065 7
0.5803 -0.0717 -0.0926 6
0.7565 -0.0936 0.0936 11
0.6009 -0.0744 -0.0743 7
0.79 -0.098 0.1261 7
0.6288 -0.078 -0.0554 7
0.7949 -0.0987 0.1557 10
0.6501 -0.0809 -0.0343 7
0.8083 -0.1007 0.1881 11
0.6489 -0.0809 -0.0114 6
0.7102 -0.0897 0.0125 5
0.6876 -0.0871 0.0363 8
0.596 -0.0755 -0.1168 13
0.7214 -0.0915 0.0636 7
0.5722 -0.0727 -0.0914 6
0.7444 -0.0947 0.0921 12
0.6085 -0.0775 -0.0753 7
0.8014 -0.1022 0.128 7
0.6245 -0.0797 -0.0551 7
0.7984 -0.102 0.1565 10
0.6379 -0.0816 -0.0337 7
0.8273 -0.106 0.1926 10
0.6129 -0.0786 -0.0108 6
0.706 -0.0917 0.0124 5
0.6734 -0.0877 0.0356 8
0.5646 -0.0735 -0.1107 13
0.7172 -0.0935 0.0633 7
0.5955 -0.0778 -0.0951 12
0.748 -0.0978 0.0926 12
0.5964 -0.0781 -0.0739 7
0.7737 -0.1014 0.1236 8
0.6124 -0.0803 -0.054 8
0.802 -0.1053 0.1572 10
0.6495 -0.0854 -0.0343 7
0.8231 -0.1084 0.1917 10
0.6344 -0.0836 -0.0112 6
0.7017 -0.0936 0.0124 5
0.6869 -0.0919 0.0363 8
0.7208 -0.0966 0.0636 7
0.5834 -0.0783 -0.0932 12
0.7673 -0.1031 0.0951 11
0.5764 -0.0775 -0.0714 7
0.7694 -0.1036 0.123 8
0.6003 -0.0808 -0.053 8
0.8172 -0.1102 0.1603 9
0.671 -0.0906 -0.0355 7
0.8246 -0.1115 0.1921 10
0.6222 -0.0842 -0.011 6
0.6835 -0.0936 0.012 5
0.6945 -0.0954 0.0367 8
0.5835 -0.0801 -0.1145 13
0.7323 -0.1007 0.0647 7
0.591 -0.0814 -0.0945 6
0.7532 -0.1038 0.0934 11
0.6155 -0.085 -0.0763 7
0.7808 -0.1079 0.1248 8
0.5881 -0.0813 -0.0519 8
0.8012 -0.1109 0.1572 10
0.6608 -0.0916 -0.035 7
0.8281 -0.1149 0.193 10
0.6299 -0.0875 -0.0111 6
0.701 -0.0985 0.0124 5
0.6922 -0.0974 0.0366 8
0.6027 -0.0849 -0.1183 12
0.724 -0.1021 0.064 7
0.579 -0.0818 -0.0926 12
0.7508 -0.1062 0.0931 11
0.5877 -0.0832 -0.0729 7
0.7999 -0.1133 0.128 7
0.5997 -0.085 -0.053 8
0.8008 -0.1137 0.1572 10
0.6407 -0.0911 -0.0339 7
0.8238 -0.1172 0.1921 10
0.6553 -0.0933 -0.0116 6
0.6789 -0.0977 0.012 5
0.6741 -0.0973 0.0357 8
0.5985 -0.0865 -0.1175 13
0.7316 -0.1058 0.0647 7
0.5552 -0.0803 -0.0889 6
0.7426 -0.1075 0.0921 12
0.5835 -0.0846 -0.0724 7
0.7839 -0.1138 0.1255 7
0.6309 -0.0917 -0.0558 7
0.8121 -0.118 0.1595 9
0.67 -0.0975 -0.0355 7
0.8292 -0.1208 0.1935 10
0.6332 -0.0924 -0.0112 6
0.6706 -0.0989 0.0118 5
0.6737 -0.0996 0.0357 8
0.5788 -0.0856 -0.1137 13
0.7194 -0.1065 0.0636 7
0.5862 -0.0869 -0.0939 12
0.756 -0.1122 0.0938 11
0.591 -0.0878 -0.0734 7
0.7835 -0.1165 0.1255 7
0.6267 -0.0932 -0.0554 7
0.8156 -0.1215 0.1603 9
0.644 -0.096 -0.0341 7
0.8191 -0.1223 0.1912 10
0.6329 -0.0946 -0.0112 6
0.7138 -0.1078 0.0126 4
0.6892 -0.1044 0.0365 8
0.5823 -0.0882 -0.1145 13
0.7032 -0.1066 0.0622 8
0.582 -0.0883 -0.0932 12
0.7497 -0.1139 0.0931 11
0.575 -0.0875 -0.0714 7
0.787 -0.1199 0.1261 7
0.6145 -0.0936 -0.0544 8
0.8113 -0.1237 0.1595 9
0.6792 -0.1037 -0.036 7
0.8187 -0.1251 0.1912 10
0.6325 -0.0968 -0.0112 6
0.6976 -0.1079 0.0123 5
0.6928 -0.1072 0.0367 8
0.5898 -0.0914 -0.116 13
0.7147 -0.1109 0.0633 7
0.5895 -0.0916 -0.0945 12
0.7611 -0.1184 0.0946 11
0.6139 -0.0956 -0.0763 7
0.7827 -0.1219 0.1255 7
0.6024 -0.0939 -0.0533 8
0.7992 -0.1247 0.1572 10
0.6512 -0.1017 -0.0345 7
0.8317 -0.1301 0.1944 10
0.6322 -0.0989 -0.0112 6
0.6854 -0.1083 0.0121 5
0.6924 -0.1097 0.0367 8
0.5856 -0.0929 -0.1152 13
0.7261 -0.1153 0.0643 7
0.5814 -0.0923 -0.0932 12
0.7489 -0.119 0.0931 11
0.6058 -0.0964 -0.0753 7
0.7706 -0.1227 0.1236 8
0.6139 -0.0979 -0.0544 8
0.8065 -0.1286 0.1588 9
0.6587 -0.1052 -0.035 7
0.8255 -0.1319 0.193 10
0.6319 -0.1011 -0.0112 6
0.7008 -0.1133 0.0124 5
0.6782 -0.1098 0.036 8
0.6085 -0.0986 -0.1198 12
0.7257 -0.1177 0.0643 7
0.5538 -0.0899 -0.0889 6
0.7524 -0.1223 0.0936 11
0.6015 -0.0979 -0.0748 7
0.7818 -0.1273 0.1255 7
0.6214 -0.1012 -0.0551 7
0.8138 -0.1327 0.1603 9
0.6426 -0.1049 -0.0341 7
0.8155 -0.1332 0.1908 10
0.6236 -0.102 -0.011 6
0.7043 -0.1164 0.0125 5
0.6857 -0.1135 0.0364 8
0.5811 -0.0962 -0.1145 13
0.7292 -0.1209 0.0647 7
0.5885 -0.0976 -0.0945 12
0.7598 -0.1262 0.0946 11
0.6012 -0.1 -0.0748 7
0.7697 -0.1281 0.1236 8
0.5975 -0.0994 -0.053 8
0.8134 -0.1355 0.1603 9
0.6659 -0.1111 -0.0354 7
0.8207 -0.1371 0.1921 10
0.6114 -0.1022 -0.0108 6
0.6744 -0.1138 0.0119 5
0.6932 -0.1171 0.0368 8
0.5885 -0.0995 -0.116 13
0.7209 -0.1221 0.064 7
0.5726 -0.0971 -0.092 12
0.7633 -0.1295 0.0951 11
0.5812 -0.0987 -0.0724 7
0.7732 -0.1313 0.1242 8
0.5853 -0.0995 -0.0519 8
0.809 -0.1377 0.1595 9
0.6655 -0.1134 -0.0354 7
0.8164 -0.1393 0.1912 10
0.619 -0.1056 -0.011 6
0.674 -0.1161 0.0119 5
0.681 -0.1175 0.0362 8
0.5688 -0.0982 -0.1122 13
0.7166 -0.1239 0.0636 7
0.5606 -0.0969 -0.0901 6
0.7589 -0.1314 0.0946 11
0.6044 -0.1047 -0.0753 7
0.7883 -0.1367 0.1267 7
0.585 -0.1016 -0.0519 8
0.7969 -0.1384 0.1572 10
0.6494 -0.1129 -0.0345 7
0.8198 -0.1426 0.1921 10
0.6383 -0.1112 -0.0113 6
0.6992 -0.1229 0.0124 5
0.6983 -0.123 0.0372 8
0.6071 -0.107 -0.1198 12
0.7358 -0.1297 0.0654 7
0.5758 -0.1016 -0.0926 12
0.7546 -0.1333 0.0941 11
0.6118 -0.1082 -0.0763 7
0.78 -0.1381 0.1255 7
0.6317 -0.112 -0.0561 7
0.8003 -0.142 0.158 10
0.6647 -0.118 -0.0354 7
0.825 -0.1465 0.1935 10
0.6418 -0.1141 -0.0114 6
0.7145 -0.1283 0.0127 4
0.6841 -0.1231 0.0364 8
0.5835 -0.1051 -0.1152 13
0.7275 -0.131 0.0647 7
0.5871 -0.1058 -0.0945 12
0.758 -0.1368 0.0946 11
0.5724 -0.1034 -0.0714 7
0.8067 -0.1459 0.1298 7
0.6313 -0.1143 -0.0561 7
0.8152 -0.1477 0.161 9
0.6407 -0.1162 -0.0341 7
0.8168 -0.1481 0.1917 10
0.606 -0.11 -0.0108 7
0.7002 -0.1284 0.0124 5
0.6875 -0.1263 0.0366 8
0.587 -0.1078 -0.116 13
0.7427 -0.1366 0.0661 7
0.5906 -0.1087 -0.0951 12
0.7536 -0.1388 0.0941 11
0.5954 -0.1098 -0.0743 7
0.7828 -0.1445 0.1261 7
0.6231 -0.115 -0.0554 7
0.8186 -0.1513 0.1618 9
0.6481 -0.1199 -0.0345 7
0.8125 -0.1504 0.1908 7
0.6056 -0.1122 -0.0108 7
0.688 -0.1286 0.0122 5
0.6989 -0.1309 0.0373 8
0.5673 -0.1063 -0.1122 13
0.7187 -0.1348 0.064 7
0.5902 -0.1108 -0.0951 6
0.7492 -0.1407 0.0936 11
0.5872 -0.1104 -0.0734 7
0.7823 -0.1473 0.1261 7
0.5991 -0.1128 -0.0533 8
0.8142 -0.1534 0.161 9
0.6673 -0.1258 -0.0356 7
0.8215 -0.1551 0.193 7
0.6268 -0.1184 -0.0111 6
0.6954 -0.1325 0.0124 5
0.6827 -0.1304 0.0364 8
0.5785 -0.1105 -0.1145 13
0.7143 -0.1365 0.0636 7
0.5782 -0.1106 -0.0932 12
0.7545 -0.1445 0.0943 11
0.6063 -0.1162 -0.0758 7
0.7741 -0.1485 0.1248 8
0.6183 -0.1186 -0.0551 7
0.7982 -0.1533 0.158 10
0.6551 -0.1259 -0.035 7
0.8152 -0.1568 0.1917 7
0.6342 -0.1221 -0.0113 6
0.6988 -0.1357 0.0124 5
0.6862 -0.1335 0.0366 8
0.5936 -0.1155 -0.1175 13
0.7373 -0.1436 0.0657 7
0.5817 -0.1134 -0.0939 12
0.7443 -0.1452 0.0931 11
0.602 -0.1176 -0.0753 7
0.789 -0.1542 0.1273 7
0.5983 -0.117 -0.0533 8
0.7977 -0.1561 0.158 10
0.6703 -0.1313 -0.0358 7
0.8127 -0.1593 0.1912 7
0.6456 -0.1267 -0.0115 6
0.6944 -0.1374 0.0124 5
0.6779 -0.1342 0.0362 8
0.5777 -0.1145 -0.1145 13
0.725 -0.1438 0.0647 7
0.5774 -0.1146 -0.0932 12
0.7574 -0.1505 0.0948 11
0.6016 -0.1197 -0.0753 7
0.773 -0.1538 0.1248 8
0.6331 -0.126 -0.0565 7
0.801 -0.1596 0.1588 9
0.6542 -0.1305 -0.035 7
0.8103 -0.1618 0.1908 7
0.6452 -0.1288 -0.0115 6
0.694 -0.1397 0.0124 5
0.6735 -0.1358 0.036 8
0.5889 -0.1188 -0.1168 13
0.7363 -0.1487 0.0657 7
0.6002 -0.1212 -0.097 12
0.7627 -0.1542 0.0955 11
0.5934 -0.1201 -0.0743 7
0.788 -0.1596 0.1273 7
0.6327 -0.1283 -0.0565 7
0.8274 -0.1677 0.1641 9
0.6694 -0.1358 -0.0358 7
0.8116 -0.1648 0.1912 7
0.6055 -0.1231 -0.0108 6
0.7111 -0.1457 0.0127 4
0.6789 -0.1392 0.0363 8
0.5654 -0.1161 -0.1122 13
0.7123 -0.1464 0.0636 7
0.5689 -0.117 -0.092 12
0.7505 -0.1545 0.0941 11
0.6047 -0.1246 -0.0758 7
0.7758 -0.1598 0.1255 7
0.5776 -0.1191 -0.0516 8
0.8191 -0.169 0.1626 9
0.6533 -0.1349 -0.035 7
0.8225 -0.17 0.1939 7
0.6188 -0.1279 -0.011 6
0.6832 -0.1424 0.0122 5
0.6843 -0.1428 0.0366 8
0.5765 -0.1204 -0.1145 13
0.704 -0.1472 0.0629 8
0.5569 -0.1164 -0.0901 6
0.75 -0.157 0.0941 11
0.6004 -0.1258 -0.0753 7
0.783 -0.1641 0.1267 7
0.5889 -0.1236 -0.0526 8
0.7993 -0.1677 0.1588 9
0.6372 -0.1338 -0.0341 7
0.8296 -0.1744 0.1957 7
0.6321 -0.133 -0.0113 6
0.6769 -0.1435 0.0121 5
0.6799 -0.1443 0.0364 8
0.5915 -0.1256 -0.1175 13
0.7269 -0.1545 0.065 7
0.599 -0.1274 -0.097 12
0.7223 -0.1538 0.0907 12
0.6271 -0.1336 -0.0787 6
0.794 -0.1692 0.1286 7
0.608 -0.1297 -0.0544 8
0.8141 -0.1738 0.1618 9
0.6445 -0.1377 -0.0345 7
0.8175 -0.1748 0.193 7
0.6316 -0.1351 -0.0113 6
0.7135 -0.1537 0.0127 9
0.6716 -0.145 0.036 8
0.5757 -0.1244 -0.1145 13
0.7186 -0.1554 0.0643 7
0.5676 -0.1227 -0.092 12
0.7528 -0.1629 0.0946 11
0.615 -0.1332 -0.0773 7
0.7819 -0.1695 0.1267 7
0.6192 -0.1343 -0.0554 7
0.8116 -0.1761 0.1614 9
0.6441 -0.1398 -0.0345 7
0.8055 -0.175 0.1903 7
0.6057 -0.1317 -0.0108 6
0.672 -0.1472 0.012 5
0.6711 -0.1473 0.036 8
0.5753 -0.1263 -0.1145 13
0.7297 -0.1603 0.0654 7
0.5788 -0.1273 -0.0939 12
0.7522 -0.1655 0.0946 11
0.5874 -0.1294 -0.0739 7
0.7967 -0.1756 0.1292 7
0.6382 -0.1407 -0.0572 7
0.8167 -0.1802 0.1626 9
0.6358 -0.1404 -0.0341 7
0.8049 -0.1779 0.1903 7
0.6014 -0.133 -0.0108 7
0.6617 -0.1474 0.0118 5
0.6842 -0.1527 0.0367 8
0.594 -0.1326 -0.1183 12
0.7253 -0.162 0.065 7
0.5899 -0.1319 -0.0957 12
0.7478 -0.1673 0.0941 11
0.5928 -0.1327 -0.0746 7
0.7845 -0.1758 0.1273 7
0.5794 -0.1298 -0.0519 8
0.8122 -0.1822 0.1618 9
0.6431 -0.1443 -0.0345 7
0.8157 -0.1832 0.193 7
0.6224 -0.1399 -0.0111 6
0.6982 -0.1581 0.0125 5
0.6934 -0.1573 0.0373 8
0.5897 -0.1338 -0.1175 13
0.7208 -0.1636 0.0647 7
0.5586 -0.1269 -0.0907 13
0.7665 -0.1743 0.0965 10
0.5962 -0.1357 -0.0751 7
0.7839 -0.1785 0.1273 7
0.61 -0.139 -0.0547 8
0.8154 -0.1859 0.1626 9
0.6504 -0.1484 -0.035 7
0.8188 -0.1869 0.1939 7
0.616 -0.1408 -0.011 6
0.6782 -0.1561 0.0121 5
0.6773 -0.1561 0.0364 8
0.5739 -0.1324 -0.1145 13
0.7202 -0.1663 0.0647 7
0.5582 -0.129 -0.0907 13
0.7582 -0.1752 0.0955 11
0.588 -0.136 -0.0741 7
0.7948 -0.1839 0.1292 7
0.6056 -0.1403 -0.0544 8
0.809 -0.1875 0.1614 9
0.6498 -0.1507 -0.035 7
0.8219 -0.1908 0.1948 7
0.637 -0.1479 -0.0114 6
0.6717 -0.1572 0.012 5
0.6592 -0.1544 0.0355 8
0.562 -0.1317 -0.1122 13
0.7158 -0.1679 0.0643 7
0.5885 -0.1381 -0.0957 12
0.7459 -0.1752 0.0941 11
0.5952 -0.1399 -0.0751 7
0.7826 -0.184 0.1273 7
0.6167 -0.1451 -0.0554 7
0.795 -0.1872 0.1588 9
0.6532 -0.1539 -0.0352 7
0.8137 -0.1919 0.193 7
0.6345 -0.1496 -0.0114 6
0.6712 -0.1594 0.012 5
0.6723 -0.1599 0.0362 8
0.5882 -0.14 -0.1175 13
0.7152 -0.1704 0.0643 7
0.5842 -0.1392 -0.0951 12
0.7569 -0.1805 0.0955 11
0.5909 -0.141 -0.0746 7
0.7705 -0.184 0.1255 7
0.5852 -0.1399 -0.0526 8
0.8134 -0.1944 0.1626 9
0.6488 -0.1552 -0.035 7
0.813 -0.1946 0.193 7
0.6223 -0.1491 -0.0112 6
0.6901 -0.1664 0.0124 5
0.6737 -0.1627 0.0363 8
0.584 -0.1411 -0.1168 13
0.7185 -0.1737 0.0647 7
0.576 -0.1393 -0.0939 12
0.7679 -0.1859 0.097 10
0.5788 -0.1402 -0.0731 7
0.7775 -0.1885 0.1267 7
0.577 -0.1399 -0.0519 8
0.8204 -0.1991 0.1641 9
0.6618 -0.1607 -0.0357 7
0.8199 -0.1993 0.1948 7
0.6431 -0.1564 -0.0116 6
0.6934 -0.1698 0.0125 5
0.6809 -0.167 0.0367 8
0.5949 -0.1459 -0.1191 12
0.7256 -0.1781 0.0654 7
0.5678 -0.1395 -0.0926 12
0.7595 -0.1867 0.096 10
0.6014 -0.1479 -0.076 7
0.7922 -0.195 0.1292 7
0.6036 -0.1486 -0.0544 8
0.8159 -0.201 0.1633 9
0.6574 -0.1621 -0.0355 7
0.8268 -0.204 0.1966 7
0.6271 -0.1548 -0.0113 6
0.687 -0.1708 0.0124 5
0.6997 -0.1742 0.0378 8
0.5792 -0.1442 -0.116 13
0.7366 -0.1835 0.0664 7
0.5942 -0.1481 -0.097 12
0.7512 -0.1874 0.0951 11
0.5816 -0.1452 -0.0736 7
0.7877 -0.1968 0.1286 7
0.6262 -0.1566 -0.0565 7
0.798 -0.1996 0.1599 9
0.6413 -0.1605 -0.0346 7
0.8223 -0.2059 0.1957 4
0.6168 -0.1546 -0.0111 6
0.6709 -0.1693 0.0121 5
0.67 -0.1693 0.0362 8
0.5862 -0.1482 -0.1175 13
0.732 -0.1852 0.0661 7
0.5707 -0.1445 -0.0932 12
0.7505 -0.19 0.0951 11
0.585 -0.1482 -0.0741 7
0.7908 -0.2005 0.1292 7
0.5909 -0.15 -0.0533 8
0.8068 -0.2049 0.1618 9
0.6562 -0.1668 -0.0355 7
0.8064 -0.2051 0.1921 7
0.6492 -0.1651 -0.0117 6
0.6916 -0.1772 0.0125 5
0.6675 -0.1711 0.0361 8
0.5667 -0.1454 -0.1137 13
0.7314 -0.1878 0.0661 7
0.5931 -0.1524 -0.097 12
0.7575 -0.1948 0.096 10
0.5998 -0.1543 -0.076 7
0.7786 -0.2003 0.1273 7
0.6136 -0.158 -0.0554 7
0.8099 -0.2087 0.1626 9
0.6614 -0.1706 -0.0358 7
0.8265 -0.2133 0.1971 4
0.5964 -0.1539 -0.0108 7
0.6735 -0.1749 0.0121 5
0.6843 -0.178 0.0371 8
0.5966 -0.1553 -0.1198 12
0.7192 -0.1873 0.065 7
0.5849 -0.1524 -0.0957 12
0.7568 -0.1973 0.096 10
0.6185 -0.1613 -0.0785 6
0.7817 -0.2041 0.128 7
0.5976 -0.1561 -0.054 8
0.8092 -0.2114 0.1626 9
0.6647 -0.1738 -0.036 7
0.8144 -0.2131 0.1944 5
0.619 -0.1621 -0.0112 6
0.6729 -0.1773 0.0121 5
0.6817 -0.1797 0.0369 8
0.5695 -0.1503 -0.1145 13
0.7185 -0.1897 0.065 7
0.5615 -0.1484 -0.092 12
0.7561 -0.1999 0.096 10
0.6103 -0.1615 -0.0775 7
0.7849 -0.2077 0.1286 7
0.5932 -0.1571 -0.0537 8
0.8009 -0.2122 0.161 9
0.666 -0.1766 -0.0361 7
0.825 -0.2189 0.1971 4
0.6185 -0.1641 -0.0112 6
0.6859 -0.1831 0.0124 5
0.6888 -0.1842 0.0374 8
0.569 -0.1522 -0.1145 13
0.7256 -0.1943 0.0657 7
0.5686 -0.1523 -0.0932 12
0.7478 -0.2004 0.0951 11
0.5905 -0.1583 -0.0751 7
0.7956 -0.2135 0.1305 7
0.5888 -0.1581 -0.0533 8
0.8002 -0.2148 0.161 9
0.6442 -0.1731 -0.035 7
0.8073 -0.2171 0.193 5
0.6044 -0.1626 -0.0109 6
0.7142 -0.1934 0.0129 4
0.6785 -0.184 0.0368 8
0.5874 -0.1593 -0.1183 12
0.7365 -0.1998 0.0668 7
0.5833 -0.1584 -0.0957 12
0.7471 -0.203 0.0951 11
0.5632 -0.1531 -0.0717 7
0.7834 -0.2131 0.1286 7
0.6152 -0.1674 -0.0558 7
0.8146 -0.2218 0.1641 9
0.6456 -0.1759 -0.0351 7
0.816 -0.2225 0.1953 4
0.6463 -0.1763 -0.0117 6
0.6904 -0.1895 0.0125 5
0.676 -0.1858 0.0367 8
0.5566 -0.153 -0.1122 13
0.7242 -0.1992 0.0657 7
0.5828 -0.1604 -0.0957 12
0.754 -0.2077 0.096 10
0.5894 -0.1625 -0.0751 7
0.7788 -0.2148 0.128 7
0.6185 -0.1706 -0.0561 7
0.8176 -0.2257 0.1649 8
0.6353 -0.1755 -0.0345 7
0.8152 -0.2253 0.1953 4
0.6264 -0.1732 -0.0113 6
0.6704 -0.1866 0.0121 5
0.683 -0.1903 0.0372 8
0.5901 -0.1644 -0.1191 12
0.712 -0.1985 0.0647 7
0.5822 -0.1625 -0.0957 12
0.7457 -0.2082 0.0951 11
0.5965 -0.1667 -0.076 7
0.7819 -0.2186 0.1286 7
0.5872 -0.1642 -0.0533 8
0.8205 -0.2296 0.1656 8
0.6405 -0.1793 -0.0349 7
0.6142 -0.1722 -0.0111 6
0.6832 -0.1927 0.0124 5
0.6881 -0.1943 0.0375 8
0.563 -0.159 -0.1137 13
0.7228 -0.2043 0.0657 7
0.5741 -0.1623 -0.0945 12
0.7564 -0.214 0.0965 10
0.5959 -0.1687 -0.076 7
0.7925 -0.2246 0.1305 7
0.6211 -0.176 -0.0565 7
0.816 -0.2314 0.1649 8
0.659 -0.187 -0.0359 7
0.6348 -0.1803 -0.0115 6
0.6691 -0.1912 0.0121 5
0.6855 -0.1962 0.0374 8
0.5889 -0.1685 -0.1191 12
0.7144 -0.2046 0.065 7
0.5773 -0.1654 -0.0951 12
0.7556 -0.2167 0.0965 10
0.5915 -0.1697 -0.0756 7
0.7766 -0.223 0.128 7
0.6051 -0.1738 -0.0551 7
0.7963 -0.2288 0.161 9
0.6334 -0.1821 -0.0345 7
0.6553 -0.1886 -0.0119 6
0.6972 -0.2019 0.0127 4
0.681 -0.1975 0.0372 8
0.577 -0.1673 -0.1168 13
0.7329 -0.2126 0.0668 7
0.5805 -0.1685 -0.0957 12
0.7358 -0.2138 0.0941 11
0.5871 -0.1707 -0.0751 7
0.7872 -0.229 0.1298 7
0.5854 -0.1703 -0.0533 8
0.8143 -0.237 0.1649 8
0.6616 -0.1927 -0.0361 7
0.8082 -0.2356 0.1944 5
0.6201 -0.1809 -0.0113 6
0.71 -0.2083 0.0129 9
0.6803 -0.1998 0.0372 8
0.5538 -0.1627 -0.1122 13
0.7168 -0.2107 0.0654 7
0.5799 -0.1706 -0.0957 12
0.7541 -0.2219 0.0965 10
0.6017 -0.1772 -0.077 7
0.7788 -0.2295 0.1286 7
0.6192 -0.1825 -0.0565 7
0.8097 -0.2388 0.1641 9
0.6609 -0.195 -0.0361 7
0.828 -0.2445 0.1993 2
0.5964 -0.1762 -0.0109 6
0.6843 -0.2034 0.0125 5
0.6834 -0.2033 0.0374 8
0.5909 -0.1758 -0.1198 12
0.7123 -0.2121 0.065 7
0.5831 -0.1737 -0.0964 12
0.7647 -0.228 0.098 10
0.6011 -0.1793 -0.077 7
0.778 -0.2322 0.1286 7
0.5918 -0.1767 -0.054 8
0.8164 -0.2438 0.1656 8
0.6468 -0.1933 -0.0354 7
0.8215 -0.2457 0.198 4
0.6245 -0.1869 -0.0114 6
0.6664 -0.2006 0.0121 5
0.6789 -0.2046 0.0372 8
0.5451 -0.1643 -0.1107 13
0.7115 -0.2145 0.065 7
0.556 -0.1678 -0.092 12
0.7373 -0.2226 0.0946 11
0.6043 -0.1826 -0.0775 7
0.7923 -0.2395 0.1311 7
0.5912 -0.1787 -0.054 8
0.808 -0.2444 0.1641 9
0.6595 -0.1996 -0.0361 7
0.8337 -0.2525 0.2011 2
0.6449 -0.1955 -0.0118 6
0.6791 -0.207 0.0124 5
0.6953 -0.2122 0.0381 7
0.5784 -0.1765 -0.1175 13
0.7336 -0.224 0.0671 7
0.5781 -0.1766 -0.0957 12
0.7366 -0.2252 0.0946 11
0.5809 -0.1777 -0.0746 7
0.7914 -0.2423 0.1311 7
0.5982 -0.1831 -0.0547 8
0.8184 -0.2507 0.1664 8
0.6302 -0.1931 -0.0345 7
0.8403 -0.2577 0.2029 2
0.6519 -0.2 -0.0119 6
0.6898 -0.2129 0.0126 4
0.6775 -0.2092 0.0372 8
0.5777 -0.1785 -0.1175 13
0.7367 -0.2277 0.0675 7
0.5737 -0.1775 -0.0951 12
0.7358 -0.2278 0.0946 11
0.5803 -0.1796 -0.0746 7
0.7869 -0.2437 0.1305 7
0.5747 -0.1781 -0.0526 8
0.8101 -0.2512 0.1649 8
0.639 -0.1983 -0.0351 7
0.804 -0.2495 0.1944 5
0.6321 -0.1963 -0.0116 6
0.6662 -0.208 0.0122 5
0.673 -0.2102 0.0369 8
0.5584 -0.1746 -0.1137 13
0.7321 -0.229 0.0671 7
0.5957 -0.1865 -0.0989 11
0.7502 -0.2349 0.0965 10
0.5797 -0.1815 -0.0746 7
0.7747 -0.2428 0.1286 7
0.6312 -0.1979 -0.0579 7
0.8074 -0.2533 0.1645 8
0.6422 -0.2016 -0.0353 7
0.8441 -0.265 0.2043 2
0.6257 -0.1966 -0.0114 6
0.6846 -0.2162 0.0125 5
0.6855 -0.2168 0.0377 8
0.5653 -0.1788 -0.1152 13
0.7199 -0.2278 0.0661 7
0.5725 -0.1813 -0.0951 12
0.7588 -0.2404 0.0977 10
0.598 -0.1896 -0.077 7
0.7814 -0.2479 0.1298 7
0.6077 -0.1929 -0.0558 7
0.8159 -0.259 0.1664 8
0.6605 -0.2098 -0.0363 7
0.8357 -0.2656 0.2025 2
0.6403 -0.2036 -0.0117 6
0.6933 -0.2217 0.0127 9
0.6905 -0.221 0.038 7
0.5796 -0.1856 -0.1183 12
0.7191 -0.2305 0.0661 7
0.5869 -0.1882 -0.0976 11
0.7561 -0.2425 0.0975 10
0.5897 -0.1892 -0.076 7
0.7768 -0.2494 0.1292 7
0.6032 -0.1938 -0.0554 7
0.8037 -0.2583 0.1641 9
0.6617 -0.2128 -0.0364 7
0.8533 -0.2746 0.207 1
0.6091 -0.196 -0.0112 6
0.6716 -0.2174 0.0123 5
0.684 -0.2217 0.0377 8
0.5603 -0.1816 -0.1145 13
0.7259 -0.2354 0.0668 7
0.5599 -0.1817 -0.0932 12
0.7496 -0.2434 0.0968 10
0.5815 -0.1889 -0.0751 7
0.7946 -0.2583 0.1323 6
0.5684 -0.1848 -0.0523 8
0.814 -0.2648 0.1664 8
0.64 -0.2083 -0.0353 7
0.8394 -0.2734 0.2038 2
0.6293 -0.2051 -0.0116 6
0.6898 -0.226 0.0127 4
0.6851 -0.2247 0.0378 8
0.5708 -0.1872 -0.1168 13
0.725 -0.238 0.0668 7
0.5668 -0.1861 -0.0945 12
0.7468 -0.2454 0.0965 10
0.5808 -0.191 -0.0751 7
0.7825 -0.2574 0.1305 7
0.634 -0.2086 -0.0584 7
0.8093 -0.2664 0.1656 8
0.6469 -0.2131 -0.0357 7
0.8088 -0.2665 0.1966 2
0.64 -0.211 -0.0118 6
0.7023 -0.2328 0.0129 4
0.673 -0.2232 0.0372 8
0.559 -0.1855 -0.1145 13
0.7204 -0.2392 0.0664 7
0.5699 -0.1894 -0.0951 12
0.746 -0.248 0.0965 10
0.5877 -0.1955 -0.076 7
0.7779 -0.2588 0.1298 7
0.5936 -0.1976 -0.0547 8
0.8158 -0.2717 0.1671 8
0.648 -0.2159 -0.0358 7
0.8264 -0.2755 0.2011 2
0.6203 -0.2068 -0.0114 6
0.7053 -0.2364 0.013 9
0.676 -0.2268 0.0374 8
0.5732 -0.1925 -0.1175 13
0.712 -0.2392 0.0657 7
0.5692 -0.1912 -0.0951 12
0.7489 -0.2517 0.097 10
0.5983 -0.2012 -0.0775 7
0.7807 -0.2627 0.1305 7
0.5967 -0.2009 -0.0551 7
0.8038 -0.2707 0.1649 8
0.6492 -0.2187 -0.0359 7
0.8254 -0.2783 0.2011 2
0.6196 -0.209 -0.0114 6
0.6704 -0.2273 0.0124 5
0.6865 -0.233 0.038 7
0.5689 -0.1931 -0.1168 13
0.7188 -0.2441 0.0664 7
0.5761 -0.1958 -0.0964 12
0.763 -0.2595 0.099 10
0.5939 -0.2021 -0.077 7
0.7723 -0.2629 0.1292 7
0.6318 -0.2152 -0.0584 7
0.8103 -0.276 0.1664 8
0.6409 -0.2184 -0.0355 7
0.6302 -0.215 -0.0116 6
0.7018 -0.2407 0.0129 9
0.68 -0.2335 0.0377 8
0.5719 -0.1965 -0.1175 13
0.7216 -0.2481 0.0668 7
0.5679 -0.1953 -0.0951 12
0.764 -0.2628 0.0992 10
0.5781 -0.199 -0.0751 7
0.7975 -0.2746 0.1336 6
0.6028 -0.2077 -0.0558 7
0.8092 -0.279 0.1664 8
0.6382 -0.2201 -0.0354 7
0.6559 -0.2264 -0.0121 6
0.6914 -0.24 0.0128 4
0.6641 -0.2307 0.0368 8
0.5749 -0.1997 -0.1183 12
0.7283 -0.2532 0.0675 7
0.5634 -0.196 -0.0945 12
0.7368 -0.2564 0.0958 11
0.5737 -0.1998 -0.0746 7
0.7891 -0.2749 0.1323 6
0.6058 -0.2111 -0.0561 7
0.8138 -0.2837 0.1675 8
0.628 -0.2191 -0.0349 7
0.6173 -0.2156 -0.0114 6
0.6925 -0.243 0.0128 4
0.6802 -0.239 0.0378 8
0.5668 -0.1992 -0.1168 13
0.7086 -0.2491 0.0657 7
0.5739 -0.2019 -0.0964 12
0.749 -0.2636 0.0975 10
0.5804 -0.2044 -0.0756 7
0.7844 -0.2764 0.1317 7
0.6013 -0.2119 -0.0558 7
0.8054 -0.284 0.166 8
0.6555 -0.2312 -0.0364 7
0.6354 -0.2244 -0.0118 6
0.686 -0.2435 0.0127 4
0.6776 -0.2406 0.0377 8
0.555 -0.1972 -0.1145 13
0.704 -0.2503 0.0654 7
0.5658 -0.2012 -0.0951 12
0.7481 -0.2662 0.0975 10
0.5947 -0.2118 -0.0775 14
0.7723 -0.275 0.1298 7
0.625 -0.2227 -0.058 7
0.7989 -0.2848 0.1649 5
0.6641 -0.2369 -0.0369 6
0.6234 -0.2225 -0.0116 6
0.672 -0.241 0.0125 5
0.6936 -0.249 0.0386 7
0.5654 -0.2031 -0.1168 13
0.7256 -0.2608 0.0675 7
0.5688 -0.2045 -0.0957 12
0.7677 -0.2761 0.1002 9
0.5828 -0.2097 -0.076 14
0.7899 -0.2844 0.133 6
0.6148 -0.2215 -0.0572 7
0.6407 -0.2309 -0.0357 7
0.6433 -0.2321 -0.0119 6
0.6617 -0.2399 0.0123 5
0.6834 -0.2481 0.0381 7
0.5647 -0.205 -0.1168 13
0.7285 -0.2646 0.0678 6
0.557 -0.2024 -0.0939 12
0.7537 -0.274 0.0985 10
0.5932 -0.2158 -0.0775 7
0.7852 -0.2858 0.1323 6
0.5841 -0.2126 -0.0544 8
0.6474 -0.2359 -0.0361 7
0.6481 -0.2364 -0.012 6
0.6947 -0.2546 0.0129 4
0.6788 -0.2491 0.0379 7
0.5529 -0.2029 -0.1145 13
0.7089 -0.2602 0.0661 7
0.5563 -0.2043 -0.0939 12
0.7565 -0.278 0.099 10
0.5738 -0.211 -0.0751 14
0.7823 -0.2878 0.132 7
0.632 -0.2325 -0.0589 7
0.6447 -0.2375 -0.036 7
0.6342 -0.2338 -0.0118 6
0.6863 -0.2543 0.0128 4
0.676 -0.2507 0.0378 8
0.578 -0.2144 -0.1198 12
0.7229 -0.2683 0.0675 7
0.5815 -0.2159 -0.0982 11
0.7518 -0.2793 0.0985 10
0.588 -0.2186 -0.077 14
0.7813 -0.2906 0.132 3
0.6032 -0.2243 -0.0563 7
0.6495 -0.2418 -0.0363 7
0.6465 -0.2409 -0.012 6
0.691 -0.2588 0.0129 4
0.6845 -0.2566 0.0383 7
0.5625 -0.2109 -0.1168 13
0.7182 -0.2694 0.0671 7
0.5696 -0.2138 -0.0964 12
0.7434 -0.2791 0.0975 10
0.5835 -0.2192 -0.0765 7
0.6061 -0.2278 -0.0567 7
0.6486 -0.2441 -0.0363 7
0.6306 -0.2375 -0.0118 6
0.6677 -0.2527 0.0125 5
0.6817 -0.2583 0.0382 7
0.7284 -0.2761 0.0682 6
0.5578 -0.2116 -0.0945 12
0.7461 -0.2831 0.098 10
0.579 -0.2198 -0.076 7
0.5867 -0.2229 -0.0549 8
0.6497 -0.247 -0.0364 7
0.6392 -0.2433 -0.0119 6
0.6873 -0.2629 0.0128 4
0.6789 -0.2599 0.0381 7
0.5684 -0.2176 -0.1183 12
0.7312 -0.2801 0.0685 6
0.5681 -0.2177 -0.0964 12
0.7451 -0.2857 0.098 5
0.5783 -0.2219 -0.076 7
0.6157 -0.2363 -0.0577 7
0.6283 -0.2414 -0.0353 7
0.6458 -0.2484 -0.0121 6
0.6957 -0.2689 0.013 9
0.6724 -0.2601 0.0378 8
0.7191 -0.2783 0.0675 7
0.5747 -0.2226 -0.0976 11
0.5849 -0.2267 -0.077 7
0.6148 -0.2385 -0.0577 7
0.6349 -0.2465 -0.0357 7
0.6169 -0.2398 -0.0116 6
0.6724 -0.2626 0.0126 4
0.6659 -0.2603 0.0375 8
0.5486 -0.2144 -0.1145 13
0.7218 -0.2823 0.0678 6
0.585 -0.2289 -0.0995 11
0.5878 -0.2302 -0.0775 14
0.6029 -0.2363 -0.0567 7
0.6377 -0.2502 -0.0359 7
0.6161 -0.2419 -0.0116 6
0.7031 -0.2774 0.0132 9
0.6929 -0.2736 0.039 7
0.5551 -0.2192 -0.116 13
0.6912 -0.2731 0.065 7
0.5658 -0.2237 -0.0964 12
0.5944 -0.2352 -0.0785 6
0.5798 -0.2296 -0.0546 8
0.661 -0.262 -0.0373 6
0.6078 -0.2411 -0.0114 6
0.6613 -0.2636 0.0124 5
0.6919 -0.2761 0.039 7
0.5726 -0.2284 -0.1198 12
0.6921 -0.2762 0.0652 3
0.5687 -0.2271 -0.097 12
0.5604 -0.224 -0.0741 7
0.5772 -0.2309 -0.0544 8
0.6415 -0.2569 -0.0362 7
0.6255 -0.2507 -0.0118 6
0.6771 -0.2725 0.0127 4
0.6836 -0.2754 0.0386 7
0.5572 -0.2245 -0.1168 13
0.5643 -0.2275 -0.0964 12
0.5854 -0.2363 -0.0775 7
0.593 -0.2395 -0.056 7
0.637 -0.2575 -0.036 7
0.6321 -0.2558 -0.0119 6
0.6836 -0.2778 0.0129 4
0.6678 -0.2717 0.0378 8
0.5565 -0.2264 -0.1168 13
0.5781 -0.2355 -0.0989 11
0.5735 -0.2338 -0.076 7
0.5903 -0.2408 -0.0558 7
0.6435 -0.2627 -0.0364 7
0.6238 -0.255 -0.0118 6
0.6752 -0.2772 0.0127 4
0.6614 -0.2717 0.0375 4
0.5593 -0.2298 -0.1175 13
0.5627 -0.2315 -0.0964 12
0.5617 -0.2313 -0.0746 14
0.6171 -0.2542 -0.0584 7
0.6407 -0.2642 -0.0363 7
0.6193 -0.2555 -0.0117 6
0.6817 -0.2825 0.0129 4
0.5694 -0.2363 -0.1198 12
0.5583 -0.2318 -0.0957 12
0.5829 -0.2423 -0.0775 14
0.6034 -0.251 -0.0572 7
0.638 -0.2656 -0.0362 7
0.6258 -0.2607 -0.0118 6
0.6641 -0.2779 0.0126 5
0.5577 -0.2336 -0.1175 13
0.5684 -0.2383 -0.0976 11
0.5747 -0.2412 -0.0765 7
0.5878 -0.2469 -0.0558 7
0.6647 -0.2794 -0.0378 6
0.6506 -0.2738 -0.0123 6
0.6668 -0.2818 0.0126 4
0.5605 -0.2371 -0.1183 12
0.5712 -0.2419 -0.0982 11
0.5885 -0.2494 -0.0785 13
0.6035 -0.2559 -0.0573 7
0.6416 -0.2724 -0.0365 7
0.6386 -0.2713 -0.0121 6
0.574 -0.2454 -0.0989 11
0.5949 -0.2546 -0.0795 13
0.6355 -0.2722 -0.0605 6
0.637 -0.273 -0.0363 7
0.6358 -0.2728 -0.0121 6
0.5588 -0.2411 -0.1183 12
0.5658 -0.2444 -0.0976 11
0.5795 -0.2504 -0.0775 14
0.6345 -0.2745 -0.0605 6
0.6452 -0.2793 -0.0368 6
0.6257 -0.271 -0.0119 6
0.558 -0.2431 -0.1183 12
0.5794 -0.2527 -0.1001 11
0.5931 -0.2589 -0.0795 6
0.6044 -0.2639 -0.0577 7
0.6515 -0.2848 -0.0373 6
0.6138 -0.2684 -0.0117 6
0.5607 -0.2466 -0.1191 12
0.5569 -0.245 -0.0964 12
0.6031 -0.2656 -0.0809 6
0.5907 -0.2604 -0.0565 7
0.6432 -0.2837 -0.0368 6
0.5596 -0.2486 -0.097 12
0.5913 -0.2629 -0.0795 13
0.608 -0.2705 -0.0582 7
0.6459 -0.2876 -0.0371 6
0.5768 -0.2586 -0.1001 11
0.5832 -0.2617 -0.0785 6
0.6143 -0.2758 -0.0589 7
0.6413 -0.2882 -0.0368 6
0.5438 -0.2459 -0.116 13
0.5723 -0.259 -0.0995 11
0.5822 -0.2638 -0.0785 6
0.6134 -0.278 -0.0589 7
0.6366 -0.2888 -0.0366 6
0.5501 -0.251 -0.1175 13
0.5714 -0.2609 -0.0995 11
0.5741 -0.2624 -0.0775 7
0.6015 -0.2751 -0.0579 7
0.5418 -0.2497 -0.0945 12
0.5804 -0.2677 -0.0785 6
0.6042 -0.2789 -0.0582 7
0.5588 -0.26 -0.0976 11
0.5687 -0.2647 -0.077 7
0.596 -0.2777 -0.0575 7
0.5722 -0.2686 -0.1001 11
0.5785 -0.2719 -0.0785 6
0.5986 -0.2814 -0.0579 7
0.5572 -0.2637 -0.1198 12
0.582 -0.2756 -0.102 11
0.6099 -0.2891 -0.0829 6
0.5597 -0.2674 -0.0982 11
0.5659 -0.2706 -0.077 7
0.5518 -0.2658 -0.1191 12
0.5445 -0.2625 -0.0957 12
0.59 -0.2847 -0.0804 6
0.5544 -0.2695 -0.1198 12
0.572 -0.2782 -0.1007 11
0.5747 -0.2798 -0.0785 6
0.5675 -0.2785 -0.1001 11
0.5842 -0.2892 -0.1032 11
0.5726 -0.286 -0.1014 5
0.5187 -0.2613 -0.092 6
0.5059 -0.2612 -0.1107 13
