2.526 0.2308 -0.1329 2
2.4996 0.2235 0.0438 18
2.4966 0.2228 0.1314 20
2.52 0.2209 -0.0442 29
2.4924 0.2146 0.0437 33
2.4974 0.2141 0.1314 34
2.5152 0.2147 0.2209 22
2.4902 0.2122 0.3069 23
2.4977 0.2111 -0.1314 26
2.5068 0.2109 -0.0439 23
2.4951 0.206 0.0437 23
2.4902 0.2047 0.1309 27
2.5278 0.2074 0.2219 27
2.5048 0.2046 0.3086 27
2.4944 0.202 -0.1312 29
2.5115 0.2025 -0.044 26
2.5158 0.1989 0.044 28
2.4909 0.196 0.1309 24
2.5126 0.1973 0.2205 26
2.5015 0.1956 0.3081 27
2.4991 0.1936 -0.1314 28
2.5022 0.193 -0.0438 28
2.5085 0.1895 0.0439 28
2.4955 0.1881 0.1312 25
2.4994 0.1875 0.2193 28
2.5121 0.1876 0.3093 32
2.5037 0.1852 -0.1316 28
2.4988 0.1844 -0.0437 28
2.4931 0.18 0.0436 31
2.4981 0.1795 0.1313 28
2.504 0.1791 0.2196 33
2.5147 0.1794 0.3095 27
2.5043 0.1769 -0.1316 30
2.4975 0.1755 -0.0437 30
2.4977 0.1716 0.0437 31
2.4927 0.1708 0.1309 30
2.5165 0.1716 0.2207 32
2.4975 0.1694 0.3074 25
2.4989 0.1677 -0.1313 36
2.508 0.1679 -0.0439 27
2.4983 0.1633 0.0437 31
2.4913 0.162 0.1308 29
2.5092 0.1623 0.22 34
2.5 0.1612 0.3076 26
2.4995 0.1594 -0.1313 31
2.5106 0.1593 -0.0439 30
2.5068 0.1551 0.0438 31
2.4879 0.153 0.1306 30
2.5137 0.1542 0.2203 33
2.5065 0.1529 0.3083 28
2.498 0.1506 -0.1312 30
2.5011 0.1499 -0.0437 35
2.4994 0.1459 0.0437 34
2.4924 0.1446 0.1308 32
2.5023 0.1443 0.2193 33
2.5129 0.1445 0.3091 30
2.5026 0.1417 -0.1314 33
2.5096 0.1416 -0.0439 36
2.4999 0.1367 0.0437 36
2.4989 0.1362 0.1312 33
2.5047 0.1357 0.2195 35
2.5016 0.1346 0.3076 32
2.501 0.1328 -0.1313 34
2.5041 0.1325 -0.0438 41
2.5043 0.1286 0.0438 37
2.4933 0.1272 0.1308 34
2.5112 0.1272 0.22 37
2.504 0.1264 0.3078 28
2.4955 0.1242 -0.1309 36
2.5006 0.1236 -0.0437 36
2.5008 0.1197 0.0437 44
2.4898 0.1183 0.1306 35
2.5156 0.1191 0.2203 33
2.5004 0.1175 0.3074 29
2.4959 0.1155 -0.1309 40
2.503 0.115 -0.0437 40
2.5052 0.1111 0.0438 44
2.4842 0.1093 0.1303 37
2.508 0.1099 0.2196 33
2.5008 0.1088 0.3074 29
2.5003 0.107 -0.1312 36
2.5014 0.1062 -0.0437 43
2.5055 0.1024 0.0438 44
2.4885 0.1008 0.1305 38
2.5124 0.1013 0.22 38
2.5072 0.1003 0.3081 32
2.4986 0.0982 -0.131 35
2.4997 0.0973 -0.0437 48
2.4899 0.093 0.0435 55
2.4909 0.0922 0.1306 41
2.5027 0.0922 0.2191 37
2.5075 0.0915 0.3081 31
2.501 0.0895 -0.1312 40
2.502 0.0887 -0.0437 43
2.5002 0.0847 0.0437 63
2.4932 0.084 0.1307 39
2.517 0.0839 0.2203 43
2.4979 0.0824 0.3069 32
2.4973 0.0807 -0.1309 58
2.5083 0.0806 -0.0438 56
2.5025 0.0765 0.0437 68
2.4875 0.0751 0.1304 52
2.5133 0.075 0.22 43
2.5041 0.0743 0.3076 30
2.4955 0.0723 -0.1308 76
2.4966 0.0715 -0.0436 67
2.4987 0.0676 0.0436 74
2.4897 0.0665 0.1305 51
2.5095 0.0666 0.2196 49
2.5063 0.0656 0.3078 34
2.4978 0.0637 -0.1309 58
2.4928 0.0627 -0.0435 69
2.4909 0.0587 0.0435 87
2.4879 0.0578 0.1304 59
2.4998 0.0576 0.2188 44
2.5045 0.0568 0.3076 31
2.502 0.055 -0.1312 66
2.501 0.0541 -0.0437 85
2.4811 0.0498 0.0433 100
2.4961 0.0492 0.1308 59
2.5079 0.049 0.2195 44
2.5047 0.0481 0.3076 31
2.5041 0.0463 -0.1313 78
2.4992 0.0454 -0.0436 88
2.5013 0.0415 0.0437 101
2.4923 0.0405 0.1306 59
2.5121 0.0403 0.2198 44
2.5009 0.0393 0.3071 31
2.4863 0.0373 -0.1303 99
2.5093 0.0368 -0.0438 101
2.5134 0.0329 0.0439 102
2.4824 0.0316 0.1301 74
2.5182 0.0316 0.2203 49
2.503 0.0306 0.3074 36
2.4904 0.0287 -0.1305 75
2.5095 0.028 -0.0438 105
2.5035 0.024 0.0437 104
2.4905 0.023 0.1305 85
2.5103 0.0228 0.2196 49
2.5071 0.0219 0.3078 34
2.5045 0.0201 -0.1313 102
2.4875 0.0191 -0.0434 100
2.4996 0.0153 0.0436 100
2.4945 0.0144 0.1307 85
2.4964 0.0139 0.2184 38
2.5111 0.0131 0.3083 32
2.5025 0.0114 -0.1312 103
2.4976 0.0105 -0.0436 100
2.4916 0.0065 0.0435 100
2.4966 0.0057 0.1308 90
2.5084 0.0053 0.2195 27
2.5032 0.0044 0.3074 34
2.4986 0.0026 -0.1309 106
2.5016 0.0017 -0.0437 117
2.4836 -0.0022 0.0434 100
2.4926 -0.0026 0.1306 90
2.5124 -0.0035 0.2198 38
2.4972 -0.0044 0.3066 31
2.5006 -0.0057 -0.131 108
2.4896 -0.0065 -0.0435 100
2.4976 -0.0105 0.0436 100
2.4786 -0.0108 0.1299 88
2.5184 -0.0119 0.2203 57
2.5032 -0.0127 0.3074 26
2.4925 -0.0144 -0.1306 100
2.5016 -0.0148 -0.0437 118
2.5095 -0.0188 0.0438 109
2.4825 -0.0195 0.1301 94
2.5123 -0.0202 0.2198 54
2.5011 -0.021 0.3071 34
2.5005 -0.0227 -0.131 109
2.4895 -0.0235 -0.0435 100
2.5035 -0.0275 0.0437 110
2.4964 -0.0283 0.1308 72
2.5063 -0.0289 0.2193 49
2.5149 -0.0298 0.3088 34
2.5163 -0.0316 -0.1319 112
2.4954 -0.0322 -0.0436 100
2.4934 -0.0361 0.0435 100
2.4943 -0.037 0.1307 76
2.5061 -0.0376 0.2193 49
2.5089 -0.0385 0.3081 30
2.4923 -0.04 -0.1306 100
2.4993 -0.041 -0.0436 100
2.4972 -0.0449 0.0436 100
2.4902 -0.0456 0.1305 78
2.514 -0.0465 0.22 41
2.5067 -0.0473 0.3078 27
2.4981 -0.0488 -0.1309 111
2.5111 -0.05 -0.0438 119
2.499 -0.0537 0.0436 100
2.486 -0.0538 0.1303 88
2.5138 -0.0553 0.22 41
2.4986 -0.0558 0.3069 27
2.4839 -0.0572 -0.1302 100
2.5069 -0.0582 -0.0438 120
2.5128 -0.0623 0.0439 108
2.4838 -0.0624 0.1302 81
2.5116 -0.064 0.2198 45
2.5004 -0.0642 0.3071 34
2.4897 -0.0656 -0.1305 100
2.4867 -0.0664 -0.0434 100
2.5086 -0.0709 0.0438 108
2.4896 -0.0713 0.1305 78
2.5054 -0.0722 0.2193 39
2.5021 -0.073 0.3074 32
2.4955 -0.0745 -0.1308 100
2.4865 -0.0751 -0.0434 100
2.4984 -0.0794 0.0436 100
2.4973 -0.0802 0.1309 76
2.5051 -0.0809 0.2193 40
2.5058 -0.0818 0.3078 33
2.4932 -0.0831 -0.1307 100
2.4922 -0.084 -0.0435 100
2.4941 -0.088 0.0436 100
2.491 -0.0887 0.1306 72
2.5028 -0.0896 0.2191 38
2.4996 -0.0903 0.3071 32
2.4849 -0.0916 -0.1303 100
2.5059 -0.0932 -0.0438 111
2.4977 -0.0968 0.0436 100
2.4807 -0.097 0.1301 59
2.5105 -0.0986 0.2198 29
2.5032 -0.0992 0.3076 29
2.4886 -0.1004 -0.1305 100
2.4996 -0.1017 -0.0437 115
2.5094 -0.1061 0.0438 99
2.4843 -0.1059 0.1303 57
2.5201 -0.1078 0.2207 38
2.5108 -0.1083 0.3086 29
2.4962 -0.1094 -0.1309 100
2.4792 -0.1095 -0.0433 100
2.505 -0.1146 0.0438 99
2.4939 -0.115 0.1308 54
2.4978 -0.1156 0.2188 37
2.5084 -0.117 0.3083 27
2.4998 -0.1183 -0.1312 101
2.4848 -0.1185 -0.0434 100
2.5006 -0.1232 0.0437 99
2.4935 -0.1233 0.1308 50
2.5033 -0.1246 0.2193 35
2.504 -0.1255 0.3078 26
2.4973 -0.1269 -0.131 92
2.4924 -0.1271 -0.0436 100
2.4922 -0.131 0.0436 99
2.4971 -0.1322 0.131 50
2.5069 -0.1336 0.2196 34
2.4996 -0.1336 0.3074 27
2.4889 -0.1348 -0.1306 93
2.4979 -0.1362 -0.0437 107
2.4997 -0.1402 0.0437 99
2.4826 -0.1401 0.1303 45
2.5203 -0.1427 0.2209 36
2.5051 -0.1427 0.3081 25
2.4865 -0.1434 -0.1305 97
2.4954 -0.1448 -0.0436 100
2.5092 -0.1495 0.0439 85
2.4921 -0.1494 0.1308 50
2.5079 -0.1508 0.2198 36
2.5026 -0.1513 0.3078 27
2.4979 -0.1528 -0.1312 98
2.4869 -0.153 -0.0435 96
2.5106 -0.1584 0.0439 74
2.4936 -0.1582 0.1309 46
2.4994 -0.159 0.2191 34
2.504 -0.1602 0.3081 31
2.4973 -0.1615 -0.1312 74
2.4924 -0.162 -0.0436 94
2.5041 -0.1668 0.0438 65
2.499 -0.1673 0.1313 41
2.5048 -0.1681 0.2196 33
2.5015 -0.1688 0.3078 28
2.5027 -0.1706 -0.1315 49
2.4918 -0.1707 -0.0436 61
2.5035 -0.1755 0.0438 63
2.4904 -0.175 0.1308 40
2.5062 -0.177 0.2198 36
2.491 -0.1768 0.3066 25
2.4862 -0.1782 -0.1306 55
2.5151 -0.1807 -0.044 67
2.5029 -0.1838 0.0438 60
2.4878 -0.1836 0.1307 33
2.5135 -0.1863 0.2205 34
2.4963 -0.1855 0.3074 26
2.4995 -0.1875 -0.1314 48
2.4965 -0.1882 -0.0437 47
2.5042 -0.1927 0.0438 51
2.4812 -0.1918 0.1304 35
2.5069 -0.1942 0.22 31
2.5016 -0.1947 0.3081 30
2.4989 -0.1962 -0.1314 47
2.4939 -0.1967 -0.0437 48
2.5055 -0.2016 0.0439 58
2.4944 -0.2016 0.1312 33
2.5042 -0.2028 0.2198 41
2.5068 -0.2039 0.3088 29
2.4942 -0.2046 -0.1312 51
2.4972 -0.2057 -0.0437 46
2.5008 -0.21 0.0438 44
2.4957 -0.2104 0.1313 34
2.4955 -0.2109 0.2191 37
2.5022 -0.2123 0.3083 28
2.4935 -0.2133 -0.1312 45
2.5004 -0.2148 -0.0438 48
2.4981 -0.2186 0.0438 38
2.491 -0.2188 0.131 31
2.5087 -0.2208 0.2203 34
2.4955 -0.2205 0.3076 30
2.4907 -0.2219 -0.131 41
2.5076 -0.2242 -0.0439 44
2.5013 -0.2276 0.0438 38
2.4902 -0.2275 0.131 30
2.5178 -0.2305 0.2212 35
2.5006 -0.2298 0.3083 29
2.4919 -0.2307 -0.1312 39
2.5008 -0.2324 -0.0438 43
2.5045 -0.2367 0.0439 36
2.4894 -0.2362 0.131 31
2.5091 -0.2385 0.2205 34
2.4998 -0.2385 0.3083 29
2.4871 -0.239 -0.1309 40
2.4761 -0.2389 -0.0434 36
2.5096 -0.2461 0.044 33
2.4965 -0.2457 0.1315 29
2.5042 -0.2469 0.2202 34
2.5068 -0.248 0.3093 28
2.4982 -0.2489 -0.1316 40
2.4872 -0.2487 -0.0436 35
2.4928 -0.2532 0.0437 34
2.4996 -0.2548 0.1317 27
2.5014 -0.2554 0.22 32
2.5099 -0.2572 0.3098 28
2.4933 -0.2572 -0.1314 39
2.4963 -0.2584 -0.0438 40
2.4998 -0.2627 0.0439 33
2.4848 -0.2616 0.1309 31
2.5044 -0.2646 0.2203 28
2.4952 -0.2645 0.3081 24
2.4865 -0.2653 -0.131 41
2.4974 -0.2669 -0.0438 39
2.501 -0.2712 0.0439 28
2.476 -0.2694 0.1305 21
2.5094 -0.2739 0.2209 10
2.4915 -0.2742 -0.1314 30
2.4945 -0.2754 -0.0438 25
