1.1104 0.1497 0.3002 9
1.1199 0.1494 0.0197 7
1.13 0.1494 0.1805 14
1.1328 0.1495 0.2221 19
1.1242 0.1478 -0.0198 17
1.0975 0.1441 0.2966 15
1.1283 0.1465 0.0199 20
1.133 0.1467 0.0599 22
1.1342 0.1467 0.1001 16
1.1245 0.1453 -0.1796 18
1.1281 0.1455 0.1397 19
1.1301 0.1456 -0.1399 22
1.1422 0.1469 0.1824 17
1.1363 0.1462 -0.1002 21
1.1197 0.1438 0.2194 15
1.1272 0.1446 -0.0596 26
1.1211 0.1436 0.2609 18
1.1346 0.1451 -0.02 22
1.1134 0.1422 0.3007 17
1.1229 0.1419 0.0198 20
1.1275 0.142 0.0596 26
1.1307 0.1422 0.0997 20
1.1188 0.1403 0.1384 19
1.1109 0.1392 -0.1375 24
1.1408 0.1427 0.1821 22
1.1368 0.1422 -0.1002 22
1.126 0.1407 0.2206 19
1.1178 0.1394 -0.059 24
1.11 0.1383 0.2582 18
1.1271 0.1402 -0.0198 20
1.1158 0.1386 0.3013 17
1.1274 0.1384 0.0198 20
1.1042 0.1352 0.0583 20
1.1312 0.1383 0.0997 21
1.1255 0.1374 -0.1796 20
1.1192 0.1364 0.1384 18
1.1134 0.1355 -0.1377 24
1.1217 0.1363 0.179 22
1.1274 0.137 -0.0994 21
1.1245 0.1365 0.2202 16
1.1222 0.136 -0.0592 26
1.1105 0.1344 0.2582 18
1.1078 0.1339 -0.0195 21
1.1124 0.1342 0.3002 17
1.1179 0.1333 0.0197 20
1.1047 0.1315 0.0583 22
1.1218 0.1332 0.0988 21
1.1103 0.1316 -0.1771 21
1.1237 0.133 0.1389 19
1.1099 0.1312 -0.1372 24
1.13 0.1335 0.1802 21
1.1259 0.1329 -0.0992 22
1.1172 0.1316 0.2187 18
1.1187 0.1316 -0.059 24
1.109 0.1303 0.2578 16
1.1102 0.1304 -0.0195 21
1.1013 0.1292 0.2971 17
1.1104 0.1287 0.0195 18
1.0992 0.127 0.058 20
1.1183 0.1288 0.0985 20
1.1029 0.127 -0.1758 21
1.1083 0.1275 0.137 19
1.1162 0.1282 -0.138 24
1.1108 0.1273 0.1771 22
1.1323 0.1296 -0.0997 22
1.1059 0.1266 0.2164 18
1.1271 0.1288 -0.0595 24
1.1114 0.1268 0.2582 18
1.1067 0.1261 -0.0194 21
1.0979 0.1249 0.2961 17
1.1089 0.1246 0.0195 18
1.1055 0.124 0.0583 20
1.1207 0.1253 0.0987 18
1.1033 0.1232 -0.1758 21
1.1068 0.1234 0.1367 16
1.1029 0.1227 -0.1362 22
1.123 0.125 0.179 22
1.1208 0.1245 -0.0987 21
1.1083 0.1229 0.2168 19
1.1037 0.1222 -0.0582 26
1.1021 0.1219 0.256 18
1.1111 0.1229 -0.0195 21
1.1099 0.1225 0.2992 17
1.1152 0.1215 0.0196 18
1.0881 0.1182 0.0574 19
1.1132 0.1205 0.098 20
1.1076 0.1199 -0.1765 21
1.1013 0.1191 0.136 19
1.0934 0.118 -0.135 21
1.1116 0.1198 0.1771 22
1.1173 0.1202 -0.0983 21
1.1107 0.1195 0.2171 16
1.1041 0.1186 -0.0582 24
1.0986 0.1178 0.2551 16
1.1055 0.1183 -0.0194 21
1.0949 0.117 0.2951 17
1.1117 0.1172 0.0195 20
1.0845 0.114 0.0572 20
1.1176 0.1173 0.0983 21
1.11 0.1163 -0.1768 21
1.1056 0.1156 0.1365 21
1.0958 0.1144 -0.1353 22
1.1042 0.1151 0.1758 22
1.1117 0.1157 -0.0978 22
1.1072 0.1152 0.2164 18
1.1085 0.1151 -0.0584 24
1.0952 0.1136 0.2542 16
1.092 0.113 -0.0192 21
1.0953 0.1132 0.2951 18
1.0981 0.1119 0.0193 18
1.0929 0.111 0.0576 19
1.0962 0.111 0.0964 20
1.1045 0.1116 -0.1758 21
1.1021 0.1114 0.136 21
1.0981 0.1108 -0.1355 21
1.1046 0.1112 0.1758 22
1.0982 0.1104 -0.0966 21
1.0959 0.11 0.2141 18
1.1069 0.1109 -0.0583 22
1.0936 0.1094 0.2537 18
1.0964 0.1096 -0.0192 21
1.0803 0.1078 0.2909 18
1.0966 0.1077 0.0192 18
1.0873 0.1066 0.0573 19
1.0946 0.1069 0.0962 18
1.0931 0.1066 -0.174 21
1.1064 0.1077 0.1365 18
1.0867 0.1056 -0.1341 22
1.105 0.1074 0.1758 21
1.0887 0.1056 -0.0957 22
1.0845 0.105 0.2118 18
1.1014 0.1064 -0.058 26
1.0979 0.1059 0.2546 18
1.1027 0.1064 -0.0193 21
1.0807 0.1041 0.2909 18
1.0929 0.1037 0.0192 20
1.0896 0.103 0.0574 19
1.095 0.1031 0.0962 21
1.0954 0.1032 -0.1743 21
1.091 0.1025 0.1345 16
1.087 0.102 -0.1341 22
1.0975 0.1028 0.1746 21
1.103 0.1031 -0.0969 21
1.0868 0.1016 0.2122 16
1.0858 0.1013 -0.0572 24
1.0885 0.1014 0.2524 18
1.0911 0.1014 -0.0191 21
1.0791 0.1001 0.2904 18
1.0973 0.1002 0.0192 18
1.0741 0.0977 0.0565 19
1.0933 0.0993 0.096 18
1.0958 0.0993 -0.1743 21
1.0874 0.0984 0.1341 16
1.0755 0.0971 -0.1326 19
1.1057 0.0997 0.1758 21
1.1013 0.0991 -0.0967 21
1.0813 0.0973 0.211 16
1.0841 0.0973 -0.057 22
1.0831 0.097 0.251 18
1.0975 0.0981 -0.0192 21
1.0853 0.0969 0.2919 17
1.1016 0.0968 0.0193 18
1.0704 0.0937 0.0563 19
1.0937 0.0953 0.096 20
1.0942 0.0952 -0.174 21
1.0897 0.0948 0.1343 18
1.0758 0.0934 -0.1326 19
1.0844 0.0939 0.1724 17
1.0977 0.0949 -0.0964 22
1.0914 0.0941 0.2129 18
1.0885 0.0937 -0.0573 21
1.0795 0.0927 0.2501 18
1.0819 0.0929 -0.019 21
1.0798 0.0926 0.2904 18
1.098 0.0924 0.0192 18
1.0688 0.0896 0.0562 17
1.0761 0.09 0.0945 18
1.0906 0.091 -0.1733 21
1.0821 0.0901 0.1333 16
1.0762 0.0894 -0.1326 19
1.0847 0.0899 0.1724 17
1.0821 0.0897 -0.095 22
1.082 0.0895 0.211 16
1.0848 0.0896 -0.057 22
1.076 0.0886 0.2492 18
1.0842 0.0891 -0.019 21
1.0686 0.0877 0.2873 17
1.0743 0.0866 0.0188 18
1.0751 0.0863 0.0565 19
1.0764 0.0862 0.0945 20
1.0751 0.0859 -0.1708 21
1.0923 0.0871 0.1345 16
1.0745 0.0855 -0.1324 19
1.087 0.0863 0.1727 21
1.0745 0.0853 -0.0943 21
1.0745 0.0851 0.2095 16
1.0891 0.0861 -0.0573 22
1.0801 0.0852 0.2501 18
1.0825 0.0852 -0.019 21
1.0573 0.083 0.2842 18
1.0826 0.0835 0.019 18
1.0753 0.0827 0.0565 19
1.0827 0.0829 0.095 20
1.0715 0.0819 -0.1702 20
1.0708 0.0816 0.1319 18
1.0708 0.0816 -0.1319 17
1.0833 0.0824 0.1721 16
1.0827 0.0822 -0.095 19
1.0748 0.0814 0.2095 16
1.0695 0.0808 -0.0562 21
1.0765 0.0813 0.2492 18
1.0808 0.0815 -0.0189 21
1.0634 0.08 0.2857 17
1.0829 0.0799 0.019 18
1.0557 0.0777 0.0555 19
1.073 0.0786 0.0941 20
1.0639 0.0778 -0.1689 20
1.0751 0.0784 0.1324 16
1.0592 0.0772 -0.1304 17
1.0777 0.0784 0.1711 19
1.079 0.0783 -0.0947 19
1.075 0.0778 0.2095 16
1.0737 0.0775 -0.0564 21
1.0651 0.0769 0.2465 18
1.0671 0.0769 -0.0187 21
1.0636 0.0764 0.2857 17
1.0891 0.0767 0.0191 17
1.0619 0.0744 0.0558 19
1.0693 0.0748 0.0938 18
1.072 0.0748 -0.1702 21
1.0694 0.0744 0.1316 16
1.0615 0.0737 -0.1306 19
1.078 0.0746 0.1711 17
1.0753 0.0744 -0.0943 18
1.0753 0.0742 0.2095 16
1.07 0.0737 -0.0562 21
1.0615 0.0729 0.2456 18
1.0574 0.0725 -0.0185 19
1.0543 0.0721 0.2831 16
1.0734 0.0719 0.0188 17
1.0582 0.0705 0.0556 17
1.0695 0.071 0.0938 20
1.0644 0.0705 -0.1689 20
1.0676 0.0705 0.1314 15
1.0617 0.07 -0.1306 19
1.0605 0.0697 0.1683 16
1.0616 0.0698 -0.0931 21
1.0716 0.0702 0.2087 16
1.0702 0.07 -0.0562 21
1.0618 0.0692 0.2456 18
1.0576 0.0688 -0.0185 22
1.0468 0.0679 0.2811 17
1.0637 0.0675 0.0186 18
1.0644 0.0672 0.0559 19
1.0658 0.0671 0.0934 18
1.0548 0.0662 -0.1674 20
1.0639 0.0666 0.1309 15
1.0639 0.0664 -0.1309 17
1.0666 0.0664 0.1693 17
1.0599 0.0658 -0.0929 19
1.0581 0.0656 0.2061 18
1.0585 0.0655 -0.0556 19
1.0659 0.0658 0.2465 18
1.0558 0.0649 -0.0185 19
1.047 0.0642 0.2811 16
1.0659 0.0639 0.0186 17
1.0547 0.0628 0.0554 19
1.0501 0.0622 0.092 20
1.051 0.0621 -0.1668 20
1.0503 0.062 0.1292 15
1.0661 0.0628 -0.1311 19
1.0649 0.0625 0.1689 16
1.0641 0.0623 -0.0933 18
1.0642 0.0621 0.2072 16
1.0508 0.0611 -0.0552 19
1.0525 0.0611 0.2434 18
1.07 0.0621 -0.0187 18
1.0472 0.0606 0.2811 16
1.0662 0.06 0.0186 17
1.0449 0.0584 0.0548 20
1.0643 0.0593 0.0933 17
1.0453 0.0581 -0.1658 18
1.0505 0.0582 0.1292 16
1.0446 0.0577 -0.1285 19
1.0631 0.0585 0.1686 16
1.0683 0.0586 -0.0936 18
1.0605 0.0582 0.2065 16
1.055 0.0577 -0.0554 19
1.043 0.0569 0.2411 18
1.0523 0.0572 -0.0184 16
1.0436 0.0565 0.28 16
1.0763 0.0568 0.0188 18
1.0431 0.0547 0.0547 17
1.0506 0.0547 0.092 18
1.0633 0.0552 -0.1686 20
1.0586 0.0549 0.1302 16
1.0507 0.0543 -0.1292 19
1.0475 0.054 0.1661 14
1.0566 0.0543 -0.0926 16
1.0647 0.0545 0.2072 16
1.0512 0.0536 -0.0552 21
1.0549 0.0536 0.2438 18
1.0425 0.053 -0.0182 22
1.0419 0.0528 0.2795 17
1.0665 0.0525 0.0186 17
1.0513 0.0514 0.0552 17
1.0507 0.0512 0.092 20
1.0477 0.0509 -0.1661 18
1.0647 0.0515 0.1309 15
1.039 0.0501 -0.1277 19
1.0576 0.0508 0.1677 16
1.0587 0.0509 -0.0927 18
1.055 0.0505 0.2053 18
1.0633 0.0507 -0.0558 19
1.0472 0.0498 0.242 18
1.0407 0.0493 -0.0182 19
1.0285 0.0485 0.2759 16
1.0547 0.0483 0.0184 17
1.0395 0.0472 0.0545 17
1.0449 0.0473 0.0915 18
1.0439 0.047 -0.1655 20
1.055 0.0474 0.1297 13
1.0431 0.0466 -0.1282 17
1.0479 0.0467 0.1661 16
1.0549 0.047 -0.0924 19
1.0454 0.0464 0.2034 16
1.0475 0.0463 -0.055 21
1.0474 0.0461 0.242 18
1.0388 0.0455 -0.0182 16
1.0287 0.0449 0.2759 16
1.0429 0.0441 0.0182 17
1.0377 0.0437 0.0544 16
1.0371 0.0433 0.0908 18
1.0421 0.0433 -0.1652 18
1.0373 0.0429 0.1275 15
1.0393 0.043 -0.1277 16
1.052 0.0434 0.1668 14
1.0571 0.0434 -0.0926 18
1.0495 0.0429 0.2042 16
1.0377 0.0422 -0.0544 17
1.0437 0.0425 0.2411 18
1.053 0.0427 -0.0184 19
1.023 0.0413 0.2743 16
1.055 0.0411 0.0184 17
1.0318 0.04 0.0541 19
1.0373 0.0398 0.0908 17
1.0501 0.0402 -0.1664 18
1.0434 0.0397 0.1282 13
1.0275 0.0391 -0.1263 16
1.0442 0.0396 0.1655 14
1.0612 0.04 -0.0929 18
1.0437 0.0392 0.203 16
1.0339 0.0386 -0.0542 17
1.038 0.0388 0.2398 16
1.0391 0.0386 -0.0182 16
1.029 0.0381 0.2759 16
1.0572 0.0377 0.0185 18
1.024 0.0361 0.0537 17
1.0434 0.0366 0.0913 18
1.0483 0.0366 -0.1661 18
1.0515 0.0365 0.1292 13
1.0356 0.0358 -0.1272 17
1.0463 0.036 0.1658 17
1.0494 0.0359 -0.0919 18
1.0438 0.0357 0.203 18
1.034 0.0352 -0.0542 19
1.0361 0.0351 0.2393 18
1.0253 0.0345 -0.0179 16
1.0252 0.0344 0.2749 16
1.0493 0.0337 0.0183 17
1.0281 0.0327 0.0539 17
1.0276 0.0323 0.0899 18
1.0366 0.0324 -0.1643 22
1.0436 0.0326 0.1282 13
1.0357 0.0322 -0.1272 17
1.0445 0.0323 0.1655 14
1.0336 0.0318 -0.0905 16
1.04 0.0318 0.2023 15
1.0401 0.0316 -0.0545 19
1.0363 0.0313 0.2393 18
1.0254 0.031 -0.0179 16
1.008 0.0303 0.2702 15
1.0354 0.0295 0.0181 17
1.0262 0.029 0.0538 16
1.0217 0.0285 0.0894 18
1.0248 0.0284 -0.1624 17
1.0418 0.0287 0.128 15
1.0299 0.0282 -0.1265 16
1.0367 0.0284 0.1643 16
1.0396 0.0283 -0.091 16
1.0264 0.0278 0.1996 16
1.0262 0.0276 -0.0538 17
1.0383 0.0277 0.2398 18
1.0235 0.0273 -0.0179 16
1.0119 0.0269 0.2712 16
1.0375 0.0261 0.0181 16
1.0303 0.0255 0.054 16
1.0278 0.0251 0.0899 16
1.0328 0.0252 -0.1636 17
1.028 0.0249 0.1263 13
1.022 0.0246 -0.1255 16
1.0407 0.0249 0.1649 14
1.0397 0.0247 -0.091 16
1.0265 0.0244 0.1996 16
1.0343 0.0244 -0.0542 15
1.0228 0.0239 0.2362 16
1.0296 0.0239 -0.018 16
1.014 0.0234 0.2718 16
1.0396 0.0225 0.0182 17
1.0244 0.0218 0.0537 17
1.0259 0.0217 0.0898 15
1.0388 0.0218 -0.1646 17
1.03 0.0214 0.1265 15
1.0062 0.0207 -0.1236 17
1.0408 0.0213 0.1649 13
1.0458 0.0214 -0.0915 16
1.0344 0.0209 0.2011 16
1.0304 0.0207 -0.054 17
1.0112 0.0201 0.2335 16
1.0136 0.02 -0.0177 13
1.0121 0.0198 0.2712 16
1.0317 0.0187 0.018 17
1.0105 0.018 0.053 16
1.0199 0.018 0.0892 15
1.029 0.018 -0.163 17
1.0361 0.0179 0.1272 13
1.0162 0.0174 -0.1248 16
1.0191 0.0173 0.1614 14
1.0319 0.0175 -0.0903 15
1.0365 0.0174 0.2015 16
1.0225 0.017 -0.0536 15
1.0171 0.0167 0.2348 16
1.0097 0.0164 -0.0176 13
1.0044 0.0161 0.2692 15
1.0357 0.0152 0.0181 17
1.0145 0.0145 0.0532 15
1.008 0.0143 0.0882 16
1.035 0.0145 -0.1639 17
1.0282 0.0142 0.1263 13
1.0123 0.0138 -0.1243 16
1.0232 0.0138 0.1621 13
1.022 0.0137 -0.0894 13
1.0326 0.0137 0.2007 15
1.0265 0.0134 -0.0538 15
1.0191 0.0132 0.2353 16
1.0058 0.0128 -0.0176 13
0.9968 0.0125 0.2671 15
1.0118 0.0113 0.0177 15
1.0225 0.0111 0.0536 15
1.02 0.0109 0.0892 16
1.0153 0.0106 -0.1608 16
1.0282 0.0106 0.1263 13
1.0243 0.0104 -0.1258 16
1.0232 0.0102 0.1621 13
1.03 0.0102 -0.0901 15
1.013 0.0099 0.1969 15
1.0225 0.0098 -0.0536 17
1.0133 0.0096 0.2339 16
1.0058 0.0093 -0.0176 13
0.991 0.009 0.2655 15
1.0178 0.0078 0.0178 16
1.0146 0.0076 0.0532 17
1.0201 0.0073 0.0892 16
1.0114 0.0071 -0.1602 16
1.0163 0.0069 0.1248 13
1.0084 0.0067 -0.1238 16
1.0311 0.0068 0.1633 14
1.0221 0.0066 -0.0894 13
1.0091 0.0063 0.1962 15
1.0206 0.0062 -0.0535 15
1.0114 0.006 0.2335 16
1.0078 0.006 -0.0176 11
0.991 0.0057 0.2655 15
1.0178 0.0044 0.0178 16
1.0086 0.004 0.0529 17
1.0181 0.0037 0.0891 15
1.0193 0.0037 -0.1614 17
1.0183 0.0036 0.125 15
1.0084 0.0033 -0.1238 16
1.0232 0.0032 0.1621 13
1.0241 0.003 -0.0896 16
1.0209 0.003 0.1984 15
1.0186 0.0028 -0.0534 15
0.9997 0.0026 0.2308 16
1.0178 0.0025 -0.0178 13
0.9988 0.0023 0.2676 15
1.0178 0.0009 0.0178 16
1.0106 0.0007 0.053 15
1.0141 0.0004 0.0887 13
1.0213 0.0002 -0.1618 17
1.0203 0 0.1253 13
0.9906 -0.0002 -0.1216 17
1.0114 -0.0002 0.1602 13
1.0101 -0.0004 -0.0884 12
1.0209 -0.0005 0.1984 15
1.0226 -0.0007 -0.0536 15
1.0036 -0.0009 0.2317 16
0.9898 -0.0009 -0.0173 14
0.993 -0.001 0.2661 14
1.0178 -0.0025 0.0178 16
1.0066 -0.0028 0.0528 15
1.0042 -0.0032 0.0879 15
1.0153 -0.0032 -0.1608 16
1.0243 -0.0034 0.1258 13
1.0025 -0.0035 -0.1231 14
1.0055 -0.0037 0.1593 13
1.0042 -0.0039 -0.0879 13
1.017 -0.0039 0.1977 14
1.0186 -0.0041 -0.0534 15
1.0055 -0.0042 0.2321 16
0.9938 -0.0043 -0.0173 14
0.9852 -0.0045 0.264 15
1.0018 -0.0063 0.0175 16
1.0066 -0.0065 0.0528 15
1.0101 -0.0069 0.0884 15
1.0074 -0.007 -0.1596 17
1.0163 -0.0073 0.1248 13
0.9965 -0.0073 -0.1224 13
1.0133 -0.0074 0.1605 13
1.0121 -0.0076 -0.0886 13
1.0012 -0.0077 0.1946 15
1.0146 -0.008 -0.0532 15
1.0036 -0.0081 0.2317 16
0.9978 -0.008 -0.0174 14
0.9891 -0.0081 0.265 15
1.0058 -0.0097 0.0176 13
0.9966 -0.0099 0.0522 18
1.0121 -0.0104 0.0886 15
1.0034 -0.0103 -0.1589 17
1.0004 -0.0105 0.1228 13
1.0123 -0.0108 -0.1243 14
1.0113 -0.0109 0.1602 13
1.0061 -0.0111 -0.088 12
1.0012 -0.011 0.1946 14
1.0006 -0.0112 -0.0524 15
0.9996 -0.0113 0.2308 16
0.9958 -0.0115 -0.0174 14
0.9852 -0.0115 0.264 15
1.0038 -0.0131 0.0175 15
0.9866 -0.0133 0.0517 18
1.0021 -0.0136 0.0877 13
0.9994 -0.0138 -0.1583 16
1.0044 -0.014 0.1233 13
0.9964 -0.0141 -0.1224 16
1.0073 -0.0144 0.1596 13
1.0001 -0.0143 -0.0875 10
1.009 -0.0146 0.1962 15
1.0045 -0.0147 -0.0526 14
0.9782 -0.0145 0.2259 16
0.9877 -0.0148 -0.0172 15
0.989 -0.015 0.265 15
1.0057 -0.0167 0.0176 13
0.9845 -0.0167 0.0516 17
1.002 -0.0171 0.0877 13
1.0053 -0.0174 -0.1593 16
1.0083 -0.0176 0.1238 13
0.9944 -0.0175 -0.1221 14
1.0014 -0.0178 0.1586 13
0.994 -0.0177 -0.087 11
1.0011 -0.018 0.1946 14
0.9985 -0.0181 -0.0523 16
0.9859 -0.0181 0.2277 16
0.9757 -0.0181 -0.017 12
0.9831 -0.0184 0.2635 15
0.9976 -0.02 0.0174 16
0.9884 -0.02 0.0518 18
0.99 -0.0204 0.0866 15
1.0033 -0.0208 -0.1589 16
1.0062 -0.0211 0.1236 13
0.9884 -0.0209 -0.1214 17
0.9934 -0.021 0.1574 13
0.99 -0.0211 -0.0866 13
0.9951 -0.0214 0.1935 15
1.0024 -0.0217 -0.0525 14
0.9878 -0.0216 0.2281 16
0.9756 -0.0213 -0.017 12
0.9696 -0.0213 0.2599 14
0.9896 -0.0231 0.0173 16
0.9864 -0.0234 0.0517 16
0.9899 -0.0238 0.0866 15
0.9933 -0.0239 -0.1574 16
1.0121 -0.0246 0.1243 13
0.9942 -0.0243 -0.1221 14
0.9953 -0.0245 0.1577 11
0.9879 -0.0245 -0.0865 12
0.9833 -0.0244 0.1912 15
0.9963 -0.0249 -0.0522 15
0.9819 -0.0247 0.2268 15
0.9915 -0.0251 -0.0173 11
0.9733 -0.0248 0.2609 14
0.9895 -0.0266 0.0173 18
0.9883 -0.0267 0.0518 15
0.9898 -0.0271 0.0866 15
0.9814 -0.0271 -0.1555 17
0.9842 -0.0273 0.1209 15
0.9842 -0.0275 -0.1209 15
0.9913 -0.0277 0.1571 11
0.9958 -0.028 -0.0872 13
0.9832 -0.0278 0.1912 14
0.9922 -0.0282 -0.052 15
0.9759 -0.0279 0.2254 16
0.9874 -0.0283 -0.0172 12
0.9713 -0.028 0.2604 15
0.9894 -0.0299 0.0173 16
0.9762 -0.0298 0.0512 16
0.9977 -0.0308 0.0873 13
0.9852 -0.0304 -0.1561 16
0.9901 -0.0308 0.1216 14
0.9702 -0.0303 -0.1192 18
0.9971 -0.0313 0.158 13
1.0076 -0.0318 -0.0882 13
0.989 -0.0313 0.1923 13
0.9941 -0.0316 -0.0521 15
0.9758 -0.0312 0.2254 16
0.9753 -0.0313 -0.017 12
0.9731 -0.0314 0.2609 15
0.9973 -0.0338 0.0174 15
0.9681 -0.0331 0.0508 17
0.9856 -0.0339 0.0863 13
0.9851 -0.0341 -0.1561 16
0.9919 -0.0345 0.1219 14
0.9781 -0.0342 -0.1202 16
0.991 -0.0348 0.1571 11
0.9956 -0.0349 -0.0872 13
0.9928 -0.035 0.1931 14
0.994 -0.0352 -0.0521 15
0.9699 -0.0345 0.2241 18
0.9612 -0.0344 -0.0168 13
0.9692 -0.0349 0.2599 14
0.9912 -0.037 0.0173 13
0.976 -0.0368 0.0512 16
0.9855 -0.0373 0.0863 13
0.9672 -0.0368 -0.1533 12
0.9958 -0.0381 0.1224 13
0.9859 -0.0379 -0.1211 15
0.987 -0.0381 0.1564 12
0.9815 -0.0379 -0.0859 12
0.9848 -0.0382 0.1916 13
0.9959 -0.0388 -0.0522 15
0.9736 -0.0381 0.225 17
0.9711 -0.0382 -0.017 12
0.9575 -0.0378 0.2567 15
0.975 -0.0398 0.017 16
0.9838 -0.0405 0.0516 17
0.9814 -0.0406 0.0859 15
0.977 -0.0406 -0.1549 13
0.9877 -0.0412 0.1214 13
0.9818 -0.0411 -0.1207 16
0.9908 -0.0417 0.1571 11
0.9874 -0.0416 -0.0865 15
0.969 -0.041 0.1885 16
0.9838 -0.0417 -0.0516 16
0.9735 -0.0415 0.225 17
0.969 -0.0415 -0.0169 12
0.9573 -0.0411 0.2567 16
0.9709 -0.0431 0.017 16
0.9657 -0.0432 0.0507 17
0.9813 -0.044 0.0859 16
0.9867 -0.0445 -0.1564 15
0.9816 -0.0444 0.1207 15
0.9836 -0.0447 -0.1209 15
0.9847 -0.0449 0.1561 12
0.9812 -0.0447 -0.0859 12
0.9767 -0.0447 0.19 15
0.9736 -0.0447 -0.0511 18
0.9694 -0.0447 0.2241 17
0.9768 -0.0452 -0.0171 12
0.9649 -0.0448 0.2588 15
0.9747 -0.0466 0.017 16
0.9636 -0.0465 0.0506 17
0.9891 -0.0479 0.0866 13
0.9707 -0.0471 -0.1539 15
0.9755 -0.0475 0.1199 15
0.9636 -0.0471 -0.1185 14
0.9826 -0.0482 0.1558 12
0.999 -0.049 -0.0875 12
0.9726 -0.0479 0.1893 13
0.9815 -0.0485 -0.0515 14
0.9595 -0.0476 0.2218 17
0.9687 -0.0482 -0.0169 12
0.9647 -0.0482 0.2588 16
0.9826 -0.0505 0.0172 16
0.9634 -0.0498 0.0506 15
0.975 -0.0506 0.0854 13
0.9785 -0.0509 -0.1552 13
0.9852 -0.0515 0.1211 14
0.9615 -0.0504 -0.1182 17
0.9784 -0.0514 0.1552 12
0.9968 -0.0524 -0.0873 12
0.9763 -0.0515 0.19 15
0.9733 -0.0515 -0.0511 15
0.9535 -0.0506 0.2205 19
0.9585 -0.0511 -0.0168 13
0.9568 -0.0512 0.2567 15
0.9804 -0.0538 0.0171 16
0.9612 -0.0529 0.0505 15
0.9648 -0.0534 0.0845 16
0.9664 -0.0537 -0.1533 15
0.9732 -0.0542 0.1197 13
0.9732 -0.0544 -0.1197 18
0.9723 -0.0544 0.1542 15
0.9747 -0.0547 -0.0854 13
0.9683 -0.0545 0.1885 16
0.9831 -0.0555 -0.0516 16
0.9631 -0.0545 0.2227 16
0.9563 -0.0541 -0.0167 13
0.9451 -0.0537 0.2536 15
0.9722 -0.0566 0.017 17
0.961 -0.0563 0.0505 15
0.9686 -0.057 0.0849 13
0.9564 -0.0563 -0.1517 19
0.9809 -0.0579 0.1207 15
0.9512 -0.0563 -0.117 18
0.9761 -0.058 0.1549 12
0.9686 -0.0577 -0.0849 14
0.9603 -0.0572 0.187 18
0.9809 -0.0586 -0.0515 14
0.9629 -0.0577 0.2227 16
0.9601 -0.0577 -0.0168 13
0.941 -0.0567 0.2526 18
0.966 -0.0596 0.0169 17
0.9648 -0.0599 0.0507 17
0.9644 -0.06 0.0845 14
0.9621 -0.06 -0.1527 19
0.9708 -0.0607 0.1194 15
0.949 -0.0595 -0.1168 15
0.9798 -0.0616 0.1555 12
0.9803 -0.0617 -0.0859 12
0.9601 -0.0606 0.187 16
0.9647 -0.061 -0.0507 19
0.9569 -0.0607 0.2214 17
0.9619 -0.0612 -0.0168 13
0.9543 -0.0609 0.2562 16
0.9598 -0.0626 0.0168 14
0.9586 -0.0628 0.0503 15
0.9662 -0.0635 0.0847 14
0.9599 -0.0633 -0.1524 17
0.9627 -0.0636 0.1185 17
0.9468 -0.0627 -0.1165 16
0.9737 -0.0647 0.1546 13
0.9821 -0.0652 -0.0861 14
0.9579 -0.0638 0.1866 18
0.9665 -0.0645 -0.0508 16
0.9411 -0.063 0.2178 21
0.9537 -0.064 -0.0167 13
0.9483 -0.0638 0.2547 16
0.9795 -0.0673 0.0171 15
0.9524 -0.0658 0.05 15
0.958 -0.0663 0.084 14
0.9636 -0.0669 -0.153 17
0.9624 -0.067 0.1185 14
0.9545 -0.0666 -0.1175 18
0.9577 -0.067 0.1521 14
0.9659 -0.0675 -0.0847 14
0.9577 -0.0671 0.1866 15
0.9723 -0.0683 -0.0511 13
0.9389 -0.0661 0.2173 19
0.9395 -0.0664 -0.0164 14
0.9442 -0.0669 0.2536 15
0.9693 -0.07 0.017 13
0.9422 -0.0684 0.0495 16
0.9578 -0.0697 0.084 14
0.9536 -0.0695 -0.1514 17
0.9622 -0.0703 0.1185 12
0.9562 -0.0701 -0.1177 17
0.9555 -0.0702 0.1517 14
0.9578 -0.0703 -0.084 15
0.9594 -0.0706 0.187 16
0.966 -0.0713 -0.0508 14
0.9426 -0.0697 0.2182 19
0.9433 -0.0699 -0.0165 13
0.9402 -0.0699 0.2526 17
0.9531 -0.0722 0.0167 15
0.9559 -0.0727 0.0502 14
0.9496 -0.0724 0.0833 17
0.9474 -0.0724 -0.1505 19
0.9718 -0.0744 0.1197 15
0.952 -0.0731 -0.1172 15
0.9592 -0.0738 0.1524 14
0.9496 -0.0731 -0.0833 14
0.9396 -0.0725 0.1832 15
0.9618 -0.0743 -0.0506 16
0.9462 -0.0733 0.2191 19
0.953 -0.074 -0.0167 13
0.9399 -0.0731 0.2526 17
0.9509 -0.0753 0.0166 18
0.9477 -0.0754 0.0498 15
0.9533 -0.076 0.0837 15
0.9452 -0.0755 -0.1502 17
0.9557 -0.0766 0.1177 15
0.9557 -0.0767 -0.1177 14
0.9668 -0.0778 0.1536 13
0.9493 -0.0764 -0.0833 14
0.9471 -0.0764 0.1847 16
0.9635 -0.0779 -0.0507 16
0.9421 -0.0763 0.2182 19
0.9467 -0.0768 -0.0166 13
0.9319 -0.0758 0.2505 18
0.9446 -0.0782 0.0165 16
0.9315 -0.0772 0.049 16
0.957 -0.0797 0.084 13
0.9469 -0.079 -0.1505 19
0.9476 -0.0792 0.1168 16
0.9416 -0.0789 -0.116 19
0.9567 -0.0802 0.1521 14
0.953 -0.08 -0.0837 15
0.9547 -0.0803 0.1862 15
0.9553 -0.0806 -0.0502 17
0.9282 -0.0784 0.2151 19
0.9445 -0.0798 -0.0165 13
0.9355 -0.0792 0.2516 17
0.9583 -0.0825 0.0168 15
0.9352 -0.0808 0.0492 18
0.9528 -0.0827 0.0837 14
0.9505 -0.0825 -0.1511 15
0.9591 -0.0834 0.1182 17
0.9354 -0.0815 -0.1153 20
0.9485 -0.0828 0.1508 14
0.9547 -0.0835 -0.0838 13
0.9505 -0.0832 0.1855 15
0.955 -0.0837 -0.0502 15
0.9279 -0.0815 0.2151 19
0.9323 -0.0821 -0.0163 14
0.9314 -0.0821 0.2505 16
0.9461 -0.0848 0.0166 18
0.9389 -0.0845 0.0494 14
0.9287 -0.0837 0.0816 16
0.9463 -0.0855 -0.1505 19
0.9569 -0.0866 0.118 14
0.9351 -0.0848 -0.1153 17
0.9463 -0.0859 0.1505 12
0.9485 -0.0861 -0.0833 14
0.9424 -0.0858 0.1839 16
0.9488 -0.0865 -0.0499 15
0.9354 -0.0855 0.2169 19
0.928 -0.0849 -0.0163 14
0.9157 -0.084 0.2464 19
0.9378 -0.0873 0.0164 19
0.9565 -0.0894 0.0503 15
0.9522 -0.0892 0.0837 14
0.9322 -0.0875 -0.1483 16
0.9605 -0.0903 0.1185 19
0.9447 -0.089 -0.1165 16
0.9479 -0.0894 0.1508 14
0.9362 -0.0883 -0.0823 15
0.9343 -0.0883 0.1824 17
0.9524 -0.0902 -0.0501 17
0.9351 -0.0887 0.2169 18
0.9336 -0.0887 -0.0164 14
0.9231 -0.0879 0.2485 17
0.9395 -0.0908 0.0165 16
0.9463 -0.0916 0.0498 16
0.936 -0.091 0.0823 16
0.9339 -0.0909 -0.1486 18
0.9246 -0.0902 0.1141 16
0.9345 -0.0913 -0.1153 17
0.9516 -0.093 0.1514 14
0.9419 -0.0922 -0.0828 11
0.9379 -0.092 0.1832 17
0.9342 -0.0918 -0.0492 17
0.927 -0.0912 0.2151 22
0.9314 -0.0916 -0.0163 14
0.9267 -0.0913 0.2495 17
0.9432 -0.0943 0.0165 18
0.932 -0.0935 0.0491 16
0.9476 -0.0954 0.0833 14
0.9395 -0.0946 -0.1496 18
0.9441 -0.0952 0.1165 19
0.9223 -0.0932 -0.1138 18
0.9493 -0.0961 0.1511 14
0.9435 -0.0957 -0.083 11
0.9376 -0.0951 0.1832 17
0.9419 -0.0957 -0.0496 16
0.919 -0.0935 0.2133 21
0.9271 -0.0945 -0.0163 14
0.9263 -0.0946 0.2495 17
0.9369 -0.097 0.0164 19
0.9337 -0.0968 0.0492 18
0.9373 -0.0975 0.0824 16
0.949 -0.0989 -0.1511 17
0.9398 -0.0981 0.116 15
0.9378 -0.0981 -0.1158 16
0.9391 -0.0982 0.1496 14
0.9373 -0.0982 -0.0824 12
0.9411 -0.0987 0.1839 14
0.9435 -0.0992 -0.0497 15
0.9167 -0.0965 0.2128 21
0.9168 -0.0965 -0.0161 14
0.9183 -0.0968 0.2474 17
0.9445 -0.1009 0.0166 16
0.9254 -0.0992 0.0488 14
0.9291 -0.0999 0.0818 15
0.931 -0.1001 -0.1483 20
0.9533 -0.1027 0.1177 15
0.9237 -0.0997 -0.1141 18
0.9348 -0.1011 0.1489 15
0.933 -0.101 -0.0821 13
0.933 -0.101 0.1824 15
0.9452 -0.1025 -0.0498 18
0.9222 -0.1002 0.2142 19
0.9184 -0.0999 -0.0161 14
0.9007 -0.0982 0.2428 16
0.9203 -0.1016 0.0162 18
0.933 -0.1032 0.0492 14
0.9188 -0.1019 0.0809 16
0.9286 -0.1032 -0.148 20
0.9391 -0.1045 0.116 20
0.9194 -0.1025 -0.1136 15
0.9365 -0.1044 0.1492 15
0.9346 -0.1043 -0.0823 12
0.9248 -0.1034 0.1809 18
0.9368 -0.1049 -0.0494 16
0.9276 -0.1041 0.2155 21
0.9261 -0.1039 -0.0163 14
0.9138 -0.1027 0.2464 17
0.9259 -0.1053 0.0163 20
0.9287 -0.106 0.049 18
0.9303 -0.1065 0.0819 16
0.9263 -0.106 -0.1477 20
0.9289 -0.1065 0.1148 18
0.9289 -0.1067 -0.1148 17
0.9439 -0.1085 0.1505 12
0.9303 -0.1071 -0.0819 15
0.9245 -0.1065 0.1809 18
0.9385 -0.1083 -0.0495 16
0.9253 -0.1069 0.2151 21
0.9217 -0.1066 -0.0162 14
0.9096 -0.1054 0.2454 17
0.9294 -0.1093 0.0163 17
0.9104 -0.1074 0.048 17
0.9379 -0.1108 0.0826 15
0.9298 -0.1101 -0.1483 20
0.9285 -0.1101 0.1148 21
0.9068 -0.1076 -0.1121 20
0.9317 -0.1108 0.1486 13
0.9437 -0.1122 -0.0831 11
0.9241 -0.11 0.1809 16
0.9321 -0.1111 -0.0492 17
0.9036 -0.1079 0.2101 21
0.9074 -0.1085 -0.016 15
0.913 -0.1094 0.2464 19
0.9251 -0.1121 0.0163 18
0.912 -0.1109 0.0481 17
0.9179 -0.1116 -0.1797 17
0.9256 -0.1127 0.0816 15
0.9294 -0.1133 -0.1483 20
0.9301 -0.1135 0.115 18
0.9143 -0.1118 -0.1131 19
0.9255 -0.1133 0.1477 16
0.9255 -0.1133 -0.0816 13
0.9256 -0.1135 0.1813 15
0.9317 -0.1144 -0.0492 17
0.9091 -0.1118 0.2115 22
0.903 -0.1112 -0.0159 15
0.9126 -0.1125 0.2464 19
0.9227 -0.1151 0.0162 18
0.9156 -0.1144 0.0484 19
0.9173 -0.1149 0.0809 16
0.9251 -0.1161 -0.1477 20
0.9277 -0.1165 0.1148 18
0.9178 -0.1155 -0.1136 18
0.9231 -0.1161 0.1474 16
0.9231 -0.1163 -0.0814 13
0.9252 -0.1167 0.1813 15
0.9333 -0.1179 -0.0493 16
0.9087 -0.115 0.2115 22
0.8987 -0.1137 -0.0158 11
0.8969 -0.1136 0.2423 19
0.9164 -0.1174 0.0161 15
0.9231 -0.1186 0.0488 16
0.9208 -0.1186 0.0812 16
0.9169 -0.1181 -0.1464 21
0.9214 -0.1189 0.1141 16
0.9233 -0.1193 -0.1143 18
0.9208 -0.1191 0.147 16
0.9287 -0.1203 -0.0819 13
0.9131 -0.1183 0.179 16
0.919 -0.1192 -0.0486 18
0.9083 -0.118 0.2115 21
0.9023 -0.1173 -0.0159 11
0.9004 -0.1173 0.2433 19
0.9199 -0.1211 0.0162 15
0.9227 -0.1218 0.0488 16
0.9185 -0.1214 0.0811 16
0.9165 -0.1213 -0.1464 19
0.9131 -0.121 0.1131 17
0.9052 -0.1201 -0.1121 17
0.9321 -0.1239 0.1489 15
0.9204 -0.1223 -0.0812 13
0.9147 -0.1217 0.1794 16
0.9166 -0.1221 -0.0485 15
0.9001 -0.1201 0.2097 22
0.9177 -0.1226 -0.0162 10
0.9038 -0.1209 0.2443 17
0.9175 -0.1241 0.0162 15
0.8966 -0.1215 0.0474 15
0.92 -0.1249 0.0812 18
0.9219 -0.1253 -0.1474 20
0.9245 -0.1258 0.1146 18
0.9048 -0.1233 -0.1121 17
0.9297 -0.1269 0.1486 13
0.9318 -0.1271 -0.0823 12
0.9142 -0.1249 0.1794 16
0.9182 -0.1256 -0.0486 15
0.8939 -0.1225 0.2083 22
0.9014 -0.1236 -0.0159 15
0.8995 -0.1235 0.2433 17
0.9191 -0.1275 0.0162 15
0.906 -0.1259 0.0479 20
0.9139 -0.1271 -0.1794 17
0.9235 -0.1286 0.0816 15
0.9156 -0.1277 -0.1464 19
0.928 -0.1296 0.115 18
0.8965 -0.1254 -0.1111 18
0.9097 -0.1272 0.1455 15
0.9215 -0.129 -0.0814 13
0.9138 -0.1281 0.1794 16
0.9197 -0.1291 -0.0487 15
0.9031 -0.1269 0.2106 17
0.8871 -0.1247 -0.0156 15
0.8953 -0.126 0.2423 19
0.9166 -0.1303 0.0162 15
0.9096 -0.1296 0.0481 17
0.9115 -0.1301 -0.179 17
0.9053 -0.1293 0.08 19
0.9113 -0.1302 -0.1458 19
0.9236 -0.1321 0.1146 18
0.8961 -0.1283 -0.1111 18
0.9171 -0.1315 0.1467 14
0.9033 -0.1297 -0.0798 15
0.9173 -0.1317 0.1801 15
0.9292 -0.1336 -0.0492 14
0.9046 -0.1302 0.211 21
0.8926 -0.1286 -0.0157 11
0.8776 -0.1266 0.2376 18
0.9063 -0.1321 0.016 16
0.915 -0.1335 0.0485 14
0.9014 -0.1317 -0.1771 18
0.9108 -0.1332 0.0805 16
0.9069 -0.1328 -0.1452 20
0.9153 -0.1342 0.1136 19
0.9113 -0.1338 -0.1131 16
0.9147 -0.1343 0.1464 16
0.9028 -0.1327 -0.0798 15
0.8993 -0.1323 0.1767 17
0.9208 -0.1356 -0.0488 15
0.908 -0.1339 0.2119 21
0.8922 -0.1316 -0.0157 11
0.881 -0.1301 0.2386 18
0.8999 -0.1342 0.0159 17
0.9007 -0.1346 0.0477 18
0.9029 -0.1351 -0.1775 18
0.9103 -0.1364 0.0805 16
0.9104 -0.1364 -0.1458 17
0.907 -0.136 0.1126 18
0.8873 -0.1332 -0.1102 18
0.9201 -0.1383 0.1474 16
0.9063 -0.1364 -0.0802 15
0.9027 -0.1359 0.1775 17
0.9065 -0.1366 -0.048 16
0.896 -0.1352 0.2092 22
0.8917 -0.1347 -0.0157 11
0.8844 -0.1338 0.2397 18
0.9034 -0.1379 0.016 16
0.9022 -0.1381 0.0478 18
0.9063 -0.1387 -0.1782 18
0.9118 -0.1397 0.0807 16
0.904 -0.1387 -0.1449 20
0.9045 -0.1389 0.1124 21
0.8849 -0.136 -0.1099 18
0.9079 -0.1397 0.1455 12
0.9196 -0.1417 -0.0814 11
0.8984 -0.1384 0.1767 17
0.9119 -0.1407 -0.0484 12
0.8821 -0.1362 0.2061 24
0.8873 -0.1372 -0.0157 11
0.8916 -0.138 0.2417 16
0.9128 -0.1426 0.0161 15
0.8899 -0.1394 0.0472 16
0.9019 -0.1414 -0.1775 18
0.9034 -0.1418 0.08 17
0.9074 -0.1426 -0.1455 17
0.9021 -0.1417 0.1121 18
0.8844 -0.1391 -0.1099 18
0.8996 -0.1417 0.1442 15
0.9152 -0.1443 -0.0811 11
0.8998 -0.142 0.1771 17
0.9095 -0.1437 -0.0483 15
0.8912 -0.141 0.2083 22
0.871 -0.1378 -0.0154 12
0.8758 -0.1387 0.2376 18
0.9123 -0.146 0.0161 15
0.8914 -0.1428 0.0473 15
0.9111 -0.1461 -0.1794 17
0.8951 -0.1437 0.0793 17
0.8972 -0.1442 -0.1439 18
0.8976 -0.1444 0.1116 18
0.8898 -0.1433 -0.1107 15
0.901 -0.1451 0.1445 17
0.8989 -0.1449 -0.0797 12
0.9051 -0.1461 0.1782 16
0.907 -0.1466 -0.0481 15
0.8849 -0.1432 0.207 18
0.8863 -0.1434 -0.0157 11
0.8715 -0.1412 0.2366 19
0.8841 -0.1445 0.0156 15
0.9027 -0.1478 0.0479 15
0.8931 -0.1464 -0.1759 19
0.8965 -0.1471 0.0795 19
0.8986 -0.1475 -0.1442 20
0.9011 -0.148 0.1121 21
0.8991 -0.1479 -0.1119 17
0.9102 -0.1499 0.1461 16
0.8984 -0.1481 -0.0797 12
0.8891 -0.1466 0.1752 18
0.9065 -0.1496 -0.0481 12
0.8883 -0.1467 0.2079 18
0.8819 -0.1458 -0.0156 12
0.8748 -0.1448 0.2376 18
0.8856 -0.1479 0.0157 15
0.8924 -0.1492 0.0474 15
0.8965 -0.15 -0.1767 18
0.896 -0.1501 0.0795 17
0.8923 -0.1496 -0.1433 19
0.8966 -0.1505 0.1116 18
0.8888 -0.1494 -0.1107 15
0.9039 -0.1519 0.1452 15
0.9018 -0.1517 -0.08 12
0.8925 -0.1503 0.1759 17
0.8882 -0.1498 -0.0472 17
0.8782 -0.1482 0.2056 24
0.8932 -0.1508 -0.0158 11
0.8781 -0.1484 0.2386 18
0.891 -0.1518 0.0158 18
0.8761 -0.1496 0.0466 16
0.8921 -0.1525 -0.1759 19
0.8877 -0.1519 0.0788 18
0.8879 -0.1519 -0.1427 19
0.8942 -0.1532 0.1114 18
0.8746 -0.15 -0.109 19
0.9092 -0.1561 0.1461 14
0.9131 -0.1569 -0.0811 11
0.8939 -0.1536 0.1763 17
0.8976 -0.1544 -0.0477 13
0.8757 -0.1508 0.2052 22
0.8848 -0.1525 -0.0157 11
0.8871 -0.1531 0.2412 17
0.8925 -0.1553 0.0158 17
0.8756 -0.1527 0.0466 11
0.8858 -0.1544 -0.1748 20
0.893 -0.1559 0.0793 17
0.8912 -0.1557 -0.1433 21
0.8995 -0.1573 0.1121 18
0.8838 -0.1547 -0.1102 15
0.8931 -0.1565 0.1436 15
0.9008 -0.1579 -0.08 12
0.8953 -0.1571 0.1767 17
0.897 -0.1575 -0.0477 13
0.8752 -0.1538 0.2052 24
0.8685 -0.1528 -0.0154 12
0.8752 -0.1542 0.2381 19
0.8939 -0.1587 0.0158 17
0.8731 -0.1554 0.0465 15
0.8853 -0.1575 -0.1748 20
0.8827 -0.1572 0.0784 15
0.8985 -0.1602 -0.1445 20
0.8931 -0.1594 0.1114 18
0.8774 -0.1568 -0.1094 18
0.8925 -0.1596 0.1436 15
0.8943 -0.16 -0.0795 12
0.889 -0.1591 0.1755 18
0.8925 -0.1599 -0.0475 13
0.8747 -0.1569 0.2052 24
0.8798 -0.158 -0.0156 12
0.848 -0.1524 0.2309 19
0.8874 -0.1608 0.0157 15
0.8804 -0.1598 0.0469 16
0.8944 -0.1624 -0.1767 18
0.8802 -0.16 0.0783 18
0.8804 -0.1602 -0.1417 20
0.8847 -0.1611 0.1104 19
0.8808 -0.1605 -0.1099 18
0.8939 -0.1631 0.1439 15
0.8918 -0.1629 -0.0793 12
0.8787 -0.1605 0.1736 19
0.888 -0.1623 -0.0473 14
0.8818 -0.1614 0.207 20
0.8753 -0.1603 -0.0155 12
0.8646 -0.1585 0.2355 18
0.8888 -0.1643 0.0158 15
0.8759 -0.1622 0.0467 16
0.8957 -0.166 -0.1771 13
0.8835 -0.1639 0.0786 18
0.8798 -0.1634 -0.1417 17
0.8763 -0.1627 0.1094 20
0.8822 -0.164 -0.1102 15
0.8895 -0.1655 0.1433 13
0.8893 -0.1656 -0.0791 12
0.8839 -0.1648 0.1748 18
0.8992 -0.1678 -0.0479 13
0.8735 -0.1632 0.2052 22
0.8629 -0.1612 -0.0153 12
0.8621 -0.1612 0.235 16
0.8823 -0.1664 0.0157 15
0.8596 -0.1623 0.0458 15
0.8777 -0.1659 -0.1736 20
0.8868 -0.1677 0.079 18
0.8792 -0.1664 -0.1417 17
0.8796 -0.1667 0.1099 20
0.8718 -0.1654 -0.109 16
0.8889 -0.1686 0.1433 13
0.8945 -0.1698 -0.0797 12
0.8891 -0.169 0.1759 17
0.881 -0.1676 -0.047 14
0.8653 -0.1647 0.2034 21
0.8742 -0.1664 -0.0155 12
0.8653 -0.1649 0.236 19
0.8955 -0.172 0.0159 15
0.8787 -0.169 0.0469 14
0.8714 -0.1678 -0.1725 15
0.8804 -0.1697 0.0784 15
0.8748 -0.1686 -0.1411 20
0.883 -0.1704 0.1104 19
0.8693 -0.1679 -0.1087 16
0.8786 -0.1698 0.1417 19
0.8881 -0.1718 -0.0791 12
0.8828 -0.1708 0.1748 15
0.8824 -0.1709 -0.0471 14
0.8666 -0.168 0.2038 24
0.8657 -0.168 -0.0154 12
0.8534 -0.1657 0.2329 17
0.887 -0.1735 0.0158 15
0.8722 -0.1708 0.0466 11
0.8824 -0.173 -0.1748 15
0.8681 -0.1703 0.0774 16
0.8781 -0.1724 -0.1417 17
0.8902 -0.175 0.1114 18
0.8745 -0.1721 -0.1094 18
0.8741 -0.172 0.1411 16
0.8738 -0.1721 -0.0779 13
0.888 -0.175 0.1759 17
0.8896 -0.1755 -0.0475 13
0.8794 -0.1737 0.207 20
0.8534 -0.1685 -0.0152 12
0.8396 -0.1659 0.2293 19
0.8845 -0.1761 0.0157 15
0.8697 -0.1735 0.0465 15
0.8818 -0.176 -0.1748 15
0.8675 -0.1733 0.0774 16
0.8736 -0.1746 -0.1411 17
0.8837 -0.1767 0.1107 19
0.8623 -0.1726 -0.108 13
0.889 -0.1781 0.1436 15
0.881 -0.1767 -0.0786 13
0.872 -0.1749 0.1729 19
0.8773 -0.1761 -0.0469 14
0.8789 -0.1766 0.207 16
0.8626 -0.1735 -0.0154 12
0.8428 -0.1696 0.2303 19
0.8799 -0.1785 0.0157 15
0.8632 -0.1753 0.0462 12
0.885 -0.1799 -0.1755 14
0.8727 -0.1776 0.0779 19
0.873 -0.1778 -0.1411 17
0.8714 -0.1776 0.1092 21
0.8597 -0.1754 -0.1077 16
0.8845 -0.1804 0.143 15
0.8785 -0.1794 -0.0784 13
0.8694 -0.1777 0.1725 16
0.8766 -0.1793 -0.0469 14
0.8515 -0.1743 0.2007 22
0.8718 -0.1785 -0.0155 12
0.8516 -0.1745 0.2329 17
0.8774 -0.1811 0.0156 15
0.8626 -0.1783 0.0462 12
0.8844 -0.183 -0.1755 14
0.8799 -0.1822 0.0786 18
0.8743 -0.1811 -0.1414 20
0.8786 -0.1821 0.1102 20
0.8591 -0.1782 -0.1077 16
0.8839 -0.1835 0.143 15
0.8837 -0.1836 -0.079 13
0.8746 -0.1818 0.1736 19
0.876 -0.1822 -0.0469 14
0.8509 -0.1771 0.2007 22
0.8555 -0.1783 -0.0153 12
0.8529 -0.1779 0.2335 19
0.8807 -0.1849 0.0157 15
0.8502 -0.1789 0.0455 13
0.8799 -0.1851 -0.1748 15
0.8695 -0.1831 0.0777 16
0.8717 -0.1837 -0.1411 20
0.8779 -0.1852 0.1102 16
0.8565 -0.1808 -0.1075 16
0.862 -0.1821 0.1395 14
0.8753 -0.1849 -0.0783 13
0.8682 -0.1836 0.1725 16
0.8832 -0.1869 -0.0473 14
0.8426 -0.1785 0.1989 22
0.851 -0.1804 -0.0152 12
0.8504 -0.1804 0.2329 19
0.8702 -0.1859 0.0155 16
0.8554 -0.1831 0.0458 12
0.8677 -0.1857 -0.1725 15
0.8611 -0.1844 0.077 16
0.8672 -0.1859 -0.1405 21
0.8715 -0.187 0.1094 20
0.8656 -0.1859 -0.1087 16
0.8671 -0.1864 0.1405 17
0.8551 -0.1838 -0.0765 14
0.8695 -0.187 0.1729 19
0.8806 -0.1896 -0.0472 14
0.8439 -0.1818 0.1993 22
0.8542 -0.1842 -0.0153 12
0.8309 -0.1793 0.2278 19
0.8657 -0.1881 0.0155 16
0.8606 -0.1873 0.0462 12
0.8786 -0.1912 -0.1748 15
0.8663 -0.1887 0.0776 19
0.8666 -0.1889 -0.1405 18
0.8611 -0.1879 0.1082 18
0.865 -0.1889 -0.1087 16
0.8626 -0.1886 0.1399 14
0.8623 -0.1885 -0.0772 14
0.865 -0.1892 0.1721 19
0.8741 -0.1914 -0.0469 14
0.8452 -0.1852 0.1998 22
0.8497 -0.1863 -0.0152 12
0.8321 -0.1827 0.2283 17
0.8611 -0.1903 0.0154 17
0.8522 -0.1886 0.0457 13
0.8779 -0.1943 -0.1748 15
0.8598 -0.1905 0.077 16
0.864 -0.1915 -0.1402 21
0.8643 -0.1918 0.1087 17
0.8527 -0.1893 -0.1072 16
0.8716 -0.1937 0.1414 16
0.8752 -0.1945 -0.0784 13
0.8681 -0.1931 0.1729 19
0.8617 -0.1918 -0.0463 15
0.8559 -0.1907 0.2025 21
0.8549 -0.1906 -0.0153 12
0.8485 -0.1893 0.2329 19
0.8702 -0.1955 0.0156 16
0.8457 -0.1901 0.0454 15
0.8696 -0.1956 -0.1733 15
0.8708 -0.1961 0.0781 15
0.8614 -0.1941 -0.1399 18
0.8637 -0.1948 0.1087 14
0.8423 -0.1901 -0.106 14
0.8671 -0.1957 0.1408 17
0.8765 -0.198 -0.0786 13
0.8713 -0.197 0.1736 19
0.8552 -0.1935 -0.046 15
0.8439 -0.1911 0.1998 24
0.8445 -0.1912 -0.0151 12
0.8422 -0.1909 0.2314 19
0.8676 -0.1979 0.0155 13
0.8431 -0.1926 0.0453 13
0.8574 -0.1961 -0.171 16
0.8507 -0.1947 0.0763 17
0.8627 -0.1974 -0.1402 18
0.863 -0.1977 0.1087 14
0.8456 -0.1938 -0.1065 14
0.851 -0.1952 0.1383 15
0.868 -0.1993 -0.0779 13
0.8611 -0.1977 0.1717 17
0.8701 -0.1999 -0.0468 14
0.847 -0.1948 0.2007 22
0.8263 -0.1902 -0.0148 13
0.8359 -0.1925 0.2298 17
0.8688 -0.2014 0.0156 16
0.8502 -0.1974 0.0457 13
0.851 -0.1976 -0.1698 16
0.8423 -0.1957 0.0757 18
0.8543 -0.1986 -0.1389 18
0.8758 -0.2038 0.1104 16
0.8352 -0.1945 -0.1053 14
0.858 -0.2 0.1395 17
0.846 -0.1973 -0.076 11
0.8642 -0.2016 0.1725 19
0.8772 -0.2048 -0.0472 14
0.8426 -0.1968 0.1998 22
0.8373 -0.1958 -0.015 13
0.8258 -0.1932 0.2272 17
0.8623 -0.203 0.0155 16
0.8534 -0.2013 0.046 12
0.8541 -0.2016 -0.1706 16
0.8551 -0.202 0.0769 19
0.842 -0.199 -0.137 20
0.85 -0.2009 0.1072 15
0.85 -0.2011 -0.1072 16
0.8592 -0.2034 0.1399 14
0.855 -0.2026 -0.0769 14
0.852 -0.202 0.1702 17
0.8648 -0.2052 -0.0466 14
0.857 -0.2035 0.2034 19
0.8385 -0.1992 -0.015 12
0.8195 -0.1948 0.2257 19
0.8499 -0.2034 0.0153 18
0.8469 -0.2028 0.0456 13
0.8629 -0.2069 -0.1725 15
0.8525 -0.2045 0.0767 17
0.8605 -0.2066 -0.1402 21
0.8531 -0.205 0.1077 18
0.8415 -0.2023 -0.1063 14
0.8624 -0.2074 0.1405 14
0.8698 -0.2093 -0.0783 13
0.8532 -0.2055 0.1706 20
0.8407 -0.2026 -0.0453 16
0.8525 -0.2056 0.2025 21
0.8437 -0.2035 -0.0151 12
0.8319 -0.2008 0.2293 17
0.8511 -0.2067 0.0153 17
0.8384 -0.2039 0.0452 13
0.8584 -0.2089 -0.1717 16
0.8479 -0.2065 0.0763 17
0.8598 -0.2094 -0.1402 18
0.8563 -0.2087 0.1082 18
0.8351 -0.2037 -0.1055 18
0.8501 -0.2076 0.1386 18
0.8651 -0.2114 -0.0779 13
0.8544 -0.2088 0.171 17
0.8517 -0.2083 -0.046 15
0.8291 -0.2029 0.1971 23
0.8352 -0.2045 -0.015 13
0.8331 -0.2042 0.2298 17
0.8659 -0.2135 0.0156 16
0.8377 -0.2068 0.0452 13
0.8444 -0.2085 -0.1691 17
0.853 -0.2108 0.0769 16
0.8591 -0.2124 -0.1402 18
0.8633 -0.2136 0.1092 17
0.8343 -0.2066 -0.1055 14
0.8398 -0.2081 0.137 15
0.847 -0.2099 -0.0763 11
0.8575 -0.2127 0.1717 17
0.8432 -0.2093 -0.0455 16
0.8284 -0.2058 0.1971 21
0.8364 -0.2079 -0.015 12
0.8286 -0.2061 0.2288 17
0.8574 -0.2146 0.0154 17
0.8427 -0.2112 0.0455 13
0.8455 -0.2119 -0.1694 17
0.8503 -0.2133 0.0767 17
0.8583 -0.2154 -0.1402 18
0.8587 -0.2157 0.1087 17
0.8452 -0.2124 -0.107 14
0.8429 -0.212 0.1377 12
0.8386 -0.2109 -0.0757 11
0.8491 -0.2138 0.1702 17
0.8541 -0.2152 -0.0462 15
0.8314 -0.2096 0.198 22
0.824 -0.2079 -0.0148 13
0.8148 -0.2057 0.2252 19
0.847 -0.2151 0.0153 18
0.8517 -0.2166 0.0461 12
0.8581 -0.2183 -0.1721 16
0.8418 -0.2143 0.076 17
0.8404 -0.214 -0.1373 19
0.856 -0.2182 0.1085 14
0.8348 -0.2129 -0.1058 14
0.8517 -0.2174 0.1392 14
0.8436 -0.2154 -0.0762 15
0.8408 -0.2148 0.1687 18
0.8611 -0.2201 -0.0466 14
0.8326 -0.213 0.1984 22
0.8291 -0.2123 -0.0149 13
0.8141 -0.2086 0.2252 17
0.8424 -0.2171 0.0152 18
0.8393 -0.2166 0.0454 13
0.8573 -0.2212 -0.1721 16
0.8449 -0.2182 0.0763 17
0.8415 -0.2175 -0.1377 16
0.8475 -0.2192 0.1075 18
0.8321 -0.2154 -0.1055 14
0.8395 -0.2174 0.1373 15
0.8506 -0.2203 -0.0769 14
0.8362 -0.2167 0.1679 19
0.8371 -0.2171 -0.0453 16
0.8281 -0.2149 0.1975 23
0.8284 -0.2152 -0.0149 13
0.8208 -0.2133 0.2272 17
0.8571 -0.224 0.0155 11
0.8212 -0.215 0.0445 13
0.8528 -0.2232 -0.1713 16
0.8442 -0.2212 0.0763 17
0.8408 -0.2204 -0.1377 19
0.841 -0.2206 0.1068 15
0.8295 -0.2178 -0.1053 14
0.8425 -0.2214 0.138 15
0.8363 -0.2197 -0.0757 11
0.8487 -0.2231 0.1706 17
0.8383 -0.2205 -0.0454 12
0.8254 -0.2173 0.1971 21
0.8392 -0.2211 -0.0151 12
0.8257 -0.2177 0.2288 17
0.8485 -0.225 0.0153 11
0.8301 -0.2204 0.045 13
0.8292 -0.2202 -0.1668 18
0.8434 -0.2241 0.0763 17
0.8495 -0.2259 -0.1392 18
0.8402 -0.2236 0.1068 15
0.8249 -0.2196 -0.1048 15
0.836 -0.2228 0.137 12
0.8432 -0.2247 -0.0763 11
0.8423 -0.2246 0.1694 18
0.8472 -0.226 -0.046 11
0.8228 -0.2197 0.1966 23
0.8153 -0.2178 -0.0147 13
0.8156 -0.2181 0.2262 17
0.8478 -0.2279 0.0153 14
0.837 -0.2252 0.0454 10
0.8436 -0.2271 -0.1698 16
0.8368 -0.2255 0.0758 15
0.8411 -0.2268 -0.138 16
0.8433 -0.2275 0.1072 15
0.828 -0.2234 -0.1053 14
0.8353 -0.2255 0.137 12
0.8251 -0.223 -0.0748 12
0.8301 -0.2244 0.1671 19
0.8425 -0.228 -0.0457 16
0.8183 -0.2214 0.1957 23
0.8223 -0.2226 -0.0149 13
0.8074 -0.2188 0.2241 17
0.8296 -0.226 0.015 12
0.844 -0.2301 0.0458 10
0.8428 -0.2299 -0.1698 16
0.8419 -0.2298 0.0763 17
0.8384 -0.2291 -0.1377 19
0.8464 -0.2314 0.1077 18
0.8368 -0.2288 -0.1065 14
0.8307 -0.2273 0.1364 12
0.8263 -0.2262 -0.075 12
0.8275 -0.2267 0.1668 22
0.8514 -0.2334 -0.0463 11
0.8213 -0.2251 0.1966 19
0.8138 -0.2232 -0.0147 13
0.8048 -0.2209 0.2236 17
0.8327 -0.2298 0.0151 12
0.8393 -0.232 0.0456 10
0.8534 -0.2359 -0.1721 16
0.8392 -0.2321 0.0762 15
0.8263 -0.2287 -0.1358 17
0.8284 -0.2294 0.1055 16
0.8341 -0.2311 -0.1063 14
0.8261 -0.2291 0.1358 15
0.839 -0.2327 -0.0762 11
0.8324 -0.231 0.1679 19
0.8429 -0.2341 -0.0458 11
0.8186 -0.2275 0.1962 21
0.8246 -0.2293 -0.0149 13
0.8152 -0.2268 0.2267 15
0.8435 -0.236 0.0153 17
0.8251 -0.2311 0.0449 13
0.8356 -0.2341 -0.1687 17
0.8479 -0.2377 0.077 16
0.835 -0.2342 -0.1373 19
0.8314 -0.2334 0.106 16
0.8218 -0.2308 -0.1048 15
0.831 -0.2336 0.1367 12
0.8305 -0.2334 -0.0755 11
0.824 -0.2318 0.1664 19
0.8325 -0.2343 -0.0453 12
0.8197 -0.2309 0.1966 19
0.8199 -0.2311 -0.0149 13
0.8107 -0.2286 0.2257 14
0.8523 -0.2416 0.0155 13
0.8204 -0.2329 0.0447 13
0.8272 -0.2349 -0.1671 18
0.8299 -0.2358 0.0755 15
0.8417 -0.2393 -0.1386 19
0.8287 -0.2357 0.1058 16
0.8095 -0.2304 -0.1033 15
0.8112 -0.2311 0.1336 10
0.8393 -0.2391 -0.0763 11
0.8289 -0.2363 0.1675 16
0.8259 -0.2356 -0.045 12
0.7945 -0.2268 0.1908 15
0.7999 -0.2285 -0.0145 13
0.7987 -0.2283 0.2226 7
0.838 -0.2408 0.0152 12
0.8138 -0.2341 0.0444 11
0.8188 -0.2356 -0.1656 18
0.7965 -0.2293 0.0725 11
0.8048 -0.2318 -0.1327 15
0.8107 -0.2337 0.1036 8
0.8259 -0.2382 -0.1055 10
0.8389 -0.2421 0.1383 6
0.8078 -0.2332 -0.0736 12
0.7978 -0.2304 0.1614 9
0.8116 -0.2346 -0.0443 13
0.7769 -0.2247 0.1867 5
0.7991 -0.2312 -0.0145 4
0.7738 -0.2241 0.2159 1
0.8122 -0.2364 0.0148 6
0.7843 -0.2284 0.0428 3
0.8199 -0.239 -0.166 12
0.7907 -0.2308 -0.1305 10
0.806 -0.2355 -0.1031 7
0.7917 -0.2315 -0.0722 4
0.8146 -0.2385 -0.0445 4
0.8774 -0.2591 -0.1778 4
0.8661 -0.2562 -0.1109 3
0.8444 -0.2501 -0.077 3
