0.513 0.2127 0.1282 5
0.492 0.2025 0.0653 20
0.4862 0.1994 0.1408 7
0.4921 0.2005 -0.0842 7
0.4927 0.2008 0.0653 20
0.5182 0.2105 0.1291 10
0.469 0.1904 0.1356 10
0.4804 0.1939 0.0453 5
0.4928 0.1988 -0.0842 7
0.4971 0.2004 0.0658 20
0.4644 0.187 0.0973 14
0.5044 0.2029 0.1255 10
0.4804 0.193 0.1387 10
0.4734 0.1895 0.0089 7
0.4542 0.1816 -0.1129 13
0.4785 0.1913 0.027 5
0.4904 0.196 -0.1027 15
0.4718 0.1885 0.0444 6
0.4898 0.1956 -0.0835 7
0.4886 0.195 0.0646 20
0.4833 0.1926 0.1011 14
0.5033 0.2004 0.1251 10
0.4703 0.1871 0.1356 10
0.4661 0.1845 0.0263 11
0.4801 0.19 -0.1004 15
0.4817 0.1905 0.0453 11
0.4795 0.1895 -0.0817 14
0.4948 0.1955 0.0653 20
0.462 0.1823 0.0965 14
0.4868 0.192 -0.0274 9
0.504 0.1986 0.1251 10
0.4637 0.1827 0.1336 10
0.4608 0.1807 -0.1143 13
0.4872 0.1909 0.0274 11
0.4661 0.1826 -0.0973 15
0.4787 0.1874 0.045 11
0.4875 0.1908 -0.0829 14
0.4991 0.1953 0.0658 20
0.4901 0.1915 0.1023 14
0.5228 0.2041 0.1296 10
0.4788 0.1867 0.1377 10
0.4698 0.1824 0.0088 7
0.4729 0.1835 0.0266 5
0.4887 0.1896 -0.1019 15
0.4904 0.1901 0.046 11
0.5102 0.1977 -0.0867 13
0.4943 0.1914 0.0651 20
0.4771 0.1847 0.081 14
0.4779 0.1848 0.0996 14
0.4788 0.185 -0.0269 10
0.5181 0.2001 0.1282 10
0.4812 0.1858 0.1382 10
0.4742 0.1823 -0.1361 12
0.4909 0.1887 0.0092 7
0.4548 0.1748 -0.1125 14
0.4829 0.1855 0.0271 11
0.493 0.1893 -0.1027 15
0.4799 0.1841 0.045 11
0.4887 0.1875 -0.0829 14
0.5004 0.1919 0.0658 20
0.4741 0.1816 0.0804 14
0.4726 0.1809 -0.0443 10
0.495 0.1895 0.103 14
0.4943 0.1892 -0.0277 9
0.4987 0.1907 0.1233 10
0.4872 0.1862 0.1398 10
0.5037 0.1917 -0.1444 11
0.5028 0.1913 0.0094 7
0.4627 0.1759 -0.1143 13
0.4835 0.1839 0.0271 11
0.4973 0.189 -0.1034 15
0.5066 0.1924 0.0474 11
0.5189 0.197 -0.0879 13
0.4974 0.1887 0.0653 20
0.4659 0.1767 -0.0612 17
0.4673 0.1772 0.0792 14
0.4937 0.1871 -0.0462 9
0.5085 0.1927 0.1057 13
0.4875 0.1846 -0.0273 10
0.5176 0.1959 0.1278 10
0.4806 0.1818 0.1377 10
0.5184 0.1953 0.0097 7
0.4669 0.1758 -0.1152 13
0.4842 0.1822 0.0271 11
0.4833 0.1818 -0.1004 15
0.4886 0.1837 0.0457 11
0.5196 0.1953 -0.0879 13
0.4869 0.1829 0.0639 20
0.4925 0.1849 -0.0646 8
0.4753 0.1784 0.0804 14
0.4963 0.1862 0.103 14
0.4956 0.1858 -0.0277 9
0.531 0.199 0.1309 10
0.474 0.1774 0.1356 10
0.4616 0.1721 -0.132 12
0.4834 0.1802 0.009 7
0.4931 0.1837 -0.1215 13
0.4941 0.184 0.0276 11
0.4986 0.1855 -0.1034 15
0.5004 0.1862 0.0467 11
0.4906 0.1825 -0.0829 14
0.5061 0.1881 0.0663 19
0.4671 0.1735 -0.0612 17
0.4685 0.174 0.0792 14
0.4875 0.1809 -0.0455 9
0.4933 0.183 0.1023 14
0.4981 0.1847 -0.0278 9
0.5317 0.1971 0.1309 10
0.4855 0.1798 0.1387 10
0.5021 0.1851 -0.1434 11
0.5085 0.1874 0.0095 7
0.4937 0.1819 -0.1215 13
0.4836 0.178 0.027 11
0.4993 0.1837 -0.1034 15
0.5011 0.1844 0.0467 11
0.5024 0.1848 -0.0848 13
0.5031 0.1849 0.0658 20
0.4789 0.1759 -0.0626 8
0.4766 0.175 0.0804 14
0.4901 0.1798 -0.0457 9
0.4921 0.1805 0.1019 14
0.4819 0.1767 -0.0269 10
0.516 0.1891 0.1269 10
0.4789 0.1754 0.1367 10
0.4882 0.178 -0.1392 11
0.5017 0.1828 0.0093 7
0.4944 0.18 -0.1215 13
0.4917 0.1791 0.0274 11
0.4926 0.1793 -0.1019 15
0.5018 0.1825 0.0467 11
0.492 0.1789 -0.0829 14
0.4926 0.179 0.0643 20
0.487 0.1769 -0.0636 17
0.4883 0.1773 0.0823 14
0.4776 0.1733 -0.0444 10
0.5057 0.1835 0.1046 13
0.5201 0.1886 -0.029 9
0.5075 0.1839 0.1246 10
0.4904 0.1776 0.1398 10
0.4707 0.1697 -0.1341 12
0.5098 0.1838 0.0095 7
0.495 0.1784 -0.1215 13
0.4998 0.18 0.0278 11
0.5006 0.1802 -0.1034 15
0.5137 0.1848 0.0478 11
0.4926 0.1772 -0.0829 14
0.5044 0.1814 0.0658 20
0.4913 0.1766 -0.0641 17
0.4852 0.1743 0.0817 14
0.48 0.1724 -0.0446 10
0.5026 0.1804 0.1038 13
0.5113 0.1835 -0.0285 9
0.5099 0.1829 0.1251 10
0.4874 0.1746 0.1387 10
0.4894 0.1747 -0.1392 11
0.5104 0.1821 0.0095 7
0.5066 0.1806 -0.1242 12
0.5005 0.1783 0.0278 11
0.4975 0.1772 -0.1027 15
0.4918 0.1751 0.0457 11
0.5043 0.1795 -0.0848 13
0.5125 0.1823 0.0668 19
0.4882 0.1735 -0.0636 17
0.4709 0.1673 0.0792 14
0.5088 0.1807 0.1049 13
0.5176 0.1837 -0.0288 9
0.5345 0.1896 0.1309 10
0.488 0.1729 0.1387 10
0.4718 0.1665 -0.1341 12
0.5299 0.1869 0.0098 7
0.5073 0.1788 -0.1242 12
0.5048 0.1779 0.0281 11
0.5055 0.1781 -0.1042 14
0.5036 0.1774 0.0467 11
0.5012 0.1764 -0.0842 14
0.5094 0.1792 0.0663 19
0.4888 0.1718 -0.0636 17
0.4901 0.1722 0.0823 14
0.502 0.1763 0.1034 13
0.5013 0.1759 -0.0278 9
0.5296 0.1858 0.1296 10
0.4704 0.1648 0.1336 10
0.4906 0.1712 -0.1392 11
0.5041 0.1759 0.0093 7
0.4968 0.1732 -0.1215 13
0.496 0.1728 0.0275 11
0.5024 0.1751 -0.1034 15
0.5043 0.1756 0.0467 11
0.513 0.1786 -0.086 13
0.5043 0.1754 0.0656 20
0.5006 0.174 -0.0651 17
0.4945 0.1718 0.0829 14
0.5063 0.1758 0.1042 13
0.4925 0.1709 -0.0273 10
0.5174 0.1795 0.1264 10
0.4856 0.1682 0.1377 10
0.5095 0.1758 -0.1444 11
0.5047 0.1741 0.0093 7
0.4735 0.1632 -0.1156 13
0.4759 0.1639 0.0264 11
0.5142 0.1771 -0.1057 14
0.5011 0.1725 0.0464 11
0.5286 0.1819 -0.0885 13
0.4956 0.1704 0.0643 20
0.4825 0.1658 -0.0626 8
0.4988 0.1714 0.0835 13
0.5088 0.1747 0.1046 13
0.5044 0.1731 -0.0279 9
0.5143 0.1764 0.1255 10
0.4898 0.1678 0.1387 10
0.4918 0.1679 -0.1392 11
0.5205 0.1776 0.0096 7
0.5128 0.1749 -0.1251 12
0.4764 0.1624 0.0264 11
0.4887 0.1666 -0.1004 15
0.4979 0.1696 0.046 11
0.518 0.1763 -0.0867 13
0.5037 0.1714 0.0653 20
0.483 0.1642 -0.0626 8
0.4769 0.1621 0.0798 14
0.5075 0.1724 0.1042 13
0.5314 0.1804 -0.0294 9
0.5241 0.1778 0.1278 10
0.4812 0.1631 0.1361 10
0.5217 0.1761 -0.1475 11
0.5135 0.1732 0.0095 7
0.4875 0.1643 -0.1188 13
0.4826 0.1626 0.0267 11
0.5228 0.1761 -0.1072 14
0.4985 0.1679 0.046 11
0.5261 0.177 -0.0879 13
0.5042 0.1696 0.0653 20
0.5137 0.1727 -0.0665 16
0.4962 0.1667 0.0829 14
0.4892 0.1643 -0.0451 9
0.5174 0.1737 0.1061 13
0.5018 0.1684 -0.0277 9
0.5118 0.1716 0.1246 10
0.4726 0.1583 0.1336 10
0.4746 0.1583 -0.1341 12
0.4894 0.1632 0.009 7
0.5084 0.1694 -0.1237 12
0.487 0.1622 0.0269 11
0.516 0.1718 -0.1057 14
0.4991 0.1661 0.046 11
0.4967 0.1652 -0.0829 14
0.5274 0.1754 0.0682 19
0.5143 0.1709 -0.0665 16
0.493 0.1637 0.0823 14
0.4954 0.1645 -0.0457 9
0.4975 0.1651 0.1019 14
0.5118 0.1698 -0.0283 9
0.5253 0.1741 0.1278 10
0.4768 0.1579 0.1346 10
0.4752 0.1567 -0.1341 12
0.5147 0.1696 0.0095 7
0.5072 0.167 -0.1233 12
0.5084 0.1674 0.0281 11
0.5091 0.1676 -0.1042 14
0.4921 0.1619 0.0453 11
0.5123 0.1684 -0.0854 13
0.5054 0.1661 0.0653 20
0.5224 0.1716 -0.0675 16
0.5049 0.1657 0.0842 13
0.477 0.1566 -0.0439 10
0.5167 0.1695 0.1057 13
0.5067 0.1661 -0.0279 9
0.5185 0.1699 0.126 10
0.4846 0.1587 -0.0089 8
0.4847 0.1586 0.1367 10
0.5088 0.1658 -0.1434 11
0.5001 0.1629 0.0092 7
0.4836 0.1574 -0.1174 13
0.4748 0.1545 0.0262 12
0.5171 0.1682 -0.1057 14
0.4851 0.1577 0.0446 12
0.4979 0.1618 -0.0829 14
0.5192 0.1686 0.067 19
0.5079 0.1648 -0.0656 8
0.4979 0.1616 0.0829 14
0.4909 0.1592 -0.0451 9
0.5136 0.1665 0.1049 13
0.5073 0.1643 -0.0279 9
0.508 0.1645 0.1233 10
0.4889 0.1582 0.1377 10
0.5094 0.164 -0.1434 11
0.5082 0.1637 0.0093 7
0.4934 0.1588 -0.1197 13
0.4962 0.1596 0.0273 11
0.5028 0.1616 -0.1027 15
0.5084 0.1633 0.0467 11
0.5285 0.1698 -0.0879 13
0.5065 0.1626 0.0653 20
0.5274 0.1692 -0.068 8
0.4872 0.1562 0.081 14
0.4838 0.1551 -0.0444 10
0.5141 0.1648 0.1049 13
0.5174 0.1657 -0.0285 9
0.5048 0.1616 0.1224 10
0.48 0.1535 -0.0088 8
0.4821 0.1541 0.1356 10
0.4952 0.1577 -0.1392 11
0.5164 0.1643 0.0095 7
0.4884 0.1553 -0.1183 13
0.5101 0.1621 0.0281 11
0.5033 0.1599 -0.1027 15
0.4975 0.158 0.0457 11
0.5291 0.1679 -0.0879 13
0.5185 0.1645 0.0668 19
0.5052 0.1602 -0.0651 17
0.4953 0.1569 0.0823 14
0.5166 0.1636 0.1053 13
0.5065 0.1603 -0.0278 9
0.524 0.1657 0.1269 10
0.4753 0.1501 0.1336 10
0.481 0.1513 -0.1351 12
0.4998 0.1571 0.0091 7
0.5094 0.16 -0.1233 12
0.5012 0.1573 0.0275 11
0.4926 0.1547 -0.1004 15
0.4943 0.1551 0.0453 11
0.492 0.1543 -0.0817 14
0.5039 0.1579 0.0648 20
0.5437 0.1703 -0.07 7
0.4996 0.1564 0.0829 14
0.5097 0.1594 0.1038 13
0.5166 0.1615 -0.0284 9
0.5097 0.1592 0.1233 10
0.4829 0.1508 -0.0088 8
0.4776 0.149 0.1341 10
0.4963 0.1542 -0.1392 11
0.5023 0.156 0.0092 7
0.51 0.1583 -0.1233 12
0.4998 0.155 0.0274 11
0.4969 0.1541 -0.1011 15
0.5024 0.1557 0.046 11
0.5189 0.1607 -0.086 13
0.4968 0.1538 0.0639 20
0.5253 0.1625 -0.0675 16
0.4963 0.1535 0.0823 14
0.4892 0.1512 -0.0448 10
0.5158 0.1594 0.1049 13
0.5153 0.1591 -0.0283 9
0.5139 0.1586 0.1242 10
0.4873 0.1503 -0.0089 8
0.4837 0.1491 0.1356 10
0.5264 0.1615 -0.1475 11
0.4952 0.1519 0.009 7
0.5142 0.1576 -0.1242 12
0.4965 0.1521 0.0272 11
0.4937 0.1512 -0.1004 15
0.5144 0.1575 0.0471 11
0.5006 0.1531 -0.0829 14
0.5145 0.1573 0.0661 19
0.4993 0.1526 -0.0641 8
0.5007 0.1529 0.0829 14
0.4859 0.1484 -0.0444 10
0.5277 0.161 0.1072 13
0.5101 0.1556 -0.0279 9
0.507 0.1545 0.1224 10
0.4878 0.1486 -0.0089 8
0.4768 0.1451 0.1336 10
0.5121 0.1552 -0.1434 11
0.5225 0.1582 0.0095 7
0.5148 0.1558 -0.1242 12
0.4836 0.1464 0.0265 11
0.5055 0.1529 -0.1027 15
0.5073 0.1534 0.0464 11
0.4935 0.1491 -0.0817 14
0.5093 0.1538 0.0653 20
0.5036 0.152 -0.0646 17
0.486 0.1466 0.0804 14
0.4883 0.1473 -0.0446 10
0.5263 0.1586 0.1069 13
0.5011 0.1509 -0.0274 9
0.4963 0.1495 0.1197 11
0.481 0.1447 0.1346 10
0.5038 0.1508 0.0092 7
0.4985 0.1491 -0.1201 13
0.5013 0.1499 0.0274 11
0.4947 0.1479 -0.1004 15
0.5002 0.1494 0.0457 11
0.494 0.1475 -0.0817 14
0.5174 0.1543 0.0663 19
0.5079 0.1515 -0.0651 8
0.4865 0.145 0.0804 14
0.5156 0.1535 0.1046 13
0.5092 0.1515 -0.0278 9
0.5174 0.1539 0.1246 10
0.4945 0.147 -0.009 8
0.4685 0.1392 0.131 10
0.4798 0.1419 -0.1341 12
0.5235 0.1548 0.0095 7
0.5158 0.1524 -0.1242 12
0.498 0.1471 0.0272 11
0.4952 0.1462 -0.1004 15
0.4892 0.1444 0.0446 12
0.4945 0.1458 -0.0817 14
0.516 0.1521 0.0661 19
0.4894 0.1441 -0.0626 17
0.5022 0.1478 0.0829 14
0.5198 0.1529 0.1053 13
0.5231 0.1538 -0.0286 9
0.5366 0.1576 0.1291 10
0.497 0.1459 -0.009 8
0.4857 0.1425 0.1356 10
0.4989 0.1456 -0.1392 11
0.5356 0.1563 0.0097 7
0.5051 0.1473 -0.1215 13
0.4909 0.1431 0.0268 11
0.5033 0.1466 -0.1019 15
0.5012 0.1459 0.0457 11
0.5102 0.1484 -0.0842 14
0.4994 0.1453 0.0639 20
0.5089 0.148 -0.0651 17
0.5217 0.1516 0.086 13
0.507 0.1472 -0.0462 9
0.5129 0.1488 0.1038 13
0.5198 0.1507 -0.0284 9
0.5203 0.1508 0.1251 10
0.4862 0.1408 0.1356 10
0.5402 0.1556 -0.1506 10
0.5054 0.1455 0.0092 7
0.5169 0.1487 -0.1242 12
0.4799 0.138 0.0262 12
0.5151 0.1481 -0.1042 14
0.517 0.1485 0.0471 11
0.5221 0.1499 -0.086 13
0.5056 0.1451 0.0646 20
0.498 0.1428 -0.0636 17
0.5108 0.1464 0.0842 13
0.5285 0.1513 0.1069 13
0.5127 0.1467 -0.0279 9
0.504 0.1441 0.121 11
0.4864 0.139 -0.0088 8
0.483 0.1379 0.1346 10
0.4999 0.1421 -0.1392 11
0.4982 0.1415 0.009 7
0.5099 0.1448 -0.1224 13
0.5081 0.1442 -0.1027 15
0.5137 0.1457 0.0467 11
0.5151 0.1459 -0.0848 13
0.5119 0.1449 0.0653 20
0.51 0.1443 -0.0651 17
0.4961 0.1403 0.0817 14
0.5177 0.1463 0.1046 13
0.5017 0.1417 -0.0273 10
0.5176 0.1461 0.1242 10
0.4831 0.1362 -0.0088 8
0.4927 0.1389 0.1372 10
0.4818 0.1351 -0.1341 12
0.5045 0.1414 0.0091 7
0.5085 0.1425 -0.1219 13
0.5039 0.1412 0.0274 5
0.5161 0.1445 -0.1042 14
0.5027 0.1406 0.0457 11
0.4965 0.1388 -0.0817 14
0.5162 0.1442 0.0658 20
0.5181 0.1448 -0.0661 16
0.4928 0.1376 0.081 14
0.4932 0.1376 -0.0448 10
0.5371 0.1498 0.1084 13
0.5041 0.1405 -0.0274 9
0.52 0.1449 0.1246 10
0.4839 0.1347 0.1346 10
0.4859 0.1346 -0.1351 12
0.4914 0.136 0.0089 7
0.4996 0.1382 -0.1197 13
0.4986 0.1379 0.0271 11
0.5166 0.1428 -0.1042 14
0.507 0.14 0.046 11
0.497 0.1372 -0.0817 14
0.509 0.1404 0.0648 20
0.4995 0.1378 -0.0636 17
0.5008 0.1381 0.0823 14
0.5186 0.1428 0.1046 13
0.5277 0.1451 -0.0287 9
0.5355 0.1473 0.1282 10
0.4917 0.1352 -0.0089 8
0.4918 0.1351 0.1367 10
0.4864 0.133 -0.1351 12
0.5001 0.1365 -0.1197 13
0.5125 0.1398 0.0278 11
0.5095 0.139 -0.1027 15
0.5152 0.1404 0.0467 11
0.5241 0.1428 -0.086 13
0.498 0.1356 0.0634 20
0.4999 0.136 -0.0636 17
0.5051 0.1373 0.0829 14
0.4922 0.1338 -0.0446 10
0.5077 0.138 0.1023 14
0.5204 0.1413 -0.0283 9
0.5285 0.1434 0.1264 10
0.4867 0.1319 0.1351 10
0.5391 0.1453 -0.1496 11
0.5078 0.1368 0.0092 7
0.5005 0.1348 -0.1197 13
0.4995 0.1344 0.0271 11
0.5176 0.1393 -0.1042 14
0.5041 0.1355 0.0457 11
0.4979 0.1338 -0.0817 14
0.5061 0.1359 0.0643 20
0.5081 0.1363 -0.0646 17
0.5132 0.1376 0.0842 13
0.5082 0.1362 0.1023 14
0.4843 0.1297 -0.0263 10
0.5271 0.141 0.126 10
0.4926 0.1317 -0.0089 8
0.4853 0.1297 0.1346 10
0.5172 0.1375 -0.1434 11
0.5334 0.1417 0.0096 7
0.4991 0.1325 -0.1192 13
0.4884 0.1296 0.0265 11
0.4877 0.1294 -0.0981 15
0.5084 0.1348 0.046 11
0.4869 0.129 -0.0798 14
0.5143 0.1362 0.0653 20
0.4932 0.1305 -0.0626 8
0.4908 0.1298 0.0804 14
0.5144 0.1359 0.1034 13
0.5156 0.1361 -0.0279 9
0.5201 0.1372 0.1242 10
0.4969 0.1309 0.1377 10
0.4691 0.1229 -0.1299 12
0.5146 0.1348 0.0093 7
0.509 0.1333 -0.1215 13
0.5062 0.1324 0.0274 11
0.5071 0.1326 -0.1019 15
0.5051 0.1319 0.0457 11
0.5141 0.1342 -0.0842 14
0.5186 0.1354 0.0658 20
0.5129 0.1338 -0.0651 8
0.5027 0.131 0.0823 14
0.5263 0.137 0.1057 13
0.52 0.1352 -0.0282 9
0.5281 0.1373 0.126 10
0.4877 0.1268 -0.0088 8
0.4712 0.1224 0.1304 10
0.4882 0.1261 -0.1351 12
0.4899 0.1264 0.0088 7
0.4963 0.128 -0.1183 13
0.4913 0.1266 0.0266 11
0.5266 0.1357 -0.1057 14
0.4978 0.1282 0.045 11
0.4878 0.1255 -0.0798 14
0.5076 0.1305 0.0643 20
0.5249 0.1349 -0.0665 16
0.4994 0.1282 0.0817 14
0.5268 0.1352 0.1057 13
0.4972 0.1275 -0.0269 10
0.5267 0.1349 0.1255 10
0.481 0.1231 0.133 10
0.5186 0.1319 -0.1434 11
0.4903 0.1247 0.0088 7
0.5043 0.1282 -0.1201 13
0.4956 0.1259 0.0268 11
0.5081 0.1289 -0.1019 15
0.4983 0.1264 0.045 11
0.4998 0.1266 -0.0817 14
0.5042 0.1278 0.0639 20
0.5215 0.1321 -0.0661 8
0.5113 0.1294 0.0835 13
0.5006 0.1265 0.1004 14
0.4957 0.1252 -0.0268 10
0.5045 0.1273 0.1201 11
0.4847 0.1223 -0.0087 8
0.4833 0.1218 0.1336 10
0.504 0.1266 -0.1392 11
0.5004 0.1256 0.009 7
0.5047 0.1266 -0.1201 13
0.4901 0.1228 0.0265 11
0.5008 0.1255 -0.1004 15
0.5102 0.1278 0.046 11
0.5155 0.129 -0.0842 14
0.5123 0.1281 0.0648 20
0.4949 0.1237 -0.0626 17
0.5117 0.1278 0.0835 13
0.5391 0.1345 0.108 13
0.4903 0.1222 -0.0265 10
0.5124 0.1277 0.1219 10
0.4799 0.1194 0.1325 10
0.5157 0.1275 -0.1424 11
0.5183 0.1282 0.0093 7
0.5108 0.1262 -0.1215 13
0.5127 0.1265 -0.1027 15
0.5146 0.1269 0.0464 11
0.5083 0.1252 -0.0829 14
0.5166 0.1273 0.0653 20
0.4954 0.122 -0.0626 17
0.4968 0.1222 0.081 14
0.4876 0.1198 -0.0439 10
0.5396 0.1325 0.108 13
0.4869 0.1195 -0.0263 10
0.5167 0.1267 0.1228 10
0.4952 0.1215 -0.0089 8
0.4878 0.1196 0.1346 10
0.5049 0.123 -0.1392 11
0.4896 0.1192 0.0088 7
0.5207 0.1266 -0.1237 12
0.4968 0.1208 0.0268 11
0.5132 0.1247 -0.1027 15
0.4995 0.1213 0.045 11
0.501 0.1216 -0.0817 14
0.5093 0.1235 0.0643 20
0.4842 0.1173 -0.0612 17
0.4972 0.1205 0.081 14
0.5209 0.126 0.1042 13
0.5067 0.1225 -0.0273 10
0.5133 0.124 0.1219 10
0.4918 0.1188 -0.0088 8
0.477 0.1151 0.1315 10
0.4865 0.1167 -0.1341 12
0.5017 0.1204 0.009 7
0.5117 0.1227 -0.1215 13
0.4895 0.1172 0.0264 11
0.5022 0.1202 -0.1004 15
0.5154 0.1233 0.0464 11
0.5059 0.1209 0.0639 20
0.5039 0.1203 -0.0636 17
0.513 0.1224 0.0835 13
0.4946 0.1179 0.0988 14
0.5304 0.1264 -0.0286 9
0.5213 0.1241 0.1237 10
0.4736 0.1126 0.1304 10
0.4907 0.116 -0.1351 12
0.4904 0.1158 0.0088 7
0.4988 0.1177 -0.1183 13
0.4976 0.1174 0.0268 5
0.5217 0.123 -0.1042 14
0.4903 0.1155 -0.0798 14
0.5024 0.1182 0.0634 20
0.4966 0.1168 -0.0626 17
0.5134 0.1206 0.0835 13
0.4965 0.1166 -0.0446 10
0.5141 0.1207 0.1027 14
0.5153 0.1209 -0.0277 9
0.5104 0.1196 0.121 11
0.5004 0.1172 -0.009 8
0.4891 0.1144 0.1346 10
0.5174 0.1204 -0.1424 11
0.4908 0.1141 0.0088 7
0.5011 0.1164 -0.1188 13
0.4922 0.1143 0.0265 11
0.5144 0.1194 -0.1027 15
0.5201 0.1207 0.0467 11
0.51 0.1182 -0.0829 14
0.4912 0.1138 0.0619 21
0.4908 0.1135 0.0798 14
0.4954 0.1145 0.0988 14
0.5196 0.12 -0.0279 9
0.5203 0.12 0.1233 10
0.4706 0.1084 0.1294 11
0.5066 0.116 -0.1392 11
0.5205 0.1191 0.0093 7
0.492 0.1125 -0.1165 13
0.5148 0.1176 -0.1027 15
0.5206 0.1188 0.0467 11
0.5258 0.1199 -0.0854 13
0.5071 0.1156 0.0639 20
0.4974 0.1133 -0.0626 8
0.4988 0.1136 0.081 14
0.5187 0.118 -0.0465 9
0.5207 0.1184 0.1038 13
0.5083 0.1155 -0.0273 10
0.5112 0.116 0.121 11
0.4767 0.1081 0.131 10
0.5209 0.1174 0.0093 7
0.5152 0.116 -0.1219 13
0.5066 0.114 0.0272 11
0.5114 0.115 -0.1019 15
0.5132 0.1153 0.046 11
0.5113 0.1148 0.0643 20
0.4978 0.1116 -0.0626 8
0.4896 0.1097 0.0795 14
0.5192 0.1162 0.1034 13
0.5165 0.1155 -0.0277 9
0.5211 0.1165 0.1233 10
0.4879 0.109 -0.0087 8
0.5073 0.1126 -0.1392 11
0.4966 0.11 -0.1174 13
0.509 0.1126 0.0273 11
0.4888 0.1082 -0.0973 15
0.498 0.1101 0.0446 12
0.5156 0.1138 0.0648 20
0.4982 0.1099 -0.0626 8
0.5073 0.1118 0.0823 14
0.5043 0.1111 0.1004 14
0.5169 0.1137 -0.0277 9
0.5272 0.1159 0.1246 10
0.5098 0.112 -0.0091 8
0.4793 0.1052 0.1315 10
0.5077 0.1107 -0.1392 11
0.4943 0.1078 0.0088 7
0.5027 0.1095 -0.1188 13
0.4957 0.1079 0.0266 5
0.5045 0.1097 -0.1004 15
0.4906 0.1066 0.0439 12
0.5038 0.1094 -0.0817 14
0.5121 0.1112 0.0643 20
0.5335 0.1157 -0.067 8
0.5116 0.1109 0.0829 14
0.5162 0.1117 0.1027 14
0.4978 0.1076 -0.0267 10
0.5219 0.1127 0.1233 10
0.4872 0.1052 0.1336 10
0.493 0.1057 -0.1351 12
0.5123 0.1097 0.0091 7
0.4935 0.1056 -0.1165 13
0.4902 0.1049 0.0263 11
0.5049 0.108 -0.1004 15
0.5183 0.1107 0.0464 11
0.4849 0.1035 -0.0785 14
0.5125 0.1093 0.0643 20
0.5067 0.108 -0.0636 17
0.5043 0.1075 0.0817 14
0.493 0.105 -0.0441 10
0.5166 0.1099 0.1027 14
0.5197 0.1105 -0.0278 9
0.5185 0.1101 0.1224 10
0.4762 0.1011 0.1304 10
0.4934 0.104 -0.1351 12
0.5205 0.1097 0.0093 7
0.5034 0.106 -0.1188 13
0.5091 0.107 -0.1011 15
0.4992 0.1048 0.0446 12
0.493 0.1035 -0.0798 14
0.5187 0.1088 0.0651 20
0.4993 0.1047 -0.0626 17
0.4892 0.1025 0.0792 14
0.5131 0.1074 0.1019 14
0.5161 0.1079 -0.0276 9
0.5169 0.108 0.1219 10
0.4804 0.1002 0.1315 10
0.5089 0.1055 -0.1392 11
0.5346 0.1107 0.0095 7
0.4866 0.1007 -0.1147 13
0.489 0.1012 0.0262 12
0.5056 0.1045 -0.1004 15
0.4995 0.1032 0.0446 12
0.4933 0.1018 -0.0798 14
0.5152 0.1062 0.0646 20
0.4934 0.1016 0.0798 14
0.5096 0.1048 0.1011 14
0.5302 0.1089 -0.0284 9
0.5173 0.1063 0.1219 10
0.4731 0.097 0.1294 11
0.4941 0.1007 -0.1351 12
0.5055 0.1029 0.009 7
0.5041 0.1026 -0.1188 13
0.501 0.1019 0.0268 5
0.5175 0.1052 -0.1027 15
0.5077 0.1031 0.0453 11
0.5246 0.1065 -0.0848 13
0.5117 0.1037 0.0641 20
0.5078 0.1029 -0.0636 17
0.5053 0.1023 0.0817 14
0.4902 0.0992 -0.0438 10
0.5022 0.1015 0.0996 14
0.511 0.1032 -0.0273 10
0.5253 0.1061 0.1237 10
0.49 0.0989 -0.0087 8
0.4772 0.0962 0.1304 10
0.5095 0.1021 -0.1392 11
0.5059 0.1013 0.009 7
0.4949 0.099 -0.1165 13
0.4955 0.099 0.0265 11
0.5179 0.1035 -0.1027 15
0.506 0.101 0.0451 11
0.4925 0.0982 0.0617 21
0.5003 0.0996 -0.0626 17
0.5018 0.0998 0.081 14
0.5103 0.1014 0.1011 14
0.5113 0.1015 -0.0273 10
0.5295 0.105 0.1246 10
0.4738 0.0938 0.1294 11
0.5251 0.1032 -0.1434 11
0.4945 0.0972 0.0088 7
0.5029 0.0988 -0.1183 13
0.5183 0.1016 -0.1027 15
0.5201 0.1019 0.0464 11
0.4943 0.0967 -0.0798 14
0.5007 0.098 0.0626 20
0.5124 0.1002 -0.0641 8
0.506 0.0988 0.0817 14
0.5299 0.1033 0.1049 13
0.5176 0.1008 -0.0276 9
0.5146 0.1001 0.121 11
0.4855 0.0944 0.1325 10
0.5103 0.0984 -0.1392 11
0.5066 0.0976 0.009 7
0.5052 0.0973 -0.1188 13
0.4942 0.0952 0.0264 11
0.507 0.0975 -0.1004 15
0.5126 0.0985 0.0457 11
0.5063 0.0972 -0.0817 14
0.5069 0.0972 0.0634 20
0.5127 0.0983 -0.0641 17
0.5005 0.0959 0.0807 14
0.5149 0.0985 0.1019 14
0.512 0.0979 -0.0273 10
0.5187 0.099 0.1219 10
0.4896 0.0934 0.1336 10
0.5106 0.0967 -0.1392 11
0.5384 0.1019 0.0096 7
0.5093 0.0963 -0.1197 13
0.5074 0.0958 -0.1004 15
0.5144 0.097 -0.0829 14
0.515 0.097 0.0643 20
0.5092 0.0958 -0.0636 17
0.5067 0.0953 0.0817 14
0.4997 0.0939 0.0988 14
0.5025 0.0943 -0.0268 10
0.5191 0.0973 0.1219 10
0.4919 0.0914 -0.1341 12
0.5171 0.096 0.0092 7
0.5078 0.0942 -0.1192 13
0.5047 0.0935 0.0269 11
0.5 0.0927 -0.0988 15
0.5133 0.095 0.0457 11
0.507 0.0938 -0.0817 14
0.5114 0.0945 0.0639 20
0.5329 0.0984 -0.0665 16
0.5031 0.0928 0.081 14
0.5232 0.0964 0.1034 13
0.5186 0.0955 -0.0276 9
0.5309 0.0976 0.1246 10
0.475 0.0872 0.1294 11
0.4809 0.0876 -0.131 12
0.5017 0.0914 0.0089 7
0.5042 0.0917 -0.1183 13
0.5003 0.0908 -0.0988 15
0.5058 0.0917 0.045 11
0.4981 0.0902 0.0622 21
0.5215 0.0944 -0.0651 8
0.5035 0.091 0.081 14
0.512 0.0924 0.1011 14
0.5236 0.0943 0.1228 10
0.4791 0.0862 0.1304 10
0.5116 0.0913 -0.1392 11
0.5079 0.0906 0.009 7
0.4969 0.0885 -0.1165 13
0.5034 0.0897 0.0268 11
0.5199 0.0925 -0.1027 15
0.5022 0.0893 0.0446 12
0.496 0.0881 -0.0798 14
0.5101 0.0905 0.0636 20
0.5023 0.089 -0.0626 17
0.5154 0.0914 0.0829 14
0.4905 0.0868 -0.0436 10
0.5123 0.0906 0.1011 14
0.533 0.0942 -0.0284 9
0.5239 0.0925 0.1228 10
0.4794 0.0845 0.1304 10
0.4929 0.0862 -0.1341 12
0.4984 0.0872 0.0088 7
0.5279 0.0922 -0.1237 12
0.5087 0.0887 -0.1004 15
0.5103 0.0889 0.0453 11
0.5157 0.0898 -0.0829 14
0.4968 0.0864 0.0619 21
0.5026 0.0874 -0.0626 17
0.4963 0.0862 0.0798 14
0.5165 0.0896 0.1019 14
0.4959 0.0859 -0.0264 10
0.5396 0.0934 0.1264 10
0.4966 0.0859 -0.0088 8
0.495 0.0855 0.1346 10
0.4779 0.0819 -0.1299 12
0.4947 0.0847 0.0088 7
0.5186 0.0887 -0.1215 13
0.5158 0.0883 0.0274 5
0.536 0.0916 -0.1057 14
0.5067 0.0865 0.045 11
0.5082 0.0867 -0.0817 14
0.5284 0.09 0.0658 20
0.5147 0.0876 -0.0641 8
0.5044 0.0859 0.081 14
0.5245 0.0891 0.1034 13
0.5139 0.0872 -0.0273 10
0.5284 0.0896 0.1237 10
0.4762 0.0806 0.1294 11
0.4973 0.0835 -0.1351 12
0.5167 0.0867 0.0091 7
0.5074 0.0851 -0.1188 13
0.4984 0.0835 0.0265 11
0.4899 0.082 -0.0965 15
0.5109 0.0854 0.0453 11
0.513 0.0857 0.0639 20
0.5189 0.0866 -0.0646 17
0.5008 0.0834 0.0804 14
0.4977 0.0828 0.0981 14
0.5142 0.0855 -0.0273 10
0.5133 0.0852 0.1201 11
0.4841 0.0802 0.1315 10
0.5128 0.0843 -0.1392 11
0.4973 0.0817 0.0088 7
0.4904 0.0805 -0.1147 13
0.4967 0.0814 0.0264 5
0.5095 0.0835 -0.1004 15
0.5151 0.0844 0.0457 11
0.5133 0.0839 0.0639 20
0.4918 0.0803 -0.0612 8
0.505 0.0823 0.081 14
0.4955 0.0808 -0.0439 10
0.5251 0.0855 0.1034 13
0.4948 0.0805 -0.0263 10
0.5213 0.0847 0.1219 10
0.4806 0.0779 0.1304 10
0.4978 0.0801 -0.1351 12
0.5094 0.0819 0.009 7
0.506 0.0812 -0.1183 13
0.497 0.0797 0.0264 5
0.5098 0.0818 -0.1004 15
0.5076 0.0813 0.045 11
0.4896 0.0783 -0.0785 14
0.5116 0.0818 0.0636 20
0.5038 0.0804 -0.0626 8
0.5052 0.0806 0.081 14
0.4919 0.0784 -0.0436 10
0.5254 0.0837 0.1034 13
0.4971 0.0791 -0.0264 10
0.5139 0.0817 0.1201 11
0.4957 0.0787 -0.0088 8
0.4846 0.0768 0.1315 10
0.5134 0.0808 -0.1392 11
0.4978 0.0782 0.0088 7
0.5217 0.0819 -0.1219 13
0.5071 0.0795 0.0269 11
0.514 0.0806 -0.1011 15
0.5236 0.082 0.0464 11
0.5211 0.0815 -0.0835 14
0.5197 0.0812 0.0646 20
0.5237 0.0817 -0.0651 8
0.5016 0.0782 0.0804 14
0.5118 0.0798 -0.0453 9
0.5218 0.0812 0.1027 14
0.5052 0.0786 -0.0268 10
0.5103 0.0793 0.1192 11
0.4964 0.0769 0.1346 10
0.4984 0.0766 -0.1351 12
0.5258 0.0807 0.0093 7
0.495 0.0759 -0.1156 13
0.5298 0.0812 -0.1042 14
0.5199 0.0796 0.046 11
0.4979 0.0761 -0.0798 14
0.522 0.0797 0.0648 20
0.5161 0.0787 -0.0641 8
0.4999 0.0761 0.0801 14
0.5221 0.0794 0.1027 14
0.5055 0.0768 -0.0268 10
0.5144 0.0781 0.1201 11
0.4852 0.0735 0.1315 10
0.4833 0.0726 -0.131 12
0.5069 0.0759 -0.1183 13
0.5184 0.0776 -0.1019 15
0.5025 0.0751 0.0444 6
0.4904 0.0732 -0.0785 7
0.5164 0.077 0.0641 20
0.5046 0.0751 -0.0626 8
0.51 0.0759 0.0817 14
0.4927 0.0733 -0.0436 10
0.5107 0.0759 0.1004 14
0.5058 0.075 -0.0268 10
0.5301 0.0786 0.1237 10
0.4989 0.0731 -0.1351 12
0.5105 0.0747 0.009 7
0.5148 0.0753 -0.1201 13
0.5059 0.0739 0.0268 5
0.5226 0.0763 -0.1027 15
0.5087 0.0742 0.045 11
0.5102 0.0743 -0.0817 14
0.5265 0.0766 0.0653 20
0.5284 0.0768 -0.0656 8
0.5102 0.0741 0.0817 14
0.5048 0.0733 -0.0446 10
0.4954 0.0718 0.0973 14
0.508 0.0736 -0.0269 10
0.5227 0.0756 0.1219 10
0.4818 0.0695 0.1304 10
0.4838 0.0692 -0.131 12
0.5093 0.0727 -0.1188 13
0.5267 0.0751 -0.1034 15
0.5089 0.0724 0.045 11
0.5228 0.0742 0.0648 20
0.5051 0.0716 -0.0626 8
0.4987 0.0707 0.0798 14
0.4971 0.0704 -0.0439 10
0.5268 0.0745 0.1034 13
0.5229 0.0738 0.1219 10
0.5147 0.0718 -0.1392 11
0.4991 0.0696 0.0088 7
0.496 0.0691 -0.1156 13
0.5231 0.0727 -0.1027 15
0.5052 0.0701 0.0446 12
0.5107 0.0709 -0.0817 14
0.4916 0.0681 0.0609 21
0.5054 0.0699 -0.0626 8
0.4931 0.0682 0.0788 14
0.5232 0.0722 0.1027 14
0.5085 0.0701 -0.0269 10
0.5155 0.071 0.1201 11
0.4785 0.0657 0.1294 7
0.4993 0.0679 0.0088 7
0.5137 0.0697 -0.1197 13
0.5194 0.0704 -0.1019 15
0.5153 0.0698 0.0455 5
0.4992 0.0675 -0.0798 14
0.5253 0.0709 0.0651 20
0.4938 0.0666 -0.0612 17
0.4953 0.0667 0.0792 14
0.5195 0.0699 0.1019 14
0.5107 0.0686 -0.027 10
0.5273 0.0707 0.1228 10
0.4787 0.064 0.1294 7
0.5081 0.0672 -0.1183 13
0.5069 0.0669 0.0268 5
0.4924 0.065 -0.0965 15
0.5096 0.0672 0.045 11
0.5334 0.0701 0.0661 19
0.5058 0.0664 -0.0626 8
0.4936 0.0647 0.0788 14
0.4886 0.064 0.0958 14
0.507 0.0663 -0.0268 10
0.5391 0.0704 0.1255 10
0.4847 0.0625 -0.131 12
0.4998 0.0644 0.0088 7
0.4929 0.0634 -0.1147 13
0.4952 0.0636 0.0262 12
0.5277 0.0678 -0.1034 15
0.5059 0.0649 0.0446 12
0.4996 0.064 -0.0798 7
0.5021 0.0642 0.0622 21
0.5061 0.0646 -0.0626 8
0.5095 0.065 0.0813 7
0.4966 0.0633 0.0973 14
0.5171 0.0658 -0.0273 10
0.5239 0.0666 0.1219 10
0.483 0.0612 0.1304 10
0.4965 0.0623 -0.1341 12
0.5199 0.0651 0.0091 7
0.5086 0.0636 -0.1183 13
0.5318 0.0664 -0.1042 14
0.5101 0.0636 0.045 11
0.526 0.0654 0.0651 20
0.4945 0.0614 -0.0612 8
0.5136 0.0637 0.082 7
0.5085 0.063 0.0996 14
0.5074 0.0628 -0.0268 10
0.5164 0.0638 0.1201 11
0.4832 0.0595 0.1304 10
0.5158 0.0629 -0.1392 11
0.5102 0.0621 0.009 7
0.4952 0.0602 -0.1152 13
0.4996 0.0606 0.0264 5
0.5204 0.0632 -0.1019 15
0.5063 0.0614 0.0446 12
0.5001 0.0605 -0.0798 14
0.5144 0.0622 0.0636 20
0.5301 0.064 -0.0656 16
0.4985 0.0601 -0.0439 10
0.5204 0.0626 0.1019 14
0.5255 0.0631 -0.0277 9
0.5031 0.0603 0.117 11
0.4911 0.0587 0.1325 10
0.4854 0.0574 -0.131 12
0.5004 0.0591 0.0088 7
0.5167 0.061 -0.1201 13
0.5038 0.0594 0.0266 11
0.544 0.0641 -0.1065 14
0.5046 0.0594 0.0444 12
0.5225 0.0613 0.0646 20
0.5264 0.0617 -0.0651 8
0.4964 0.058 0.0792 14
0.5012 0.0585 0.0981 14
0.5118 0.0597 -0.027 10
0.5323 0.062 0.1237 10
0.4817 0.0553 -0.1299 12
0.5106 0.0585 0.009 7
0.486 0.0556 -0.1129 13
0.513 0.0586 -0.1004 15
0.5147 0.0587 0.0453 11
0.5005 0.057 -0.0798 7
0.5069 0.0577 0.0626 20
0.5266 0.0598 -0.0651 8
0.5044 0.0572 0.0804 14
0.517 0.0585 0.1011 14
0.5021 0.0568 -0.0265 10
0.5248 0.0592 0.1219 10
0.4819 0.0535 -0.1299 12
0.5016 0.0556 -0.1165 13
0.5042 0.0558 0.0266 5
0.5249 0.058 -0.1027 15
0.5109 0.0564 0.045 11
0.513 0.0565 0.0634 20
0.5189 0.0571 -0.0641 8
0.5066 0.0557 0.0807 7
0.4977 0.0545 0.0973 14
0.5162 0.0564 -0.0272 10
0.5134 0.056 0.1192 11
0.4993 0.0544 0.1346 10
0.5167 0.0556 -0.1392 11
0.5018 0.0538 -0.1165 13
0.5134 0.055 -0.1004 15
0.5151 0.055 0.0453 11
0.5211 0.0555 0.0643 20
0.531 0.0565 -0.0656 8
0.5186 0.0551 0.0826 7
0.5032 0.0534 -0.0443 10
0.5291 0.0561 0.1034 13
0.5184 0.0549 -0.0273 10
0.5174 0.0547 0.1201 11
0.488 0.0515 0.1315 10
0.4977 0.0518 -0.1341 12
0.5211 0.0542 0.0091 7
0.5059 0.0525 -0.1174 13
0.5136 0.0532 -0.1004 15
0.5173 0.0535 0.0455 11
0.5128 0.053 -0.0817 7
0.5035 0.0519 0.0622 21
0.4956 0.051 -0.0612 8
0.541 0.0555 0.1057 13
0.5254 0.0537 0.1219 10
0.4843 0.0494 0.1304 7
0.4994 0.0502 0.0088 7
0.5041 0.0506 -0.117 13
0.506 0.0507 -0.0988 15
0.5075 0.0507 0.0446 12
0.5012 0.05 -0.0798 14
0.5195 0.0518 0.0641 20
0.5195 0.0517 -0.0641 8
0.5032 0.0501 0.0801 14
0.5255 0.0521 0.1027 14
0.5088 0.0503 -0.0268 10
0.51 0.0504 0.1183 11
0.514 0.0499 -0.1192 13
0.5049 0.0489 0.0266 5
0.5139 0.0497 -0.1004 15
0.4998 0.0482 0.0439 12
0.5014 0.0484 -0.0798 7
0.5256 0.0506 0.0648 20
0.5078 0.0488 -0.0626 8
0.5073 0.0487 0.0807 7
0.514 0.0492 0.1004 14
0.5169 0.0494 -0.0272 10
0.518 0.0494 0.1201 11
0.4846 0.0461 0.1304 10
0.4997 0.0468 0.0088 7
0.5103 0.0477 -0.1183 13
0.4991 0.0466 0.0263 11
0.5141 0.048 -0.1004 15
0.5118 0.0477 0.045 11
0.5016 0.0466 -0.0798 14
0.5001 0.0464 0.0617 21
0.5199 0.0481 -0.0641 8
0.5173 0.0478 0.0823 7
0.5063 0.0467 0.0988 14
0.5278 0.0485 0.1224 10
0.4983 0.045 -0.1341 12
0.5019 0.0452 0.0088 7
0.5027 0.0452 -0.1165 13
0.5025 0.0451 -0.0981 15
0.5259 0.0471 0.0462 5
0.5017 0.0449 -0.0798 14
0.5042 0.045 0.0622 21
0.4963 0.0442 -0.0612 17
0.4939 0.0439 0.0785 14
0.526 0.0467 0.1027 14
0.4974 0.044 -0.0262 10
0.5086 0.0449 0.1179 11
0.502 0.0443 -0.0088 8
0.4926 0.0434 0.1325 10
0.4831 0.0419 -0.1299 12
0.516 0.0447 0.009 7
0.5028 0.0435 -0.1165 13
0.5134 0.0443 0.027 5
0.5144 0.0444 -0.1004 15
0.5022 0.0432 0.0441 6
0.5137 0.0441 -0.0817 14
0.5024 0.0431 0.0619 21
0.5202 0.0445 -0.0641 8
0.496 0.0423 0.0788 14
0.5003 0.0427 -0.0439 10
0.5184 0.0442 0.1011 14
0.5393 0.0459 -0.0284 9
0.5185 0.044 0.1201 11
0.4812 0.0407 0.1294 11
0.4832 0.0402 -0.1299 12
0.5141 0.0427 0.009 7
0.4952 0.0411 -0.1147 13
0.5341 0.0442 -0.1042 14
0.5083 0.042 0.0446 12
0.5138 0.0423 -0.0817 14
0.5342 0.0439 0.0658 20
0.506 0.0414 0.0804 14
0.5107 0.0417 0.0996 14
0.5415 0.0441 -0.0285 9
0.5147 0.0419 0.1192 11
0.4852 0.0393 0.1304 10
0.4988 0.0398 -0.1341 12
0.5109 0.0406 -0.1183 13
0.5157 0.0409 0.0271 11
0.5343 0.0423 -0.1042 14
0.5025 0.0397 0.0441 6
0.4943 0.039 -0.0785 7
0.5403 0.0425 0.0665 19
0.4967 0.039 -0.0612 8
0.5101 0.04 0.081 14
0.5148 0.0402 0.1004 14
0.5098 0.0398 -0.0268 10
0.5129 0.0399 0.1188 11
0.4835 0.0369 -0.1299 12
0.5025 0.0382 0.0088 7
0.5033 0.0382 -0.1165 13
0.5118 0.0388 0.0269 11
0.5344 0.0405 -0.1042 14
0.5066 0.0383 0.0444 12
0.5048 0.038 0.0622 21
0.4969 0.0373 -0.0612 17
0.5181 0.0388 0.0823 14
0.5032 0.0376 0.0981 14
0.5159 0.0384 -0.0271 10
0.5072 0.0377 0.1174 11
0.4894 0.0362 0.1315 10
0.5183 0.0377 -0.1392 11
0.5166 0.0375 0.009 7
0.519 0.0376 -0.1201 13
0.5424 0.0392 -0.1057 14
0.5087 0.0366 0.0446 12
0.5024 0.0361 -0.0798 7
0.5049 0.0362 0.0622 21
0.5089 0.0365 -0.0626 8
0.5044 0.0361 0.0801 14
0.5424 0.0386 0.1057 13
0.52 0.0369 -0.0273 10
0.5171 0.0367 0.1197 11
0.5007 0.0354 -0.0088 8
0.4933 0.0348 0.1325 10
0.4837 0.0336 -0.1299 12
0.5147 0.0356 0.009 7
0.4919 0.034 -0.1138 13
0.5061 0.0349 0.0266 11
0.4994 0.0344 -0.0973 15
0.5128 0.0352 0.045 11
0.5025 0.0344 -0.0798 14
0.511 0.0349 0.0629 20
0.4947 0.0337 0.0785 14
0.5191 0.0352 0.1011 14
0.5201 0.0352 -0.0273 10
0.523 0.0354 0.121 11
0.4857 0.0327 0.1304 10
0.4838 0.032 -0.1299 12
0.5228 0.0344 0.0091 7
0.5192 0.0341 -0.1201 13
0.5002 0.0328 0.0263 11
0.5152 0.0338 -0.1004 15
0.519 0.0337 0.0639 20
0.5091 0.033 -0.0626 8
0.5401 0.0347 -0.0284 9
0.527 0.0338 0.1219 10
0.4994 0.0312 -0.1341 12
0.5189 0.0324 0.0091 7
0.5057 0.0315 -0.117 13
0.4997 0.031 -0.0973 15
0.5051 0.0312 0.0443 12
0.5211 0.0321 0.0641 20
0.5171 0.0317 -0.0636 8
0.4988 0.0305 0.0792 14
0.5104 0.031 -0.0268 10
0.5194 0.0315 0.1201 11
0.4859 0.0293 0.1304 10
0.4995 0.0295 -0.1341 12
0.505 0.0297 0.0088 7
0.5077 0.0298 -0.1174 13
0.4985 0.0292 0.0262 12
0.5468 0.032 -0.1065 14
0.5113 0.0297 0.0629 20
0.5093 0.0295 -0.0626 8
0.5088 0.0293 0.0807 14
0.492 0.0283 0.0958 14
0.5005 0.0287 -0.0263 10
0.5253 0.03 0.1215 11
0.5497 0.0305 -0.1475 11
0.5171 0.0286 0.009 7
0.4923 0.0272 -0.1138 13
0.5038 0.0277 -0.0981 15
0.5133 0.0282 0.045 11
0.503 0.0275 -0.0798 14
0.5035 0.0274 0.0619 21
0.5173 0.0281 -0.0636 17
0.5148 0.0279 0.0817 14
0.5234 0.0283 0.1019 14
0.5006 0.0269 -0.0263 10
0.5118 0.0274 0.1183 11
0.4997 0.026 -0.1341 12
0.5172 0.0268 0.009 7
0.5157 0.0267 -0.1192 13
0.5006 0.0258 0.0263 11
0.5274 0.0272 -0.1027 15
0.5253 0.027 0.046 11
0.5234 0.0267 0.0643 20
0.5095 0.0259 -0.0626 8
0.4972 0.0252 0.0788 14
0.5314 0.0268 0.1034 13
0.5126 0.0258 -0.0269 10
0.5236 0.0262 0.121 11
0.4862 0.0242 0.1304 7
0.5193 0.0251 0.0091 15
0.508 0.0245 -0.1174 13
0.5087 0.0244 0.0267 11
0.5236 0.0251 -0.1019 15
0.5294 0.0253 0.0464 11
0.5031 0.024 -0.0798 7
0.5235 0.0249 0.0643 20
0.5096 0.0241 -0.0626 8
0.5236 0.0246 0.1019 14
0.5147 0.0241 -0.027 10
0.512 0.0239 0.1183 11
0.4824 0.0223 0.1294 11
0.4998 0.0225 -0.1341 12
0.5034 0.0226 0.0088 15
0.5003 0.0224 -0.1156 13
0.5158 0.023 -0.1004 15
0.5175 0.023 0.0453 11
0.5156 0.0227 0.0634 20
0.5176 0.0227 -0.0636 17
0.5171 0.0226 0.082 7
0.5158 0.0224 0.1004 14
0.5148 0.0223 -0.027 10
0.5276 0.0228 0.1219 10
0.5038 0.0209 -0.1351 12
0.5121 0.0211 -0.1183 13
0.5159 0.0212 -0.1004 15
0.5256 0.0215 0.046 11
0.5078 0.0206 0.0624 21
0.5042 0.0202 0.0981 14
0.5189 0.0207 -0.0272 10
0.518 0.0205 0.1197 11
0.4826 0.019 0.1294 11
0.5193 0.0198 -0.1392 11
0.5255 0.0199 0.0092 15
0.5063 0.0191 -0.117 13
0.5042 0.0189 -0.0981 15
0.5057 0.0189 0.0443 12
0.5078 0.0188 0.0624 21
0.5073 0.0187 0.0804 14
0.516 0.0188 0.1004 14
0.5189 0.0188 -0.0272 10
0.5024 0.0182 0.1161 11
0.4942 0.0178 0.1325 7
0.5001 0.0173 -0.1341 12
0.5136 0.0178 0.009 15
0.5122 0.0176 -0.1183 13
0.509 0.0174 0.0267 11
0.5317 0.0181 -0.1034 15
0.4978 0.0169 0.0436 12
0.5158 0.0174 0.0634 20
0.498 0.0167 -0.0612 17
0.5278 0.0175 0.1027 14
0.525 0.0173 -0.0275 9
0.5064 0.0166 0.117 11
0.5097 0.0158 0.0089 15
0.5064 0.0156 -0.117 13
0.5011 0.0154 0.0263 11
0.5239 0.0161 -0.1019 15
0.5118 0.0156 0.0448 11
0.5199 0.0157 0.0639 20
0.4995 0.0149 0.0792 14
0.5318 0.0158 0.1034 13
0.5051 0.0149 -0.0265 10
0.522 0.0153 0.1206 11
0.504 0.014 -0.1351 12
0.5377 0.0147 -0.1242 12
0.5131 0.014 0.0269 11
0.5279 0.0144 -0.1027 15
0.5119 0.0139 0.0448 11
0.5239 0.014 0.0643 20
0.51 0.0135 -0.0626 17
0.5095 0.0134 0.0807 7
0.5005 0.0131 0.0973 14
0.5071 0.0132 -0.0266 20
0.5201 0.0134 0.1201 11
0.5218 0.0126 0.0091 15
0.4987 0.0119 -0.1152 13
0.524 0.0124 -0.1019 15
0.5059 0.0119 0.0443 12
0.508 0.0118 0.0624 21
0.4981 0.0115 -0.0612 17
0.5273 0.0121 0.0835 13
0.4927 0.0112 0.0958 14
0.5012 0.0113 -0.0263 20
0.5143 0.0115 0.1188 11
0.5038 0.0112 -0.0088 24
0.4906 0.0108 0.1315 7
0.5196 0.0108 -0.1392 11
0.5098 0.0105 0.0089 15
0.5066 0.0103 -0.117 13
0.508 0.0102 0.0444 12
0.4957 0.0099 -0.0785 14
0.5001 0.0099 0.0614 21
0.518 0.0101 -0.0636 17
0.5036 0.0098 0.0798 14
0.5005 0.0096 0.0973 14
0.5072 0.0097 -0.0266 20
0.5144 0.0097 0.1188 11
0.4998 0.0093 -0.0087 24
0.5003 0.0086 -0.1341 12
0.5298 0.0091 0.0092 14
0.5183 0.0088 -0.1197 13
0.528 0.0088 -0.1027 15
0.51 0.0085 0.0446 12
0.5155 0.0085 -0.0817 14
0.52 0.0084 0.0639 20
0.5101 0.0082 -0.0626 17
0.5037 0.008 0.0798 14
0.5006 0.0079 0.0973 14
0.5032 0.0078 -0.0264 20
0.5027 0.0077 0.1161 11
0.4906 0.0074 0.1315 10
0.5159 0.007 0.009 22
0.491 0.0066 -0.1134 13
0.5053 0.0067 0.0265 17
0.508 0.0067 0.0444 12
0.5121 0.0065 0.0629 20
0.5022 0.0063 -0.0617 17
0.4958 0.0061 0.0785 14
0.5124 0.0063 0.0996 14
0.5113 0.0062 -0.0268 20
0.5144 0.0061 0.1188 11
0.5196 0.0054 -0.1392 11
0.4999 0.0051 0.0087 23
0.4989 0.005 -0.1152 13
0.5133 0.005 0.0269 17
0.5359 0.0052 -0.1042 14
0.512 0.0049 0.0448 11
0.524 0.0048 0.0643 20
0.5101 0.0046 -0.0626 17
0.4967 0.0043 0.0965 14
0.5253 0.0045 -0.0275 29
0.53 0.0044 0.1224 10
0.4829 0.0039 0.1294 11
0.5042 0.0033 -0.1351 12
0.5139 0.0034 0.009 22
0.4989 0.0032 -0.1152 13
0.5053 0.0032 0.0265 17
0.5281 0.0032 -0.1027 15
0.5041 0.003 0.0441 12
0.4958 0.0029 -0.0785 14
0.4963 0.0029 0.0609 21
0.5077 0.0027 0.0804 14
0.5045 0.0026 0.0981 14
0.5073 0.0025 -0.0266 30
0.5047 0.0024 0.1165 11
0.5019 0.0024 -0.0088 32
0.4868 0.0022 0.1304 10
0.5099 0.0015 0.0089 22
0.4969 0.0014 -0.1147 13
0.4993 0.0013 0.0262 18
0.5242 0.0014 -0.1019 15
0.512 0.0013 0.0448 11
0.5062 0.0011 0.0622 21
0.4958 0.0009 0.0785 14
0.5046 0.0008 0.0981 14
0.5113 0.0007 -0.0268 30
0.5028 0.0006 0.1161 11
0.5019 0.0005 -0.0088 32
0.4946 0.0004 0.1325 10
0.4888 -0.0003 -0.131 12
0.5119 -0.0003 0.0089 30
0.5047 -0.0004 -0.1165 13
0.5006 -0.0005 -0.0973 15
0.52 -0.0006 0.0455 11
0.5022 -0.0007 0.0617 21
0.4998 -0.0009 0.0792 14
0.5477 -0.0011 0.1065 13
0.5253 -0.0012 -0.0275 29
0.5125 -0.0013 0.1183 11
0.5039 -0.0012 -0.0088 40
0.4868 -0.0013 0.1304 10
0.5039 -0.0019 0.0088 31
0.5067 -0.002 -0.117 13
0.5173 -0.0021 0.0271 17
0.5203 -0.0022 -0.1011 15
0.5141 -0.0024 0.0631 20
0.4963 -0.0024 -0.0609 18
0.4978 -0.0024 0.0788 14
0.5183 -0.0027 0.1007 14
0.5093 -0.0028 -0.0267 30
0.53 -0.003 0.1224 10
0.5003 -0.0036 -0.1341 12
0.5019 -0.0036 0.0088 31
0.5047 -0.0037 -0.1165 13
0.5173 -0.0039 0.0271 23
0.5085 -0.0039 -0.0988 15
0.5001 -0.0039 0.0438 12
0.5161 -0.0041 0.0634 20
0.5161 -0.0042 -0.0634 17
0.5077 -0.0043 0.0804 14
0.5183 -0.0044 0.1007 14
0.5193 -0.0045 -0.0272 30
0.5125 -0.0046 0.1183 11
0.5039 -0.0046 -0.0088 56
0.5003 -0.0052 -0.1341 12
0.5299 -0.0056 0.0092 29
0.5066 -0.0055 -0.117 13
0.5213 -0.0057 0.0273 23
0.5163 -0.0057 -0.1004 15
0.5001 -0.0056 0.0438 12
0.4962 -0.0057 0.0609 21
0.5076 -0.006 0.0804 14
0.5006 -0.006 0.0973 14
0.5153 -0.0063 -0.027 40
0.5261 -0.0065 0.1215 11
0.5119 -0.0064 -0.0089 64
0.5196 -0.0073 -0.1392 11
0.5199 -0.0073 0.0091 30
0.4988 -0.0071 -0.1152 13
0.5112 -0.0074 0.0268 23
0.5281 -0.0077 -0.1027 15
0.5 -0.0073 0.0438 18
0.5002 -0.0075 0.0614 21
0.5061 -0.0077 -0.0622 17
0.5096 -0.0078 0.0807 14
0.5143 -0.008 0.1 14
0.5192 -0.0082 -0.0272 40
0.5066 -0.008 0.117 11
0.5159 -0.0083 -0.009 72
0.4868 -0.0079 0.1304 10
0.5003 -0.0087 -0.1341 12
0.5218 -0.0092 0.0091 37
0.5085 -0.0091 -0.1174 13
0.5092 -0.0092 0.0267 23
0.5045 -0.0091 -0.0981 15
0.5041 -0.0093 0.0619 21
0.5025 -0.0096 0.0977 14
0.5172 -0.0099 -0.0271 40
0.5124 -0.0099 0.1183 11
0.5118 -0.01 -0.0089 80
0.4906 -0.0097 0.1315 10
0.5338 -0.0113 0.0093 44
0.5144 -0.011 -0.1188 13
0.5212 -0.0112 0.0273 28
0.5123 -0.011 -0.0996 15
0.4937 -0.0108 -0.0782 15
0.5041 -0.0111 0.0619 21
0.5041 -0.0112 -0.0619 26
0.4937 -0.011 0.0782 14
0.5142 -0.0116 0.1 14
0.5192 -0.0118 -0.0272 40
0.5182 -0.0119 0.1197 11
0.5198 -0.012 -0.0091 88
0.5238 -0.0129 0.0091 52
0.5046 -0.0125 -0.1165 13
0.5231 -0.013 0.0274 28
0.5201 -0.013 -0.1011 15
0.5001 -0.0127 0.0614 21
0.4981 -0.0128 -0.0612 17
0.4976 -0.0128 0.0788 14
0.5024 -0.0131 0.0977 14
0.5251 -0.0138 -0.0275 59
0.5026 -0.0132 0.1161 11
0.5337 -0.0141 -0.0093 100
0.504 -0.0141 -0.1351 12
0.5157 -0.0144 0.009 53
0.4889 -0.0137 -0.1129 13
0.5151 -0.0146 0.027 34
0.5279 -0.015 -0.1027 15
0.5079 -0.0145 0.0444 12
0.4961 -0.0143 0.0609 21
0.504 -0.0146 -0.0619 26
0.5154 -0.015 0.0817 14
0.5142 -0.0151 0.1 14
0.4991 -0.0147 -0.0262 51
0.5006 -0.0149 0.1156 11
0.5097 -0.0152 -0.0089 97
0.4827 -0.0145 0.1294 11
0.5237 -0.0165 0.0091 67
0.4986 -0.0158 -0.1152 13
0.5051 -0.016 0.0265 35
0.5122 -0.0163 -0.0996 15
0.5098 -0.0163 0.0446 18
0.5178 -0.0167 0.0636 20
0.4975 -0.0162 0.0788 14
0.5038 -0.0164 -0.0441 30
0.518 -0.017 0.1007 14
0.511 -0.0169 -0.0268 60
0.5142 -0.0171 0.1188 11
0.5156 -0.0172 -0.009 100
0.4866 -0.0163 0.1304 10
0.5 -0.0174 -0.1341 12
0.5216 -0.0182 0.0091 67
0.5044 -0.0177 -0.1165 13
0.511 -0.018 0.0268 29
0.5038 -0.0179 0.0441 18
0.4995 -0.0178 -0.0792 14
0.4999 -0.0179 0.0614 21
0.5019 -0.0181 -0.0617 26
0.5054 -0.0183 0.0801 14
0.5101 -0.0185 0.0992 14
0.5189 -0.0189 -0.0272 80
0.4966 -0.0182 0.1147 11
0.5056 -0.0186 -0.0088 100
0.4826 -0.0179 0.1294 11
0.4845 -0.0185 -0.1299 12
0.5095 -0.0196 0.0089 83
0.4907 -0.0189 -0.1134 13
0.5169 -0.02 0.0271 40
0.512 -0.0198 -0.0996 15
0.5037 -0.0196 0.0441 18
0.5157 -0.0203 0.0634 20
0.4999 -0.0197 -0.0614 26
0.4974 -0.0197 0.0788 14
0.5159 -0.0205 0.1004 14
0.5289 -0.0211 -0.0277 78
0.5141 -0.0206 0.1188 11
0.5055 -0.0204 -0.0088 100
0.4999 -0.0209 -0.1341 12
0.5055 -0.0212 0.0088 100
0.4984 -0.021 -0.1152 13
0.5148 -0.0218 0.027 34
0.5198 -0.022 -0.1011 15
0.4976 -0.0211 0.0436 18
0.5077 -0.0217 0.0624 21
0.5077 -0.0218 -0.0624 26
0.5072 -0.0219 0.0804 14
0.5002 -0.0217 0.0973 14
0.5208 -0.0226 -0.0273 90
0.5179 -0.0226 0.1197 11
0.5074 -0.0222 -0.0089 100
0.4825 -0.0212 0.1294 11
0.4883 -0.0221 -0.131 12
0.5014 -0.0228 0.0088 100
0.5159 -0.0235 -0.1192 13
0.5148 -0.0236 0.027 40
0.5276 -0.0241 -0.1027 15
0.5155 -0.0237 0.0451 17
0.4977 -0.023 0.0612 21
0.5057 -0.0235 -0.0622 26
0.4973 -0.0232 0.0788 14
0.5035 -0.0235 -0.0441 40
0.5118 -0.024 0.0996 14
0.51 -0.0241 0.1179 11
0.5094 -0.0241 -0.0089 100
0.5113 -0.025 0.0089 100
0.4924 -0.0242 -0.1138 13
0.5067 -0.025 0.0266 41
0.5118 -0.0252 -0.0996 15
0.5114 -0.0253 0.0448 17
0.5051 -0.0251 -0.0801 14
0.5016 -0.0251 -0.0617 26
0.502 -0.0253 0.0977 14
0.5007 -0.0253 -0.0263 100
0.5099 -0.0258 0.1179 11
0.5013 -0.0255 -0.0088 100
0.4881 -0.0255 -0.131 12
0.5092 -0.0267 0.0089 100
0.5196 -0.0273 -0.1201 13
0.5106 -0.0269 0.0268 41
0.5039 -0.0266 -0.0981 15
0.4974 -0.0263 0.0436 18
0.5089 -0.027 -0.0807 14
0.5094 -0.0271 0.0626 20
0.505 -0.0271 0.0801 14
0.5014 -0.0269 -0.0439 50
0.5215 -0.0281 0.1015 14
0.5026 -0.0271 -0.0264 92
0.5001 -0.0271 0.1156 11
0.4861 -0.0265 0.1304 10
0.5031 -0.0281 0.0088 100
0.4961 -0.0278 -0.1147 13
0.5085 -0.0286 0.0267 41
0.5194 -0.0292 -0.1011 15
0.5153 -0.0293 0.0634 20
0.5093 -0.029 -0.0626 26
0.5076 -0.0291 0.0988 14
0.4985 -0.0287 -0.0262 100
0.5156 -0.0297 0.1192 11
0.486 -0.0282 0.1304 10
0.505 -0.03 0.0088 100
0.5038 -0.03 -0.1165 13
0.5204 -0.031 0.0273 40
0.5154 -0.0308 -0.1004 15
0.5073 -0.0306 0.0624 21
0.5053 -0.0305 -0.0622 26
0.5232 -0.0318 0.1019 14
0.5135 -0.0314 0.1188 11
0.501 -0.0306 -0.0088 100
0.4994 -0.0313 -0.1341 12
0.4959 -0.0312 -0.1147 13
0.5063 -0.0319 0.0266 47
0.5153 -0.0326 -0.1004 15
0.5011 -0.0318 0.0439 18
0.4992 -0.0318 0.0614 21
0.5106 -0.0327 0.081 14
0.5153 -0.0331 0.1004 14
0.5134 -0.0331 0.1188 11
0.5208 -0.0337 -0.0091 100
0.482 -0.0313 0.1294 7
0.4993 -0.033 -0.1341 12
0.5048 -0.0334 0.0088 100
0.4958 -0.0329 -0.1147 13
0.5102 -0.034 0.0268 47
0.5269 -0.0351 -0.1027 15
0.5069 -0.0338 0.0444 18
0.4987 -0.0334 -0.0792 14
0.4991 -0.0335 0.0614 21
0.5065 -0.0342 0.0804 14
0.5069 -0.0342 -0.0444 50
0.4995 -0.0338 0.0973 14
0.4977 -0.0338 0.1152 11
0.5008 -0.0341 -0.0088 100
0.4857 -0.0332 0.1304 10
0.5067 -0.0353 0.0089 93
0.4879 -0.0341 -0.1129 13
0.5041 -0.0353 0.0265 41
0.4994 -0.035 -0.0973 15
0.5068 -0.0356 0.0444 18
0.5044 -0.0355 -0.0801 14
0.495 -0.035 0.0609 21
0.5072 -0.0361 0.0988 14
0.5132 -0.0367 0.1188 11
0.5106 -0.0374 0.0089 91
0.5111 -0.0375 -0.1183 13
0.5 -0.0367 0.0263 47
0.5267 -0.0388 -0.1027 15
0.4967 -0.0367 0.0436 18
0.5028 -0.0373 0.0619 21
0.4945 -0.0367 0.0785 14
0.5149 -0.0384 0.1004 14
0.4936 -0.037 0.1143 11
0.4835 -0.037 -0.1299 12
0.5044 -0.0386 0.0088 85
0.5246 -0.0403 -0.1215 13
0.5158 -0.0397 0.0271 40
0.507 -0.0391 -0.0988 15
0.5027 -0.0389 0.0619 21
0.4948 -0.0384 -0.0609 27
0.4913 -0.0383 0.0958 14
0.5129 -0.0402 0.1188 11
0.5004 -0.0393 -0.0088 100
0.5063 -0.0406 0.0089 77
0.4895 -0.0393 -0.1134 13
0.5097 -0.0409 0.0268 41
0.4986 -0.0404 0.0614 21
0.506 -0.0411 0.0804 14
0.5185 -0.0423 0.1011 14
0.5225 -0.0428 0.121 11
0.5179 -0.0432 -0.1392 11
0.5042 -0.0421 0.0088 69
0.4952 -0.0414 -0.1147 13
0.5067 -0.0425 -0.0988 15
0.4983 -0.0419 0.0438 12
0.4941 -0.0418 0.0785 14
0.4983 -0.0423 -0.0438 30
0.4949 -0.042 0.0965 14
0.4981 -0.0425 -0.0087 100
0.4889 -0.0418 0.1315 7
0.5 -0.0437 0.0088 62
0.5164 -0.0452 -0.1197 13
0.4974 -0.0435 0.0262 36
0.4948 -0.0434 -0.0965 15
0.5021 -0.0441 0.0441 12
0.5062 -0.0446 0.0624 21
0.4978 -0.044 0.0792 14
0.5182 -0.046 0.1011 14
0.5105 -0.0454 0.1183 11
0.5078 -0.046 0.0089 53
0.4891 -0.0444 -0.1134 13
0.5112 -0.0464 0.0269 28
0.5259 -0.0479 -0.1027 15
0.5021 -0.046 0.0619 21
0.51 -0.0467 -0.0629 17
0.4937 -0.0453 0.0785 14
0.5142 -0.0473 0.1004 14
0.4992 -0.046 -0.0263 51
0.5181 -0.0478 0.1201 11
0.5037 -0.0473 0.0088 54
0.5122 -0.0482 -0.1188 13
0.511 -0.0482 0.0269 23
0.5062 -0.0478 -0.0988 15
0.502 -0.0477 -0.0619 17
0.4886 -0.0466 0.0954 15
0.5218 -0.05 0.121 11
0.5015 -0.0489 0.0088 46
0.5178 -0.0506 -0.1201 13
0.5089 -0.0498 0.0268 23
0.5139 -0.0503 -0.1004 15
0.4957 -0.0486 0.0436 12
0.4939 -0.0486 0.0609 21
0.5072 -0.0501 0.0807 14
0.5334 -0.0528 0.1042 13
0.5139 -0.051 0.1192 11
0.4975 -0.0495 -0.0087 49
0.4806 -0.0479 0.1294 7
0.5017 -0.0506 -0.1351 12
0.5014 -0.0507 0.0088 31
0.5022 -0.0508 -0.1165 13
0.5027 -0.051 0.0265 23
0.4942 -0.0501 -0.0965 15
0.5174 -0.0526 0.0455 11
0.4933 -0.0502 -0.0785 14
0.4977 -0.0507 0.0614 21
0.5019 -0.0514 0.0981 14
0.4982 -0.0512 0.1156 11
0.4843 -0.05 0.1304 7
0.4976 -0.052 -0.1341 12
0.5052 -0.0528 0.0089 31
0.5039 -0.0528 -0.117 13
0.5135 -0.054 -0.1004 15
0.5092 -0.0536 0.0448 11
0.5093 -0.0537 0.0629 20
0.5017 -0.0533 0.0981 14
0.4985 -0.053 -0.0263 30
0.5096 -0.0543 0.1183 11
0.4975 -0.0538 -0.1341 12
0.499 -0.054 0.0088 23
0.5095 -0.0553 -0.1183 13
0.5043 -0.0548 0.0266 17
0.5055 -0.0549 -0.0988 15
0.5011 -0.0545 0.0441 12
0.4929 -0.0537 -0.0785 14
0.521 -0.0569 0.0643 20
0.4968 -0.0544 0.0792 14
0.4976 -0.0546 0.0973 14
0.5102 -0.0561 -0.0269 20
0.4901 -0.0539 0.1138 11
0.5008 -0.056 0.0088 23
0.4977 -0.0557 -0.1156 13
0.4975 -0.0558 -0.0973 15
0.4927 -0.0554 -0.0785 14
0.505 -0.0569 0.0624 21
0.4951 -0.0559 -0.0612 17
0.5084 -0.0575 0.081 14
0.5014 -0.0568 0.0981 14
0.5061 -0.0574 -0.0267 20
0.5131 -0.0583 0.1192 11
0.5163 -0.0595 -0.1392 11
0.4966 -0.0573 0.0087 23
0.4859 -0.0561 -0.1129 13
0.5129 -0.0593 -0.1004 15
0.4948 -0.0573 0.0436 12
0.5048 -0.0587 0.0624 21
0.4949 -0.0575 -0.0612 17
0.4984 -0.058 0.0795 14
0.4973 -0.0581 0.0973 14
0.5039 -0.0589 -0.0266 20
0.509 -0.0595 0.1183 11
0.5103 -0.0606 0.009 15
0.5031 -0.0598 -0.117 13
0.4932 -0.0587 -0.0965 15
0.5065 -0.0604 0.0446 12
0.5002 -0.0597 -0.0798 14
0.5066 -0.0606 0.0626 20
0.5178 -0.062 0.0826 14
0.5088 -0.0611 0.0996 14
0.5096 -0.0613 -0.0269 20
0.5011 -0.0603 0.1165 11
0.5022 -0.0613 0.0088 15
0.5165 -0.0631 -0.1201 13
0.493 -0.0604 -0.0965 15
0.4944 -0.0606 0.0436 12
0.5123 -0.063 0.0634 20
0.5202 -0.0642 0.1019 14
0.5173 -0.064 -0.0273 20
0.5241 -0.0649 0.1219 10
0.4793 -0.0595 0.1294 7
0.5059 -0.0636 0.0089 15
0.5008 -0.063 -0.1165 13
0.5053 -0.0637 0.0267 11
0.5201 -0.0655 -0.1019 15
0.5021 -0.0633 0.0443 12
0.4919 -0.0621 -0.0785 14
0.5022 -0.0635 0.0622 21
0.5061 -0.0641 -0.0626 17
0.4899 -0.0622 0.0782 7
0.5161 -0.0656 0.1011 14
0.5072 -0.0645 -0.0268 20
0.52 -0.0662 0.121 11
0.5006 -0.0647 -0.1165 13
0.5121 -0.0663 -0.1004 15
0.5019 -0.0651 0.0443 12
0.5039 -0.0655 0.0624 21
0.5059 -0.0659 -0.0626 17
0.5015 -0.0654 0.0801 7
0.507 -0.0663 -0.0268 10
0.5198 -0.0681 0.121 11
0.4957 -0.065 -0.0087 16
0.4807 -0.0637 -0.1299 12
0.5293 -0.0702 0.0093 14
0.5003 -0.0665 -0.1165 13
0.5235 -0.0697 -0.1027 15
0.5096 -0.0681 0.0631 20
0.5293 -0.0708 -0.0656 8
0.5071 -0.0679 0.081 14
0.5079 -0.0681 0.0996 14
0.5067 -0.0681 -0.0268 10
0.5079 -0.0683 0.1183 11
0.4958 -0.0675 -0.1341 12
0.5171 -0.0705 0.0091 15
0.5001 -0.0682 -0.1165 13
0.5388 -0.0736 -0.1057 14
0.5172 -0.0708 0.0457 11
0.5054 -0.0693 0.0626 20
0.4936 -0.0678 -0.0612 17
0.5029 -0.0692 0.0804 14
0.5076 -0.0699 0.0996 14
0.5144 -0.0709 -0.0272 10
0.5077 -0.0701 0.1183 11
0.4822 -0.0667 0.1304 10
0.5147 -0.072 -0.1392 11
0.4991 -0.0698 0.0088 15
0.5153 -0.0721 -0.1201 13
0.4997 -0.0701 -0.0981 15
0.4988 -0.0702 -0.0798 14
0.4973 -0.07 0.0617 21
0.5052 -0.0712 -0.0626 17
0.5007 -0.0706 0.0801 14
0.4996 -0.0707 0.0981 14
0.5201 -0.0736 -0.0275 9
0.4959 -0.0703 0.1156 11
0.4858 -0.069 0.1315 7
0.4996 -0.0718 -0.1165 13
0.4994 -0.0719 -0.0981 15
0.5048 -0.0727 0.0446 12
0.5089 -0.0735 0.0631 20
0.5049 -0.0729 -0.0626 8
0.5024 -0.0727 0.0804 14
0.5071 -0.0735 0.0996 14
0.5376 -0.078 -0.0285 19
0.5033 -0.0731 0.1174 11
0.5071 -0.0746 -0.1183 13
0.496 -0.073 0.0263 11
0.5225 -0.077 -0.1027 15
0.5046 -0.0744 0.0446 12
0.4983 -0.0736 -0.0798 7
0.5047 -0.0746 0.0626 20
0.5047 -0.0746 -0.0626 8
0.4983 -0.0738 0.0798 7
0.5107 -0.0758 0.1004 14
0.5097 -0.0757 -0.027 10
0.5301 -0.0787 0.1237 10
0.5139 -0.0772 -0.1392 11
0.4952 -0.0745 -0.1156 13
0.53 -0.0799 -0.1042 14
0.5043 -0.0761 0.0446 12
0.5084 -0.0769 0.0631 20
0.528 -0.0799 -0.0656 16
0.5176 -0.0785 0.0829 14
0.4872 -0.0739 0.0958 14
0.4956 -0.0753 -0.0263 10
0.4951 -0.0753 0.1156 11
0.4945 -0.0761 -0.1341 12
0.5065 -0.0781 -0.1183 13
0.5258 -0.0812 -0.1034 15
0.506 -0.0782 0.0448 11
0.4939 -0.0765 -0.0792 7
0.5002 -0.0774 0.0622 21
0.5114 -0.0794 0.082 14
0.5374 -0.0836 0.1057 13
0.5111 -0.0796 -0.0271 10
0.4833 -0.0753 0.1129 11
0.4772 -0.0745 0.1294 11
0.479 -0.0754 -0.1299 12
0.5024 -0.0793 -0.1174 13
0.51 -0.0806 -0.1004 15
0.5038 -0.0797 0.0446 12
0.5156 -0.0818 0.0641 20
0.4916 -0.078 0.0788 14
0.5332 -0.0848 0.1049 13
0.503 -0.0801 -0.0267 10
0.483 -0.077 0.1129 11
0.4769 -0.0761 0.1294 7
0.5034 -0.0811 0.0089 7
0.4969 -0.0802 0.0264 11
0.5097 -0.0824 -0.1004 15
0.4917 -0.0796 0.0436 6
0.5075 -0.0822 0.0631 20
0.5153 -0.0836 -0.0641 8
0.529 -0.086 0.1042 13
0.5027 -0.0818 -0.0267 10
0.4982 -0.0811 0.1165 11
0.4805 -0.0784 0.1304 7
0.4937 -0.0812 -0.1341 12
0.5057 -0.0834 -0.1183 13
0.5045 -0.0832 0.0268 11
0.5017 -0.0828 -0.0988 15
0.5091 -0.0841 0.0451 11
0.5033 -0.0833 0.0626 20
0.5033 -0.0834 -0.0626 8
0.493 -0.0817 0.0792 14
0.5094 -0.0846 0.1004 14
0.4985 -0.0829 -0.0265 10
0.5171 -0.0861 0.121 11
0.4764 -0.0794 0.1294 11
0.4782 -0.0804 -0.1299 12
0.5208 -0.0876 -0.1219 13
0.4924 -0.0829 0.0262 6
0.5285 -0.0891 -0.1042 14
0.4912 -0.0829 0.0436 12
0.4991 -0.0843 0.0622 21
0.4913 -0.0831 -0.0612 8
0.5044 -0.0854 0.081 7
0.4936 -0.0837 0.0973 14
0.4942 -0.0839 -0.0263 10
0.5014 -0.0852 0.1174 11
0.4929 -0.0838 -0.0087 8
0.5122 -0.0879 -0.1392 11
0.4947 -0.085 0.0088 7
0.4859 -0.0836 -0.1138 13
0.5205 -0.0896 -0.1027 15
0.4928 -0.0849 0.0438 12
0.5047 -0.0872 0.0629 20
0.491 -0.0849 -0.0612 8
0.4886 -0.0846 0.0785 7
0.5204 -0.0902 0.1027 14
0.5038 -0.0874 -0.0268 10
0.505 -0.0877 0.1183 11
0.5119 -0.0897 -0.1392 11
0.516 -0.0905 0.0091 7
0.4933 -0.0866 -0.1156 13
0.5141 -0.0907 0.0641 20
0.4863 -0.0859 0.0782 7
0.5123 -0.0906 0.1011 14
0.5123 -0.0908 0.1201 11
0.4869 -0.0865 0.1325 7
0.4773 -0.0854 -0.1299 12
0.5122 -0.0918 -0.1201 13
0.4934 -0.0885 0.0263 11
0.5082 -0.0912 -0.1004 15
0.4919 -0.0884 -0.0792 7
0.5119 -0.0921 0.0639 20
0.5021 -0.0904 -0.0626 8
0.486 -0.0876 0.0782 7
0.4849 -0.0875 0.0958 14
0.4973 -0.0898 -0.0265 10
0.5082 -0.0919 0.1192 11
0.4752 -0.0861 0.1294 7
0.5042 -0.0922 -0.1183 13
0.5029 -0.092 0.0268 5
0.5195 -0.0951 -0.1027 15
0.4997 -0.0915 0.0444 6
0.5135 -0.0942 0.0641 20
0.509 -0.0936 0.082 7
0.4924 -0.0906 0.0973 14
0.5225 -0.0963 -0.0278 9
0.5079 -0.0937 0.1192 11
0.4749 -0.0878 0.1294 7
0.5109 -0.0951 -0.1392 11
0.4847 -0.0904 -0.1138 13
0.5192 -0.0969 -0.1027 15
0.4916 -0.0918 0.0438 6
0.4951 -0.0926 -0.0798 14
0.5015 -0.0938 0.0626 20
0.5014 -0.0939 -0.0626 8
0.4873 -0.0913 0.0785 7
0.5036 -0.0945 0.0996 14
0.5152 -0.0969 0.121 11
0.4933 -0.0928 -0.0088 8
0.4746 -0.0893 0.1294 7
0.5106 -0.0968 -0.1392 11
0.5147 -0.0976 0.0091 7
0.4959 -0.0941 -0.1165 13
0.4984 -0.0947 0.0266 5
0.5188 -0.0987 -0.1027 15
0.4971 -0.0947 0.0443 6
0.4948 -0.0942 -0.0798 7
0.5167 -0.0985 0.0646 20
0.5006 -0.0956 0.0807 7
0.511 -0.0977 0.1011 14
0.51 -0.0976 -0.0272 10
0.4957 -0.0949 0.1165 11
0.4781 -0.0917 0.1304 7
0.4913 -0.0949 -0.1341 12
0.4948 -0.0956 0.0088 7
0.4917 -0.0951 -0.1156 13
0.5262 -0.1019 -0.1042 14
0.491 -0.0952 0.0438 12
0.4945 -0.0959 -0.0798 14
0.5125 -0.0995 0.0641 20
0.5008 -0.0973 -0.0626 8
0.4964 -0.0966 0.0801 7
0.5145 -0.1002 0.1019 14
0.4901 -0.0955 -0.0262 10
0.503 -0.0981 0.1183 11
0.4816 -0.0941 0.1315 7
0.4909 -0.0966 -0.1341 12
0.5376 -0.1059 0.0096 7
0.5028 -0.0991 -0.1183 13
0.4997 -0.0986 0.0267 11
0.4873 -0.0961 -0.0965 15
0.5023 -0.0992 0.0448 5
0.4942 -0.0977 -0.0798 14
0.5044 -0.0998 0.0631 20
0.5005 -0.0991 -0.0626 8
0.5219 -0.1035 0.1034 13
0.5093 -0.1011 -0.0272 10
0.4989 -0.0991 0.1174 11
0.5095 -0.1021 -0.1392 11
0.5058 -0.1014 0.009 7
0.5025 -0.1009 -0.1183 13
0.4895 -0.0984 0.0262 6
0.5255 -0.1056 -0.1042 14
0.5 -0.1006 0.0446 12
0.5254 -0.1058 0.0658 20
0.4884 -0.0985 -0.0612 8
0.4996 -0.1008 0.0807 14
0.498 -0.1005 -0.0444 10
0.5215 -0.1053 0.1034 13
0.5207 -0.1053 -0.0278 9
0.5138 -0.104 0.121 11
0.5281 -0.1077 -0.1444 11
0.5174 -0.1057 -0.1219 13
0.5251 -0.1074 -0.1042 14
0.488 -0.0999 0.0436 6
0.4935 -0.1011 -0.0798 7
0.5037 -0.1033 0.0631 20
0.5012 -0.103 0.081 7
0.5096 -0.1048 0.1011 14
0.491 -0.1011 -0.0263 10
0.502 -0.1034 0.1183 11
0.4843 -0.1 0.1325 7
0.5466 -0.1135 -0.1496 11
0.513 -0.1066 0.0091 7
0.4941 -0.1028 -0.1165 13
0.517 -0.1076 -0.1027 15
0.4974 -0.1036 0.0444 12
0.5111 -0.1067 0.0641 20
0.4931 -0.103 0.0798 7
0.5169 -0.1082 0.1027 14
0.5083 -0.1065 -0.0272 10
0.4902 -0.1027 0.1156 11
0.4802 -0.1008 0.1315 7
0.4896 -0.1033 -0.1341 12
0.5126 -0.1083 0.0091 7
0.5014 -0.106 -0.1183 13
0.5051 -0.1069 -0.1004 15
0.4873 -0.1032 0.0436 6
0.4928 -0.1045 -0.0798 14
0.5107 -0.1084 0.0641 20
0.485 -0.103 0.0785 7
0.5166 -0.1099 0.1027 14
0.502 -0.1069 -0.0269 10
0.4898 -0.1043 0.1156 11
0.4723 -0.1007 0.1294 7
0.5142 -0.1104 0.0092 7
0.5011 -0.1077 -0.1183 13
0.4933 -0.1061 -0.0981 15
0.5026 -0.1084 0.0631 20
0.4827 -0.1043 0.0782 14
0.5005 -0.1081 -0.0448 10
0.5239 -0.1133 0.1042 13
0.4939 -0.1069 -0.0265 10
0.52 -0.1126 0.1228 10
0.5077 -0.1108 -0.1392 11
0.5235 -0.1144 -0.1237 12
0.5044 -0.1103 -0.1004 15
0.5036 -0.1104 -0.0817 14
0.4906 -0.1076 0.0617 21
0.4997 -0.1098 0.081 7
0.4928 -0.1083 0.0981 14
0.5196 -0.1144 0.1228 10
0.4716 -0.104 0.1294 7
0.5193 -0.1154 -0.1228 12
0.5069 -0.1127 0.0272 5
0.5155 -0.1147 -0.1027 15
0.494 -0.11 0.0443 12
0.4999 -0.1115 0.0629 20
0.4979 -0.1111 -0.0626 8
0.4935 -0.1102 0.0801 7
0.5039 -0.1126 0.1004 14
0.499 -0.1116 -0.0268 10
0.4963 -0.1111 0.1174 11
0.475 -0.1065 0.1304 7
0.5069 -0.1143 -0.1392 11
0.4916 -0.111 0.0088 7
0.4999 -0.1129 -0.1183 13
0.5343 -0.1208 -0.1065 14
0.4878 -0.1104 0.0438 12
0.4836 -0.1095 -0.0785 14
0.513 -0.1163 0.0646 20
0.4975 -0.1129 -0.0626 8
0.4893 -0.1111 0.0795 7
0.4997 -0.1135 0.0996 14
0.5161 -0.1173 -0.0277 9
0.5111 -0.1163 0.121 11
0.4784 -0.109 0.1315 7
0.5065 -0.1161 -0.1392 11
0.5126 -0.1176 0.0092 7
0.4995 -0.1147 -0.1183 13
0.5147 -0.1183 -0.1027 15
0.5048 -0.1161 0.0453 11
0.4909 -0.113 -0.0798 14
0.501 -0.1154 0.0631 20
0.4855 -0.1119 -0.0612 8
0.4908 -0.1132 0.0798 7
0.5222 -0.1206 0.1042 13
0.4904 -0.1133 -0.0264 10
0.5031 -0.1163 0.1192 11
0.4909 -0.1136 -0.0088 8
0.4722 -0.1101 -0.1299 12
0.5122 -0.1194 0.0092 7
0.5067 -0.1182 -0.1201 13
0.5143 -0.1201 -0.1027 15
0.4947 -0.1157 0.0444 12
0.5136 -0.1202 -0.0835 14
0.5006 -0.1171 0.0631 20
0.5077 -0.119 0.0826 7
0.5256 -0.1234 0.1049 13
0.5255 -0.1235 0.1246 10
0.4739 -0.1115 0.1304 7
0.4869 -0.1153 -0.1341 12
0.4873 -0.1156 -0.1156 13
0.4897 -0.1161 0.0264 5
0.4833 -0.1147 -0.0965 15
0.5059 -0.1202 0.0455 11
0.5016 -0.1192 -0.0817 14
0.5079 -0.1208 0.0641 20
0.5195 -0.1237 -0.0656 8
0.5054 -0.1203 0.0823 7
0.5061 -0.1207 0.1011 14
0.5012 -0.1196 -0.027 10
0.5212 -0.1245 0.1237 10
0.4773 -0.114 0.1315 7
0.4902 -0.1179 -0.1351 12
0.4869 -0.1172 -0.1156 13
0.4951 -0.1192 0.0267 11
0.5211 -0.1256 -0.1042 14
0.5055 -0.1219 0.0455 5
0.4897 -0.1181 -0.0798 14
0.4843 -0.1169 0.0612 21
0.5036 -0.1217 -0.0636 8
0.498 -0.1205 0.0996 14
0.4892 -0.1184 -0.0264 10
0.4943 -0.1198 0.1174 11
0.4956 -0.1202 -0.0089 8
0.4693 -0.1139 0.1294 11
0.4861 -0.1186 -0.1341 12
0.4827 -0.1179 -0.1147 13
0.5016 -0.1226 -0.1004 15
0.4954 -0.1212 0.0446 12
0.5008 -0.1226 -0.0817 14
0.4974 -0.1219 0.0629 20
0.5065 -0.1243 0.0826 7
0.4938 -0.1213 0.0988 14
0.4965 -0.122 -0.0268 10
0.4939 -0.1215 0.1174 11
0.4689 -0.1155 0.1294 11
0.4894 -0.1212 -0.1351 12
0.5008 -0.1241 0.009 7
0.5164 -0.1281 -0.1228 12
0.4885 -0.1213 0.0264 5
0.5011 -0.1244 -0.1004 15
0.495 -0.123 0.0446 12
0.5105 -0.127 0.0646 20
0.4811 -0.1199 0.0785 7
0.5048 -0.1259 0.1011 14
0.5 -0.1247 -0.027 10
0.501 -0.1251 0.1192 11
0.4723 -0.1181 0.1304 7
0.5003 -0.1259 0.009 7
0.5008 -0.1261 -0.1192 13
0.4881 -0.123 0.0264 5
0.5007 -0.1261 -0.1004 15
0.4888 -0.1232 0.0441 12
0.5062 -0.1278 0.0641 20
0.4831 -0.1221 -0.0612 8
0.4922 -0.1244 0.0804 7
0.4891 -0.1238 0.0981 14
0.5131 -0.1299 -0.0277 9
0.5081 -0.1288 0.121 11
0.4681 -0.1188 0.1294 11
0.4848 -0.1237 -0.1341 12
0.5041 -0.1288 -0.1201 13
0.4992 -0.1276 0.027 5
0.4812 -0.123 -0.0965 15
0.4826 -0.1235 0.0436 12
0.4803 -0.123 -0.0785 14
0.5019 -0.1286 0.0636 20
0.5057 -0.1297 -0.0641 8
0.4975 -0.1276 0.0813 14
0.5001 -0.1284 0.1004 14
0.4952 -0.1272 -0.0268 10
0.519 -0.1335 0.1237 10
0.4861 -0.1251 -0.0088 8
0.4714 -0.1214 0.1304 7
0.5218 -0.135 -0.1444 11
0.5037 -0.1305 -0.1201 13
0.5188 -0.1345 -0.1042 14
0.4937 -0.1281 0.0446 12
0.4861 -0.1263 0.0617 21
0.4938 -0.1283 -0.0626 8
0.4971 -0.1293 0.0813 14
0.4769 -0.1241 0.0958 14
0.4851 -0.1264 -0.0263 10
0.511 -0.1332 0.1219 10
0.471 -0.123 0.1304 7
0.5213 -0.1368 -0.1444 11
0.4874 -0.128 0.0088 7
0.5145 -0.1352 -0.1228 12
0.4906 -0.129 0.0266 5
0.4956 -0.1303 -0.0996 15
0.5048 -0.1328 0.0457 11
0.4871 -0.1282 -0.0798 14
0.5125 -0.135 0.0651 20
0.5004 -0.132 0.082 7
0.4992 -0.1318 0.1004 14
0.5021 -0.1326 -0.0272 10
0.5068 -0.134 0.121 11
0.4669 -0.1236 0.1294 7
0.5022 -0.1336 -0.1392 11
0.487 -0.1297 0.0088 7
0.4764 -0.1269 -0.1138 13
0.4902 -0.1307 0.0266 5
0.5103 -0.1361 -0.1027 15
0.4947 -0.132 0.0448 5
0.5082 -0.1358 0.0646 20
0.5159 -0.1379 -0.0656 8
0.4866 -0.1302 0.0798 7
0.5177 -0.1386 0.1042 13
0.4862 -0.1303 -0.0264 10
0.5101 -0.1368 0.1219 10
0.4739 -0.1272 0.1315 7
0.5251 -0.1418 0.0095 7
0.4722 -0.1276 -0.1129 13
0.4974 -0.1345 0.027 5
0.4984 -0.1348 -0.1004 15
0.4847 -0.1311 0.0439 12
0.4786 -0.1296 -0.0785 14
0.5077 -0.1376 0.0646 20
0.4924 -0.1335 -0.0626 8
0.5071 -0.1376 0.0832 7
0.5135 -0.1394 0.1034 13
0.4934 -0.1341 -0.0268 10
0.5058 -0.1375 0.121 11
0.4697 -0.1279 0.1304 10
0.5162 -0.1412 -0.1434 11
0.4868 -0.1334 -0.1165 13
0.4835 -0.1325 0.0263 11
0.5093 -0.1396 -0.1027 15
0.4823 -0.1323 0.0438 12
0.5034 -0.1383 0.0641 20
0.5034 -0.1384 -0.0641 8
0.5009 -0.1378 0.0823 14
0.4956 -0.1363 -0.045 9
0.513 -0.1412 0.1034 13
0.5122 -0.1411 -0.0278 9
0.5166 -0.1424 0.1237 10
0.4656 -0.1285 0.1294 7
0.4822 -0.1337 -0.1341 12
0.5125 -0.1422 0.0093 7
0.4863 -0.1351 -0.1165 13
0.4811 -0.1337 0.0262 12
0.4975 -0.1382 -0.1004 15
0.4818 -0.134 0.0438 12
0.4777 -0.1329 -0.0785 14
0.5068 -0.1411 0.0646 20
0.4914 -0.1369 -0.0626 8
0.4947 -0.1379 0.0813 14
0.5011 -0.1398 0.1011 14
0.4925 -0.1375 -0.0268 10
0.5049 -0.1411 0.121 11
0.4911 -0.1373 -0.0089 8
0.4688 -0.1312 0.1304 7
0.53 -0.149 -0.1475 11
0.5043 -0.1419 0.0091 7
0.5009 -0.141 -0.1201 13
0.4825 -0.1359 0.0263 11
0.5083 -0.1432 -0.1027 15
0.5063 -0.1427 0.046 11
0.4962 -0.1399 -0.0817 14
0.5063 -0.1429 0.0646 20
0.491 -0.1387 -0.0626 8
0.4885 -0.1381 0.0804 7
0.4966 -0.1403 -0.0451 9
0.5044 -0.1426 0.1019 14
0.5016 -0.1419 -0.0273 10
0.4931 -0.1396 0.1183 11
0.4869 -0.1381 0.1356 7
0.5146 -0.1466 -0.1434 11
0.4981 -0.142 0.009 7
0.5004 -0.1427 -0.1201 13
0.484 -0.1381 0.0264 5
0.5078 -0.1449 -0.1027 15
0.4866 -0.139 0.0443 12
0.4881 -0.1395 -0.0804 14
0.5039 -0.1441 0.0643 20
0.4905 -0.1404 -0.0626 8
0.49 -0.1403 0.0807 7
0.5039 -0.1444 0.1019 14
0.503 -0.1442 -0.0274 9
0.5039 -0.1446 0.121 11
0.4753 -0.1366 0.1325 10
0.4993 -0.1441 -0.1392 11
0.4841 -0.1398 0.0088 7
0.4961 -0.1434 -0.1192 13
0.4874 -0.1409 0.0266 11
0.5073 -0.1467 -0.1027 15
0.4938 -0.1429 0.045 11
0.4763 -0.1379 -0.0785 14
0.5129 -0.1486 0.0656 20
0.5129 -0.1487 -0.0656 8
0.4895 -0.1419 0.0807 7
0.5336 -0.1549 0.108 13
0.4852 -0.141 -0.0265 10
0.5034 -0.1463 0.121 11
0.4674 -0.136 0.1304 10
0.4654 -0.1361 -0.1299 12
0.4994 -0.1461 -0.1201 13
0.483 -0.1414 0.0264 5
0.5068 -0.1485 -0.1027 15
0.4856 -0.1424 0.0443 12
0.4834 -0.1417 -0.0798 14
0.4991 -0.1464 0.0639 20
0.5238 -0.1538 -0.067 8
0.4803 -0.1412 0.0973 14
0.5001 -0.1471 -0.0273 10
0.5066 -0.1491 0.1219 10
0.4707 -0.1387 0.1315 7
0.4835 -0.1431 -0.1351 12
0.4832 -0.1431 0.0088 7
0.4877 -0.1445 -0.1174 13
0.4825 -0.1431 0.0264 5
0.5138 -0.1524 -0.1042 14
0.4775 -0.1417 0.0436 12
0.4867 -0.1445 -0.0804 14
0.5024 -0.1493 0.0643 20
0.5004 -0.1488 -0.0641 8
0.5017 -0.1493 0.0829 14
0.4908 -0.146 -0.0448 10
0.4911 -0.1462 0.0996 14
0.5061 -0.1509 0.1219 10
0.4886 -0.1458 -0.0089 8
0.4702 -0.1403 0.1315 7
0.4978 -0.1492 -0.1392 11
0.4827 -0.1448 0.0088 7
0.4909 -0.1474 -0.1183 13
0.5058 -0.1519 -0.1027 15
0.5037 -0.1514 0.046 11
0.4748 -0.1428 -0.0785 14
0.4828 -0.1453 0.0619 21
0.4974 -0.1499 0.0823 7
0.4845 -0.146 -0.0443 10
0.5019 -0.1513 0.1019 14
0.5067 -0.1529 -0.0277 9
0.5056 -0.1526 0.1219 10
0.4734 -0.1431 0.1325 7
0.4788 -0.1454 -0.1341 12
0.5128 -0.1558 0.0094 7
0.4904 -0.1491 -0.1183 13
0.4815 -0.1465 0.0264 5
0.5015 -0.1526 -0.1019 15
0.4879 -0.1485 0.0446 12
0.4932 -0.1502 -0.0817 14
0.4975 -0.1516 0.0639 20
0.4994 -0.1523 -0.0641 17
0.4856 -0.1482 0.0804 7
0.5051 -0.1542 0.1027 14
0.4909 -0.15 -0.0269 10
0.4939 -0.151 0.1192 11
0.4692 -0.1436 0.1315 7
0.4967 -0.1527 -0.1392 11
0.5027 -0.1546 0.0092 7
0.5234 -0.1611 -0.1264 12
0.4772 -0.147 0.0262 12
0.501 -0.1543 -0.1019 15
0.4836 -0.1491 0.0443 12
0.4851 -0.1496 -0.0804 14
0.5027 -0.1551 0.0646 20
0.4988 -0.154 -0.0641 8
0.4983 -0.154 0.0826 14
0.4797 -0.1482 -0.0439 10
0.5121 -0.1583 0.1042 13
0.5075 -0.157 -0.0278 9
0.5082 -0.1573 0.1228 10
0.4724 -0.1464 0.1325 10
0.4814 -0.1499 -0.1351 12
0.4926 -0.1534 0.009 7
0.4949 -0.1542 -0.1197 13
0.4824 -0.1503 0.0265 11
0.4854 -0.1514 -0.0988 15
0.4869 -0.1519 0.0446 12
0.4832 -0.151 0.0622 21
0.487 -0.1521 -0.0626 8
0.5109 -0.1597 0.0848 13
0.4853 -0.1519 0.0988 14
0.4879 -0.1528 -0.0268 10
0.4984 -0.1561 0.1206 11
0.4645 -0.1457 0.1304 10
0.4625 -0.1456 -0.1299 12
0.4863 -0.1533 0.0089 7
0.5037 -0.1588 -0.1219 13
0.4849 -0.153 -0.0988 15
0.4845 -0.1529 0.0444 12
0.4728 -0.1493 -0.0785 14
0.4902 -0.1549 0.0631 20
0.4978 -0.1573 -0.0641 8
0.4972 -0.1573 0.0826 7
0.5147 -0.163 0.1049 13
0.4931 -0.1562 -0.0271 10
0.509 -0.1613 0.1233 10
0.4785 -0.1517 -0.0088 8
0.4677 -0.1484 0.1315 10
0.4952 -0.1577 -0.1392 11
0.5011 -0.1597 0.0092 7
0.4846 -0.1546 -0.1174 13
0.4956 -0.1582 -0.1011 15
0.4878 -0.1558 0.0448 11
0.4911 -0.1569 -0.0817 14
0.4878 -0.156 0.0629 20
0.4973 -0.1591 -0.0641 8
0.491 -0.1572 0.0817 14
0.4992 -0.1599 0.1019 14
0.4973 -0.1595 0.1206 11
0.4782 -0.1535 0.1346 7
0.524 -0.169 -0.1475 11
0.491 -0.1584 0.009 7
0.497 -0.1604 -0.1206 13
0.5025 -0.1624 -0.1027 15
0.4891 -0.1582 0.045 11
0.4981 -0.1612 -0.0829 14
0.4797 -0.1552 0.0619 21
0.4854 -0.1571 -0.0626 17
0.4754 -0.154 0.0792 7
0.5173 -0.1678 0.1057 13
0.4958 -0.1609 -0.0273 10
0.4967 -0.1613 0.1206 11
0.474 -0.154 0.1336 10
0.4923 -0.1608 0.009 7
0.5001 -0.1635 -0.1215 13
0.4803 -0.157 0.0265 11
0.502 -0.1642 -0.1027 15
0.4942 -0.1617 0.0455 11
0.4787 -0.1567 -0.0798 14
0.4942 -0.1619 0.0639 20
0.4923 -0.1614 -0.0636 17
0.4768 -0.1563 0.0795 7
0.4981 -0.1635 0.1019 14
0.501 -0.1645 -0.0276 9
0.4962 -0.163 0.1206 11
0.4788 -0.1582 -0.1351 12
0.4918 -0.1625 0.009 7
0.494 -0.1633 -0.1201 13
0.4779 -0.158 0.0264 5
0.4939 -0.1634 -0.1011 15
0.4782 -0.1583 -0.0798 14
0.5012 -0.1661 0.0648 20
0.4843 -0.1605 -0.0626 8
0.48 -0.1592 0.0801 14
0.4822 -0.16 -0.0444 10
0.4975 -0.1651 0.1019 14
0.4985 -0.1655 -0.0275 9
0.503 -0.1671 0.1224 10
0.4839 -0.1609 -0.0089 8
0.4693 -0.1561 0.1325 7
0.4929 -0.1646 -0.1392 11
0.4893 -0.1635 0.009 7
0.4935 -0.165 -0.1201 13
0.4773 -0.1596 0.0264 5
0.4897 -0.1638 -0.1004 15
0.4761 -0.1594 0.0439 12
0.4889 -0.1638 -0.0817 14
0.4894 -0.164 0.0634 20
0.5025 -0.1685 -0.0651 17
0.4795 -0.1608 0.0801 7
0.5118 -0.1718 0.1049 13
0.4771 -0.1603 -0.0264 10
0.5172 -0.1739 0.126 10
0.4796 -0.1612 -0.0088 8
0.4724 -0.1589 0.1336 7
0.4923 -0.1664 -0.1392 11
0.4982 -0.1684 0.0092 7
0.5077 -0.1716 -0.1237 12
0.5077 -0.1718 -0.1042 14
0.4869 -0.1649 0.045 11
0.4869 -0.165 0.0631 20
0.4907 -0.1664 -0.0636 17
0.5107 -0.1733 0.0854 13
0.4868 -0.1652 -0.045 9
0.5075 -0.1723 0.1042 13
0.5012 -0.1702 -0.0277 9
0.4982 -0.1693 0.1215 11
0.4755 -0.1618 0.1346 7
0.4735 -0.1617 -0.1341 12
0.4882 -0.1669 0.009 7
0.4923 -0.1684 -0.1201 13
0.4922 -0.1684 -0.1011 15
0.4826 -0.1652 0.0446 12
0.4877 -0.1671 -0.0817 14
0.492 -0.1686 0.0639 20
0.5126 -0.1758 -0.0665 8
0.5008 -0.1717 0.0838 13
0.4921 -0.169 0.1011 14
0.4987 -0.1713 -0.0276 9
0.4976 -0.171 0.1215 11
0.4859 -0.1671 0.1377 10
0.4912 -0.1697 -0.1392 11
0.4895 -0.1691 0.009 7
0.4973 -0.1719 -0.1215 13
0.4775 -0.1652 0.0265 11
0.4991 -0.1727 -0.1027 15
0.4895 -0.1695 0.0453 11
0.4872 -0.1687 -0.0817 14
0.4989 -0.1729 0.0648 20
0.482 -0.1671 -0.0626 8
0.4815 -0.167 0.0807 14
0.4952 -0.1719 0.1019 14
0.5075 -0.1762 -0.0282 9
0.497 -0.1727 0.1215 11
0.4708 -0.1637 0.1336 10
0.4906 -0.1714 -0.1392 11
0.487 -0.1703 0.009 7
0.4801 -0.1679 -0.1174 13
0.4911 -0.1719 -0.1011 15
0.4889 -0.1712 0.0453 11
0.4679 -0.164 -0.0785 14
0.4964 -0.174 0.0646 20
0.5114 -0.1794 -0.0665 16
0.4865 -0.1707 0.0817 14
0.4946 -0.1737 0.1019 14
0.505 -0.1774 -0.0281 9
0.5037 -0.1771 0.1233 10
0.4592 -0.1616 0.1304 10
0.49 -0.1731 -0.1392 11
0.4977 -0.176 0.0092 7
0.4979 -0.1761 -0.1219 13
0.4745 -0.1679 0.0264 11
0.4793 -0.1697 -0.0988 15
0.4808 -0.1703 0.0446 12
0.4846 -0.1718 0.0631 20
0.5033 -0.1785 -0.0656 16
0.4896 -0.1738 0.0823 14
0.4863 -0.1726 -0.0451 9
0.5088 -0.1807 0.1049 13
0.4818 -0.1712 -0.0268 10
0.4994 -0.1775 0.1224 10
0.4732 -0.1684 0.1346 10
0.4894 -0.1748 -0.1392 11
0.4877 -0.1743 0.009 7
0.4899 -0.1752 -0.1201 13
0.4972 -0.1779 -0.1027 15
0.4802 -0.1719 0.0446 12
0.4742 -0.1699 -0.0798 14
0.4877 -0.1748 0.0636 20
0.4802 -0.1722 -0.0626 8
0.5076 -0.1821 0.0854 13
0.5118 -0.1838 0.1057 13
0.4868 -0.1749 -0.0271 10
0.4915 -0.1767 0.1206 11
0.4799 -0.1727 0.1367 10
0.4706 -0.1701 -0.1341 12
0.4871 -0.176 0.009 7
0.4893 -0.1769 -0.1201 13
0.4929 -0.1784 -0.1019 15
0.4833 -0.1751 0.045 11
0.4736 -0.1716 -0.0798 14
0.4815 -0.1745 0.0629 20
0.4796 -0.1739 -0.0626 8
0.4698 -0.1704 0.0792 14
0.5112 -0.1856 0.1057 13
0.4693 -0.1705 -0.0262 10
0.5091 -0.1851 0.1251 10
0.4757 -0.173 0.1356 10
0.4881 -0.1783 -0.1392 11
0.4864 -0.1778 0.009 7
0.5015 -0.1834 -0.1233 12
0.4849 -0.1774 -0.1004 15
0.4715 -0.1726 0.0439 12
0.4841 -0.1774 -0.0817 14
0.4921 -0.1804 0.0643 20
0.479 -0.1757 -0.0626 8
0.4915 -0.1802 0.0829 14
0.5031 -0.1847 0.1042 13
0.4968 -0.1825 -0.0277 9
0.5048 -0.1855 0.1242 10
0.4678 -0.172 0.1336 10
0.4549 -0.168 -0.1299 12
0.5009 -0.185 0.0093 7
0.5027 -0.1857 -0.1237 12
0.4871 -0.1801 0.0272 11
0.5027 -0.1859 -0.1042 14
0.4821 -0.1784 0.045 11
0.4724 -0.1748 -0.0798 14
0.497 -0.1841 0.0651 20
0.4672 -0.1731 -0.0612 17
0.476 -0.1765 0.0804 14
0.4801 -0.1781 -0.0448 10
0.4878 -0.1809 0.1011 14
0.4868 -0.1807 -0.0272 10
0.5006 -0.1859 0.1233 10
0.4708 -0.175 0.1346 10
0.4688 -0.1749 -0.1341 12
0.4927 -0.1839 0.0092 7
0.4947 -0.1848 -0.1219 13
0.479 -0.1789 0.0268 11
0.4873 -0.1821 -0.1011 15
0.4778 -0.1786 0.0446 12
0.4903 -0.1834 -0.0829 14
0.4852 -0.1816 0.0636 20
0.4964 -0.1859 -0.0651 8
0.4828 -0.1808 0.0817 14
0.5019 -0.1881 0.1042 13
0.4881 -0.1831 -0.0273 10
0.5036 -0.189 0.1242 10
0.4738 -0.1779 0.1356 7
0.5152 -0.1943 -0.1475 11
0.4846 -0.1827 0.009 7
0.4978 -0.1878 -0.1228 12
0.4896 -0.1848 0.0274 11
0.4683 -0.1769 -0.0973 15
0.4995 -0.1887 0.0467 11
0.4823 -0.1822 -0.0817 14
0.4883 -0.1846 0.0641 20
0.484 -0.1832 0.082 14
0.5049 -0.1912 0.1049 13
0.4856 -0.184 -0.0272 10
0.5011 -0.19 0.1237 10
0.4768 -0.1808 -0.0089 8
0.4768 -0.1809 0.1367 10
0.5001 -0.1905 -0.1434 11
0.5083 -0.1937 0.0095 7
0.4753 -0.1812 -0.1174 13
0.4721 -0.1801 0.0265 11
0.4934 -0.1882 -0.1027 15
0.4877 -0.1861 0.0457 11
0.489 -0.1867 -0.0829 14
0.4803 -0.1835 0.0631 20
0.4877 -0.1864 -0.0641 8
0.4742 -0.1814 0.0804 14
0.4894 -0.1872 -0.0458 9
0.5079 -0.1944 0.1057 13
0.485 -0.1857 -0.0272 10
0.5004 -0.1917 0.1237 10
0.4834 -0.1854 0.1387 10
0.4706 -0.1811 -0.1351 12
0.4889 -0.1883 0.0091 7
0.5037 -0.1941 -0.1246 12
0.4771 -0.1839 0.0268 5
0.4928 -0.1899 -0.1027 15
0.4908 -0.1893 0.046 11
0.481 -0.1856 -0.0817 14
0.5056 -0.1952 0.0665 19
0.4944 -0.191 -0.0651 8
0.4772 -0.1844 0.081 14
0.4926 -0.1905 0.1027 14
0.4918 -0.1902 -0.0276 9
0.4961 -0.192 0.1228 10
0.4718 -0.1827 -0.0088 8
0.4684 -0.1815 0.1346 10
0.4843 -0.1883 -0.1392 11
0.4827 -0.1878 0.009 7
0.4703 -0.1831 -0.1165 13
0.4876 -0.1899 0.0274 11
0.4994 -0.1945 -0.1042 14
0.4864 -0.1895 0.0457 11
0.4804 -0.1873 -0.0817 14
0.4901 -0.1912 0.0646 20
0.4864 -0.1898 -0.0641 17
0.4931 -0.1926 0.0838 13
0.4846 -0.1893 0.1011 14
0.4911 -0.192 -0.0276 9
0.5136 -0.2009 0.1273 10
0.4605 -0.1803 0.1325 10
0.4981 -0.1957 -0.1434 11
0.469 -0.1844 0.0088 7
0.4896 -0.1926 -0.1215 13
0.4944 -0.1945 0.0278 5
0.4987 -0.1963 -0.1042 14
0.5005 -0.1971 0.0471 11
0.4797 -0.189 -0.0817 14
0.495 -0.1951 0.0653 20
0.482 -0.1901 -0.0636 17
0.4943 -0.195 0.0842 13
0.4949 -0.1953 0.1034 13
0.4793 -0.1893 -0.027 10
0.5129 -0.2027 0.1273 10
0.4635 -0.1833 0.1336 10
0.483 -0.1917 -0.1392 11
0.5148 -0.2044 0.0097 7
0.4908 -0.195 -0.1219 13
0.4677 -0.1859 0.0264 5
0.4908 -0.1951 -0.1027 15
0.485 -0.1929 0.0457 11
0.4717 -0.1877 -0.0804 14
0.4924 -0.1961 0.0651 20
0.5108 -0.2035 -0.0675 16
0.4899 -0.1953 0.0835 13
0.4793 -0.1911 -0.0451 9
0.5051 -0.2014 0.1057 13
0.4675 -0.1865 -0.0264 10
0.4941 -0.1972 0.1228 10
0.4698 -0.1876 -0.0088 8
0.4772 -0.1907 0.1377 10
0.4823 -0.1935 -0.1392 11
0.503 -0.2018 0.0095 7
0.4847 -0.1945 -0.1206 13
0.4689 -0.1883 0.0265 11
0.4937 -0.1984 -0.1034 15
0.4917 -0.1977 0.0464 11
0.4857 -0.1953 -0.0829 14
0.4973 -0.2 0.0658 20
0.4733 -0.1905 -0.0626 17
0.4856 -0.1955 0.0829 14
0.5008 -0.2018 0.1049 13
0.4816 -0.1942 -0.0272 10
0.506 -0.2041 0.126 10
0.4622 -0.1865 0.1336 10
0.4637 -0.1879 -0.1341 12
0.5059 -0.2051 0.0095 7
0.4894 -0.1985 -0.1219 13
0.5112 -0.2075 -0.1072 14
0.4929 -0.2001 0.0465 11
0.4703 -0.1911 -0.0804 14
0.4984 -0.2026 0.0661 19
0.4947 -0.2012 -0.0656 16
0.463 -0.1883 0.0792 14
0.5037 -0.205 0.1057 13
0.4994 -0.2034 -0.0283 9
0.5035 -0.2052 0.1255 10
0.4651 -0.1896 0.1346 10
0.4952 -0.2027 -0.1434 11
0.4867 -0.1992 0.0092 7
0.4941 -0.2024 -0.1233 12
0.4657 -0.1908 0.0264 5
0.485 -0.1988 -0.1019 15
0.4959 -0.2034 0.0469 11
0.4903 -0.2012 0.0651 20
0.4977 -0.2043 -0.0661 16
0.4751 -0.1951 0.0813 14
0.4812 -0.1978 0.1011 14
0.4803 -0.1975 -0.0272 10
0.51 -0.2098 0.1273 10
0.4771 -0.1964 -0.009 8
0.468 -0.1927 0.1356 10
0.4624 -0.1911 -0.1341 12
0.4786 -0.1979 0.009 7
0.4826 -0.1996 -0.1206 13
0.502 -0.2076 0.0285 11
0.517 -0.2139 -0.1088 14
0.4841 -0.2004 0.0458 11
0.4763 -0.1973 -0.0817 14
0.4841 -0.2006 0.0643 20
0.4933 -0.2045 -0.0656 16
0.4945 -0.205 0.0848 13
0.5023 -0.2085 0.1057 13
0.4722 -0.1961 -0.0268 10
0.5021 -0.2086 0.1255 10
0.4709 -0.1956 -0.0089 8
0.4638 -0.1928 0.1346 10
0.4939 -0.2061 -0.1434 11
0.4854 -0.2025 0.0092 7
0.4945 -0.2065 -0.1237 12
0.4718 -0.1971 0.0268 11
0.48 -0.2006 -0.1011 15
0.4834 -0.2021 0.0458 11
0.4647 -0.1943 -0.0798 14
0.4926 -0.2061 0.0656 20
0.4816 -0.2016 -0.0641 17
0.4792 -0.2007 0.0823 14
0.4594 -0.1925 -0.0436 10
0.5052 -0.2116 0.1065 13
0.4955 -0.2077 -0.0282 9
0.4978 -0.2087 0.1246 10
0.4739 -0.1988 -0.009 8
0.4809 -0.2019 0.1398 10
0.4932 -0.2077 -0.1434 11
0.5104 -0.2151 0.0097 7
0.4866 -0.2052 -0.1219 13
0.4601 -0.1941 0.0262 12
0.4794 -0.2022 -0.1011 15
0.4901 -0.2068 0.0465 11
0.4932 -0.2082 -0.0848 13
0.4901 -0.207 0.0653 20
0.4919 -0.2079 -0.0656 16
0.4821 -0.2039 0.0829 14
0.4716 -0.1994 -0.0448 10
0.5081 -0.2149 0.1072 13
0.4856 -0.2055 -0.0276 9
0.4827 -0.2044 0.121 11
0.4622 -0.1958 -0.0088 8
0.4696 -0.199 0.1367 10
0.4782 -0.2034 -0.1392 11
0.4987 -0.2122 0.0095 7
0.4841 -0.2061 -0.1215 13
0.4833 -0.2058 0.0275 11
0.4678 -0.1993 -0.0988 15
0.4857 -0.207 0.0462 11
0.4815 -0.2053 -0.0829 14
0.4967 -0.2118 0.0663 19
0.4583 -0.1956 -0.0612 17
0.496 -0.2118 0.0854 13
0.4691 -0.2003 -0.0446 10
0.5109 -0.2183 0.108 13
0.4977 -0.2127 -0.0284 9
0.4981 -0.213 0.1251 10
0.4762 -0.2037 -0.009 8
0.4618 -0.1976 0.1346 10
0.4775 -0.2051 -0.1392 11
0.4924 -0.2116 0.0094 7
0.478 -0.2055 -0.1201 13
0.4807 -0.2067 0.0274 11
0.4852 -0.2086 -0.1027 15
0.4996 -0.215 0.0476 11
0.4808 -0.207 -0.0829 14
0.4886 -0.2104 0.0653 20
0.4868 -0.2097 -0.0651 17
0.4807 -0.2072 0.0829 14
0.4739 -0.2043 -0.0451 9
0.4921 -0.2123 0.1042 13
0.497 -0.2144 -0.0284 9
0.5099 -0.2201 0.1282 10
0.4608 -0.199 -0.0088 8
0.4717 -0.2038 0.1377 10
0.4768 -0.2067 -0.1392 11
0.4825 -0.2093 0.0092 7
0.4773 -0.2071 -0.1201 13
0.4818 -0.2092 0.0275 11
0.4844 -0.2103 -0.1027 15
0.4733 -0.2056 0.0451 11
0.462 -0.2008 -0.0798 14
0.4952 -0.2153 0.0663 19
0.5079 -0.2209 -0.068 16
0.5053 -0.2199 0.0873 13
0.4768 -0.2075 -0.0455 9
0.4986 -0.2171 0.1057 13
0.4797 -0.209 -0.0274 9
0.502 -0.2188 0.1264 10
0.4674 -0.2038 -0.0089 8
0.4675 -0.2039 0.1367 10
0.4761 -0.2084 -0.1392 11
0.5257 -0.2302 0.01 6
0.4819 -0.2112 -0.1215 13
0.4811 -0.2109 0.0275 11
0.4909 -0.2152 -0.1042 14
0.4835 -0.2121 0.0462 11
0.5047 -0.2214 -0.0873 13
0.4908 -0.2154 0.0658 20
0.4962 -0.2179 -0.0665 16
0.4937 -0.2169 0.0854 13
0.4615 -0.2028 -0.0441 10
0.5266 -0.2315 0.1118 12
0.4863 -0.2139 -0.0278 9
0.4959 -0.2182 0.1251 10
0.4704 -0.2071 -0.009 8
0.4774 -0.2102 0.1398 10
0.4895 -0.2163 -0.1434 11
0.4902 -0.2167 0.0094 7
0.4758 -0.2105 -0.1201 13
0.4803 -0.2126 0.0275 11
0.4829 -0.2137 -0.1027 15
0.4719 -0.2089 0.0451 11
0.4859 -0.2152 -0.0842 14
0.4864 -0.2155 0.0653 20
0.4736 -0.21 -0.0636 17
0.4677 -0.2074 0.081 14
0.5078 -0.2254 0.108 13
0.4965 -0.2204 -0.0285 9
0.4826 -0.2144 0.1219 10
0.4625 -0.2056 0.1356 10
0.4569 -0.2038 -0.1341 12
0.4985 -0.2225 0.0095 7
0.4876 -0.2177 -0.1233 12
0.4668 -0.2085 0.0268 11
0.4714 -0.2106 -0.1004 15
0.493 -0.2203 0.0472 11
0.4923 -0.2201 -0.0854 13
0.4856 -0.2172 0.0653 20
0.4874 -0.2181 -0.0656 16
0.4886 -0.2188 0.0848 13
0.4999 -0.2239 0.1065 13
0.4921 -0.2205 -0.0283 9
0.4961 -0.2224 0.1255 10
0.4653 -0.2088 0.1367 10
0.4879 -0.2197 -0.1434 11
0.5123 -0.2308 0.0098 7
0.4868 -0.2194 -0.1233 12
0.4807 -0.2167 0.0276 11
0.485 -0.2187 -0.1034 15
0.4849 -0.2187 0.0465 11
0.4591 -0.2072 -0.0798 14
0.4831 -0.2181 0.0651 20
0.4975 -0.2247 -0.067 8
0.477 -0.2156 0.0829 14
0.4919 -0.2224 0.1049 13
0.4968 -0.2247 -0.0286 9
0.5042 -0.2282 0.1278 10
0.47 -0.2128 -0.009 8
0.4575 -0.2073 0.1346 10
0.4872 -0.2214 -0.1434 11
0.5042 -0.2293 0.0097 7
0.4807 -0.2187 -0.1219 13
0.4654 -0.2118 0.0268 11
0.4985 -0.2269 -0.1065 14
0.4914 -0.2237 0.0472 11
0.5051 -0.2301 -0.0879 13
0.466 -0.2124 0.0629 20
0.4823 -0.2199 -0.0651 8
0.4727 -0.2156 0.0823 14
0.5019 -0.229 0.1072 13
0.4742 -0.2165 -0.0273 10
0.4981 -0.2275 0.1264 10
0.462 -0.2111 -0.0089 8
0.4603 -0.2105 0.1356 10
0.5004 -0.2295 -0.1475 11
0.4998 -0.2294 0.0096 7
0.4799 -0.2203 -0.1219 13
0.4683 -0.2151 0.027 11
0.5013 -0.2303 -0.1072 14
0.4798 -0.2205 0.0462 11
0.4828 -0.222 -0.0842 14
0.4869 -0.224 0.0658 20
0.4743 -0.2182 -0.0641 8
0.4827 -0.2222 0.0842 13
0.4724 -0.2175 -0.0455 9
0.5118 -0.2357 0.1095 13
0.4916 -0.2265 -0.0284 9
0.4938 -0.2276 0.1255 10
0.4576 -0.2111 -0.0088 8
0.4631 -0.2137 0.1367 10
0.4576 -0.2118 -0.1351 12
0.4754 -0.2202 0.0091 7
0.4845 -0.2245 -0.1233 12
0.4748 -0.22 0.0274 11
0.5041 -0.2337 -0.108 14
0.4826 -0.2238 0.0465 11
0.4856 -0.2253 -0.0848 13
0.497 -0.2307 0.0673 19
0.5024 -0.2332 -0.068 16
0.4712 -0.2188 0.0823 14
0.4752 -0.2208 -0.0458 9
0.5038 -0.2342 0.108 13
0.4854 -0.2257 -0.0281 9
0.4824 -0.2243 0.1228 10
0.4623 -0.2151 -0.0089 8
0.4589 -0.2136 0.1356 10
0.4534 -0.2117 -0.1341 12
0.4747 -0.2217 0.0091 7
0.4908 -0.2294 -0.1251 12
0.4759 -0.2224 0.0275 11
0.4855 -0.227 -0.1042 14
0.4746 -0.222 0.0458 11
0.4741 -0.2219 -0.0829 14
0.4926 -0.2306 0.0668 19
0.4692 -0.2197 -0.0636 17
0.4812 -0.2254 0.0842 13
0.4709 -0.2207 -0.0455 9
0.5031 -0.2359 0.108 13
0.4918 -0.2307 -0.0285 9
0.4958 -0.2325 0.1264 10
0.4598 -0.2158 -0.0089 8
0.4652 -0.2184 0.1377 10
0.492 -0.2318 0.0095 7
0.483 -0.2277 -0.1233 12
0.4805 -0.2266 0.0278 11
0.499 -0.2353 -0.1072 14
0.4631 -0.2185 0.0448 11
0.4734 -0.2235 -0.0829 14
0.4918 -0.2323 0.0668 19
0.4792 -0.2264 -0.0651 17
0.4947 -0.2338 0.0867 13
0.4665 -0.2205 -0.0451 9
0.4952 -0.2342 0.1065 13
0.4893 -0.2315 -0.0284 9
0.5108 -0.2418 0.1305 10
0.4644 -0.22 0.1377 10
0.4554 -0.2164 -0.1351 12
0.4858 -0.231 0.0094 7
0.4751 -0.226 -0.1215 13
0.4851 -0.2309 0.0282 11
0.5052 -0.2404 -0.1088 14
0.4803 -0.2287 0.0465 11
0.4797 -0.2285 -0.0842 14
0.4767 -0.2272 0.0648 20
0.4856 -0.2315 -0.0661 16
0.4725 -0.2254 0.0829 14
0.4586 -0.2187 -0.0444 10
0.4943 -0.2359 0.1065 13
0.4722 -0.2254 -0.0274 9
0.4959 -0.2368 0.1269 10
0.4673 -0.2233 -0.009 8
0.4636 -0.2216 0.1377 10
0.5139 -0.2464 -0.1527 10
0.494 -0.237 0.0096 7
0.4761 -0.2285 -0.1219 13
0.4645 -0.2231 0.027 11
0.515 -0.2473 -0.1111 13
0.4831 -0.2321 0.0469 11
0.4932 -0.237 -0.0867 13
0.4866 -0.234 0.0663 19
0.4597 -0.2212 -0.0626 17
0.4895 -0.2356 0.086 13
0.4596 -0.2212 -0.0446 10
0.5147 -0.2478 0.1111 12
0.4876 -0.2349 -0.0284 9
0.4933 -0.2377 0.1264 10
0.4557 -0.2197 -0.0088 8
0.4733 -0.2283 0.1408 10
0.4817 -0.2331 -0.1434 11
0.4896 -0.237 0.0095 7
0.4893 -0.237 -0.1255 12
0.4637 -0.2247 0.027 11
0.4823 -0.2337 -0.1042 14
0.4787 -0.232 0.0465 11
0.5279 -0.256 -0.0929 12
0.4894 -0.2374 0.0668 19
0.4875 -0.2366 -0.0665 8
0.4851 -0.2356 0.0854 13
0.4517 -0.2193 -0.0439 10
0.5068 -0.2462 0.1095 13
0.4886 -0.2375 -0.0285 9
0.4995 -0.2429 0.1282 10
0.4725 -0.2299 0.1408 10
0.4809 -0.2348 -0.1434 11
0.4977 -0.2431 0.0097 7
0.499 -0.2438 -0.1282 12
0.4952 -0.2421 0.0289 5
0.4745 -0.2319 -0.1027 15
0.4743 -0.2319 0.0462 11
0.4915 -0.2405 -0.0867 13
0.501 -0.2452 0.0685 19
0.4903 -0.2401 -0.067 16
0.4772 -0.2338 0.0842 13
0.4777 -0.234 -0.0465 9
0.5165 -0.2532 0.1118 12
0.468 -0.2295 -0.0273 10
0.4934 -0.242 0.1269 10
0.4578 -0.2247 -0.0089 8
0.4647 -0.2282 0.1387 10
0.4523 -0.2228 -0.1351 12
0.47 -0.2316 0.0091 7
0.4842 -0.2387 -0.1246 12
0.4854 -0.2394 0.0284 11
0.4877 -0.2405 -0.1057 14
0.4771 -0.2354 0.0465 11
0.4871 -0.2404 -0.086 13
0.4877 -0.2408 0.0668 19
0.4966 -0.2453 -0.068 16
0.4764 -0.2354 0.0842 13
0.498 -0.2463 0.108 13
0.4905 -0.2426 -0.0287 9
0.5048 -0.2498 0.13 10
0.4588 -0.2271 -0.0089 8
0.457 -0.2264 0.1367 10
0.4792 -0.2381 -0.1434 11
0.4692 -0.2332 0.0091 7
0.4781 -0.2377 -0.1233 12
0.4882 -0.2428 0.0286 11
0.4869 -0.2422 -0.1057 14
0.4834 -0.2406 0.0472 11
0.4898 -0.2439 -0.0867 13
0.4904 -0.2443 0.0673 19
0.4957 -0.247 -0.068 16
0.4791 -0.2388 0.0848 13
0.4618 -0.2303 -0.0451 9
0.4972 -0.248 0.108 13
0.4754 -0.2372 -0.0278 9
0.5039 -0.2516 0.13 10
0.4652 -0.2322 -0.0091 8
0.4684 -0.2339 0.1403 10
0.4784 -0.2398 -0.1434 11
0.4916 -0.2464 0.0096 7
0.4634 -0.2323 -0.1197 13
0.4659 -0.2337 0.0273 11
0.4931 -0.2474 -0.1072 14
0.5003 -0.2512 0.049 11
0.4855 -0.2437 -0.086 13
0.4878 -0.245 0.067 19
0.5091 -0.2558 -0.07 15
0.4783 -0.2404 0.0848 13
0.4663 -0.2345 -0.0457 9
0.5034 -0.2532 0.1095 13
0.4996 -0.2514 -0.0293 9
0.4926 -0.248 0.1273 10
0.459 -0.2312 -0.009 8
0.471 -0.2373 0.1413 10
0.4914 -0.2483 -0.1475 11
0.4872 -0.2463 0.0095 7
0.4817 -0.2436 -0.1246 12
0.4847 -0.2453 0.0285 11
0.4922 -0.2491 -0.1072 14
0.4853 -0.2457 0.0476 11
0.5128 -0.2597 -0.091 12
0.4958 -0.2512 0.0682 19
0.4798 -0.2432 -0.0661 16
0.4845 -0.2457 0.086 13
0.4585 -0.2325 -0.045 9
0.5025 -0.2549 0.1095 13
0.4987 -0.2531 -0.0293 9
0.4917 -0.2497 0.1273 10
0.46 -0.2337 -0.009 8
0.465 -0.2363 0.1398 10
0.463 -0.236 -0.1392 11
0.5059 -0.258 0.0099 6
0.4617 -0.2356 -0.1197 13
0.4839 -0.247 0.0285 11
0.4914 -0.2508 -0.1072 14
0.4809 -0.2455 0.0472 11
0.4943 -0.2525 -0.0879 13
0.4985 -0.2548 0.0687 19
0.5037 -0.2575 -0.0695 15
0.4766 -0.2438 0.0848 13
0.4647 -0.2377 -0.0457 9
0.5016 -0.2567 0.1095 13
0.4925 -0.2521 -0.029 9
0.4995 -0.2558 0.1296 10
0.4609 -0.2362 -0.009 8
0.4504 -0.2309 0.1356 10
0.445 -0.2288 -0.1341 12
0.4766 -0.2451 0.0094 7
0.4609 -0.2372 -0.1197 13
0.4724 -0.2432 0.0278 11
0.4939 -0.2544 -0.108 14
0.48 -0.2472 0.0472 11
0.4724 -0.2434 -0.0842 14
0.494 -0.2547 0.0682 19
0.5205 -0.2684 -0.0719 15
0.4898 -0.2527 0.0873 13
0.455 -0.2348 -0.0448 10
0.5076 -0.2621 0.1111 12
0.4915 -0.2539 -0.029 9
0.5108 -0.2638 0.1327 10
0.4619 -0.2387 -0.0091 8
0.4616 -0.2387 0.1392 10
0.475 -0.2464 -0.1434 11
0.481 -0.2496 0.0095 7
0.4739 -0.2461 -0.1233 12
0.4856 -0.2523 0.0287 5
0.4826 -0.2508 -0.1057 14
0.4897 -0.2545 0.0483 11
0.475 -0.2469 -0.0848 13
0.4773 -0.2482 0.0661 19
0.4913 -0.2556 -0.068 16
0.4854 -0.2527 0.0867 13
0.4701 -0.2448 -0.0464 9
0.4927 -0.2567 0.108 13
0.4853 -0.2529 -0.0287 9
0.4873 -0.254 0.1269 10
0.4646 -0.2422 -0.0091 7
0.4727 -0.2466 0.1429 10
0.4775 -0.25 -0.1444 11
0.4712 -0.2468 0.0093 7
0.473 -0.2478 -0.1233 12
0.4653 -0.2438 0.0275 11
0.4991 -0.2616 -0.1095 14
0.4782 -0.2507 0.0472 11
0.4811 -0.2523 -0.086 13
0.4781 -0.2509 0.0663 19
0.501 -0.2629 -0.0695 15
0.4845 -0.2544 0.0867 13
0.4498 -0.2362 -0.0444 10
0.4988 -0.2621 0.1095 13
0.4791 -0.2519 -0.0284 9
0.5002 -0.263 0.1305 10
0.4442 -0.2336 -0.0088 8
0.4719 -0.2483 0.1429 10
0.4767 -0.2515 -0.1444 11
0.4898 -0.2586 0.0097 7
0.4722 -0.2494 -0.1233 12
0.4733 -0.25 0.0281 11
0.4808 -0.2541 -0.1057 14
0.4914 -0.2598 0.0486 11
0.5012 -0.265 -0.0898 13
0.4878 -0.2581 0.0678 19
0.479 -0.2534 -0.0665 8
0.4766 -0.2523 0.0854 13
0.4613 -0.2443 -0.0457 9
0.5014 -0.2656 0.1103 13
0.5083 -0.2693 -0.0301 9
0.4959 -0.2628 0.1296 10
0.4523 -0.2398 -0.0089 8
0.4779 -0.2534 0.1449 10
0.5031 -0.2677 0.0099 6
0.4748 -0.2528 -0.1242 12
0.476 -0.2535 0.0283 5
0.48 -0.2556 -0.1057 14
0.48 -0.2558 0.0476 11
0.4933 -0.263 -0.0885 13
0.4975 -0.2653 0.0692 19
0.4886 -0.2607 -0.068 16
0.4827 -0.2576 0.0867 13
0.4675 -0.2495 -0.0464 9
0.5178 -0.2765 0.1141 12
0.4986 -0.2663 -0.0296 9
0.5139 -0.2746 0.1345 9
0.4462 -0.2385 -0.0088 8
0.4565 -0.2442 0.1387 10
0.4579 -0.2456 -0.1392 11
0.4881 -0.2619 0.0097 7
0.4395 -0.236 -0.1152 13
0.4716 -0.2533 0.0281 11
0.4895 -0.2629 -0.108 14
0.4791 -0.2574 0.0476 11
0.4889 -0.2628 -0.0879 13
0.5 -0.2689 0.0697 18
0.4807 -0.2586 -0.067 16
0.4749 -0.2556 0.0854 13
0.4456 -0.2398 -0.0443 10
0.4996 -0.269 0.1103 13
0.4959 -0.2671 -0.0295 9
0.4992 -0.269 0.1309 10
0.4453 -0.2401 -0.0088 8
0.4693 -0.2531 0.1429 10
0.4741 -0.2564 -0.1444 11
0.4924 -0.2665 0.0098 7
0.4696 -0.2542 -0.1233 12
0.4707 -0.2549 0.0281 5
0.5024 -0.2721 -0.1111 13
0.4852 -0.2629 0.0483 11
0.4776 -0.2589 -0.086 13
0.4851 -0.2631 0.0678 19
0.4903 -0.266 -0.0685 8
0.4844 -0.2629 0.0873 13
0.464 -0.2519 -0.0462 9
0.4814 -0.2614 0.1065 13
0.4756 -0.2583 -0.0284 9
0.5017 -0.2726 0.1318 10
0.455 -0.2474 -0.009 8
0.465 -0.2529 0.1418 10
0.4901 -0.2673 -0.1496 11
0.5038 -0.2749 0.01 6
0.4635 -0.253 -0.1219 13
0.4593 -0.2508 0.0274 5
0.4945 -0.2701 -0.1095 14
0.4808 -0.2627 0.0479 11
0.5148 -0.2814 -0.0929 12
0.479 -0.2619 0.067 19
0.4789 -0.262 -0.067 8
0.4765 -0.2608 0.086 13
0.4702 -0.2573 -0.0469 9
0.508 -0.2781 0.1126 12
0.473 -0.259 -0.0283 9
0.499 -0.2734 0.1314 10
0.4507 -0.247 -0.009 8
0.4692 -0.2573 0.1434 10
0.4723 -0.2597 -0.1444 11
0.5011 -0.2756 0.01 6
0.4712 -0.2593 -0.1242 12
0.4707 -0.2591 0.0282 11
0.4936 -0.2717 -0.1095 14
0.4904 -0.2701 0.049 11
0.4931 -0.2716 -0.0892 13
0.4798 -0.2644 0.0673 19
0.5024 -0.277 -0.0704 15
0.486 -0.2681 0.0879 13
0.4588 -0.2531 -0.0458 9
0.5105 -0.2817 0.1133 12
0.4843 -0.2674 -0.029 9
0.4947 -0.2732 0.1305 10
0.4498 -0.2485 -0.009 8
0.4683 -0.2589 0.1434 10
0.4748 -0.2632 -0.1455 11
0.4827 -0.2677 0.0096 7
0.4754 -0.2638 -0.1255 12
0.4698 -0.2607 0.0282 11
0.4618 -0.2563 -0.1027 15
0.4721 -0.2621 0.0472 11
0.5129 -0.2849 -0.0929 12
0.5049 -0.2806 0.0709 18
0.4633 -0.2575 -0.0651 8
0.4817 -0.2679 0.0873 13
0.4614 -0.2566 -0.0462 9
0.4958 -0.2759 0.1103 13
0.4939 -0.2749 -0.0296 9
0.5091 -0.2835 0.1345 9
0.4525 -0.252 -0.009 8
0.4472 -0.2492 0.1372 10
0.43 -0.2403 -0.132 12
0.4765 -0.2664 0.0095 7
0.4592 -0.2569 -0.1215 13
0.4741 -0.2653 0.0285 11
0.4917 -0.2751 -0.1095 14
0.4781 -0.2676 0.0479 11
0.474 -0.2654 -0.086 13
0.4832 -0.2707 0.068 19
0.4797 -0.2688 -0.0675 16
0.4773 -0.2676 0.0867 13
0.4536 -0.2543 -0.0455 9
0.488 -0.2737 0.1088 13
0.4616 -0.259 -0.0277 9
0.5115 -0.2871 0.1354 9
0.4742 -0.2663 -0.0095 7
0.4581 -0.2574 0.1408 10
0.4292 -0.2418 -0.132 12
0.4773 -0.2691 0.0096 7
0.4549 -0.2565 -0.1206 13
0.4592 -0.2591 0.0276 5
0.4873 -0.2749 -0.1088 14
0.4841 -0.2732 0.0486 11
0.4902 -0.2768 -0.0892 13
0.477 -0.2695 0.0673 19
0.4926 -0.2783 -0.0695 15
0.4781 -0.2702 0.087 6
0.4579 -0.2589 -0.046 9
0.5212 -0.2948 0.1164 12
0.4728 -0.2675 -0.0285 9
0.5003 -0.2832 0.1327 10
0.4437 -0.2513 -0.0089 8
0.474 -0.2685 0.146 10
0.4888 -0.2777 -0.1506 10
0.4868 -0.2767 0.0098 7
0.4693 -0.2668 -0.1246 12
0.4618 -0.2627 0.0278 5
0.4761 -0.2708 -0.1065 14
0.4866 -0.2769 0.049 11
0.4721 -0.2687 -0.086 13
0.4744 -0.2701 0.067 19
0.4847 -0.2761 -0.0685 8
0.472 -0.269 0.086 13
0.4674 -0.2664 -0.0471 9
0.5031 -0.2869 0.1126 12
0.4771 -0.2721 -0.0288 9
0.5027 -0.2868 0.1336 10
0.4689 -0.2677 -0.0094 7
0.4697 -0.2682 0.1449 10
0.451 -0.2583 -0.1392 11
0.498 -0.2853 0.01 6
0.448 -0.2568 -0.1192 13
0.4747 -0.2722 0.0287 5
0.4888 -0.2803 -0.1095 14
0.4856 -0.2786 0.049 11
0.4986 -0.2861 -0.091 12
0.501 -0.2876 0.0709 18
0.4837 -0.2778 -0.0685 8
0.4693 -0.2696 0.0857 6
0.4457 -0.2561 -0.045 9
0.5055 -0.2906 0.1133 12
0.4813 -0.2768 -0.0291 9
0.4983 -0.2867 0.1327 10
0.4688 -0.2699 0.1449 10
0.4199 -0.2424 -0.1299 12
0.4727 -0.273 0.0095 7
0.4674 -0.2701 -0.1246 12
0.4738 -0.2739 0.0287 5
0.4912 -0.2839 -0.1103 14
0.476 -0.2753 0.0481 5
0.4839 -0.2799 -0.0885 13
0.4759 -0.2754 0.0675 19
0.4724 -0.2735 -0.067 8
0.4752 -0.2752 0.087 6
0.4448 -0.2576 -0.045 9
0.5079 -0.2943 0.1141 12
0.4907 -0.2845 -0.0297 9
0.5057 -0.2933 0.135 9
0.448 -0.2599 -0.009 8
0.4645 -0.2696 0.1439 10
0.4491 -0.2614 -0.1392 11
0.4856 -0.2827 0.0098 7
0.4429 -0.258 -0.1183 13
0.4694 -0.2735 0.0285 5
0.48 -0.2797 -0.108 14
0.4665 -0.2719 0.0472 5
0.4658 -0.2717 -0.0854 13
0.4972 -0.2901 0.0707 18
0.5023 -0.2932 -0.0714 7
0.4674 -0.2729 0.0857 6
0.4508 -0.2632 -0.0457 9
0.5035 -0.2941 0.1133 12
0.5001 -0.2922 -0.0304 9
0.4963 -0.2901 0.1327 10
0.4402 -0.2574 -0.0089 8
0.4602 -0.2693 0.1429 10
0.4536 -0.2662 0.0092 7
0.4319 -0.2536 -0.1156 13
0.4753 -0.2792 0.0289 5
0.4723 -0.2774 -0.1065 14
0.4827 -0.2836 0.049 11
0.4819 -0.2833 -0.0885 13
0.4894 -0.2878 0.0697 18
0.491 -0.2889 -0.07 7
0.4937 -0.2906 0.0907 6
0.4602 -0.2708 -0.0467 9
0.4957 -0.2919 0.1118 12
0.4991 -0.294 -0.0304 9
0.5121 -0.3018 0.1372 9
0.4531 -0.2671 -0.0092 7
0.4693 -0.2767 0.146 10
0.4733 -0.28 0.0096 7
0.4276 -0.2531 -0.1147 13
0.4881 -0.289 0.0297 5
0.4747 -0.2811 -0.1072 14
0.4868 -0.2884 0.0495 10
0.4945 -0.293 -0.091 12
0.4815 -0.2855 0.0687 19
0.4832 -0.2866 -0.069 8
0.4774 -0.2832 0.0879 6
0.4455 -0.2643 -0.0453 9
0.5014 -0.2976 0.1133 12
0.5083 -0.3018 -0.031 8
0.5043 -0.2996 0.1354 9
0.4315 -0.2564 -0.0088 8
0.4849 -0.2883 0.1512 9
0.4826 -0.2878 0.0098 7
0.4734 -0.2824 0.0289 5
0.4906 -0.2928 -0.1111 13
0.4875 -0.2911 0.0497 10
0.4833 -0.2887 -0.0892 6
0.4976 -0.2973 0.0712 18
0.4617 -0.276 -0.0661 8
0.4798 -0.2868 0.0885 6
0.4548 -0.272 -0.0464 9
0.5004 -0.2994 0.1133 12
0.4799 -0.2872 -0.0293 9
0.4966 -0.2973 0.1336 10
0.4674 -0.2799 0.146 6
0.4782 -0.2873 0.0097 7
0.4526 -0.2721 -0.1219 13
0.4621 -0.2779 0.0283 5
0.4626 -0.2783 -0.1049 14
0.4558 -0.2743 0.0465 5
0.4824 -0.2903 -0.0892 6
0.4677 -0.2816 0.067 9
0.4846 -0.2919 -0.0695 7
0.4619 -0.2783 0.0854 6
0.4573 -0.2756 -0.0467 9
0.4927 -0.297 0.1118 12
0.4823 -0.2908 -0.0295 9
0.4939 -0.298 0.1332 10
0.44 -0.2655 -0.009 8
0.4532 -0.2736 0.1418 3
0.467 -0.2828 0.0095 7
0.445 -0.2696 -0.1201 13
0.468 -0.2837 0.0287 5
0.4953 -0.3002 -0.1126 13
0.4651 -0.282 0.0476 5
0.4712 -0.2858 -0.0873 6
0.4633 -0.2811 0.0665 9
0.4802 -0.2915 -0.069 8
0.4441 -0.2697 0.0823 7
0.4664 -0.2834 0.1061 13
0.495 -0.3008 -0.0304 9
0.4646 -0.2825 0.1255 5
0.4357 -0.265 -0.0089 8
0.4736 -0.2882 0.1486 3
0.5001 -0.3053 0.0102 6
0.5009 -0.306 -0.1141 13
0.4403 -0.2691 0.0451 5
0.4702 -0.2875 -0.0873 6
0.4403 -0.2693 0.0634 10
0.469 -0.287 -0.0675 8
0.4701 -0.2877 0.0873 6
0.4521 -0.2768 0.103 7
0.4803 -0.2942 -0.0295 9
0.4891 -0.3 0.1537 3
0.4497 -0.2769 -0.1027 15
0.4389 -0.2705 -0.0817 7
0.4664 -0.2875 0.0673 9
0.4714 -0.2907 -0.068 8
0.4422 -0.2728 0.0823 7
0.485 -0.2992 -0.0499 9
0.4419 -0.2728 -0.0272 10
0.4487 -0.2785 -0.1027 15
0.4333 -0.2693 -0.0626 8
0.4245 -0.2654 -0.0973 15
