0.6165 0.1697 -0.1713 9
0.6424 0.1625 -0.1775 9
0.6317 0.1575 -0.1744 9
0.6585 0.1617 -0.1817 8
0.6666 0.1613 -0.1838 8
0.5539 0.1335 0.07 9
0.6108 0.1469 0.1221 5
0.703 0.1688 0.1669 3
0.6369 0.1527 0.1755 2
0.6859 0.1635 -0.1889 8
0.6237 0.1484 0.0336 4
0.6818 0.1618 0.086 6
0.6862 0.1626 0.1117 4
0.6954 0.1646 0.1389 4
0.6941 0.1641 0.1647 7
0.6731 0.1589 0.1853 5
0.6677 0.1567 -0.1838 8
0.6709 0.1571 0.0361 4
0.6887 0.1612 0.0619 4
0.6746 0.1576 0.0851 14
0.6167 0.144 -0.0778 7
0.6714 0.1566 0.1092 5
0.6788 0.1582 0.1355 9
0.6662 0.155 0.1579 12
0.6817 0.1585 -0.0122 6
0.6699 0.1556 0.1843 7
0.6456 0.1492 -0.1775 9
0.6897 0.1592 0.0124 5
0.6665 0.1538 -0.1579 9
0.6598 0.1521 0.0355 4
0.7193 0.1658 -0.1435 9
0.6815 0.157 0.0612 8
0.6815 0.1568 -0.1108 9
0.6868 0.1579 0.0865 13
0.6791 0.156 -0.0856 6
0.6796 0.156 0.1104 10
0.7263 0.1667 -0.0652 5
0.6755 0.155 0.1347 9
0.6911 0.1584 -0.0372 6
0.6667 0.1527 0.1579 12
0.6667 0.1526 -0.0119 6
0.678 0.155 0.1863 7
0.6612 0.1503 -0.1817 8
0.702 0.1595 0.0126 5
0.6898 0.1566 -0.1633 8
0.6603 0.1498 0.0355 4
0.7046 0.1598 -0.1404 9
0.7053 0.1599 0.0633 7
0.6666 0.151 -0.1083 10
0.6815 0.1542 0.0858 14
0.6641 0.1502 -0.0836 6
0.6763 0.1528 0.1098 10
0.6919 0.1563 -0.0621 6
0.6933 0.1565 0.1381 9
0.7228 0.163 -0.0388 6
0.6559 0.1478 0.1552 12
0.6516 0.1467 -0.0117 6
0.6597 0.1484 0.1812 7
0.6429 0.1438 -0.1765 9
0.6967 0.1557 0.0125 5
0.6809 0.1521 -0.1611 9
0.6608 0.1476 0.0355 8
0.6821 0.1522 -0.1359 10
0.6631 0.1479 0.0594 8
0.6556 0.1461 -0.1064 10
0.6898 0.1536 0.0868 13
0.6763 0.1504 -0.0851 6
0.6768 0.1505 0.1098 10
0.6885 0.153 -0.0617 6
0.6746 0.1498 0.1343 9
0.6844 0.1519 -0.0367 6
0.664 0.1472 0.157 12
0.6482 0.1437 -0.0116 6
0.6488 0.1437 0.1781 8
0.6585 0.1449 -0.1807 8
0.6835 0.1504 0.0122 5
0.6909 0.1519 -0.1633 8
0.6574 0.1444 0.0353 8
0.7018 0.1541 -0.1397 9
0.6578 0.1443 0.0589 8
0.6483 0.1422 -0.1051 10
0.6573 0.144 0.0826 15
0.6729 0.1473 -0.0846 12
0.658 0.144 0.1067 10
0.6229 0.1361 -0.0558 7
0.6598 0.1442 0.1313 10
0.6907 0.1509 -0.0371 6
0.653 0.1425 0.1543 12
0.6408 0.1397 -0.0114 6
0.6342 0.1382 0.1739 8
0.6514 0.1411 -0.1786 17
0.6626 0.1434 0.0118 5
0.6724 0.1454 -0.1588 9
0.6462 0.1396 0.0346 4
0.7139 0.1542 -0.142 9
0.6563 0.1417 0.0587 8
0.6372 0.1374 -0.1032 11
0.6656 0.1434 0.0836 14
0.6812 0.1466 -0.0856 6
0.6624 0.1425 0.1073 10
0.6895 0.1483 -0.0617 6
0.668 0.1436 0.1328 10
0.6815 0.1464 -0.0365 7
0.6612 0.1419 0.1561 12
0.6609 0.1417 -0.0118 6
0.6385 0.1368 0.175 8
0.6443 0.1372 -0.1765 9
0.6513 0.1386 0.0116 5
0.6576 0.1398 -0.1552 9
0.631 0.134 0.0338 9
0.6914 0.1468 -0.1374 10
0.6783 0.1439 0.0607 8
0.6802 0.1442 -0.1101 10
0.6447 0.1366 0.0809 15
0.6428 0.1361 -0.0807 13
0.6668 0.141 0.1079 10
0.6667 0.141 -0.0596 7
0.6761 0.1429 0.1343 9
0.6722 0.1419 -0.036 7
0.6388 0.1347 0.1507 12
0.6398 0.1348 -0.0114 6
0.6579 0.1385 0.1801 7
0.6334 0.1326 -0.1734 18
0.6949 0.1453 0.0124 5
0.6886 0.1439 -0.1624 9
0.6471 0.1352 0.0346 9
0.6803 0.142 -0.1351 10
0.6456 0.1346 0.0577 9
0.6575 0.137 -0.1064 10
0.6685 0.1392 0.0838 14
0.6355 0.1322 -0.0797 6
0.6363 0.1323 0.1029 11
0.6788 0.1411 -0.0607 6
0.667 0.1385 0.1324 10
0.6747 0.14 -0.0361 7
0.6583 0.1365 0.1552 12
0.6266 0.1299 -0.0112 6
0.647 0.134 0.177 8
0.6263 0.1288 -0.1713 9
0.6875 0.1414 0.0123 5
0.67 0.1377 -0.1579 9
0.6495 0.1333 0.0348 9
0.6808 0.1396 -0.1351 10
0.65 0.1332 0.058 9
0.6541 0.134 -0.1057 10
0.6534 0.1338 0.0819 15
0.636 0.1301 -0.0797 6
0.6484 0.1325 0.1048 10
0.6793 0.1387 -0.0607 6
0.6732 0.1375 0.1336 10
0.6712 0.1369 -0.0359 7
0.6511 0.1327 0.1534 8
0.6192 0.1261 -0.011 6
0.6247 0.1271 0.1708 8
0.6343 0.1282 -0.1734 9
0.6566 0.1326 0.0117 5
0.6896 0.1392 -0.1624 9
0.6539 0.1319 0.035 8
0.689 0.1389 -0.1366 10
0.6309 0.1271 0.0563 9
0.6429 0.1294 -0.1039 10
0.6617 0.1331 0.0829 14
0.6442 0.1294 -0.0807 6
0.6527 0.131 0.1054 10
0.6525 0.1308 -0.0582 7
0.6679 0.134 0.1324 10
0.7011 0.1405 -0.0375 6
0.6439 0.1289 0.1516 8
0.6275 0.1255 -0.0112 6
0.6327 0.1264 0.1729 8
0.6386 0.1267 -0.1744 9
0.6532 0.1296 0.0116 5
0.6442 0.1277 -0.1516 10
0.6505 0.1288 0.0348 9
0.6664 0.1318 -0.132 10
0.6587 0.1302 0.0587 8
0.6473 0.1278 -0.1045 10
0.6505 0.1284 0.0814 15
0.6291 0.1241 -0.0787 6
0.6609 0.1303 0.1067 10
0.6529 0.1286 -0.0582 7
0.6588 0.1296 0.1305 10
0.6487 0.1275 -0.0346 7
0.6444 0.1265 0.1516 12
0.6279 0.1233 -0.0112 6
0.6218 0.122 0.1698 8
0.6352 0.1237 -0.1734 9
0.636 0.1237 0.0113 5
0.66 0.1283 -0.1552 9
0.6431 0.1249 0.0343 9
0.7015 0.1362 -0.1389 10
0.6513 0.1264 0.058 9
0.6361 0.1233 -0.1026 11
0.6626 0.1283 0.0829 14
0.649 0.1256 -0.0812 6
0.6575 0.1271 0.1061 10
0.6808 0.1316 -0.0607 6
0.6496 0.1254 0.1286 10
0.6628 0.1279 -0.0354 7
0.6429 0.1239 0.1512 8
0.6225 0.1199 -0.0111 6
0.6222 0.1197 0.1698 8
0.6357 0.1215 -0.1734 9
0.6718 0.1283 0.0119 5
0.6681 0.1274 -0.157 9
0.6219 0.1185 0.0332 9
0.6248 0.1191 -0.1236 12
0.6244 0.1189 0.0556 9
0.6443 0.1226 -0.1039 10
0.6475 0.123 0.0809 15
0.6299 0.1196 -0.0787 6
0.6424 0.1218 0.1036 11
0.6695 0.127 -0.0596 7
0.6462 0.1224 0.1278 10
0.6594 0.1248 -0.0352 7
0.6376 0.1206 0.1498 8
0.5895 0.1114 -0.0105 7
0.6264 0.1183 0.1708 8
0.6399 0.12 -0.1744 9
0.6565 0.123 0.0117 5
0.6628 0.124 -0.1557 9
0.6341 0.1186 0.0338 9
0.6368 0.1191 -0.1259 11
0.6248 0.1167 0.0556 9
0.633 0.1181 -0.102 11
0.6479 0.1208 0.0809 15
0.6303 0.1174 -0.0787 6
0.6234 0.116 0.1004 11
0.6307 0.1174 -0.0561 7
0.6601 0.1227 0.1305 10
0.6578 0.1222 -0.0351 7
0.6342 0.1177 0.1489 8
0.5899 0.1093 -0.0105 7
0.6155 0.114 0.1677 8
0.6289 0.1157 -0.1713 9
0.6372 0.1171 0.0113 5
0.667 0.1224 -0.1566 9
0.6286 0.1153 0.0335 9
0.6604 0.1211 -0.1305 11
0.6213 0.1138 0.0553 9
0.6412 0.1173 -0.1032 11
0.6405 0.1171 0.0799 15
0.6503 0.1188 -0.0812 6
0.6374 0.1163 0.1026 11
0.6272 0.1144 -0.0558 7
0.6393 0.1165 0.1263 10
0.6229 0.1134 -0.0332 8
0.6346 0.1154 0.1489 8
0.606 0.1101 -0.0108 7
0.6082 0.1104 0.1656 9
0.6293 0.1135 -0.1713 9
0.6298 0.1134 0.0112 6
0.6329 0.1139 -0.1485 10
0.6389 0.1149 0.034 9
0.6415 0.1153 -0.1267 11
0.6413 0.1151 0.057 9
0.6377 0.1144 -0.1026 11
0.6311 0.1131 0.0787 16
0.6389 0.1145 -0.0797 6
0.6397 0.1145 0.1029 11
0.6119 0.1094 -0.0544 8
0.6358 0.1136 0.1256 11
0.6508 0.1162 -0.0346 7
0.635 0.1133 0.1489 8
0.6024 0.1074 -0.0107 7
0.6162 0.1098 0.1677 8
0.6297 0.1114 -0.1713 9
0.64 0.1131 0.0113 5
0.6218 0.1097 -0.1458 10
0.6196 0.1094 0.033 4
0.6419 0.1132 -0.1267 11
0.6495 0.1144 0.0577 9
0.6342 0.1116 -0.102 11
0.6374 0.112 0.0795 15
0.6237 0.1096 -0.0778 7
0.6557 0.1151 0.1054 10
0.6437 0.1129 -0.0572 7
0.6246 0.1095 0.1233 11
0.6591 0.1154 -0.0351 7
0.6277 0.1099 0.1471 8
0.6185 0.1082 -0.011 6
0.6052 0.1057 0.1646 9
0.611 0.106 -0.1662 9
0.662 0.1147 0.0117 5
0.6337 0.1097 -0.1485 10
0.616 0.1066 0.0328 4
0.6423 0.1111 -0.1267 11
0.6263 0.1082 0.0556 9
0.6502 0.1122 -0.1045 10
0.6299 0.1086 0.0785 16
0.6123 0.1055 -0.0763 7
0.6191 0.1066 0.0995 11
0.6087 0.1047 -0.054 8
0.6327 0.1087 0.1248 11
0.6752 0.1159 -0.0359 7
0.6357 0.1091 0.1489 8
0.5913 0.1014 -0.0105 7
0.6055 0.1037 0.1646 9
0.6113 0.104 -0.1662 9
0.6309 0.1072 0.0112 6
0.6302 0.1069 -0.1476 10
0.6065 0.1029 0.0322 9
0.6388 0.1083 -0.1259 11
0.6109 0.1034 0.0542 9
0.6427 0.1087 -0.1032 11
0.6322 0.1068 0.0787 16
0.6244 0.1055 -0.0778 7
0.6253 0.1055 0.1004 11
0.6287 0.106 -0.0558 7
0.6408 0.1079 0.1263 10
0.6519 0.1097 -0.0346 7
0.6342 0.1067 0.1485 8
0.5798 0.0974 -0.0103 7
0.6097 0.1024 0.1656 9
0.6194 0.1029 -0.1682 9
0.6313 0.1047 0.0112 6
0.6364 0.1055 -0.1489 10
0.6207 0.1029 0.033 4
0.6663 0.1103 -0.1313 11
0.6153 0.1017 0.0546 9
0.6003 0.0992 -0.0964 12
0.6268 0.1034 0.078 16
0.6366 0.1049 -0.0792 6
0.6257 0.1031 0.1004 11
0.6173 0.1016 -0.0547 8
0.6257 0.1029 0.1233 11
0.6523 0.1072 -0.0346 7
0.625 0.1026 0.1462 13
0.5841 0.0959 -0.0103 7
0.5872 0.0963 0.1594 9
0.6083 0.0988 -0.1651 9
0.6395 0.1039 0.0113 5
0.6309 0.1024 -0.1476 10
0.6131 0.0994 0.0326 4
0.6899 0.1117 -0.1359 10
0.6195 0.1002 0.0549 9
0.6279 0.1016 -0.1007 11
0.6271 0.1013 0.078 16
0.6173 0.0997 -0.0768 7
0.626 0.1009 0.1004 11
0.6413 0.1033 -0.0568 7
0.6183 0.0996 0.1217 11
0.6251 0.1006 -0.0332 8
0.6234 0.1002 0.1458 9
0.5884 0.0945 -0.0104 7
0.5989 0.096 0.1625 9
0.6048 0.0962 -0.1641 9
0.6399 0.1017 0.0113 5
0.6082 0.0965 -0.1422 11
0.6016 0.0954 0.0319 5
0.6321 0.1002 -0.1244 12
0.6238 0.0988 0.0553 9
0.6048 0.0957 -0.097 12
0.6353 0.1004 0.079 16
0.6059 0.0956 -0.0753 7
0.6264 0.0988 0.1004 11
0.6141 0.0967 -0.0544 8
0.6264 0.0987 0.1233 11
0.6373 0.1003 -0.0338 7
0.6122 0.0962 0.1431 9
0.5768 0.0905 -0.0102 7
0.6107 0.0957 0.1656 9
0.6013 0.0934 -0.1631 10
0.6086 0.0945 0.0108 6
0.6297 0.0977 -0.1471 10
0.6138 0.0951 0.0326 4
0.6402 0.0991 -0.1259 11
0.6124 0.0947 0.0542 9
0.613 0.0947 -0.0982 11
0.6278 0.097 0.078 16
0.618 0.0953 -0.0768 7
0.5955 0.0918 0.0954 6
0.6065 0.0934 -0.0537 8
0.6306 0.097 0.124 11
0.6337 0.0973 -0.0336 7
0.6125 0.094 0.1431 9
0.5416 0.0831 -0.0096 7
0.592 0.0907 0.1605 9
0.6093 0.0925 -0.1651 9
0.6445 0.0977 0.0114 5
0.6108 0.0925 -0.1426 11
0.6221 0.0941 0.033 4
0.6406 0.0969 -0.1259 11
0.5969 0.0902 0.0528 10
0.6094 0.0919 -0.0976 11
0.6065 0.0914 0.0753 17
0.6144 0.0925 -0.0763 7
0.6056 0.091 0.097 6
0.5793 0.0871 -0.0512 8
0.6155 0.0924 0.121 11
0.6459 0.0969 -0.0342 7
0.5994 0.0898 0.1399 9
0.5814 0.087 -0.0103 7
0.5808 0.0868 0.1574 9
0.6096 0.0903 -0.1651 9
0.633 0.0937 0.0112 6
0.6381 0.0943 -0.1489 10
0.5967 0.0881 0.0316 10
0.637 0.0941 -0.1252 11
0.5992 0.0884 0.053 5
0.6058 0.0892 -0.097 12
0.6128 0.0902 0.076 16
0.6069 0.0892 -0.0753 7
0.6176 0.0906 0.0989 5
0.615 0.0903 -0.0544 8
0.6197 0.0908 0.1217 11
0.6067 0.0888 -0.0321 8
0.6209 0.0908 0.1449 9
0.5778 0.0844 -0.0102 7
0.5811 0.0848 0.1574 9
0.6061 0.0877 -0.1641 9
0.6135 0.0886 0.0108 6
0.6018 0.0868 -0.1404 11
0.6089 0.0878 0.0322 9
0.6374 0.0918 -0.1252 11
0.5916 0.0851 0.0523 5
0.6022 0.0866 -0.0964 12
0.6091 0.0875 0.0756 17
0.6072 0.0872 -0.0753 7
0.6042 0.0866 0.0967 6
0.6075 0.087 -0.0537 8
0.6122 0.0876 0.1202 11
0.6347 0.0907 -0.0336 7
0.6135 0.0876 0.1431 9
0.5503 0.0785 -0.0097 7
0.5891 0.0839 0.1594 9
0.5949 0.084 -0.161 10
0.6217 0.0877 0.011 6
0.6001 0.0846 -0.1399 11
0.5874 0.0828 0.0311 5
0.6416 0.0903 -0.1259 11
0.6057 0.0851 0.0535 10
0.6377 0.0895 -0.102 11
0.6035 0.0846 0.0748 17
0.5957 0.0835 -0.0739 7
0.6143 0.086 0.0982 11
0.5959 0.0833 -0.0526 8
0.6125 0.0855 0.1202 11
0.6231 0.0869 -0.033 8
0.5945 0.0829 0.1386 9
0.5823 0.0811 -0.0103 7
0.5817 0.0809 0.1574 6
0.5875 0.081 -0.1589 10
0.622 0.0857 0.011 6
0.6081 0.0836 -0.1417 11
0.5837 0.0802 0.0309 5
0.6302 0.0865 -0.1236 12
0.5961 0.0818 0.0526 5
0.6145 0.0842 -0.0982 11
0.6156 0.0842 0.0763 16
0.6156 0.0841 -0.0763 7
0.6048 0.0825 0.0967 6
0.608 0.0829 -0.0537 8
0.6128 0.0835 0.1202 11
0.6115 0.0832 -0.0323 8
0.6005 0.0816 0.1399 9
0.5509 0.0748 -0.0097 7
0.5896 0.0799 0.1594 9
0.5802 0.0778 -0.1568 10
0.6065 0.0814 0.0107 6
0.5968 0.08 -0.139 11
0.5959 0.0797 0.0315 5
0.6032 0.0806 -0.1183 12
0.5944 0.0793 0.0525 5
0.6109 0.0814 -0.0976 11
0.6159 0.0821 0.0763 16
0.5962 0.0793 -0.0739 7
0.5933 0.0788 0.0948 6
0.5925 0.0786 -0.0523 8
0.617 0.0818 0.121 11
0.6197 0.082 -0.0328 8
0.595 0.0787 0.1386 9
0.567 0.0749 -0.01 7
0.5707 0.0753 0.1543 6
0.5613 0.0733 -0.1517 10
0.5988 0.0781 0.0105 6
0.6087 0.0793 -0.1417 11
0.6041 0.0786 0.0319 5
0.6191 0.0805 -0.1214 12
0.5967 0.0775 0.0526 5
0.6073 0.0788 -0.097 6
0.6004 0.0778 0.0743 17
0.6162 0.0797 -0.0763 7
0.5916 0.0764 0.0945 6
0.5809 0.075 -0.0512 8
0.5978 0.0771 0.1172 12
0.6557 0.0845 -0.0346 7
0.6127 0.0788 0.1426 9
0.5831 0.0749 -0.0103 7
0.5748 0.0737 0.1553 9
0.573 0.0728 -0.1548 10
0.5753 0.073 0.0101 6
0.5897 0.0747 -0.1372 11
0.5885 0.0744 0.0311 5
0.6038 0.0764 -0.1183 12
0.5871 0.0742 0.0518 5
0.584 0.0737 -0.0932 6
0.6007 0.0757 0.0743 17
0.5889 0.0741 -0.0729 7
0.6017 0.0756 0.0961 6
0.5812 0.073 -0.0512 8
0.6058 0.076 0.1187 11
0.6124 0.0767 -0.0323 8
0.6014 0.0752 0.1399 9
0.5675 0.0709 -0.01 7
0.5713 0.0713 0.1543 6
0.5924 0.0732 -0.16 10
0.6033 0.0744 0.0106 6
0.5822 0.0717 -0.1354 11
0.5768 0.071 0.0305 5
0.5963 0.0733 -0.1168 13
0.5952 0.0731 0.0525 5
0.6039 0.074 -0.0964 6
0.6148 0.0753 0.076 16
0.5813 0.0711 -0.0719 7
0.6 0.0734 0.0957 6
0.53 0.0647 -0.0467 9
0.5866 0.0715 0.1149 12
0.6126 0.0746 -0.0323 8
0.5978 0.0727 0.139 9
0.5598 0.068 -0.0098 7
0.5868 0.0712 0.1584 6
0.6234 0.0748 -0.1682 9
0.6353 0.0762 0.0112 6
0.5901 0.0707 -0.1372 11
0.593 0.0709 0.0313 5
0.6004 0.0717 -0.1175 13
0.5876 0.0701 0.0518 5
0.5924 0.0706 -0.0945 6
0.6032 0.0718 0.0746 17
0.5973 0.071 -0.0739 7
0.5826 0.0692 0.0929 6
0.5975 0.0708 -0.0526 8
0.6102 0.0723 0.1194 11
0.6089 0.0721 -0.0321 8
0.5864 0.0693 0.1363 9
0.568 0.067 -0.01 7
0.5564 0.0656 0.1501 6
0.5891 0.0687 -0.1589 10
0.6038 0.0703 0.0106 6
0.5904 0.0686 -0.1372 11
0.5853 0.0679 0.0309 5
0.6319 0.0733 -0.1236 12
0.5898 0.0683 0.0519 5
0.6005 0.0695 -0.0957 6
0.6054 0.0699 0.0748 17
0.5817 0.0671 -0.0719 7
0.5789 0.0667 0.0923 6
0.5542 0.0638 -0.0488 9
0.6027 0.0693 0.1179 12
0.6369 0.0731 -0.0336 7
0.5886 0.0675 0.1368 9
0.5603 0.0641 -0.0098 7
0.5681 0.0649 0.1532 9
0.574 0.0649 -0.1548 10
0.5921 0.0668 0.0104 6
0.5829 0.0657 -0.1354 11
0.5855 0.0659 0.0309 5
0.6126 0.0689 -0.1198 12
0.588 0.0661 0.0518 5
0.6007 0.0674 -0.0957 6
0.6096 0.0683 0.0753 17
0.5741 0.0642 -0.0709 7
0.5909 0.066 0.0942 6
0.5742 0.0641 -0.0506 8
0.5912 0.0659 0.1156 12
0.6054 0.0674 -0.0319 8
0.5869 0.0652 0.1363 9
0.5207 0.0578 -0.0091 7
0.5684 0.0629 0.1532 9
0.5742 0.0629 -0.1548 10
0.5924 0.0648 0.0104 6
0.5831 0.0637 -0.1354 11
0.5619 0.0612 0.0296 5
0.5972 0.0651 -0.1168 13
0.5764 0.0627 0.0507 5
0.5852 0.0636 -0.0932 6
0.5822 0.0631 0.0719 18
0.5901 0.0639 -0.0729 7
0.5833 0.0631 0.0929 6
0.5348 0.0578 -0.0471 9
0.5875 0.0634 0.1149 12
0.6255 0.0674 -0.033 8
0.591 0.0636 0.1372 9
0.5408 0.0581 -0.0095 7
0.5686 0.061 0.1532 6
0.5898 0.0625 -0.1589 10
0.6364 0.0673 0.0112 6
0.5717 0.0604 -0.1327 11
0.578 0.061 0.0305 5
0.617 0.0651 -0.1206 12
0.5885 0.062 0.0518 5
0.6051 0.0636 -0.0964 6
0.5903 0.0619 0.0729 17
0.5903 0.0618 -0.0729 7
0.5737 0.06 0.0914 6
0.5826 0.0609 -0.0512 8
0.6034 0.063 0.1179 12
0.59 0.0615 -0.0311 8
0.564 0.0587 0.1309 10
0.5609 0.0583 -0.0098 7
0.5649 0.0586 0.1522 6
0.5746 0.0589 -0.1548 10
0.5769 0.059 0.0101 6
0.5835 0.0596 -0.1354 11
0.5663 0.0578 0.0298 5
0.5859 0.0597 -0.1145 13
0.5728 0.0583 0.0504 5
0.6014 0.0611 -0.0957 6
0.5945 0.0603 0.0734 17
0.5826 0.059 -0.0719 7
0.5916 0.0599 0.0942 6
0.559 0.0565 -0.0492 9
0.588 0.0593 0.1149 12
0.6061 0.061 -0.0319 8
0.5759 0.0579 0.1336 10
0.5054 0.0508 -0.0089 8
0.569 0.0571 0.1532 6
0.5902 0.0584 -0.1589 10
0.597 0.0591 0.0105 6
0.5566 0.055 -0.1291 12
0.5784 0.057 0.0305 5
0.594 0.0584 -0.116 13
0.577 0.0567 0.0507 5
0.5976 0.0587 -0.0951 6
0.5868 0.0575 0.0724 18
0.5907 0.0578 -0.0729 7
0.5701 0.0557 0.0907 6
0.5632 0.0549 -0.0495 9
0.5803 0.0566 0.1133 12
0.6063 0.059 -0.0319 8
0.5683 0.0552 0.1318 10
0.5215 0.0506 -0.0091 7
0.5384 0.0521 0.1449 10
0.5673 0.0542 -0.1527 10
0.5773 0.0551 0.0101 6
0.5762 0.0549 -0.1336 11
0.5706 0.0542 0.03 5
0.5707 0.0542 -0.1114 13
0.5812 0.0551 0.0511 5
0.5703 0.054 -0.0907 6
0.5791 0.0547 0.0714 18
0.6067 0.0572 -0.0748 7
0.5723 0.0539 0.091 6
0.5316 0.0501 -0.0467 9
0.5805 0.0546 0.1133 12
0.5906 0.0554 -0.0311 8
0.5879 0.0551 0.1363 9
0.5495 0.0514 -0.0096 7
0.5578 0.052 0.1501 9
0.5983 0.0551 -0.161 10
0.6014 0.0553 0.0105 6
0.5686 0.0521 -0.1318 12
0.5708 0.0523 0.03 5
0.5983 0.0548 -0.1168 13
0.5794 0.0529 0.0509 5
0.5705 0.052 -0.0907 6
0.5792 0.0527 0.0714 18
0.5595 0.0508 -0.069 8
0.6 0.0544 0.0954 6
0.5397 0.0489 -0.0474 9
0.5807 0.0525 0.1133 12
0.5987 0.0541 -0.0315 8
0.5842 0.0527 0.1354 9
0.5537 0.0498 -0.0097 7
0.5541 0.0497 0.1491 6
0.5754 0.0509 -0.1548 10
0.5936 0.0525 0.0104 6
0.5688 0.0502 -0.1318 12
0.5591 0.0492 0.0294 5
0.5867 0.0516 -0.1145 13
0.5835 0.0513 0.0512 5
0.5785 0.0507 -0.092 6
0.5873 0.0514 0.0724 18
0.5913 0.0516 -0.0729 7
0.5746 0.0501 0.0914 6
0.5439 0.0474 -0.0478 9
0.5848 0.0509 0.1141 12
0.579 0.0503 -0.0305 8
0.5689 0.0493 0.1318 10
0.522 0.0451 -0.0091 7
0.5505 0.0475 0.148 6
0.5678 0.0483 -0.1527 10
0.5579 0.0473 0.0098 7
0.5573 0.0472 -0.1291 12
0.5672 0.0479 0.0298 5
0.5673 0.0479 -0.1107 13
0.5777 0.0487 0.0507 5
0.5708 0.048 -0.0907 6
0.5677 0.0477 0.07 18
0.5519 0.0462 -0.068 8
0.5472 0.0458 0.087 6
0.5877 0.0491 -0.0516 8
0.5928 0.0495 0.1156 12
0.5911 0.0492 -0.0311 8
0.569 0.0473 0.1318 10
0.5102 0.0423 -0.0089 8
0.5506 0.0456 0.148 6
0.5834 0.0477 -0.1568 10
0.5939 0.0484 0.0104 6
0.5574 0.0453 -0.1291 12
0.5713 0.0464 0.03 5
0.5714 0.0464 -0.1114 13
0.5739 0.0465 0.0504 5
0.571 0.0461 -0.0907 6
0.5837 0.0471 0.0719 18
0.5837 0.047 -0.0719 7
0.5631 0.0452 0.0895 6
0.5362 0.043 -0.0471 9
0.6008 0.0481 0.1172 12
0.5953 0.0476 -0.0313 8
0.5653 0.0451 0.1309 10
0.5422 0.0431 -0.0095 7
0.5392 0.0428 0.1449 10
0.5836 0.0456 -0.1568 10
0.5782 0.0451 0.0101 6
0.5693 0.0443 -0.1318 12
0.5516 0.0428 0.029 5
0.5872 0.0456 -0.1145 13
0.5562 0.0431 0.0488 5
0.5712 0.0441 -0.0907 6
0.5601 0.0432 0.069 19
0.5641 0.0434 -0.0695 7
0.5751 0.0442 0.0914 6
0.5801 0.0445 -0.0509 8
0.5853 0.0448 0.1141 12
0.5915 0.0452 -0.0311 8
0.5693 0.0434 0.1318 10
0.5344 0.0406 -0.0094 7
0.5355 0.0406 0.1439 10
0.5645 0.0421 -0.1517 10
0.5783 0.0431 0.0101 6
0.5461 0.0406 -0.1264 12
0.5557 0.0412 0.0292 5
0.5913 0.0438 -0.1152 13
0.5822 0.0431 0.0511 5
0.5516 0.0407 -0.0876 6
0.5642 0.0415 0.0695 18
0.5642 0.0414 -0.0695 7
0.5713 0.0419 0.0907 6
0.5683 0.0416 -0.0499 9
0.5855 0.0428 0.1141 12
0.5717 0.0417 -0.03 9
0.5578 0.0406 0.1291 10
0.5305 0.0385 -0.0093 7
0.5472 0.0396 0.147 6
0.5723 0.0407 -0.1537 10
0.5785 0.0411 0.0101 6
0.5618 0.0398 -0.13 12
0.5638 0.0398 0.0296 5
0.5718 0.0404 -0.1114 13
0.5704 0.0402 0.05 5
0.5912 0.0415 -0.0939 6
0.5644 0.0396 0.0695 18
0.5763 0.0403 -0.0709 7
0.5596 0.039 0.0889 6
0.5406 0.0377 -0.0474 9
0.5738 0.0399 0.1118 12
0.5599 0.0389 -0.0294 9
0.5541 0.0384 0.1282 10
0.5473 0.0377 0.147 6
0.5185 0.0351 -0.1392 11
0.5507 0.0372 0.0096 7
0.5775 0.0389 -0.1336 11
0.544 0.0365 0.0286 5
0.572 0.0384 -0.1114 13
0.5566 0.0373 0.0488 5
0.5952 0.0397 -0.0945 6
0.5685 0.0379 0.07 18
0.5764 0.0383 -0.0709 7
0.5499 0.0364 0.0873 6
0.5209 0.0345 -0.0457 9
0.5779 0.0382 0.1126 12
0.5799 0.0382 -0.0305 8
0.5542 0.0364 0.1282 10
0.5475 0.0358 0.147 6
0.5263 0.0338 -0.1413 11
0.5787 0.037 0.0101 6
0.562 0.0359 -0.13 12
0.5481 0.0349 0.0288 5
0.5721 0.0364 -0.1114 13
0.5389 0.0342 0.0472 5
0.5914 0.0374 -0.0939 6
0.5924 0.0374 0.0729 17
0.5686 0.0358 -0.07 7
0.5737 0.036 0.091 6
0.5568 0.0349 -0.0488 9
0.578 0.0362 0.1126 12
0.5801 0.0362 -0.0305 8
0.5465 0.034 0.1264 10
0.5069 0.0315 -0.0089 8
0.5245 0.0324 0.1408 7
0.538 0.0326 -0.1444 11
0.5629 0.034 0.0098 7
0.5505 0.0332 -0.1273 12
0.5722 0.0344 0.03 5
0.5918 0.0356 -0.1152 13
0.5589 0.0335 0.049 5
0.564 0.0337 -0.0895 6
0.5687 0.0339 0.07 9
0.5648 0.0336 -0.0695 7
0.5364 0.0318 0.0851 6
0.5211 0.0309 -0.0457 9
0.5507 0.0325 0.1072 13
0.5722 0.0337 -0.03 9
0.5505 0.0323 0.1273 10
0.519 0.0304 -0.0091 8
0.5207 0.0304 0.1398 7
0.5728 0.0327 -0.1537 10
0.6029 0.0343 0.0105 6
0.5389 0.0306 -0.1246 12
0.5524 0.0313 0.029 5
0.592 0.0335 -0.1152 13
0.5649 0.0319 0.0495 5
0.5601 0.0315 -0.0889 6
0.5649 0.0317 0.0695 18
0.545 0.0305 -0.067 8
0.5503 0.0307 0.0873 6
0.5212 0.029 -0.0457 9
0.5743 0.0319 0.1118 12
0.5644 0.0313 -0.0296 9
0.5623 0.031 0.13 10
0.5271 0.029 -0.0092 7
0.5401 0.0296 0.1449 6
0.5691 0.0305 -0.1527 10
0.5511 0.0295 0.0096 7
0.5468 0.0291 -0.1264 12
0.5405 0.0287 0.0284 5
0.5764 0.0306 -0.1122 13
0.5471 0.029 0.0479 5
0.576 0.0304 -0.0914 6
0.565 0.0297 0.0695 18
0.5689 0.0298 -0.07 7
0.5504 0.0287 0.0873 6
0.5452 0.0285 -0.0478 9
0.5588 0.0291 0.1088 13
0.5724 0.0297 -0.03 9
0.5469 0.0283 0.1264 10
0.5192 0.0268 -0.0091 8
0.5363 0.0275 0.1439 6
0.5576 0.028 -0.1496 11
0.5832 0.0291 0.0102 6
0.5469 0.0272 -0.1264 12
0.5326 0.0264 0.0279 5
0.5922 0.0294 -0.1152 13
0.5592 0.0276 0.049 5
0.5564 0.0274 -0.0882 6
0.5671 0.0278 0.0697 9
0.569 0.0278 -0.07 7
0.5505 0.0268 0.0873 6
0.5293 0.0258 -0.0464 9
0.5706 0.0277 0.1111 12
0.5885 0.0285 -0.0309 8
0.5372 0.0259 0.1242 10
0.5073 0.0244 -0.0089 8
0.5287 0.0253 0.1418 6
0.5384 0.0251 -0.1444 11
0.5593 0.026 0.0098 7
0.5743 0.0266 -0.1327 11
0.5566 0.0258 0.0292 5
0.5609 0.0259 -0.1091 14
0.5533 0.0254 0.0485 5
0.5723 0.0262 -0.0907 6
0.5612 0.0256 0.069 9
0.5652 0.0258 -0.0695 7
0.5506 0.025 0.0873 6
0.5135 0.0232 -0.045 9
0.5668 0.0255 0.1103 13
0.5527 0.0248 -0.029 9
0.5548 0.0249 0.1282 10
0.5154 0.023 -0.009 8
0.5288 0.0236 0.1418 6
0.496 0.0215 -0.133 12
0.5674 0.0245 0.0099 6
0.551 0.0237 -0.1273 12
0.5487 0.0236 0.0288 5
0.561 0.024 -0.1091 14
0.5355 0.0228 0.0469 5
0.5644 0.024 -0.0895 6
0.5613 0.0237 0.069 9
0.5771 0.0244 -0.0709 7
0.527 0.0222 0.0835 6
0.5215 0.0219 -0.0457 9
0.5355 0.0224 0.1042 13
0.5607 0.0233 -0.0294 9
0.5588 0.0232 0.1291 10
0.5315 0.022 -0.0093 7
0.5212 0.0215 0.1398 7
0.527 0.0211 -0.1413 11
0.5635 0.0224 0.0098 7
0.5394 0.0214 -0.1246 12
0.5448 0.0215 0.0286 5
0.5728 0.0226 -0.1114 13
0.5335 0.021 0.0467 5
0.5882 0.023 -0.0932 6
0.5534 0.0216 0.068 19
0.5653 0.0219 -0.0695 7
0.5369 0.0207 0.0851 6
0.5455 0.0211 -0.0478 9
0.5513 0.0212 0.1072 13
0.5528 0.0211 -0.029 9
0.5433 0.0207 0.1255 10
0.5315 0.0201 -0.0093 7
0.5135 0.0194 0.1377 7
0.5579 0.0204 -0.1496 11
0.5755 0.0209 0.0101 6
0.5589 0.0202 -0.1291 12
0.5409 0.0195 0.0284 5
0.5454 0.0196 -0.1061 14
0.5515 0.0197 0.0483 5
0.5725 0.0204 -0.0907 6
0.5555 0.0197 0.0682 9
0.5456 0.0192 -0.067 8
0.5429 0.0191 0.086 6
0.5416 0.019 -0.0474 9
0.5592 0.0195 0.1088 13
0.5529 0.0192 -0.029 9
0.5336 0.0184 0.1233 10
0.5076 0.0175 -0.0089 8
0.5213 0.0178 0.1398 7
0.5426 0.0179 -0.1455 11
0.5596 0.0184 0.0098 7
0.5707 0.0186 -0.1318 12
0.549 0.0178 0.0288 5
0.5455 0.0177 -0.1061 14
0.5257 0.017 0.046 5
0.541 0.0174 -0.0857 6
0.5496 0.0176 0.0675 19
0.5456 0.0173 -0.067 8
0.5252 0.0166 0.0832 7
0.5058 0.0159 -0.0443 10
0.5671 0.0178 0.1103 13
0.553 0.0173 -0.029 9
0.5454 0.0169 0.126 10
0.5291 0.0163 0.1418 6
0.5194 0.0152 -0.1392 11
0.5557 0.0163 0.0097 7
0.5474 0.016 -0.1264 12
0.537 0.0156 0.0282 5
0.5613 0.0162 -0.1091 14
0.5357 0.0153 0.0469 5
0.5568 0.0158 -0.0882 6
0.5397 0.0154 0.0663 9
0.5655 0.016 -0.0695 7
0.5292 0.0149 0.0838 6
0.5515 0.0153 0.1072 13
0.553 0.0153 -0.029 9
0.5357 0.0147 0.1237 10
0.5077 0.0139 -0.0089 8
0.5098 0.0139 0.1367 7
0.5195 0.0134 -0.1392 11
0.5317 0.0136 0.0093 7
0.5474 0.014 -0.1264 12
0.5371 0.0136 0.0282 5
0.5613 0.0142 -0.1091 14
0.5198 0.0131 0.0455 5
0.549 0.0137 -0.087 6
0.5537 0.0137 0.068 19
0.5775 0.0142 -0.0709 7
0.5371 0.0131 0.0851 6
0.5418 0.0132 -0.0474 9
0.5437 0.0132 0.1057 13
0.5251 0.0127 -0.0275 9
0.5533 0.0132 0.1278 10
0.5137 0.0121 0.1377 7
0.5427 0.0121 -0.1455 11
0.5598 0.0124 0.0098 7
0.5514 0.0121 -0.1273 12
0.5252 0.0115 0.0275 5
0.5457 0.0119 -0.1061 14
0.5259 0.0114 0.046 5
0.5372 0.0115 -0.0851 6
0.5339 0.0114 0.0656 10
0.5458 0.0115 -0.067 8
0.5372 0.0113 0.0851 6
0.5359 0.0111 0.1042 13
0.5411 0.0111 -0.0284 9
0.5455 0.0111 0.126 10
0.5118 0.0104 -0.0089 8
0.506 0.0102 0.1356 7
0.5582 0.0105 -0.1496 11
0.5598 0.0105 0.0098 7
0.5397 0.01 -0.1246 12
0.5172 0.0095 0.0271 5
0.5418 0.0099 -0.1053 14
0.5359 0.0097 0.0469 5
0.5372 0.0097 -0.0851 6
0.528 0.0094 0.0648 10
0.5617 0.0099 -0.069 8
0.5076 0.0089 0.0804 7
0.5219 0.0091 -0.0457 9
0.5516 0.0095 0.1072 13
0.5412 0.0093 -0.0284 9
0.5183 0.0088 0.1197 11
0.5099 0.0085 0.1367 7
0.5544 0.0085 -0.1486 11
0.5599 0.0085 0.0098 7
0.5397 0.0081 -0.1246 12
0.5013 0.0074 0.0263 5
0.5497 0.0082 -0.1069 14
0.504 0.0074 0.0441 6
0.5767 0.0084 -0.0914 6
0.5359 0.0077 0.0658 10
0.5458 0.0077 -0.067 8
0.5116 0.0071 0.081 7
0.522 0.0073 -0.0457 9
0.5555 0.0077 0.108 13
0.5292 0.0072 -0.0277 9
0.5398 0.0073 0.1246 10
0.51 0.0067 0.1367 7
0.508 0.006 -0.1361 12
0.5242 0.006 -0.121 13
0.5173 0.006 0.0271 5
0.5497 0.0062 -0.1069 14
0.522 0.0058 0.0457 5
0.5373 0.0059 -0.0851 6
0.5379 0.0058 0.0661 9
0.5459 0.0058 -0.067 8
0.5353 0.0057 0.0848 6
0.5399 0.0056 0.1049 13
0.5652 0.0057 -0.0296 9
0.5203 0.0052 0.1201 11
0.4945 0.0048 0.1325 7
0.5158 0.0043 -0.1382 11
0.5239 0.0044 0.0091 7
0.5398 0.0044 -0.1246 12
0.5412 0.0043 0.0284 5
0.534 0.0042 -0.1038 14
0.512 0.0039 0.0448 5
0.5491 0.0042 -0.087 6
0.5459 0.0041 0.067 19
0.5618 0.0041 -0.069 8
0.5175 0.0037 0.082 7
0.532 0.0037 0.1034 13
0.5412 0.0037 -0.0284 9
0.5261 0.0035 0.1215 11
0.4945 0.0031 0.1325 7
0.5544 0.0028 -0.1486 11
0.5479 0.0027 0.0096 7
0.5281 0.0025 -0.1219 13
0.5253 0.0025 0.0275 5
0.5261 0.0024 -0.1023 15
0.5041 0.0022 0.0441 6
0.5333 0.0022 -0.0845 7
0.538 0.0022 0.0661 19
0.5697 0.0022 -0.07 7
0.5314 0.002 0.0842 6
0.514 0.0019 -0.045 9
0.5399 0.0019 0.1049 13
0.5253 0.0017 -0.0275 9
0.5456 0.0017 0.126 10
0.5061 0.0015 0.1356 7
0.5583 0.0009 -0.1496 11
0.5439 0.0009 0.0095 7
0.5398 0.0008 -0.1246 12
0.5173 0.0006 0.0271 5
0.5419 0.0006 -0.1053 14
0.536 0.0005 0.0469 5
0.5373 0.0005 -0.0851 6
0.5241 0.0004 0.0643 10
0.5459 0.0003 -0.067 8
0.5432 0.0002 0.086 6
0.4981 0.0001 -0.0436 10
0.5399 0.0001 0.1049 13
0.5333 0 -0.0279 9
0.5223 -0.0001 0.1206 11
0.5039 -0.0002 -0.0088 8
0.5061 -0.0003 0.1356 7
0.5081 -0.001 -0.1361 12
0.5439 -0.0011 0.0095 7
0.5398 -0.0012 -0.1246 12
0.5013 -0.0012 0.0263 5
0.5222 -0.0013 -0.1015 15
0.5061 -0.0013 0.0443 6
0.5333 -0.0015 -0.0845 7
0.5459 -0.0016 0.067 19
0.5459 -0.0017 -0.067 8
0.5294 -0.0018 0.0838 6
0.4981 -0.0017 -0.0436 10
0.5517 -0.0019 0.1072 13
0.5133 -0.0019 -0.0269 10
0.5184 -0.002 0.1197 11
0.5139 -0.0022 0.1377 7
0.5235 -0.0028 -0.1403 11
0.5319 -0.003 0.0093 7
0.5281 -0.003 -0.1219 13
0.5013 -0.003 0.0263 5
0.5301 -0.0031 -0.103 15
0.52 -0.0032 0.0455 5
0.5452 -0.0034 -0.0864 6
0.53 -0.0034 0.0651 10
0.5459 -0.0036 -0.067 8
0.5136 -0.0035 0.0813 7
0.522 -0.0036 -0.0457 9
0.5477 -0.0038 0.1065 13
0.5452 -0.0039 -0.0286 9
0.5261 -0.0039 0.1215 11
0.4907 -0.0038 0.1315 7
0.5003 -0.0045 -0.1341 12
0.5319 -0.0048 0.0093 7
0.5008 -0.0046 -0.1156 13
0.5053 -0.0047 0.0265 5
0.5183 -0.0049 -0.1007 15
0.518 -0.005 0.0453 5
0.5175 -0.0051 -0.082 7
0.5419 -0.0054 0.0665 9
0.5697 -0.0058 -0.07 7
0.5294 -0.0054 0.0838 6
0.5242 -0.0055 0.1019 14
0.5412 -0.0058 -0.0284 9
0.5242 -0.0057 0.121 11
0.5023 -0.0055 0.1346 7
0.5003 -0.0062 -0.1341 12
0.5439 -0.0067 0.0095 7
0.5281 -0.0066 -0.1219 13
0.5172 -0.0066 0.0271 5
0.53 -0.0068 -0.103 15
0.52 -0.0068 0.0455 5
0.5215 -0.0068 -0.0826 7
0.522 -0.0069 0.0641 20
0.5459 -0.0073 -0.067 8
0.5274 -0.0072 0.0835 6
0.5241 -0.0072 0.1019 14
0.5172 -0.0072 -0.0271 10
0.5222 -0.0074 0.1206 11
0.508 -0.008 -0.1361 12
0.5438 -0.0086 0.0095 7
0.5163 -0.0083 -0.1192 13
0.5104 -0.0083 -0.0992 15
0.518 -0.0085 0.0453 5
0.4977 -0.0083 -0.0788 7
0.5419 -0.0091 0.0665 19
0.5577 -0.0094 -0.0685 8
0.5155 -0.0088 0.0817 7
0.528 -0.0091 0.1027 14
0.5012 -0.0087 -0.0263 10
0.5222 -0.0092 0.1206 11
0.4906 -0.0088 0.1315 7
0.5273 -0.0101 -0.1413 11
0.5238 -0.0101 0.0091 7
0.5085 -0.0099 -0.1174 13
0.5172 -0.0102 0.0271 5
0.5221 -0.0103 -0.1015 15
0.5119 -0.0102 0.0448 5
0.5016 -0.0101 -0.0795 7
0.5259 -0.0106 0.0646 20
0.5577 -0.0114 -0.0685 8
0.5194 -0.0107 0.0823 7
0.5437 -0.0113 0.1057 13
0.5411 -0.0113 -0.0284 9
0.5105 -0.0108 0.1179 11
0.5388 -0.0122 -0.1444 11
0.5198 -0.0119 0.0091 7
0.5241 -0.0121 -0.121 13
0.5172 -0.012 0.0271 5
0.5299 -0.0123 -0.103 15
0.5253 -0.0124 -0.0832 7
0.5259 -0.0125 0.0646 20
0.4981 -0.0119 -0.0612 8
0.5055 -0.0122 0.0801 7
0.528 -0.0128 0.1027 14
0.5171 -0.0126 -0.0271 10
0.526 -0.0129 0.1215 11
0.5079 -0.0133 -0.1361 12
0.4998 -0.0132 0.0087 7
0.5279 -0.014 -0.1219 13
0.5011 -0.0134 0.0263 5
0.5063 -0.0135 -0.0985 15
0.5059 -0.0136 0.0443 6
0.5016 -0.0136 -0.0795 7
0.5298 -0.0144 0.0651 20
0.5457 -0.015 -0.067 8
0.5193 -0.0143 0.0823 7
0.5397 -0.015 0.1049 13
0.541 -0.0151 -0.0284 9
0.5182 -0.0146 0.1197 11
0.4866 -0.0138 0.1304 7
0.4885 -0.0145 -0.131 12
0.5117 -0.0153 0.0089 7
0.4889 -0.0147 -0.1129 13
0.5051 -0.0152 0.0265 5
0.522 -0.0158 -0.1015 15
0.5257 -0.016 0.046 5
0.5252 -0.016 -0.0832 7
0.5119 -0.0157 0.0629 10
0.5456 -0.0169 -0.067 8
0.5193 -0.016 0.0823 7
0.5357 -0.0167 0.1042 13
0.5142 -0.0162 0.1188 11
0.4962 -0.0165 -0.133 12
0.5116 -0.017 0.0089 7
0.5005 -0.0167 -0.1156 13
0.5219 -0.0176 -0.1015 15
0.5038 -0.0171 0.0441 6
0.5251 -0.0178 -0.0832 7
0.5019 -0.0171 0.0617 10
0.5456 -0.0187 -0.067 8
0.5113 -0.0176 0.081 7
0.5137 -0.0178 -0.045 9
0.5121 -0.0177 0.0996 14
0.505 -0.0175 -0.0265 10
0.518 -0.0181 0.1197 11
0.4981 -0.0176 0.1336 7
0.5425 -0.0198 -0.1455 11
0.5356 -0.0196 0.0094 7
0.5005 -0.0184 -0.1156 13
0.5197 -0.0193 0.0455 5
0.5093 -0.019 -0.0807 7
0.5257 -0.0197 0.0646 10
0.5217 -0.0197 -0.0641 8
0.5057 -0.0192 -0.0443 10
0.5238 -0.0199 0.1019 14
0.5089 -0.0195 -0.0267 10
0.4985 -0.0192 0.1152 11
0.4865 -0.0189 0.1304 7
0.4961 -0.0198 -0.133 12
0.5195 -0.0209 0.0091 7
0.4985 -0.0201 -0.1152 13
0.4983 -0.0202 -0.0969 15
0.5017 -0.0204 0.0439 6
0.5171 -0.0211 -0.082 7
0.5117 -0.021 0.0629 10
0.5058 -0.0208 -0.0622 8
0.5159 -0.0214 0.1004 14
0.5208 -0.0217 -0.0273 10
0.5179 -0.0217 0.1197 11
0.5153 -0.0224 -0.1382 11
0.5034 -0.022 0.0088 7
0.5101 -0.0224 -0.1179 13
0.4982 -0.0219 -0.0969 15
0.5235 -0.0231 0.0458 5
0.4973 -0.0221 -0.0788 7
0.5037 -0.0224 0.0619 10
0.5335 -0.0238 -0.0656 8
0.5111 -0.0229 0.081 7
0.5197 -0.0234 0.1011 14
0.5128 -0.0232 -0.0269 10
0.5062 -0.0229 0.117 11
0.5061 -0.0239 -0.117 13
0.5047 -0.0238 0.0265 5
0.4981 -0.0236 -0.0969 15
0.4972 -0.0237 -0.0788 7
0.5136 -0.0246 0.0631 10
0.5136 -0.0246 -0.0631 8
0.5189 -0.0249 0.0823 7
0.504 -0.0244 0.0981 14
0.5207 -0.0253 -0.0273 10
0.4983 -0.0242 0.1152 11
0.519 -0.026 -0.1392 11
0.4993 -0.0251 0.0087 7
0.5138 -0.0259 -0.1188 13
0.5294 -0.0268 -0.103 15
0.5054 -0.0257 0.0443 6
0.4956 -0.0254 0.0609 10
0.5214 -0.0268 -0.0641 8
0.507 -0.0261 0.0804 7
0.5117 -0.0265 0.0996 14
0.4865 -0.0253 0.1125 11
0.4881 -0.0262 -0.131 12
0.5032 -0.0271 0.0088 7
0.4971 -0.0271 -0.0788 7
0.5054 -0.0277 -0.0622 8
0.501 -0.0276 0.0795 7
0.5234 -0.0289 0.1019 14
0.4981 -0.0277 0.1152 11
0.4991 -0.0286 0.0087 7
0.4981 -0.0286 -0.1152 13
0.5174 -0.0298 -0.1007 15
0.5206 -0.0302 -0.0826 7
0.5053 -0.0294 0.0622 21
0.5291 -0.0309 -0.0651 8
0.5194 -0.0305 0.1011 14
0.5164 -0.0304 -0.0271 10
0.5136 -0.0303 0.1188 11
0.5071 -0.0308 -0.1361 12
0.4941 -0.0301 -0.1143 13
0.5084 -0.0311 0.0267 5
0.5056 -0.0309 -0.0985 15
0.5031 -0.0309 0.0441 6
0.5008 -0.0308 -0.0795 7
0.5449 -0.0337 -0.067 8
0.5075 -0.0316 0.0988 14
0.5083 -0.0317 -0.0267 10
0.4979 -0.0312 0.1152 11
0.5029 -0.0323 0.0088 7
0.4862 -0.0314 -0.1125 14
0.4898 -0.0317 -0.0954 16
0.4928 -0.0323 0.0782 7
0.5074 -0.0333 0.0988 14
0.4939 -0.0326 0.1143 11
0.4988 -0.0338 0.0087 7
0.49 -0.0333 -0.1134 13
0.4966 -0.0341 -0.0788 7
0.4971 -0.0342 -0.0612 8
0.5229 -0.0363 0.1019 14
0.4977 -0.0347 0.1152 11
0.5026 -0.0359 0.0088 7
0.4898 -0.0351 -0.1134 13
0.4896 -0.0352 -0.0954 16
0.5438 -0.0393 -0.0864 6
0.5168 -0.0374 0.0636 10
0.5445 -0.0394 -0.067 8
0.5071 -0.037 0.0988 14
0.5 -0.0365 -0.0263 10
0.4933 -0.0371 -0.0962 16
0.5008 -0.0379 0.0617 10
0.5443 -0.0412 -0.067 8
0.5344 -0.0407 0.1042 13
0.4974 -0.038 0.1152 11
0.5012 -0.0393 -0.1161 13
0.5038 -0.0395 0.0265 5
0.505 -0.0397 -0.0985 15
0.4963 -0.0391 -0.0788 7
0.5442 -0.043 -0.067 8
0.5225 -0.0416 0.1019 14
0.4966 -0.0409 0.0612 10
0.5322 -0.0438 -0.0656 8
0.5146 -0.0427 0.1004 14
0.4854 -0.0415 -0.1125 14
0.4968 -0.0426 -0.0969 15
0.5043 -0.0436 -0.0622 8
0.4959 -0.0429 0.0788 7
0.5066 -0.044 0.0988 14
0.5114 -0.0445 -0.0269 10
0.4868 -0.0432 -0.131 12
0.4853 -0.0431 -0.1125 14
0.4963 -0.0445 0.0612 10
0.5319 -0.0477 -0.0656 8
0.5064 -0.0456 0.0988 14
0.4852 -0.0439 0.1125 11
0.5098 -0.047 0.0089 7
0.4929 -0.0455 -0.1143 13
0.4887 -0.0453 -0.0954 16
0.5075 -0.0472 -0.0807 7
0.4945 -0.0463 0.0965 14
0.4928 -0.0463 0.1143 11
0.5044 -0.0483 -0.117 13
0.5197 -0.0502 -0.0641 8
0.4905 -0.0476 0.0958 14
0.5015 -0.0497 0.0088 7
0.504 -0.0501 -0.0985 15
0.4903 -0.0493 0.0958 14
0.4988 -0.0502 -0.0263 10
0.4847 -0.0489 0.1125 11
0.4862 -0.0498 -0.131 12
0.4885 -0.0502 -0.1134 13
0.5035 -0.0522 -0.0622 8
0.4932 -0.0512 0.0785 7
0.494 -0.0514 0.0965 14
0.4937 -0.0523 -0.133 12
0.4971 -0.0528 0.0087 7
0.5037 -0.0536 -0.0985 15
0.4954 -0.053 0.0612 10
0.5134 -0.0552 0.1004 14
0.4844 -0.0523 0.1125 11
0.5426 -0.0601 -0.067 8
0.5054 -0.0562 0.0988 14
0.4877 -0.0554 -0.0954 16
0.4946 -0.0564 -0.0788 7
0.4917 -0.0565 0.1143 11
0.4875 -0.0572 -0.0954 16
0.5303 -0.0625 -0.0656 8
0.4949 -0.0615 -0.0969 15
0.5102 -0.0637 -0.0631 8
0.4942 -0.0634 0.0612 10
0.5296 -0.068 -0.0656 8
0.4965 -0.064 0.0973 14
0.5019 -0.0662 -0.0622 8
0.4935 -0.0717 -0.0969 15
0.5166 -0.0755 -0.0641 8
0.4953 -0.0725 0.0973 14
0.4906 -0.0763 -0.133 12
0.4903 -0.078 -0.133 12
0.489 -0.0872 0.0965 14
0.483 -0.0873 -0.0954 16
