1.0119 0.2269 -0.1643 16
1.005 0.2215 -0.163 17
1.0135 0.2197 -0.1643 17
1.0341 0.2238 -0.1299 16
1.0259 0.2188 -0.1661 18
1.029 0.2191 -0.1292 16
1.0816 0.2299 -0.0967 15
1.0208 0.214 -0.1652 18
1.0376 0.2171 -0.1302 16
1.0804 0.2259 -0.0966 19
1.008 0.2076 -0.163 17
1.0325 0.2123 -0.1294 16
1.0832 0.2225 -0.0967 19
1.1113 0.2279 -0.0595 17
1.0126 0.2049 -0.1636 17
1.0371 0.2095 -0.1299 16
1.0781 0.2176 -0.0962 16
1.0945 0.2205 -0.0585 21
1.021 0.2031 -0.1649 17
1.0397 0.2064 -0.1302 16
1.0866 0.2154 -0.0969 18
1.103 0.2184 -0.0589 21
1.1398 0.2253 -0.0203 20
1.0159 0.1984 -0.1639 17
1.0346 0.2017 -0.1294 16
1.0815 0.2106 -0.0964 18
1.1097 0.2157 -0.0592 21
1.1307 0.2194 -0.0201 20
1.1821 0.2274 0.021 16
1.0185 0.1952 -0.1643 17
1.0334 0.1977 -0.1292 16
1.0724 0.205 -0.0955 21
1.1104 0.2118 -0.0592 22
1.1295 0.2151 -0.0201 20
1.1731 0.2214 0.0208 18
1.0095 0.1898 -0.1627 18
1.0301 0.1933 -0.1287 17
1.0633 0.1994 -0.0947 16
1.1053 0.2068 -0.0589 22
1.1381 0.2126 -0.0202 20
1.1758 0.2177 0.0209 20
1.2138 0.2243 0.0647 16
1.0121 0.1867 -0.163 18
1.0445 0.1923 -0.1304 16
1.0836 0.1993 -0.0964 18
1.0981 0.2015 -0.0585 22
1.1448 0.2097 -0.0203 20
1.1864 0.2154 0.021 20
1.2047 0.2183 0.0642 20
1.0166 0.1838 -0.1636 17
1.0315 0.1861 -0.1287 17
1.0902 0.1965 -0.0969 19
1.1067 0.1991 -0.0589 21
1.1357 0.2039 -0.0201 20
1.1911 0.212 0.0211 18
1.2074 0.2144 0.0643 20
1.2791 0.2269 0.1137 16
1.0173 0.1803 -0.1636 17
1.0321 0.1825 -0.1287 17
1.0869 0.192 -0.0966 18
1.1113 0.196 -0.0591 21
1.1344 0.1996 -0.0201 20
1.182 0.2061 0.0209 20
1.2062 0.2099 0.0642 20
1.2641 0.2197 0.1123 18
1.0218 0.1774 -0.1643 18
1.3124 0.2276 0.1635 16
1.0386 0.18 -0.1294 16
1.0758 0.1862 -0.0955 19
1.108 0.1914 -0.0589 21
1.141 0.1967 -0.0202 20
1.1728 0.2003 0.0208 20
1.2168 0.2073 0.0647 19
1.2649 0.2153 0.1123 18
1.0127 0.1722 -0.1627 17
1.3191 0.224 0.1643 17
1.0451 0.1773 -0.1302 16
1.0804 0.1831 -0.0959 19
1.1048 0.1869 -0.0587 21
1.1318 0.191 -0.02 20
1.1735 0.1964 0.0208 18
1.2017 0.2007 0.0638 20
1.2735 0.2124 0.113 20
1.0113 0.1685 -0.1624 18
1.3061 0.2174 0.1626 17
1.0398 0.1729 -0.1294 16
1.0771 0.1789 -0.0955 18
1.0975 0.1819 -0.0583 21
1.1502 0.1902 -0.0203 20
1.1742 0.1923 0.0208 20
1.2024 0.1965 0.0638 20
1.2683 0.207 0.1124 18
1.0197 0.1662 -0.1636 16
1.3049 0.2125 0.1623 17
1.0306 0.1677 -0.1282 16
1.0856 0.1764 -0.0962 16
1.104 0.179 -0.0586 21
1.1331 0.1833 -0.02 20
1.1827 0.1894 0.0209 18
1.2011 0.192 0.0637 20
1.269 0.2026 0.1124 18
1.0202 0.1627 -0.1636 17
1.3174 0.2098 0.1638 17
1.039 0.1653 -0.1292 17
1.0842 0.1723 -0.096 16
1.1086 0.1758 -0.0588 22
1.1199 0.1772 -0.0198 20
1.1794 0.1847 0.0208 18
1.2175 0.1902 0.0646 20
1.2579 0.1963 0.1114 20
1.013 0.1579 -0.1624 17
1.3161 0.2049 0.1635 19
1.0357 0.1611 -0.1287 17
1.075 0.167 -0.0952 21
1.1072 0.1716 -0.0587 21
1.1225 0.1736 -0.0198 20
1.1742 0.1797 0.0207 20
1.2123 0.1851 0.0643 19
1.2625 0.1925 0.1117 18
1.0116 0.1541 -0.1621 17
1.3149 0.2 0.1633 19
1.0402 0.1581 -0.1292 17
1.0696 0.1623 -0.0947 18
1.1078 0.1677 -0.0587 21
1.1349 0.1714 -0.02 20
1.1708 0.175 0.0207 20
1.2109 0.1805 0.0642 20
1.2632 0.1881 0.1117 20
1.016 0.1511 -0.1627 17
1.2999 0.1931 0.1614 17
1.0407 0.1544 -0.1292 17
1.0781 0.1598 -0.0953 16
1.1025 0.163 -0.0584 21
1.1355 0.1675 -0.02 20
1.1853 0.1729 0.0209 20
1.2036 0.1754 0.0637 20
1.2757 0.1854 0.1128 20
1.0146 0.1473 -0.1624 16
1.3123 0.1903 0.1628 17
1.0294 0.1493 -0.1277 17
1.0865 0.1571 -0.096 16
1.0971 0.1583 -0.0581 21
1.144 0.1649 -0.0202 20
1.1878 0.1693 0.0209 20
1.2022 0.1711 0.0636 20
1.2684 0.1801 0.1121 18
1.0229 0.145 -0.1636 16
1.3129 0.1859 0.1628 17
1.0299 0.1458 -0.1277 17
1.0811 0.1527 -0.0955 18
1.0996 0.1549 -0.0582 22
1.1267 0.1586 -0.0199 20
1.1824 0.1645 0.0208 18
1.2127 0.1683 0.0642 20
1.2532 0.1737 0.1107 18
1.0234 0.1416 -0.1636 18
1.3234 0.1829 0.164 19
1.0422 0.1439 -0.1292 16
1.0678 0.147 -0.0943 18
1.112 0.1529 -0.0588 21
1.1293 0.1549 -0.0199 20
1.1671 0.1582 0.0206 20
1.2093 0.1635 0.064 20
1.2676 0.1709 0.1119 20
1.016 0.1368 -0.1624 18
1.3142 0.177 0.1628 17
1.0466 0.1408 -0.1297 16
1.0703 0.1436 -0.0945 18
1.1026 0.1475 -0.0583 21
1.1258 0.1504 -0.0198 17
1.1677 0.1539 0.0206 18
1.2138 0.1598 0.0642 20
1.2643 0.166 0.1116 18
1.0165 0.1333 -0.1624 17
1.3069 0.1711 0.1618 17
1.0353 0.1354 -0.1282 17
1.0886 0.1422 -0.096 19
1.0913 0.1421 -0.0577 21
1.1343 0.1475 -0.02 20
1.1762 0.1511 0.0207 20
1.2025 0.154 0.0635 20
1.2629 0.1613 0.1114 20
1.017 0.1299 -0.1624 17
1.3036 0.1663 0.1614 17
1.0397 0.1325 -0.1287 16
1.0831 0.1376 -0.0955 19
1.1016 0.1398 -0.0582 22
1.1328 0.1433 -0.0199 20
1.1787 0.1472 0.0207 20
1.207 0.1503 0.0637 20
1.2733 0.1584 0.1123 20
1.0252 0.1273 -0.1636 17
1.312 0.1627 0.1623 16
1.0323 0.1278 -0.1277 17
1.0856 0.1341 -0.0957 18
1.1041 0.1362 -0.0583 22
1.1234 0.1381 -0.0198 21
1.1732 0.1424 0.0206 18
1.2036 0.1456 0.0635 20
1.264 0.1525 0.1114 18
1.0198 0.1229 -0.1627 17
1.3086 0.1577 0.1618 17
1.0327 0.1242 -0.1277 17
1.0781 0.1293 -0.095 19
1.1046 0.1321 -0.0583 21
1.1377 0.1359 -0.02 20
1.1717 0.1379 0.0206 20
1.216 0.1426 0.0642 20
1.2566 0.1472 0.1107 20
1.0104 0.1182 -0.1611 17
1.3053 0.1524 0.1614 16
1.045 0.1218 -0.1292 17
1.0805 0.1258 -0.0952 19
1.1051 0.1283 -0.0583 22
1.1223 0.1299 -0.0197 21
1.1702 0.1335 0.0206 18
1.2085 0.1375 0.0637 20
1.269 0.1441 0.1117 20
1.0069 0.1142 -0.1605 16
1.3018 0.1474 0.1609 17
1.0375 0.1173 -0.1282 17
1.0889 0.1229 -0.0959 21
1.0896 0.1226 -0.0575 21
1.1307 0.1268 -0.0199 20
1.1766 0.1301 0.0207 20
1.1971 0.1322 0.0631 20
1.2794 0.1408 0.1126 20
1.0152 0.1115 -0.1618 17
1.3023 0.1429 0.1609 17
1.0281 0.1128 -0.127 17
1.0834 0.1185 -0.0953 18
1.1 0.1199 -0.058 22
1.1351 0.1235 -0.0199 20
1.1791 0.1264 0.0207 20
1.2035 0.1288 0.0634 20
1.2699 0.1355 0.1117 20
1.0077 0.1073 -0.1605 16
1.3107 0.1394 0.1618 17
1.0245 0.1089 -0.1265 17
1.0798 0.1144 -0.095 16
1.1063 0.1169 -0.0583 21
1.1236 0.1185 -0.0197 21
1.1715 0.1217 0.0206 18
1.2019 0.1244 0.0633 22
1.2585 0.13 0.1107 18
1.0119 0.1044 -0.1611 16
1.3131 0.1352 0.1621 19
1.0288 0.1058 -0.127 16
1.0822 0.1111 -0.0952 18
1.1087 0.1134 -0.0584 21
1.124 0.1146 -0.0197 18
1.164 0.1168 0.0204 18
1.2103 0.121 0.0637 20
1.2609 0.1259 0.1109 18
1.0143 0.1011 -0.1614 17
1.3097 0.1303 0.1616 19
1.043 0.1036 -0.1287 16
1.0746 0.1065 -0.0945 19
1.1011 0.1087 -0.058 24
1.1383 0.112 -0.02 20
1.1703 0.1133 0.0205 20
1.2067 0.1164 0.0635 22
1.2673 0.122 0.1114 20
1.0107 0.0971 -0.1608 17
1.3002 0.1247 0.1604 19
1.0275 0.0984 -0.1267 17
1.0829 0.1033 -0.0952 18
1.0935 0.1041 -0.0576 21
1.1387 0.108 -0.02 20
1.1747 0.1096 0.0206 20
1.1872 0.1103 0.0625 20
1.2737 0.1179 0.1119 20
1.0169 0.094 -0.1618 17
1.3006 0.1202 0.1604 17
1.02 0.0941 -0.1258 16
1.0892 0.1001 -0.0957 19
1.0959 0.1003 -0.0577 21
1.1291 0.1032 -0.0198 17
1.1771 0.1055 0.0206 18
1.1996 0.1071 0.0631 20
1.2661 0.1128 0.1112 20
1.0212 0.0908 -0.1624 17
1.3129 0.1165 0.1618 17
1.0322 0.0914 -0.1272 17
1.0777 0.095 -0.0947 18
1.0982 0.0967 -0.0578 22
1.1275 0.0988 -0.0198 21
1.1735 0.101 0.0206 18
1.1999 0.1029 0.0631 20
1.2546 0.1071 0.1102 20
1.0215 0.087 -0.1624 17
1.3094 0.1116 0.1614 19
1.0285 0.0875 -0.1267 16
1.074 0.0909 -0.0943 19
1.1085 0.0935 -0.0583 22
1.1258 0.0947 -0.0197 21
1.1659 0.0963 0.0204 20
1.2043 0.0992 0.0633 20
1.255 0.103 0.1102 18
1.0159 0.0832 -0.1614 17
1.2979 0.106 0.1599 17
1.0308 0.084 -0.127 16
1.0763 0.0875 -0.0945 18
1.0969 0.0888 -0.0577 22
1.1202 0.0905 -0.0196 21
1.1702 0.0927 0.0205 20
1.2046 0.095 0.0633 22
1.2494 0.0981 0.1096 17
1.0142 0.0796 -0.1611 17
1.2982 0.1017 0.1599 16
1.0331 0.0808 -0.1272 17
1.0806 0.0841 -0.0948 21
1.0972 0.0852 -0.0577 21
1.1364 0.0878 -0.0199 20
1.1765 0.0891 0.0206 20
1.2009 0.0905 0.0631 20
1.2676 0.0953 0.1112 20
1.0145 0.0761 -0.1611 17
1.3025 0.0975 0.1604 17
1.0294 0.0769 -0.1267 16
1.0888 0.0811 -0.0955 19
1.0995 0.0815 -0.0578 19
1.1327 0.0836 -0.0198 20
1.1788 0.0851 0.0206 18
1.1953 0.0859 0.0628 20
1.2719 0.0912 0.1116 20
1.0147 0.0726 -0.1611 16
1.295 0.0924 0.1594 17
1.0237 0.0728 -0.126 14
1.0831 0.0769 -0.095 18
1.1017 0.0778 -0.0579 21
1.131 0.0795 -0.0198 17
1.1671 0.0802 0.0204 20
1.1975 0.0821 0.0629 20
1.2583 0.0858 0.1103 17
1.011 0.0687 -0.1605 17
1.3032 0.0884 0.1604 17
1.0378 0.0702 -0.1277 16
1.0734 0.0724 -0.0941 18
1.116 0.0749 -0.0586 22
1.1393 0.0763 -0.0199 20
1.1693 0.0764 0.0205 20
1.2018 0.0781 0.0631 22
1.2546 0.0811 0.11 18
1.0073 0.0651 -0.1599 18
1.3035 0.0841 0.1604 17
1.042 0.067 -0.1282 17
1.0896 0.0697 -0.0955 19
1.1003 0.0702 -0.0578 21
1.1276 0.0715 -0.0197 21
1.1636 0.072 0.0203 20
1.1981 0.0737 0.0629 20
1.2568 0.0771 0.1102 18
1.0075 0.0616 -0.1599 17
1.2958 0.079 0.1594 19
1.0383 0.0631 -0.1277 16
1.0779 0.0654 -0.0945 19
1.0965 0.0661 -0.0576 21
1.1278 0.0676 -0.0197 18
1.1698 0.0683 0.0205 20
1.1944 0.0693 0.0627 20
1.2611 0.0729 0.1105 18
1.0077 0.0581 -0.1599 17
1.2921 0.0743 0.1589 19
1.0286 0.0589 -0.1265 17
1.0781 0.0616 -0.0945 16
1.0967 0.0623 -0.0576 21
1.126 0.0635 -0.0197 18
1.1761 0.0645 0.0206 18
1.1826 0.0645 0.0621 20
1.2653 0.0687 0.1109 20
1.0119 0.0548 -0.1605 17
1.3083 0.0706 0.1609 17
1.0327 0.0556 -0.127 17
1.0863 0.0583 -0.0952 18
1.0989 0.0586 -0.0577 21
1.1203 0.0593 -0.0196 21
1.1683 0.06 0.0204 18
1.2028 0.0614 0.0631 20
1.2576 0.0639 0.1102 20
1.014 0.0514 -0.1608 18
1.3045 0.0659 0.1604 17
1.0428 0.0525 -0.1282 17
1.0726 0.0538 -0.094 18
1.0991 0.0547 -0.0577 21
1.1324 0.056 -0.0198 20
1.1605 0.0555 0.0203 18
1.209 0.0576 0.0634 20
1.2578 0.0595 0.1102 18
1.0024 0.0473 -0.1589 16
1.3008 0.0611 0.1599 17
1.0391 0.0486 -0.1277 17
1.0688 0.0498 -0.0936 18
1.0953 0.0507 -0.0575 21
1.1246 0.0519 -0.0197 18
1.1647 0.0519 0.0203 18
1.2032 0.0532 0.0631 20
1.258 0.0551 0.1102 18
1.0084 0.0442 -0.1599 17
1.2891 0.0563 0.1584 19
1.0392 0.0452 -0.1277 16
1.0789 0.0465 -0.0945 18
1.0915 0.0469 -0.0573 21
1.1288 0.0481 -0.0197 21
1.1648 0.0478 0.0203 20
1.1934 0.0486 0.0626 20
1.2641 0.0512 0.1107 20
1.0046 0.0405 -0.1593 17
1.2932 0.0519 0.1589 16
1.0354 0.0414 -0.1272 17
1.089 0.0434 -0.0953 18
1.1016 0.0435 -0.0578 22
1.129 0.0442 -0.0197 18
1.181 0.0443 0.0206 18
1.1955 0.0445 0.0627 20
1.2623 0.0467 0.1105 20
1.0048 0.037 -0.1593 17
1.3013 0.0477 0.1599 17
1.0316 0.0376 -0.1267 17
1.0812 0.0393 -0.0947 18
1.0998 0.0396 -0.0577 21
1.1171 0.0398 -0.0195 18
1.1691 0.0398 0.0204 18
1.2057 0.0406 0.0632 20
1.2465 0.0418 0.1091 18
1.0148 0.0338 -0.1608 17
1.3015 0.0432 0.1599 17
1.0396 0.0343 -0.1277 17
1.0693 0.0351 -0.0936 18
1.0999 0.0357 -0.0577 21
1.1133 0.0358 -0.0194 21
1.1673 0.0357 0.0204 20
1.1958 0.0361 0.0627 20
1.2606 0.0379 0.1103 17
1.007 0.0301 -0.1596 16
1.2977 0.0385 0.1594 17
1.0397 0.0307 -0.1277 16
1.0695 0.0314 -0.0936 16
1.104 0.032 -0.0579 21
1.1294 0.0323 -0.0197 21
1.1654 0.0315 0.0203 18
1.1999 0.0323 0.0629 20
1.2528 0.0332 0.1096 20
1.0091 0.0266 -0.1599 16
1.2899 0.0338 0.1584 17
1.0378 0.0272 -0.1275 16
1.0875 0.0281 -0.0952 18
1.0882 0.0277 -0.057 21
1.1335 0.0287 -0.0198 20
1.1655 0.0277 0.0203 18
1.196 0.0282 0.0627 20
1.2569 0.0292 0.11 20
1.0091 0.0233 -0.1599 16
1.2939 0.0296 0.1589 16
1.0359 0.0237 -0.1272 16
1.0836 0.0244 -0.0948 16
1.1022 0.0244 -0.0578 21
1.1296 0.0248 -0.0197 21
1.1776 0.024 0.0206 18
1.1941 0.024 0.0626 22
1.251 0.0249 0.1095 18
1.0171 0.0201 -0.1611 16
1.2901 0.0252 0.1584 16
1.0321 0.02 -0.1267 16
1.0797 0.0205 -0.0945 16
1.1003 0.0206 -0.0577 21
1.1216 0.0208 -0.0196 21
1.1737 0.0197 0.0205 18
1.2002 0.0197 0.0629 20
1.2451 0.0202 0.1089 20
1.0152 0.0163 -0.1608 17
1.3021 0.0207 0.1599 17
1.0301 0.0162 -0.1265 16
1.0718 0.0165 -0.0938 16
1.1024 0.0165 -0.0578 22
1.1137 0.0165 -0.0194 21
1.1617 0.0152 0.0203 18
1.2062 0.0156 0.0632 20
1.2432 0.0156 0.1088 18
1.0133 0.0126 -0.1605 16
1.2982 0.0159 0.1594 17
1.054 0.0129 -0.1294 16
1.0718 0.0127 -0.0938 16
1.1024 0.0127 -0.0578 21
1.1258 0.0128 -0.0197 18
1.1658 0.0114 0.0203 18
1.1963 0.0115 0.0627 20
1.2532 0.0116 0.1096 18
1.0015 0.0091 -0.1586 17
1.2982 0.0116 0.1594 16
1.0382 0.0092 -0.1275 16
1.0759 0.0092 -0.0941 16
1.0885 0.0089 -0.057 19
1.1318 0.0091 -0.0198 21
1.1678 0.0075 0.0204 18
1.1903 0.0075 0.0624 20
1.2612 0.0075 0.1103 18
1.0074 0.0058 -0.1596 16
1.2943 0.0072 0.1589 17
1.0362 0.0058 -0.1272 17
1.0819 0.0057 -0.0947 18
1.0925 0.0053 -0.0573 21
1.1258 0.0053 -0.0197 18
1.1738 0.0037 0.0205 18
1.1964 0.0035 0.0627 20
1.2512 0.0033 0.1095 18
1.0193 0.0025 -0.1614 16
1.2982 0.0029 0.1594 16
1.0342 0.0023 -0.127 16
1.0759 0.0021 -0.0941 16
1.0925 0.0017 -0.0573 21
1.1178 0.0016 -0.0195 18
1.1698 -0.0006 0.0204 18
1.1904 -0.001 0.0624 20
1.2452 -0.0013 0.1089 18
1.0173 -0.0012 -0.1611 16
1.2963 -0.0018 0.1592 17
1.0402 -0.0016 -0.1277 16
1.0679 -0.0019 -0.0934 15
1.1005 -0.0023 -0.0577 19
1.1178 -0.0027 -0.0195 18
1.1658 -0.0047 0.0203 20
1.1983 -0.0052 0.0628 20
1.2412 -0.0056 0.1086 17
1.0074 -0.0047 -0.1596 16
1.2982 -0.0063 0.1594 17
1.0481 -0.0053 -0.1287 16
1.0679 -0.0056 -0.0934 15
1.0965 -0.0061 -0.0575 19
1.1238 -0.0067 -0.0196 18
1.1638 -0.0087 0.0203 18
1.1943 -0.0092 0.0626 20
1.2552 -0.0101 0.1098 20
1.0094 -0.0083 -0.1599 17
1.2903 -0.0108 0.1584 16
1.0402 -0.0089 -0.1277 16
1.0798 -0.0094 -0.0945 15
1.0885 -0.0099 -0.057 21
1.1258 -0.0104 -0.0197 18
1.1618 -0.0126 0.0203 18
1.1883 -0.0133 0.0623 20
1.2611 -0.0145 0.1103 18
1.0074 -0.0116 -0.1596 16
1.2882 -0.0151 0.1582 16
1.0381 -0.0123 -0.1275 16
1.0818 -0.0132 -0.0947 15
1.0964 -0.0136 -0.0575 21
1.1277 -0.0144 -0.0197 18
1.1797 -0.0169 0.0206 18
1.1902 -0.0175 0.0624 20
1.261 -0.0187 0.1103 20
1.0212 -0.0153 -0.1618 16
1.3021 -0.0198 0.1599 17
1.0301 -0.0158 -0.1265 16
1.0778 -0.0167 -0.0943 15
1.1004 -0.0175 -0.0577 21
1.1237 -0.0182 -0.0196 18
1.1676 -0.0208 0.0204 17
1.2002 -0.0218 0.0629 20
1.247 -0.0229 0.1091 18
1.0112 -0.0187 -0.1602 16
1.3 -0.0243 0.1596 16
1.0321 -0.0195 -0.1267 16
1.0637 -0.0202 -0.0931 16
1.1003 -0.0213 -0.0577 19
1.1156 -0.022 -0.0195 18
1.1596 -0.0247 0.0202 17
1.2021 -0.026 0.063 19
1.239 -0.027 0.1084 18
1.0032 -0.0221 -0.1589 16
1.2999 -0.0288 0.1596 17
1.0459 -0.0234 -0.1285 16
1.0796 -0.0243 -0.0945 16
1.1002 -0.0252 -0.0577 19
1.1275 -0.0262 -0.0197 18
1.1595 -0.0287 0.0202 17
1.196 -0.0301 0.0627 20
1.2588 -0.0319 0.1102 18
1.0111 -0.0258 -0.1602 16
1.2939 -0.0332 0.1589 16
1.0418 -0.0269 -0.128 16
1.0696 -0.0278 -0.0936 15
1.0961 -0.0289 -0.0575 21
1.1334 -0.0303 -0.0198 17
1.1594 -0.0328 0.0202 17
1.1899 -0.0341 0.0624 19
1.2627 -0.0364 0.1105 18
1.009 -0.0292 -0.1599 16
1.2898 -0.0376 0.1584 17
1.0278 -0.0301 -0.1263 16
1.0814 -0.0319 -0.0947 15
1.092 -0.0326 -0.0573 21
1.1273 -0.034 -0.0197 15
1.1712 -0.0372 0.0205 17
1.1917 -0.0383 0.0625 20
1.2546 -0.0405 0.1098 18
1.0148 -0.033 -0.1608 16
1.3015 -0.0425 0.1599 17
1.0337 -0.0339 -0.127 16
1.0693 -0.0353 -0.0936 16
1.0999 -0.0367 -0.0577 19
1.1172 -0.0376 -0.0195 18
1.1711 -0.0413 0.0205 17
1.2096 -0.0431 0.0634 19
1.2504 -0.0448 0.1095 18
1.0107 -0.0364 -0.1602 15
1.2934 -0.0467 0.1589 16
1.0355 -0.0376 -0.1272 16
1.0712 -0.0391 -0.0938 16
1.0977 -0.0404 -0.0576 19
1.131 -0.0421 -0.0198 18
1.159 -0.0449 0.0202 17
1.2014 -0.047 0.063 19
1.2562 -0.0494 0.11 20
0.9988 -0.0394 -0.1583 13
1.2972 -0.0514 0.1594 17
1.0334 -0.0411 -0.127 16
1.073 -0.0429 -0.094 16
1.0936 -0.0441 -0.0574 19
1.1229 -0.0457 -0.0196 18
1.1648 -0.0492 0.0203 18
1.1973 -0.0508 0.0628 19
1.2521 -0.0536 0.1096 16
1.0085 -0.0433 -0.1599 16
1.2891 -0.0556 0.1584 16
1.0352 -0.0448 -0.1272 16
1.0789 -0.0469 -0.0945 16
1.0875 -0.0477 -0.057 19
1.1367 -0.05 -0.0199 17
1.1666 -0.0532 0.0204 17
1.1851 -0.0544 0.0622 19
1.2618 -0.0584 0.1105 18
1.0103 -0.0468 -0.1602 16
1.2909 -0.06 0.1587 16
1.0291 -0.048 -0.1265 16
1.0787 -0.0507 -0.0945 16
1.0913 -0.0515 -0.0573 21
1.1266 -0.0535 -0.0197 18
1.1744 -0.0576 0.0205 18
1.1849 -0.0586 0.0622 19
1.2596 -0.0625 0.1103 18
1.018 -0.0507 -0.1614 16
1.2966 -0.0648 0.1594 16
1.0369 -0.052 -0.1275 16
1.0686 -0.0538 -0.0936 15
1.0991 -0.0557 -0.0577 21
1.1184 -0.057 -0.0195 18
1.1642 -0.0612 0.0203 18
1.1887 -0.0629 0.0624 19
1.2415 -0.0659 0.1088 18
1.0179 -0.0542 -0.1614 16
1.3004 -0.0695 0.1599 16
1.0288 -0.0552 -0.1265 16
1.0763 -0.0579 -0.0943 15
1.0929 -0.0592 -0.0574 19
1.1222 -0.0612 -0.0196 18
1.158 -0.0649 0.0202 17
1.2004 -0.0677 0.063 19
1.2492 -0.0707 0.1095 18
1.0058 -0.0571 -0.1596 16
1.2961 -0.0738 0.1594 16
1.0405 -0.0594 -0.128 16
1.0741 -0.0616 -0.0941 16
1.0987 -0.0633 -0.0577 19
1.1299 -0.0655 -0.0198 15
1.1638 -0.0693 0.0203 18
1.1882 -0.0712 0.0624 19
1.2529 -0.0753 0.1098 18
0.9997 -0.0603 -0.1586 15
1.288 -0.0779 0.1584 16
1.0403 -0.0631 -0.128 16
1.0719 -0.0652 -0.094 15
1.0945 -0.0669 -0.0575 19
1.1257 -0.0692 -0.0197 18
1.1675 -0.0737 0.0204 18
1.184 -0.0751 0.0622 20
1.2586 -0.0801 0.1103 20
1.0093 -0.0644 -0.1602 15
1.2837 -0.0821 0.1579 15
1.0321 -0.0662 -0.127 16
1.0717 -0.0689 -0.094 15
1.0882 -0.0704 -0.0572 19
1.1274 -0.0733 -0.0197 15
1.1692 -0.0779 0.0205 17
1.1837 -0.0792 0.0622 19
1.2504 -0.0839 0.1096 20
1.0131 -0.0682 -0.1608 16
1.2894 -0.087 0.1587 16
1.0358 -0.0701 -0.1275 16
1.0794 -0.0732 -0.0947 15
1.092 -0.0744 -0.0574 17
1.1152 -0.0764 -0.0195 18
1.163 -0.0815 0.0203 18
1.1954 -0.0842 0.0628 19
1.2521 -0.0884 0.1098 18
1.0108 -0.0716 -0.1605 16
1.293 -0.0918 0.1592 16
1.0395 -0.074 -0.128 16
1.0652 -0.076 -0.0934 16
1.0937 -0.0784 -0.0575 21
1.1289 -0.0813 -0.0198 18
1.1607 -0.0854 0.0203 17
1.1991 -0.0887 0.063 20
1.2518 -0.0928 0.1098 18
1.0007 -0.0744 -0.1589 16
1.2927 -0.0963 0.1592 16
1.0314 -0.077 -0.127 16
1.0649 -0.0797 -0.0934 15
1.0914 -0.0821 -0.0574 19
1.1286 -0.0853 -0.0198 15
1.1644 -0.0898 0.0204 17
1.1928 -0.0924 0.0627 19
1.2574 -0.0976 0.1103 18
1.0103 -0.0786 -0.1605 16
1.2844 -0.1002 0.1582 16
1.043 -0.0815 -0.1285 16
1.0686 -0.0837 -0.0938 15
1.0911 -0.0859 -0.0574 17
1.1323 -0.0895 -0.0198 15
1.1601 -0.0935 0.0203 17
1.1865 -0.0961 0.0624 19
1.267 -0.1028 0.1112 20
1.012 -0.0823 -0.1608 15
1.294 -0.1055 0.1594 16
1.0328 -0.0844 -0.1272 16
1.0783 -0.0883 -0.0947 15
1.0968 -0.0902 -0.0577 19
1.12 -0.0925 -0.0196 18
1.1677 -0.0981 0.0205 17
1.1941 -0.1007 0.0628 19
1.2547 -0.106 0.1102 18
1.0157 -0.086 -0.1614 15
1.2896 -0.1094 0.1589 17
1.0246 -0.0871 -0.1263 16
1.076 -0.0917 -0.0945 15
1.0905 -0.0933 -0.0574 17
1.1197 -0.0962 -0.0196 18
1.1713 -0.1025 0.0205 18
1.1938 -0.1049 0.0628 20
1.2444 -0.1095 0.1093 18
1.0154 -0.0895 -0.1614 16
1.2972 -0.1146 0.1599 16
1.0322 -0.0914 -0.1272 17
1.0657 -0.0946 -0.0936 15
1.0922 -0.0973 -0.0575 21
1.1194 -0.1001 -0.0196 18
1.1551 -0.1051 0.0202 17
1.2033 -0.1099 0.0633 20
1.244 -0.1139 0.1093 17
1.0091 -0.0925 -0.1605 16
1.2928 -0.1188 0.1594 16
1.0417 -0.0959 -0.1285 16
1.0753 -0.0992 -0.0945 16
1.0918 -0.1011 -0.0575 19
1.123 -0.1044 -0.0197 15
1.1547 -0.1091 0.0202 17
1.193 -0.1132 0.0628 19
1.2516 -0.119 0.11 17
1.0088 -0.0961 -0.1605 16
1.2825 -0.1224 0.1582 16
1.0473 -0.1001 -0.1292 16
1.065 -0.102 -0.0936 16
1.0835 -0.1041 -0.057 21
1.1306 -0.1091 -0.0198 17
1.1622 -0.114 0.0204 17
1.1847 -0.1164 0.0624 19
1.2492 -0.1231 0.1098 18
1.0065 -0.0994 -0.1602 16
1.288 -0.1274 0.1589 16
1.0213 -0.1012 -0.126 16
1.0845 -0.1077 -0.0953 18
1.0911 -0.1087 -0.0575 19
1.1223 -0.112 -0.0197 18
1.1738 -0.119 0.0206 17
1.1922 -0.1213 0.0628 19
1.2467 -0.1273 0.1096 17
1.0101 -0.1031 -0.1608 16
1.2955 -0.1325 0.1599 16
1.0367 -0.1062 -0.128 16
1.0762 -0.1106 -0.0947 15
1.0868 -0.1119 -0.0573 19
1.1059 -0.1143 -0.0194 18
1.1714 -0.1229 0.0206 18
1.1958 -0.1257 0.063 19
1.2463 -0.1314 0.1096 18
1.0156 -0.1073 -0.1618 16
1.3029 -0.1379 0.1609 17
1.0285 -0.109 -0.127 16
1.0719 -0.1138 -0.0943 15
1.0983 -0.117 -0.0579 19
1.1175 -0.1192 -0.0196 18
1.1571 -0.1253 0.0203 17
1.2052 -0.1309 0.0635 19
1.2439 -0.1356 0.1095 18
1.0015 -0.1092 -0.1596 16
1.2985 -0.1417 0.1604 17
1.0399 -0.1137 -0.1285 16
1.0794 -0.1184 -0.095 18
1.0979 -0.1206 -0.0579 21
1.121 -0.1236 -0.0197 18
1.1526 -0.1289 0.0202 17
1.1949 -0.134 0.063 19
1.2493 -0.1404 0.11 18
1.0011 -0.1126 -0.1596 16
1.294 -0.1458 0.1599 16
1.0376 -0.1171 -0.1282 14
1.0691 -0.1209 -0.0941 15
1.0875 -0.1233 -0.0574 19
1.1186 -0.1273 -0.0197 15
1.1601 -0.1338 0.0204 17
1.1845 -0.137 0.0625 17
1.2607 -0.1461 0.111 20
1.0086 -0.1171 -0.1608 16
1.2837 -0.1492 0.1587 16
1.0253 -0.1194 -0.1267 16
1.0766 -0.1255 -0.0948 16
1.0911 -0.1276 -0.0576 19
1.1261 -0.1321 -0.0198 17
1.1696 -0.1391 0.0206 18
1.1939 -0.1424 0.063 19
1.2523 -0.1495 0.1103 20
1.0199 -0.122 -0.1627 16
1.293 -0.1549 0.1599 17
1.0308 -0.1236 -0.1275 16
1.0781 -0.1297 -0.095 18
1.0926 -0.1316 -0.0577 19
1.1157 -0.1348 -0.0196 18
1.1671 -0.1429 0.0205 17
1.1934 -0.1465 0.063 19
1.2498 -0.1539 0.1102 18
1.0156 -0.1252 -0.1621 16
1.3003 -0.1603 0.1609 16
1.0284 -0.127 -0.1272 16
1.0598 -0.1313 -0.0934 15
1.102 -0.1369 -0.0582 17
1.1232 -0.1397 -0.0198 15
1.1567 -0.1459 0.0203 18
1.1968 -0.1514 0.0632 19
1.2492 -0.1583 0.1102 18
1.0073 -0.1278 -0.1608 15
1.2977 -0.1649 0.1606 16
1.0378 -0.132 -0.1285 16
1.0673 -0.136 -0.0941 15
1.0936 -0.1397 -0.0578 17
1.1187 -0.1433 -0.0197 15
1.1641 -0.151 0.0205 16
1.2002 -0.1561 0.0634 19
1.2447 -0.1621 0.1098 18
0.999 -0.1303 -0.1596 16
1.2893 -0.1684 0.1596 16
1.0314 -0.1349 -0.1277 14
1.0668 -0.1397 -0.0941 16
1.0931 -0.1435 -0.0578 19
1.1301 -0.1488 -0.0199 15
1.1655 -0.1553 0.0205 17
1.1918 -0.159 0.063 20
1.256 -0.168 0.1109 18
1.0161 -0.1361 -0.1624 16
1.2907 -0.1731 0.1599 16
1.027 -0.1378 -0.1272 16
1.0722 -0.1442 -0.0947 16
1.0946 -0.1476 -0.0579 19
1.1276 -0.1523 -0.0199 17
1.169 -0.1597 0.0206 17
1.1873 -0.1624 0.0628 19
1.2594 -0.1727 0.1112 18
1.0118 -0.139 -0.1618 16
1.292 -0.1777 0.1601 17
1.0305 -0.1417 -0.1277 16
1.0717 -0.1478 -0.0947 15
1.0901 -0.1507 -0.0577 19
1.1053 -0.153 -0.0195 18
1.1645 -0.163 0.0205 17
1.1946 -0.1677 0.0632 19
1.2469 -0.1752 0.1102 18
1.0133 -0.1426 -0.1621 16
1.2934 -0.1822 0.1604 16
1.0379 -0.1464 -0.1287 16
1.0594 -0.1496 -0.0936 16
1.1035 -0.1563 -0.0584 17
1.1285 -0.1602 -0.0199 15
1.1461 -0.1645 0.0202 17
1.2019 -0.173 0.0636 20
1.2483 -0.1799 0.1103 17
1.001 -0.1444 -0.1602 16
1.2967 -0.1873 0.1609 17
1.0314 -0.1492 -0.128 16
1.0549 -0.1528 -0.0933 15
1.099 -0.1595 -0.0582 17
1.1181 -0.1627 -0.0197 15
1.1633 -0.1712 0.0205 17
1.1974 -0.1766 0.0634 19
1.2477 -0.1842 0.1103 20
1.0044 -0.1485 -0.1608 16
1.2843 -0.1901 0.1594 16
1.025 -0.1519 -0.1272 14
1.0662 -0.1584 -0.0943 16
1.0865 -0.1616 -0.0576 17
1.1313 -0.1687 -0.02 17
1.1627 -0.1752 0.0205 17
1.181 -0.1784 0.0626 20
1.2529 -0.1897 0.1109 20
1.0039 -0.1522 -0.1608 16
1.2836 -0.1946 0.1594 15
1.0304 -0.1564 -0.128 14
1.0774 -0.1639 -0.0953 16
1.0899 -0.1662 -0.0578 17
1.1287 -0.1723 -0.0199 17
1.168 -0.1804 0.0206 18
1.1882 -0.1837 0.063 19
1.2542 -0.1944 0.111 20
1.0111 -0.1569 -0.1621 15
1.2907 -0.2005 0.1604 17
1.0298 -0.1602 -0.128 16
1.0788 -0.168 -0.0955 16
1.0992 -0.1715 -0.0583 19
1.1064 -0.1729 -0.0195 18
1.1634 -0.1836 0.0206 18
1.1876 -0.1879 0.063 19
1.2417 -0.1969 0.11 17
1.0106 -0.1602 -0.1621 16
1.294 -0.2054 0.1609 16
1.0312 -0.1639 -0.1282 16
1.0507 -0.1674 -0.0931 15
1.1025 -0.1758 -0.0585 19
1.1117 -0.1777 -0.0197 21
1.1628 -0.1877 0.0206 18
1.1968 -0.1934 0.0635 20
1.2528 -0.2029 0.111 18
1.0062 -0.1631 -0.1614 16
1.2913 -0.2096 0.1606 17
1.0346 -0.1681 -0.1287 14
1.0659 -0.1734 -0.0945 16
1.0921 -0.178 -0.058 19
1.119 -0.1826 -0.0198 17
1.1503 -0.1896 0.0203 18
1.1942 -0.1973 0.0634 19
1.2501 -0.207 0.1109 18
1.0017 -0.1658 -0.1608 16
1.2906 -0.2139 0.1606 16
1.032 -0.1712 -0.1285 16
1.0751 -0.1787 -0.0953 15
1.0875 -0.181 -0.0578 19
1.1184 -0.1865 -0.0198 15
1.1634 -0.1959 0.0206 17
1.1895 -0.2008 0.0632 19
1.2553 -0.2121 0.1114 18
1.0031 -0.1697 -0.1611 15
1.2859 -0.2177 0.1601 16
1.0216 -0.1732 -0.1272 16
1.0745 -0.1823 -0.0953 16
1.0928 -0.1858 -0.0581 19
1.1197 -0.1908 -0.0198 17
1.1687 -0.201 0.0207 18
1.1927 -0.2056 0.0634 19
1.2467 -0.2151 0.1107 17
1.0083 -0.1742 -0.1621 16
1.291 -0.2232 0.1609 16
1.0249 -0.1774 -0.1277 16
1.0719 -0.1857 -0.0952 18
1.0921 -0.1896 -0.0581 21
1.1092 -0.193 -0.0197 18
1.166 -0.2048 0.0207 18
1.192 -0.2098 0.0634 20
1.2401 -0.2184 0.1102 18
1.0077 -0.1777 -0.1621 15
1.2961 -0.2288 0.1616 16
1.0302 -0.182 -0.1285 16
1.0653 -0.1886 -0.0947 15
1.0915 -0.1934 -0.0581 21
1.1144 -0.1979 -0.0198 18
1.1534 -0.2067 0.0205 18
1.1991 -0.2153 0.0638 19
1.2491 -0.2247 0.111 20
1.0032 -0.1807 -0.1614 16
1.2914 -0.2326 0.1611 16
1.0354 -0.1867 -0.1292 14
1.0607 -0.1916 -0.0943 16
1.0908 -0.1974 -0.0581 19
1.1176 -0.2025 -0.0198 17
1.1546 -0.2113 0.0205 18
1.1925 -0.2184 0.0635 19
1.2483 -0.2291 0.111 18
1.0083 -0.1852 -0.1624 16
1.2886 -0.237 0.1609 16
1.0308 -0.1897 -0.1287 16
1.0718 -0.1975 -0.0953 15
1.0901 -0.2012 -0.0581 21
1.1149 -0.206 -0.0198 20
1.1697 -0.2181 0.0208 18
1.1858 -0.2215 0.0632 19
1.2475 -0.2335 0.111 17
1.0058 -0.1882 -0.1621 16
1.2936 -0.2423 0.1616 17
1.0224 -0.1917 -0.1277 16
1.077 -0.2023 -0.0959 16
1.0933 -0.2056 -0.0583 21
1.1221 -0.2114 -0.0199 20
1.163 -0.221 0.0207 18
1.1733 -0.2232 0.0626 19
1.2487 -0.238 0.1112 18
1.0109 -0.1928 -0.163 16
1.2947 -0.2472 0.1618 17
1.0256 -0.196 -0.1282 16
1.0704 -0.2048 -0.0953 15
1.0926 -0.2094 -0.0583 21
1.1116 -0.2132 -0.0198 18
1.1682 -0.226 0.0208 18
1.1902 -0.2307 0.0635 20
1.24 -0.2408 0.1105 18
1.0025 -0.1947 -0.1618 17
1.2958 -0.2519 0.1621 16
1.0347 -0.2013 -0.1294 16
1.0677 -0.2081 -0.0952 16
1.0958 -0.2138 -0.0585 21
1.1187 -0.2187 -0.0199 20
1.1556 -0.2278 0.0206 20
1.1992 -0.2368 0.0641 20
1.247 -0.2465 0.1112 18
1.0077 -0.1993 -0.1627 16
1.293 -0.256 0.1618 17
1.0301 -0.2041 -0.1289 14
1.0631 -0.2111 -0.0948 18
1.0931 -0.2172 -0.0584 22
1.114 -0.2218 -0.0198 17
1.1607 -0.233 0.0207 18
1.1885 -0.239 0.0635 20
1.2481 -0.2514 0.1114 18
0.9992 -0.2015 -0.1614 16
1.2843 -0.259 0.1609 17
1.0313 -0.2081 -0.1292 16
1.0663 -0.2156 -0.0952 16
1.0903 -0.2208 -0.0583 21
1.1269 -0.2285 -0.0201 20
1.1657 -0.2384 0.0208 18
1.1857 -0.2428 0.0634 19
1.255 -0.2574 0.1121 18
1.0082 -0.2069 -0.163 16
1.2814 -0.2633 0.1606 15
1.0266 -0.2111 -0.1287 16
1.0714 -0.2205 -0.0957 18
1.0837 -0.2234 -0.058 17
1.1183 -0.2308 -0.0199 20
1.1668 -0.2427 0.0208 18
1.1888 -0.2477 0.0636 19
1.2463 -0.2601 0.1114 18
1.0152 -0.2119 -0.1643 16
1.0201 -0.2133 -0.128 16
1.0745 -0.2251 -0.096 15
1.0849 -0.2274 -0.0581 21
1.1155 -0.2343 -0.0199 20
1.1719 -0.248 0.0209 18
1.1957 -0.2535 0.0641 19
1.2357 -0.2622 0.1105 16
1.0048 -0.2134 -0.1627 15
1.0116 -0.2152 -0.127 16
1.064 -0.2265 -0.0952 16
1.0958 -0.2337 -0.0587 19
1.1088 -0.2369 -0.0198 20
1.1593 -0.2496 0.0207 18
1.2007 -0.2589 0.0644 20
0.9982 -0.2156 -0.1618 17
1.0361 -0.2242 -0.1302 16
1.0612 -0.2298 -0.095 16
1.095 -0.2375 -0.0587 19
1.1119 -0.2416 -0.0199 17
1.1506 -0.2519 0.0206 18
1.1979 -0.2625 0.0643 19
1.0071 -0.2212 -0.1633 16
1.0333 -0.2274 -0.1299 16
1.0741 -0.2365 -0.0962 18
1.0864 -0.2396 -0.0583 19
1.1267 -0.2488 -0.0201 17
1.1653 -0.2592 0.0208 18
1.1697 -0.2606 0.0628 15
1.0045 -0.2242 -0.163 16
1.0268 -0.2295 -0.1292 16
1.0674 -0.239 -0.0957 18
1.0895 -0.2441 -0.0585 21
1.118 -0.2509 -0.02 20
1.1683 -0.2642 0.0209 18
1.0056 -0.2281 -0.1633 16
1.0279 -0.2335 -0.1294 16
1.0647 -0.2421 -0.0955 16
1.0886 -0.2479 -0.0585 19
1.1015 -0.2513 -0.0197 18
1.1635 -0.2673 0.0208 16
1.0067 -0.2321 -0.1636 16
1.0309 -0.238 -0.1299 16
1.058 -0.2444 -0.095 16
1.0955 -0.2535 -0.0589 21
1.1123 -0.2578 -0.0199 17
0.9963 -0.2333 -0.1621 16
1.032 -0.2421 -0.1302 14
1.0649 -0.25 -0.0957 19
1.0907 -0.2564 -0.0587 19
1.1173 -0.2629 -0.02 12
0.9974 -0.2371 -0.1624 16
1.0254 -0.2441 -0.1294 16
1.0718 -0.2555 -0.0964 16
1.0899 -0.26 -0.0587 19
1.1222 -0.2682 -0.0201 10
0.9985 -0.241 -0.1627 16
1.0188 -0.2463 -0.1287 16
1.0747 -0.2602 -0.0967 18
1.0812 -0.262 -0.0583 19
1.0072 -0.247 -0.1643 16
1.0218 -0.2508 -0.1292 16
1.0622 -0.2611 -0.0957 18
1.0705 -0.2635 -0.0578 10
1.0102 -0.2515 -0.1649 16
1.0189 -0.254 -0.1289 16
1.0612 -0.265 -0.0957 16
0.9959 -0.2518 -0.1627 15
1.0296 -0.2605 -0.1304 16
1.0545 -0.2672 -0.0952 12
1.0008 -0.2564 -0.1636 15
1.0268 -0.2634 -0.1302 14
1.0094 -0.2626 -0.1652 15
1.0124 -0.2635 -0.1285 11
0.9932 -0.262 -0.1627 11
0.9713 -0.2599 -0.1593 6
1.0142 -0.2752 -0.1664 2
