1.475 0.1871 -0.1826 8
1.4776 0.1822 -0.1828 6
1.4802 0.1773 -0.183 7
1.545 0.1848 -0.1361 21
1.5866 0.1892 -0.0837 21
1.4868 0.1728 -0.1838 6
1.5437 0.1792 -0.136 21
1.5872 0.1836 -0.0837 21
1.6429 0.1895 -0.0289 29
1.4933 0.1683 -0.1845 7
1.5562 0.1751 -0.137 22
1.5799 0.1772 -0.0833 22
1.6475 0.1842 -0.0289 27
1.6994 0.1873 0.0298 16
1.482 0.1618 -0.183 7
1.5509 0.169 -0.1365 21
1.5805 0.1717 -0.0833 21
1.6501 0.1787 -0.029 29
1.708 0.1822 0.03 16
1.7398 0.1853 0.0917 16
1.4905 0.1574 -0.184 7
1.5495 0.1634 -0.1363 21
1.5851 0.1666 -0.0835 21
1.6407 0.1722 -0.0288 30
1.6967 0.1753 0.0298 16
1.7523 0.1805 0.0923 17
1.8135 0.1861 0.1595 15
1.4791 0.1513 -0.1826 8
1.5381 0.1568 -0.1353 21
1.5936 0.1622 -0.0839 21
1.6374 0.166 -0.0287 29
1.6953 0.1692 0.0297 17
1.7589 0.1749 0.0926 17
1.8201 0.1807 0.16 15
1.4954 0.1477 -0.1845 7
1.5347 0.151 -0.1349 21
1.5822 0.1554 -0.0833 21
1.6359 0.1601 -0.0287 27
1.6899 0.1627 0.0296 17
1.7555 0.1684 0.0924 17
1.8267 0.1746 0.1605 15
1.49 0.1419 -0.1838 7
1.5471 0.1468 -0.136 21
1.5748 0.1489 -0.0829 22
1.6484 0.1555 -0.0289 29
1.6945 0.1569 0.0297 16
1.7362 0.1605 0.0914 18
1.8312 0.1686 0.1609 16
1.4846 0.1359 -0.183 7
1.5516 0.1418 -0.1363 22
1.5833 0.1441 -0.0833 21
1.647 0.1496 -0.0289 27
1.699 0.1516 0.0298 17
1.7467 0.1553 0.0919 16
1.8239 0.1615 0.1602 15
1.4752 0.1301 -0.1818 8
1.5501 0.1362 -0.1361 22
1.5917 0.1395 -0.0837 21
1.6315 0.1425 -0.0286 29
1.7035 0.146 0.0298 16
1.7492 0.1493 0.092 17
1.8145 0.1546 0.1593 16
1.4855 0.1258 -0.183 7
1.5386 0.13 -0.1351 21
1.5922 0.134 -0.0837 21
1.64 0.1374 -0.0287 29
1.696 0.1394 0.0297 16
1.7617 0.1442 0.0926 17
1.821 0.1488 0.1598 15
1.4938 0.1212 -0.184 7
1.541 0.1248 -0.1353 21
1.5887 0.1281 -0.0835 21
1.6345 0.1312 -0.0286 27
1.6925 0.1332 0.0296 17
1.7502 0.1374 0.092 17
1.8215 0.1424 0.1598 16
1.4863 0.1157 -0.183 7
1.5435 0.1196 -0.1354 21
1.5771 0.1216 -0.0829 21
1.6369 0.126 -0.0287 26
1.6929 0.1276 0.0296 17
1.7387 0.1307 0.0914 18
1.8219 0.1364 0.1598 15
1.4827 0.1104 -0.1826 8
1.5538 0.1152 -0.1363 21
1.5815 0.1167 -0.0831 21
1.6393 0.1207 -0.0287 27
1.7013 0.1225 0.0298 16
1.7411 0.1248 0.0915 18
1.8204 0.1302 0.1597 15
1.4811 0.1051 -0.1823 8
1.5522 0.1099 -0.1361 21
1.5859 0.1117 -0.0833 21
1.6317 0.1144 -0.0286 26
1.6938 0.1161 0.0296 16
1.7396 0.1186 0.0914 18
1.8149 0.1234 0.1591 15
1.4854 0.1002 -0.1828 6
1.5406 0.1037 -0.1351 21
1.5942 0.1067 -0.0837 21
1.6341 0.1088 -0.0286 29
1.6902 0.1099 0.0296 17
1.7519 0.1133 0.092 17
1.8173 0.1172 0.1593 15
1.4878 0.0952 -0.183 7
1.543 0.0982 -0.1353 21
1.5906 0.1009 -0.0835 21
1.6385 0.1034 -0.0287 29
1.6866 0.1037 0.0295 16
1.7483 0.1069 0.0918 16
1.8217 0.1108 0.1597 16
1.4821 0.0896 -0.1823 8
1.5433 0.0928 -0.1353 21
1.583 0.0946 -0.0831 21
1.6448 0.098 -0.0288 27
1.6949 0.098 0.0296 17
1.7387 0.1003 0.0913 19
1.8161 0.1041 0.1591 15
1.4745 0.0837 -0.1813 6
1.5476 0.0876 -0.1356 21
1.5833 0.0891 -0.0831 21
1.6352 0.0917 -0.0286 27
1.6912 0.0922 0.0296 16
1.7351 0.094 0.0911 18
1.8164 0.0977 0.1591 15
1.4788 0.0791 -0.1818 6
1.5459 0.0821 -0.1354 21
1.5836 0.0838 -0.0831 21
1.6175 0.0851 -0.0283 27
1.6955 0.0865 0.0296 16
1.7414 0.0885 0.0914 18
1.8048 0.0911 0.1581 16
1.4909 0.0745 -0.1833 7
1.5402 0.0767 -0.1349 21
1.5839 0.0783 -0.0831 21
1.6338 0.0805 -0.0286 26
1.6818 0.0802 0.0294 17
1.7417 0.0824 0.0914 18
1.8151 0.0853 0.159 14
1.4912 0.0695 -0.1833 6
1.5405 0.0713 -0.1349 21
1.5841 0.073 -0.0831 21
1.64 0.075 -0.0287 27
1.6881 0.0746 0.0295 17
1.7439 0.0764 0.0915 18
1.8113 0.0791 0.1586 15
1.4855 0.0641 -0.1826 6
1.5427 0.0663 -0.1351 21
1.5764 0.0672 -0.0827 21
1.6343 0.0691 -0.0286 26
1.6943 0.0689 0.0296 17
1.7342 0.07 0.091 18
1.8156 0.0729 0.159 16
1.4718 0.0583 -0.1809 6
1.5548 0.0614 -0.1361 22
1.5806 0.0618 -0.0829 21
1.6305 0.0632 -0.0285 27
1.6966 0.0631 0.0296 16
1.7324 0.0638 0.0909 18
1.8158 0.0666 0.159 16
1.4859 0.0537 -0.1826 6
1.5411 0.0552 -0.1349 21
1.5848 0.0565 -0.0831 21
1.6287 0.0574 -0.0284 27
1.6948 0.0571 0.0296 17
1.7406 0.058 0.0913 18
1.8021 0.0595 0.1578 15
1.49 0.0486 -0.183 5
1.5333 0.0495 -0.1342 21
1.589 0.0508 -0.0833 21
1.6189 0.0514 -0.0283 26
1.689 0.0507 0.0295 16
1.7388 0.0519 0.0912 18
1.8083 0.0534 0.1583 16
1.4822 0.043 -0.1821 6
1.5415 0.0444 -0.1349 21
1.5852 0.0451 -0.0831 21
1.6271 0.046 -0.0284 26
1.6931 0.0452 0.0296 18
1.741 0.0459 0.0913 18
1.8085 0.047 0.1583 16
1.4844 0.0381 -0.1823 8
1.5456 0.0391 -0.1353 21
1.5773 0.0397 -0.0827 21
1.6313 0.0404 -0.0285 27
1.6913 0.0393 0.0295 17
1.7272 0.0395 0.0905 18
1.8106 0.0411 0.1584 15
1.4825 0.0329 -0.1821 8
1.5437 0.034 -0.1351 21
1.5775 0.0341 -0.0827 21
1.6294 0.0347 -0.0284 27
1.6934 0.0334 0.0296 17
1.7253 0.0334 0.0904 18
1.8107 0.0348 0.1584 16
1.4866 0.0278 -0.1826 8
1.5418 0.0285 -0.1349 21
1.5856 0.0288 -0.0831 21
1.6255 0.0289 -0.0284 27
1.6975 0.0276 0.0296 16
1.7374 0.0276 0.0911 18
1.7969 0.0282 0.1572 15
1.4847 0.0225 -0.1823 6
1.532 0.0227 -0.134 22
1.5896 0.0233 -0.0833 21
1.6296 0.0233 -0.0284 29
1.6816 0.0214 0.0294 17
1.7435 0.0216 0.0914 19
1.803 0.0217 0.1578 15
1.4927 0.0175 -0.1833 7
1.534 0.0174 -0.1342 22
1.5857 0.0174 -0.0831 21
1.6337 0.0177 -0.0285 27
1.6817 0.0153 0.0294 16
1.7336 0.0154 0.0909 18
1.805 0.0154 0.1579 16
1.4848 0.0119 -0.1823 8
1.5401 0.0121 -0.1347 21
1.5778 0.0118 -0.0827 22
1.6397 0.012 -0.0286 26
1.6877 0.0097 0.0295 17
1.7256 0.0093 0.0904 18
1.8111 0.0092 0.1584 15
1.4828 0.007 -0.1821 8
1.5441 0.0067 -0.1351 21
1.5718 0.0066 -0.0824 22
1.6357 0.0063 -0.0286 27
1.6937 0.0038 0.0296 17
1.7236 0.0036 0.0903 18
1.8111 0.0032 0.1584 15
1.4888 0.0018 -0.1828 9
1.5421 0.0016 -0.1349 21
1.5778 0.0011 -0.0827 21
1.6158 0.0008 -0.0282 27
1.6897 -0.0018 0.0295 17
1.7336 -0.0024 0.0909 18
1.7991 -0.0031 0.1574 16
1.4789 -0.0031 -0.1816 9
1.5302 -0.0037 -0.1339 21
1.5858 -0.0042 -0.0831 21
1.6217 -0.0048 -0.0283 27
1.6797 -0.0076 0.0293 17
1.7376 -0.0085 0.0911 18
1.8031 -0.0091 0.1578 15
1.4868 -0.0083 -0.1826 9
1.5401 -0.0089 -0.1347 22
1.5858 -0.0097 -0.0831 21
1.6197 -0.0105 -0.0283 27
1.6817 -0.0135 0.0294 16
1.7336 -0.0145 0.0909 18
1.7991 -0.0154 0.1574 16
1.4888 -0.0135 -0.1828 9
1.5401 -0.0142 -0.1347 21
1.5738 -0.0151 -0.0825 21
1.6337 -0.0163 -0.0285 29
1.6816 -0.0194 0.0294 17
1.7215 -0.0204 0.0902 18
1.803 -0.0217 0.1578 15
1.4748 -0.0185 -0.1811 9
1.54 -0.0196 -0.1347 21
1.5697 -0.0205 -0.0823 21
1.6256 -0.0218 -0.0284 26
1.6856 -0.0253 0.0294 16
1.7234 -0.0265 0.0903 19
1.8129 -0.0282 0.1586 16
1.4827 -0.0238 -0.1821 8
1.5359 -0.0249 -0.1344 21
1.5816 -0.0262 -0.0829 21
1.6155 -0.0274 -0.0282 26
1.6895 -0.0313 0.0295 16
1.7313 -0.0323 0.0908 18
1.8008 -0.0343 0.1576 16
1.4866 -0.0291 -0.1826 8
1.5398 -0.0304 -0.1347 22
1.5795 -0.0317 -0.0828 22
1.6194 -0.0328 -0.0283 27
1.6793 -0.0366 0.0293 17
1.7352 -0.0385 0.091 18
1.8027 -0.0406 0.1578 15
1.4924 -0.0341 -0.1833 8
1.5417 -0.0358 -0.1349 21
1.5814 -0.037 -0.0829 21
1.6233 -0.0385 -0.0283 26
1.6772 -0.0425 0.0293 17
1.7291 -0.0444 0.0906 18
1.8085 -0.0467 0.1583 16
1.4883 -0.0392 -0.1828 8
1.5416 -0.0412 -0.1349 21
1.5733 -0.0423 -0.0825 22
1.6291 -0.0444 -0.0284 27
1.681 -0.0484 0.0294 18
1.7189 -0.0501 0.0901 18
1.8083 -0.0534 0.1583 16
1.4703 -0.0439 -0.1806 9
1.5414 -0.0466 -0.1349 21
1.5771 -0.0482 -0.0827 21
1.627 -0.05 -0.0284 26
1.6948 -0.055 0.0296 17
1.7187 -0.0564 0.0901 18
1.8081 -0.0597 0.1583 15
1.4761 -0.0495 -0.1813 8
1.5412 -0.0522 -0.1349 21
1.5809 -0.0538 -0.0829 22
1.6168 -0.0556 -0.0282 29
1.6807 -0.0605 0.0294 17
1.7305 -0.0628 0.0908 18
1.7959 -0.0659 0.1572 15
1.4739 -0.0546 -0.1811 11
1.5291 -0.0571 -0.1339 21
1.5807 -0.0596 -0.0829 21
1.6206 -0.0614 -0.0283 26
1.6745 -0.0658 0.0293 17
1.7263 -0.0681 0.0905 18
1.7897 -0.0713 0.1567 16
1.4856 -0.0597 -0.1826 8
1.5349 -0.0622 -0.1344 21
1.5765 -0.0644 -0.0827 21
1.6224 -0.0666 -0.0283 27
1.6742 -0.0713 0.0293 17
1.7241 -0.0738 0.0904 16
1.7955 -0.0774 0.1572 16
1.4696 -0.0639 -0.1806 6
1.5347 -0.0673 -0.1344 21
1.5643 -0.0691 -0.0821 23
1.6341 -0.0725 -0.0286 26
1.684 -0.0774 0.0294 16
1.7198 -0.0796 0.0902 16
1.8012 -0.0837 0.1578 16
1.4654 -0.0688 -0.1801 6
1.5444 -0.0728 -0.1353 21
1.5701 -0.0746 -0.0824 22
1.6259 -0.0778 -0.0284 26
1.6897 -0.0835 0.0295 17
1.7135 -0.0853 0.0899 18
1.8068 -0.0903 0.1583 16
1.475 -0.0745 -0.1813 6
1.5381 -0.0779 -0.1347 21
1.5718 -0.0802 -0.0825 21
1.6096 -0.0827 -0.0281 26
1.6834 -0.0891 0.0294 17
1.7232 -0.0918 0.0904 18
1.7906 -0.0957 0.1569 15
1.4748 -0.0796 -0.1813 6
1.52 -0.0823 -0.1332 21
1.5795 -0.0861 -0.0829 22
1.6093 -0.0883 -0.0281 27
1.6811 -0.0949 0.0294 17
1.7268 -0.0981 0.0906 18
1.7922 -0.1021 0.1571 15
1.4864 -0.0854 -0.1828 8
1.5356 -0.0885 -0.1346 21
1.5712 -0.0911 -0.0825 21
1.627 -0.095 -0.0284 27
1.6787 -0.1006 0.0294 17
1.7265 -0.1041 0.0906 18
1.7939 -0.1085 0.1572 15
1.4762 -0.09 -0.1816 8
1.5313 -0.0937 -0.1342 21
1.5709 -0.0966 -0.0825 22
1.6266 -0.1006 -0.0284 27
1.6804 -0.1066 0.0294 17
1.7162 -0.1095 0.0901 18
1.7994 -0.1151 0.1578 16
1.4719 -0.0949 -0.1811 8
1.5409 -0.0996 -0.1351 22
1.5705 -0.1021 -0.0825 21
1.6303 -0.1066 -0.0285 29
1.68 -0.1125 0.0294 17
1.7197 -0.1157 0.0903 18
1.799 -0.1214 0.1578 16
1.4755 -0.1003 -0.1816 8
1.5366 -0.1048 -0.1347 21
1.5741 -0.1079 -0.0827 21
1.6139 -0.1112 -0.0282 26
1.6776 -0.1182 0.0294 17
1.7193 -0.1217 0.0903 18
1.7926 -0.1272 0.1572 14
1.4712 -0.1052 -0.1811 8
1.5262 -0.1094 -0.1339 21
1.5738 -0.1134 -0.0827 21
1.6095 -0.1165 -0.0282 27
1.6752 -0.1239 0.0293 17
1.7249 -0.1279 0.0906 18
1.7882 -0.1332 0.1569 16
1.4807 -0.1111 -0.1823 6
1.5298 -0.115 -0.1342 21
1.5773 -0.1192 -0.0829 21
1.6191 -0.1226 -0.0283 27
1.6767 -0.1296 0.0294 18
1.7324 -0.1345 0.0911 18
1.7937 -0.1399 0.1574 16
1.4862 -0.1164 -0.183 7
1.5314 -0.1205 -0.1344 22
1.565 -0.1234 -0.0823 21
1.6247 -0.1287 -0.0284 26
1.6743 -0.1353 0.0293 17
1.72 -0.1396 0.0904 18
1.7972 -0.1462 0.1578 16
1.474 -0.1207 -0.1816 8
1.5369 -0.1264 -0.1349 21
1.5725 -0.1296 -0.0827 21
1.6182 -0.1339 -0.0283 27
1.6838 -0.142 0.0295 17
1.7175 -0.1454 0.0903 19
1.7966 -0.1528 0.1578 16
1.4775 -0.1261 -0.1821 8
1.5365 -0.1317 -0.1349 21
1.572 -0.1353 -0.0827 21
1.6058 -0.1385 -0.0281 27
1.6812 -0.148 0.0295 17
1.715 -0.1512 0.0902 18
1.7842 -0.158 0.1567 16
1.479 -0.1317 -0.1823 9
1.5241 -0.136 -0.1339 21
1.5755 -0.1412 -0.0829 21
1.6153 -0.145 -0.0283 27
1.6728 -0.1528 0.0293 17
1.7244 -0.1581 0.0908 18
1.7896 -0.1648 0.1572 15
1.4825 -0.137 -0.1828 8
1.5315 -0.1421 -0.1346 21
1.575 -0.1464 -0.0829 21
1.6187 -0.151 -0.0284 26
1.6762 -0.159 0.0294 17
1.7159 -0.1631 0.0903 19
1.791 -0.1709 0.1574 15
1.482 -0.1422 -0.1828 8
1.537 -0.1477 -0.1351 22
1.5626 -0.1507 -0.0823 21
1.6182 -0.1564 -0.0284 26
1.6757 -0.1646 0.0294 17
1.7113 -0.1687 0.0901 18
1.8003 -0.1781 0.1583 16
1.4776 -0.1467 -0.1823 9
1.5385 -0.1533 -0.1353 21
1.57 -0.1567 -0.0827 21
1.6236 -0.1626 -0.0285 26
1.6831 -0.1713 0.0295 17
1.7167 -0.1753 0.0904 18
1.7878 -0.1829 0.1572 15
1.4751 -0.1517 -0.1821 9
1.534 -0.158 -0.1349 21
1.5735 -0.1626 -0.0829 21
1.6111 -0.1671 -0.0283 26
1.6765 -0.1765 0.0294 17
1.7141 -0.1811 0.0903 18
1.7832 -0.1887 0.1569 15
1.4686 -0.1562 -0.1813 9
1.5235 -0.1623 -0.134 22
1.5729 -0.1681 -0.0829 21
1.6165 -0.1733 -0.0284 27
1.6659 -0.1813 0.0293 17
1.7333 -0.1892 0.0914 19
1.7885 -0.1956 0.1574 15
1.4839 -0.163 -0.1833 7
1.523 -0.1676 -0.134 22
1.5723 -0.1736 -0.0829 21
1.6179 -0.1792 -0.0284 26
1.6752 -0.1882 0.0294 17
1.7148 -0.1933 0.0904 18
1.7898 -0.202 0.1576 16
1.4695 -0.1666 -0.1816 8
1.5342 -0.1743 -0.1351 21
1.5558 -0.1773 -0.0821 24
1.6212 -0.1853 -0.0285 27
1.6726 -0.1938 0.0294 17
1.7081 -0.1985 0.0901 19
1.795 -0.209 0.1581 15
1.4689 -0.1718 -0.1816 8
1.5336 -0.1796 -0.1351 21
1.5671 -0.1841 -0.0827 21
1.6245 -0.1914 -0.0286 26
1.6739 -0.1999 0.0294 16
1.7114 -0.205 0.0903 18
1.7903 -0.2147 0.1578 16
1.4643 -0.1764 -0.1811 8
1.531 -0.1847 -0.1349 21
1.5624 -0.1891 -0.0825 21
1.608 -0.1952 -0.0283 27
1.6751 -0.206 0.0295 17
1.7166 -0.2117 0.0906 18
1.7836 -0.2203 0.1572 15
1.4736 -0.1828 -0.1823 8
1.5224 -0.1891 -0.1342 21
1.5737 -0.196 -0.0831 21
1.6053 -0.2005 -0.0282 27
1.6665 -0.2108 0.0293 17
1.7198 -0.2182 0.0909 18
1.7887 -0.2272 0.1578 15
1.4769 -0.1884 -0.1828 6
1.5218 -0.1944 -0.1342 21
1.569 -0.201 -0.0829 21
1.6105 -0.2069 -0.0283 26
1.6657 -0.2166 0.0293 17
1.7171 -0.2236 0.0908 19
1.784 -0.233 0.1574 15
1.4742 -0.1933 -0.1826 8
1.529 -0.2008 -0.1349 21
1.5564 -0.2049 -0.0823 21
1.6178 -0.2133 -0.0285 26
1.669 -0.2227 0.0294 17
1.7124 -0.2291 0.0905 18
1.7911 -0.2403 0.1581 15
1.4657 -0.1971 -0.1816 5
1.5303 -0.2064 -0.1351 20
1.5676 -0.2117 -0.0829 21
1.617 -0.2189 -0.0285 27
1.6721 -0.2291 0.0295 17
1.7175 -0.2359 0.0909 18
1.7962 -0.247 0.1586 16
1.4611 -0.2017 -0.1811 6
1.5276 -0.2112 -0.1349 21
1.5669 -0.2171 -0.0829 21
1.6043 -0.2229 -0.0283 26
1.6753 -0.2354 0.0295 17
1.7186 -0.2422 0.091 19
1.4564 -0.2062 -0.1806 5
1.5189 -0.2154 -0.1342 21
1.5661 -0.2226 -0.0829 21
1.6154 -0.2302 -0.0285 26
1.6626 -0.2396 0.0293 17
1.7198 -0.2484 0.0911 18
1.4655 -0.2128 -0.1818 5
1.5202 -0.221 -0.1344 22
1.5653 -0.2281 -0.0829 22
1.6107 -0.2353 -0.0284 27
1.6657 -0.246 0.0294 17
1.4687 -0.2184 -0.1823 5
1.5253 -0.2271 -0.1349 21
1.5605 -0.2329 -0.0827 21
1.6197 -0.2424 -0.0286 27
1.4522 -0.2212 -0.1804 5
1.5284 -0.2331 -0.1353 21
1.5538 -0.2375 -0.0824 22
1.6129 -0.2471 -0.0285 26
1.4514 -0.2263 -0.1804 5
1.5335 -0.2393 -0.1358 21
1.5628 -0.2445 -0.0829 22
1.4546 -0.2317 -0.1809 5
1.5169 -0.2422 -0.1344 22
1.4617 -0.2378 -0.1818 5
1.5259 -0.2488 -0.1353 21
1.4491 -0.2409 -0.1804 5
1.4443 -0.2453 -0.1799 5
