0.5584 0.2254 -0.139 11
0.5737 0.2292 -0.1426 11
0.56 0.2215 -0.139 11
0.5716 0.2238 -0.1417 11
0.5579 0.2162 -0.1381 11
0.5477 0.2099 -0.1354 11
0.5952 0.2275 -0.0782 6
0.5612 0.2129 -0.1386 11
0.6003 0.2276 -0.1248 12
0.5874 0.2226 -0.0995 5
0.596 0.2256 -0.0782 6
0.5637 0.2117 -0.139 11
0.5827 0.2187 -0.121 12
0.5771 0.2163 -0.0976 11
0.5967 0.2235 -0.0782 6
0.559 0.2078 -0.1377 11
0.6055 0.2248 -0.1256 11
0.6 0.2227 -0.1014 11
0.5421 0.1995 -0.1548 10
0.5633 0.2072 -0.1386 11
0.5694 0.2093 -0.1179 12
0.6008 0.2206 -0.1014 11
0.5871 0.2153 -0.0768 7
0.5622 0.2045 -0.1381 11
0.5591 0.2033 -0.1156 13
0.5979 0.2171 -0.1007 11
0.599 0.2173 -0.0782 6
0.5611 0.2019 -0.1377 11
0.5782 0.208 -0.1194 12
0.5763 0.207 -0.097 12
0.5998 0.2152 -0.0782 6
0.6226 0.2233 -0.0579 7
0.5368 0.1913 -0.1527 10
0.5563 0.198 -0.1363 11
0.5901 0.2099 -0.1217 12
0.5733 0.2037 -0.0964 12
0.5893 0.2091 -0.0768 7
0.6459 0.2291 -0.06 7
0.5375 0.1894 -0.1527 10
0.5588 0.1967 -0.1368 11
0.6019 0.2117 -0.124 12
0.5852 0.2056 -0.0982 11
0.5675 0.1993 -0.0739 7
0.6317 0.2216 -0.0586 7
0.5308 0.1851 -0.1506 10
0.5687 0.198 -0.139 11
0.5915 0.2059 -0.1217 12
0.5971 0.2076 -0.1001 11
0.6094 0.2117 -0.0792 6
0.6475 0.2247 -0.06 7
0.5638 0.1942 -0.1377 11
0.5736 0.1975 -0.1179 12
0.5903 0.203 -0.0989 11
0.5876 0.2019 -0.0763 7
0.6332 0.2173 -0.0586 7
0.5285 0.1801 -0.1496 11
0.5755 0.196 -0.1404 11
0.6003 0.2043 -0.1233 12
0.5648 0.192 -0.0945 12
0.5921 0.2011 -0.0768 7
0.6094 0.2068 -0.0563 7
0.5504 0.1852 -0.1341 11
0.5787 0.1946 -0.1187 12
0.5692 0.1912 -0.0951 12
0.5853 0.1964 -0.0758 14
0.6271 0.2103 -0.0579 7
0.6685 0.2239 -0.0369 6
0.6333 0.212 -0.0117 6
0.5658 0.1883 -0.1377 11
0.5943 0.1976 -0.1217 12
0.5849 0.1943 -0.0976 11
0.5972 0.1982 -0.0773 14
0.6222 0.2063 -0.0573 7
0.6787 0.2249 -0.0375 6
0.6796 0.2249 -0.0125 5
0.5486 0.1807 -0.1548 10
0.5776 0.19 -0.1404 11
0.5688 0.187 -0.1164 13
0.5856 0.1923 -0.0976 11
0.5866 0.1924 -0.0758 14
0.6248 0.2048 -0.0575 7
0.6662 0.2181 -0.0367 6
0.6462 0.2113 -0.0119 6
0.5652 0.1838 -0.1372 11
0.5583 0.1814 -0.1141 13
0.5975 0.1939 -0.0995 11
0.5873 0.1904 -0.0758 7
0.6274 0.2032 -0.0577 7
0.6708 0.217 -0.0369 6
0.6317 0.2042 -0.0116 6
0.7063 0.227 0.0129 4
0.5826 0.1872 -0.1413 11
0.6038 0.1939 -0.1233 12
0.5718 0.1834 -0.0951 12
0.5993 0.1919 -0.0773 14
0.6243 0.1998 -0.0573 7
0.6601 0.2111 -0.0363 7
0.6667 0.2129 -0.0122 6
0.5431 0.1726 -0.1527 10
0.6956 0.2209 0.0127 4
0.5572 0.1769 -0.135 11
0.5857 0.1858 -0.1194 12
0.5762 0.1826 -0.0957 12
0.6075 0.1923 -0.0782 13
0.5984 0.1892 -0.0549 8
0.6571 0.2075 -0.0361 7
0.6617 0.2088 -0.0121 6
0.5216 0.1638 -0.1465 11
0.7136 0.2239 0.0131 4
0.5727 0.1796 -0.1386 11
0.6747 0.2114 0.0371 4
0.5864 0.1838 -0.1194 12
0.5769 0.1806 -0.0957 12
0.5892 0.1842 -0.0758 14
0.6333 0.1977 -0.058 7
0.6463 0.2017 -0.0355 7
0.6606 0.2059 -0.0121 6
0.5222 0.1618 -0.1465 11
0.701 0.2173 0.0128 4
0.5622 0.1741 -0.1359 11
0.6945 0.215 0.0381 3
0.5795 0.1793 -0.1179 12
0.5889 0.1819 -0.0976 11
0.5823 0.1798 -0.0748 14
0.6092 0.1879 -0.0558 7
0.67 0.2064 -0.0367 6
0.6575 0.2024 -0.012 6
0.7152 0.2188 0.0131 4
0.5814 0.1778 -0.1404 11
0.7162 0.219 0.0393 7
0.5764 0.1761 -0.1172 13
0.5706 0.1741 -0.0945 12
0.6019 0.1836 -0.0773 14
0.6156 0.1875 -0.0563 7
0.686 0.2087 -0.0376 6
0.6467 0.1966 -0.0118 6
0.5233 0.1583 -0.1465 11
0.6814 0.206 0.0124 5
0.5839 0.1764 -0.1408 11
0.694 0.2097 0.038 7
0.577 0.1742 -0.1172 13
0.5636 0.1699 -0.0932 12
0.5987 0.1804 -0.0768 7
0.5762 0.1734 -0.0526 8
0.6656 0.2001 -0.0364 7
0.6588 0.1979 -0.012 6
0.5349 0.1599 -0.1496 11
0.707 0.2112 0.0129 4
0.5583 0.1667 -0.1345 11
0.7024 0.2095 0.0384 7
0.5813 0.1734 -0.1179 12
0.7446 0.222 0.068 3
0.5793 0.1726 -0.0957 12
0.5917 0.1761 -0.0758 14
0.6359 0.1891 -0.058 7
0.6491 0.1928 -0.0355 7
0.6825 0.2024 -0.0124 5
0.5244 0.1547 -0.1465 11
0.7097 0.2093 0.0129 4
0.5608 0.1653 -0.135 11
0.6955 0.2048 0.038 7
0.5895 0.1736 -0.1194 12
0.755 0.2222 0.0689 6
0.5723 0.1683 -0.0945 12
0.6038 0.1774 -0.0773 14
0.629 0.1846 -0.0573 7
0.6651 0.195 -0.0363 7
0.664 0.1944 -0.0121 6
0.695 0.2023 0.0126 4
0.552 0.1606 -0.1327 11
0.6923 0.2013 0.0378 8
0.5901 0.1715 -0.1194 12
0.7481 0.2173 0.0682 10
0.5957 0.1729 -0.0982 11
0.5968 0.173 -0.0763 14
0.6047 0.1751 -0.0551 7
0.6561 0.1899 -0.0358 7
0.657 0.1899 -0.0119 6
0.5217 0.1499 -0.1455 11
0.7034 0.2021 0.0128 9
0.5507 0.1581 -0.1323 12
0.7065 0.2027 0.0385 7
0.5756 0.165 -0.1164 13
0.7412 0.2124 0.0675 7
0.5925 0.1697 -0.0976 11
0.7901 0.2263 0.1009 9
0.5974 0.171 -0.0763 14
0.6149 0.1757 -0.056 7
0.6664 0.1902 -0.0363 7
0.625 0.1783 -0.0113 6
0.5223 0.1481 -0.1455 11
0.7119 0.2017 0.0129 9
0.5625 0.1593 -0.135 11
0.7187 0.2035 0.0391 7
0.5837 0.1652 -0.1179 12
0.7324 0.2071 0.0666 10
0.5817 0.1644 -0.0957 12
0.7813 0.2207 0.0997 9
0.5941 0.1678 -0.0758 14
0.6424 0.1812 -0.0584 7
0.6671 0.1879 -0.0363 7
0.6545 0.1842 -0.0119 6
0.5376 0.1505 -0.1496 11
0.699 0.1956 0.0127 9
0.5668 0.1585 -0.1359 11
0.7078 0.1979 0.0385 7
0.5956 0.1664 -0.1202 12
0.735 0.2052 0.0668 7
0.5708 0.1593 -0.0939 12
0.7782 0.217 0.0992 10
0.5985 0.1669 -0.0763 7
0.6391 0.178 -0.058 7
0.6523 0.1814 -0.0355 7
0.6609 0.1836 -0.012 6
0.5493 0.1518 -0.1527 10
0.6939 0.1917 0.0126 10
0.5673 0.1566 -0.1359 11
0.697 0.1922 0.0379 7
0.6113 0.1686 -0.1233 12
0.7357 0.2028 0.0668 7
0.5828 0.1605 -0.0957 12
0.7751 0.2134 0.0987 10
0.5761 0.1585 -0.0734 7
0.8171 0.2246 0.1342 3
0.6148 0.169 -0.0558 7
0.6606 0.1813 -0.0359 7
0.6731 0.1845 -0.0122 6
0.5573 0.1519 -0.1548 10
0.7042 0.1919 0.0127 9
0.581 0.1582 -0.139 11
0.7034 0.1914 0.0382 7
0.6043 0.1644 -0.1217 12
0.744 0.2023 0.0675 7
0.5833 0.1585 -0.0957 12
0.7797 0.2117 0.0992 10
0.5997 0.1627 -0.0763 14
0.795 0.2156 0.1305 7
0.623 0.1689 -0.0565 7
0.6709 0.1816 -0.0364 7
0.6351 0.1717 -0.0115 6
0.5205 0.14 -0.1444 11
0.7068 0.1899 0.0128 4
0.5797 0.1556 -0.1386 11
0.706 0.1894 0.0383 7
0.5821 0.1562 -0.1172 13
0.7255 0.1945 0.0657 7
0.5877 0.1575 -0.0964 12
0.7804 0.209 0.0992 10
0.581 0.1555 -0.0739 7
0.8072 0.2158 0.1323 6
0.6121 0.1637 -0.0554 7
0.6696 0.1788 -0.0363 7
0.6454 0.1721 -0.0117 6
0.5322 0.1411 -0.1475 11
0.6959 0.1844 0.0126 5
0.5557 0.1471 -0.1327 11
0.7067 0.187 0.0383 7
0.5827 0.1542 -0.1172 13
0.73 0.193 0.0661 7
0.5768 0.1524 -0.0945 12
0.7773 0.2052 0.0987 10
0.6085 0.1605 -0.0773 14
0.8003 0.211 0.1311 7
0.6126 0.1615 -0.0554 7
0.8657 0.2281 0.174 4
0.6702 0.1765 -0.0363 7
0.644 0.1693 -0.0116 6
0.5439 0.1422 -0.1506 10
0.6868 0.1794 0.0124 5
0.5506 0.1437 -0.1314 12
0.6976 0.1821 0.0378 8
0.5946 0.1551 -0.1194 12
0.7384 0.1925 0.0668 7
0.5697 0.1484 -0.0932 12
0.755 0.1965 0.0958 11
0.6052 0.1574 -0.0768 14
0.8049 0.2093 0.1317 7
0.5978 0.1554 -0.054 8
0.8342 0.2167 0.1675 8
0.6747 0.1751 -0.0365 7
0.6523 0.1692 -0.0118 6
0.7107 0.1831 0.0128 9
0.5605 0.1443 -0.1336 11
0.6963 0.1792 0.0377 8
0.5989 0.154 -0.1202 12
0.7584 0.1949 0.0685 6
0.5625 0.1445 -0.092 12
0.7595 0.195 0.0963 10
0.5941 0.1524 -0.0753 14
0.7979 0.2046 0.1305 7
0.6157 0.1577 -0.0556 7
0.8387 0.2149 0.1683 7
0.6579 0.1684 -0.0356 7
0.6626 0.1694 -0.0119 6
0.7171 0.1821 0.0129 4
0.5667 0.1438 -0.135 11
0.695 0.1763 0.0376 8
0.5766 0.1462 -0.1156 13
0.7436 0.1884 0.0671 7
0.5936 0.1503 -0.097 12
0.7717 0.1953 0.0977 10
0.5908 0.1494 -0.0748 7
0.791 0.1999 0.1292 7
0.6201 0.1567 -0.056 7
0.828 0.2091 0.166 8
0.6526 0.1647 -0.0353 7
0.6477 0.1632 -0.0117 6
0.5341 0.1338 -0.1475 11
0.6964 0.1743 0.0125 5
0.5747 0.1437 -0.1368 11
0.7014 0.1753 0.0379 7
0.5505 0.1375 -0.1103 14
0.721 0.18 0.065 7
0.5903 0.1473 -0.0964 12
0.7685 0.1916 0.0973 10
0.6029 0.1502 -0.0763 7
0.7955 0.198 0.1298 7
0.6167 0.1535 -0.0556 7
0.8402 0.209 0.1683 7
0.6629 0.1648 -0.0358 7
0.6638 0.1648 -0.0119 6
0.6737 0.1661 0.0121 5
0.5525 0.1361 -0.1314 12
0.7079 0.1743 0.0382 7
0.5929 0.146 -0.1187 12
0.7371 0.1813 0.0664 7
0.5716 0.1405 -0.0932 12
0.7692 0.1889 0.0973 10
0.5996 0.1472 -0.0758 7
0.8115 0.199 0.1323 6
0.6173 0.1514 -0.0556 7
0.8199 0.2009 0.1641 9
0.6732 0.1648 -0.0363 7
0.6624 0.162 -0.0119 6
0.535 0.13 -0.1475 11
0.6898 0.1675 0.0124 5
0.5435 0.1319 -0.1291 12
0.7085 0.1718 0.0382 7
0.601 0.1457 -0.1202 12
0.7416 0.1797 0.0668 7
0.5606 0.1357 -0.0914 12
0.7698 0.1862 0.0973 10
0.6001 0.1451 -0.0758 14
0.7969 0.1925 0.1298 7
0.6159 0.1488 -0.0554 7
0.8321 0.2008 0.1664 8
0.6582 0.1587 -0.0355 7
0.6357 0.1531 -0.0114 6
0.543 0.13 -0.1496 11
0.7235 0.173 0.013 4
0.5534 0.1323 -0.1314 12
0.6819 0.1628 0.0367 8
0.6015 0.1436 -0.1202 12
0.7422 0.1771 0.0668 7
0.5803 0.1384 -0.0945 12
0.7589 0.1808 0.0958 11
0.5851 0.1393 -0.0739 14
0.7937 0.1888 0.1292 7
0.6144 0.1462 -0.0553 7
0.8309 0.1975 0.166 8
0.6587 0.1564 -0.0355 7
0.6479 0.1536 -0.0116 6
0.5359 0.1263 -0.1475 11
0.7105 0.1673 0.0127 4
0.5691 0.1339 -0.135 11
0.6922 0.1627 0.0373 8
0.5523 0.1299 -0.1103 14
0.7429 0.1745 0.0668 7
0.6077 0.1426 -0.0989 11
0.7789 0.1827 0.0982 10
0.574 0.1345 -0.0724 7
0.7943 0.186 0.1292 7
0.6518 0.1526 -0.0586 7
0.8392 0.1964 0.1675 8
0.6418 0.1501 -0.0345 7
0.6426 0.15 -0.0115 6
0.5213 0.1209 -0.1434 11
0.6896 0.1598 0.0124 5
0.5771 0.1337 -0.1368 11
0.6869 0.159 0.0369 8
0.591 0.1368 -0.1179 12
0.7279 0.1683 0.0654 7
0.5889 0.1361 -0.0957 12
0.7892 0.1822 0.0994 9
0.59 0.1361 -0.0743 7
0.7834 0.1806 0.1273 7
0.6057 0.1396 -0.0544 8
0.8322 0.1917 0.166 8
0.6637 0.1527 -0.0357 7
0.6392 0.1469 -0.0114 6
0.5368 0.1225 -0.1475 11
0.6882 0.157 0.0123 5
0.5662 0.1291 -0.1341 11
0.7011 0.1597 0.0377 8
0.58 0.1321 -0.1156 13
0.7363 0.1676 0.0661 7
0.5702 0.1296 -0.0926 12
0.7724 0.1755 0.0973 10
0.5982 0.1358 -0.0753 14
0.8033 0.1822 0.1305 7
0.6354 0.1441 -0.057 7
0.8329 0.1888 0.166 8
0.6681 0.1513 -0.0359 7
0.6398 0.1446 -0.0114 6
0.6985 0.1569 0.0125 5
0.5476 0.1229 -0.1296 12
0.7074 0.1586 0.038 7
0.5919 0.1327 -0.1179 12
0.7485 0.1677 0.0671 7
0.5899 0.1321 -0.0957 12
0.7671 0.1716 0.0965 10
0.5986 0.1338 -0.0753 14
0.7962 0.1778 0.1292 7
0.6183 0.1381 -0.0554 7
0.8297 0.1852 0.1652 8
0.6491 0.1447 -0.0349 7
0.6597 0.1469 -0.0118 6
0.5527 0.1222 -0.1517 10
0.7068 0.1562 0.0126 9
0.5576 0.1231 -0.1318 12
0.6963 0.1536 0.0374 8
0.5847 0.129 -0.1164 13
0.7452 0.1643 0.0668 7
0.5903 0.13 -0.0957 12
0.7794 0.1715 0.098 10
0.5952 0.1309 -0.0748 14
0.8045 0.1767 0.1305 7
0.611 0.1342 -0.0547 8
0.8342 0.1831 0.166 8
0.6438 0.1412 -0.0345 7
0.6368 0.1394 -0.0114 6
0.6976 0.1516 0.0125 5
0.5637 0.1224 -0.1332 11
0.7046 0.1529 0.0378 8
0.5737 0.1245 -0.1141 13
0.738 0.16 0.0661 7
0.5985 0.1296 -0.097 12
0.7586 0.1642 0.0953 11
0.584 0.1263 -0.0734 15
0.8013 0.1731 0.1298 7
0.631 0.1363 -0.0565 7
0.8405 0.1814 0.1671 8
0.6716 0.1448 -0.036 7
0.6256 0.1347 -0.0112 6
0.6942 0.1483 0.0124 5
0.5698 0.1216 -0.1345 11
0.7149 0.1525 0.0383 7
0.5664 0.1208 -0.1126 13
0.7268 0.1549 0.065 7
0.5758 0.1226 -0.0932 12
0.7767 0.1652 0.0975 10
0.6116 0.13 -0.0768 7
0.8058 0.1711 0.1305 7
0.5886 0.125 -0.0526 8
0.8393 0.1781 0.1668 8
0.6565 0.1392 -0.0352 7
0.6221 0.1317 -0.0111 6
0.5388 0.1132 -0.1475 11
0.6928 0.1455 0.0124 5
0.5722 0.1201 -0.135 11
0.6959 0.1459 0.0373 8
0.613 0.1285 -0.1217 12
0.7313 0.1532 0.0654 11
0.6032 0.1262 -0.0976 11
0.7811 0.1633 0.098 10
0.6043 0.1262 -0.0758 7
0.8064 0.1683 0.1305 7
0.6027 0.1258 -0.0539 8
0.836 0.1744 0.166 8
0.657 0.1369 -0.0352 7
0.6304 0.1311 -0.0112 6
0.5392 0.1114 -0.1475 11
0.7129 0.1471 0.0127 9
0.5649 0.1165 -0.1332 11
0.7101 0.1463 0.038 7
0.5903 0.1216 -0.1172 13
0.7513 0.1546 0.0671 7
0.5921 0.1218 -0.0957 12
0.7622 0.1566 0.0955 11
0.6125 0.1257 -0.0768 7
0.8069 0.1655 0.1305 7
0.6402 0.1313 -0.0572 7
0.8405 0.1722 0.1668 8
0.6535 0.1338 -0.035 7
0.6681 0.1365 -0.0119 6
0.5282 0.1072 -0.1444 11
0.7016 0.1422 0.0125 5
0.5692 0.1153 -0.1341 11
0.6949 0.1406 0.0372 8
0.5907 0.1195 -0.1172 13
0.7323 0.1481 0.0654 7
0.5731 0.1158 -0.0926 12
0.7783 0.1571 0.0975 10
0.5974 0.1205 -0.0748 7
0.8075 0.1627 0.1305 7
0.6328 0.1275 -0.0565 7
0.8295 0.167 0.1645 8
0.6775 0.1362 -0.0362 7
0.6313 0.1267 -0.0112 6
0.5324 0.1061 -0.1455 11
0.6923 0.1378 0.0123 5
0.5829 0.116 -0.1372 11
0.6974 0.1386 0.0373 8
0.5912 0.1175 -0.1172 13
0.7407 0.1471 0.0661 7
0.5968 0.1184 -0.0964 12
0.7711 0.1528 0.0965 10
0.5783 0.1145 -0.0724 7
0.7809 0.1545 0.1261 7
0.6137 0.1214 -0.0547 8
0.8378 0.1656 0.166 8
0.6584 0.13 -0.0352 7
0.6474 0.1276 -0.0115 6
0.529 0.1035 -0.1444 11
0.6908 0.135 0.0123 5
0.5432 0.1061 -0.1278 12
0.692 0.135 0.0369 8
0.5877 0.1147 -0.1164 13
0.7412 0.1445 0.0661 7
0.5856 0.114 -0.0945 12
0.7677 0.1494 0.096 10
0.6021 0.117 -0.0753 7
0.8047 0.1563 0.1298 7
0.6024 0.117 -0.0537 8
0.8422 0.1634 0.1668 8
0.6608 0.1281 -0.0353 7
0.6479 0.1253 -0.0115 6
0.6991 0.1341 0.0124 5
0.5761 0.1104 -0.1354 11
0.7081 0.1356 0.0378 8
0.592 0.1134 -0.1172 13
0.7338 0.1404 0.0654 7
0.6015 0.115 -0.097 12
0.7702 0.1471 0.0963 10
0.5791 0.1105 -0.0724 7
0.7898 0.1505 0.1273 7
0.6439 0.1227 -0.0573 7
0.8235 0.1568 0.163 9
0.6671 0.1269 -0.0356 7
0.6464 0.1227 -0.0115 6
0.5373 0.1012 -0.1465 11
0.6917 0.1302 0.0123 5
0.5516 0.1037 -0.1296 12
0.7047 0.1325 0.0376 8
0.5924 0.1113 -0.1172 13
0.7382 0.1386 0.0657 7
0.5941 0.1114 -0.0957 12
0.7609 0.1425 0.0951 11
0.5834 0.1092 -0.0729 7
0.8019 0.1501 0.1292 7
0.6228 0.1164 -0.0554 7
0.8202 0.1532 0.1622 9
0.6675 0.1246 -0.0356 7
0.635 0.1184 -0.0113 6
0.7118 0.1315 0.0126 4
0.5634 0.104 -0.1323 12
0.6717 0.1239 0.0358 8
0.5812 0.1071 -0.1149 13
0.7505 0.1381 0.0668 7
0.5712 0.1051 -0.092 12
0.7692 0.1415 0.096 10
0.6072 0.1116 -0.0758 7
0.7947 0.1458 0.128 7
0.6114 0.1121 -0.0544 8
0.8323 0.1526 0.1645 8
0.664 0.1216 -0.0354 7
0.6334 0.1158 -0.0112 6
0.7103 0.1287 0.0126 4
0.5619 0.1017 -0.1318 12
0.6839 0.1238 0.0364 8
0.6008 0.1086 -0.1187 12
0.7431 0.1342 0.0661 7
0.5871 0.1059 -0.0945 12
0.7639 0.1377 0.0953 11
0.5959 0.1073 -0.0743 7
0.7874 0.1418 0.1267 7
0.6314 0.1136 -0.0561 7
0.829 0.149 0.1637 9
0.631 0.1133 -0.0336 7
0.6023 0.108 -0.0107 7
0.6989 0.1242 0.0124 5
0.5641 0.1002 -0.1323 12
0.706 0.1252 0.0376 8
0.578 0.1024 -0.1141 13
0.7357 0.1303 0.0654 7
0.5913 0.1047 -0.0951 12
0.7682 0.1359 0.0958 11
0.6079 0.1074 -0.0758 7
0.7917 0.1397 0.1273 7
0.6122 0.1079 -0.0544 8
0.8314 0.1466 0.1641 9
0.6806 0.1199 -0.0362 7
0.6263 0.1101 -0.0111 6
0.6994 0.1218 0.0124 5
0.5587 0.0972 -0.1309 12
0.6848 0.119 0.0364 8
0.617 0.1072 -0.1217 12
0.7204 0.1251 0.064 7
0.5644 0.0979 -0.0907 6
0.7609 0.1318 0.0948 11
0.6083 0.1053 -0.0758 7
0.7883 0.1363 0.1267 7
0.6243 0.1078 -0.0554 7
0.8299 0.1434 0.1637 9
0.6751 0.1165 -0.0359 7
0.6503 0.112 -0.0115 6
0.5542 0.0945 -0.1506 10
0.6722 0.1147 0.0119 5
0.5629 0.0959 -0.1318 12
0.6753 0.115 0.0359 8
0.5903 0.1004 -0.1164 13
0.7405 0.1258 0.0657 7
0.5765 0.0978 -0.0926 12
0.7535 0.1278 0.0938 11
0.5891 0.0999 -0.0734 7
0.8161 0.1382 0.1311 7
0.6365 0.1077 -0.0565 7
0.8247 0.1393 0.1626 9
0.6578 0.111 -0.035 7
0.6409 0.108 -0.0113 6
0.5278 0.0881 -0.1434 11
0.7022 0.1171 0.0124 5
0.5613 0.0935 -0.1314 12
0.6738 0.1123 0.0358 8
0.5945 0.099 -0.1172 13
0.741 0.1232 0.0657 7
0.5846 0.0971 -0.0939 12
0.7755 0.1287 0.0965 10
0.5973 0.099 -0.0743 7
0.8088 0.134 0.1298 7
0.6605 0.1093 -0.0586 7
0.8251 0.1365 0.1626 9
0.6424 0.1061 -0.0341 7
0.659 0.1087 -0.0117 6
0.5319 0.0869 -0.1444 11
0.7124 0.1164 0.0126 4
0.5693 0.0929 -0.1332 11
0.6801 0.1109 0.0361 8
0.5949 0.0969 -0.1172 13
0.7414 0.1206 0.0657 7
0.5732 0.0933 -0.092 12
0.7779 0.1264 0.0968 10
0.582 0.0945 -0.0724 7
0.7897 0.128 0.1267 7
0.6313 0.1023 -0.056 7
0.8314 0.1347 0.1637 9
0.6684 0.1081 -0.0355 7
0.6554 0.1058 -0.0116 6
0.5551 0.0888 -0.1506 10
0.6931 0.1108 0.0123 5
0.5773 0.0922 -0.135 11
0.6883 0.1098 0.0365 8
0.5913 0.0943 -0.1164 13
0.7221 0.115 0.064 7
0.5931 0.0944 -0.0951 12
0.7705 0.1224 0.0958 11
0.594 0.0943 -0.0739 7
0.7863 0.1247 0.1261 7
0.614 0.0974 -0.0544 8
0.8164 0.1293 0.1607 9
0.6707 0.1061 -0.0356 7
0.636 0.1004 -0.0112 6
0.5287 0.0827 -0.1434 11
0.7073 0.1105 0.0125 5
0.5853 0.0913 -0.1368 11
0.7025 0.1095 0.0373 8
0.58 0.0904 -0.1141 13
0.7225 0.1125 0.064 7
0.57 0.0886 -0.0914 12
0.763 0.1185 0.0948 11
0.6101 0.0947 -0.0758 7
0.7945 0.1231 0.1273 7
0.6104 0.0946 -0.054 8
0.8168 0.1264 0.1607 9
0.679 0.105 -0.036 7
0.6206 0.0957 -0.011 6
0.5481 0.0838 -0.1486 11
0.6899 0.1053 0.0122 5
0.5664 0.0864 -0.1323 12
0.695 0.1059 0.0368 8
0.5881 0.0896 -0.1156 13
0.7347 0.1118 0.065 7
0.5585 0.0849 -0.0895 6
0.7693 0.1168 0.0955 11
0.6025 0.0913 -0.0748 7
0.7988 0.121 0.128 7
0.5989 0.0907 -0.053 8
0.825 0.1248 0.1622 9
0.6576 0.0993 -0.0349 7
0.6426 0.0968 -0.0113 6
0.5407 0.0807 -0.1465 11
0.718 0.107 0.0127 4
0.5898 0.0878 -0.1377 11
0.6914 0.1028 0.0366 8
0.5923 0.0881 -0.1164 13
0.743 0.1104 0.0657 7
0.5706 0.0847 -0.0914 12
0.756 0.112 0.0938 11
0.6029 0.0892 -0.0748 7
0.7875 0.1164 0.1261 7
0.6169 0.0912 -0.0546 8
0.8254 0.1219 0.1622 9
0.6718 0.0991 -0.0356 7
0.637 0.0937 -0.0112 6
0.5448 0.0794 -0.1475 11
0.6946 0.1011 0.0123 5
0.5805 0.0844 -0.1354 11
0.6997 0.1016 0.0371 8
0.5693 0.0826 -0.1118 13
0.7315 0.1061 0.0647 7
0.5982 0.0866 -0.0957 12
0.7642 0.1105 0.0948 11
0.611 0.0883 -0.0758 7
0.7957 0.1148 0.1273 7
0.5955 0.0859 -0.0526 8
0.8181 0.1179 0.1607 9
0.68 0.0979 -0.036 7
0.6116 0.0878 -0.0108 6
0.5336 0.0759 -0.1444 11
0.7009 0.0995 0.0124 5
0.5576 0.0791 -0.13 12
0.7 0.0991 0.0371 8
0.589 0.0834 -0.1156 13
0.7201 0.1018 0.0636 7
0.5751 0.0812 -0.092 12
0.7804 0.1101 0.0968 10
0.6035 0.085 -0.0748 7
0.7883 0.1109 0.1261 7
0.6195 0.0872 -0.0547 8
0.8263 0.1161 0.1622 9
0.7002 0.0983 -0.0371 6
0.6377 0.0893 -0.0112 6
0.5301 0.0735 -0.1434 11
0.7111 0.0984 0.0125 5
0.5868 0.0811 -0.1368 11
0.6964 0.0963 0.0368 8
0.5971 0.0824 -0.1172 13
0.7283 0.1004 0.0643 7
0.5949 0.0819 -0.0951 12
0.7729 0.1063 0.0958 11
0.6038 0.0829 -0.0748 7
0.8004 0.1099 0.128 7
0.6198 0.085 -0.0547 8
0.8169 0.1119 0.1603 9
0.6728 0.092 -0.0356 7
0.63 0.0861 -0.0111 6
0.5303 0.0716 -0.1434 11
0.6877 0.0929 0.0121 5
0.5794 0.0781 -0.135 11
0.6948 0.0936 0.0367 8
0.5701 0.0767 -0.1118 13
0.7484 0.1005 0.0661 7
0.5834 0.0784 -0.0932 12
0.7535 0.1011 0.0934 11
0.6198 0.083 -0.0768 7
0.789 0.1056 0.1261 7
0.6122 0.0818 -0.054 8
0.8173 0.1092 0.1603 9
0.6592 0.088 -0.0349 7
0.6502 0.0865 -0.0114 6
0.5459 0.0719 -0.1475 11
0.6761 0.0889 0.0119 5
0.5545 0.0728 -0.1291 12
0.6931 0.0909 0.0366 8
0.5976 0.0784 -0.1172 13
0.7487 0.098 0.0661 7
0.5915 0.0774 -0.0945 12
0.746 0.0974 0.0924 12
0.6201 0.0809 -0.0768 7
0.7894 0.1028 0.1261 7
0.6283 0.0818 -0.0554 7
0.8138 0.1058 0.1595 9
0.6734 0.0875 -0.0356 7
0.6505 0.0843 -0.0114 6
0.5308 0.068 -0.1434 11
0.6923 0.0886 0.0122 5
0.576 0.0736 -0.1341 11
0.6855 0.0874 0.0362 8
0.5979 0.0763 -0.1172 13
0.7372 0.0939 0.065 7
0.5957 0.0758 -0.0951 12
0.7601 0.0966 0.0941 11
0.6046 0.0767 -0.0748 7
0.7819 0.0991 0.1248 8
0.6167 0.0781 -0.0544 8
0.8239 0.1042 0.1614 9
0.6658 0.0841 -0.0352 7
0.6448 0.0812 -0.0113 6
0.6985 0.0869 0.0123 5
0.557 0.0692 -0.1296 12
0.7056 0.0875 0.0373 8
0.5942 0.0737 -0.1164 13
0.7415 0.0918 0.0654 7
0.6077 0.0752 -0.097 12
0.7644 0.0944 0.0946 11
0.5891 0.0726 -0.0729 7
0.7862 0.0968 0.1255 7
0.6288 0.0774 -0.0554 7
0.8242 0.1014 0.1614 9
0.6879 0.0845 -0.0363 7
0.6451 0.079 -0.0113 6
0.5312 0.0643 -0.1434 11
0.6651 0.0804 0.0117 5
0.5398 0.0651 -0.1255 12
0.698 0.0841 0.0368 8
0.6003 0.0723 -0.1175 13
0.7299 0.0878 0.0643 7
0.5923 0.0712 -0.0945 12
0.7628 0.0915 0.0943 11
0.613 0.0734 -0.0758 7
0.7983 0.0955 0.1273 7
0.6093 0.0729 -0.0537 8
0.8285 0.0989 0.1622 9
0.6743 0.0804 -0.0356 7
0.6434 0.0765 -0.0113 6
0.5353 0.0629 -0.1444 11
0.6951 0.0815 0.0122 5
0.5768 0.0676 -0.1341 11
0.6804 0.0797 0.0359 8
0.5928 0.0693 -0.116 13
0.7302 0.0853 0.0643 7
0.5847 0.0682 -0.0932 6
0.771 0.0897 0.0953 11
0.5935 0.069 -0.0734 7
0.8025 0.0933 0.128 7
0.6175 0.0717 -0.0544 8
0.8093 0.0938 0.1584 10
0.6746 0.0781 -0.0356 7
0.6694 0.0773 -0.0118 6
0.5662 0.0645 -0.1527 10
0.6934 0.079 0.0122 5
0.5673 0.0645 -0.1318 12
0.6906 0.0784 0.0364 8
0.6086 0.069 -0.1191 12
0.7345 0.0832 0.0647 7
0.5771 0.0653 -0.092 12
0.7653 0.0865 0.0946 11
0.5819 0.0657 -0.0719 7
0.8028 0.0905 0.128 7
0.6296 0.0708 -0.0554 7
0.8155 0.0918 0.1595 9
0.6689 0.0751 -0.0353 7
0.6518 0.073 -0.0114 6
0.5396 0.0597 -0.1455 11
0.7016 0.0775 0.0123 5
0.5675 0.0626 -0.1318 12
0.6829 0.0752 0.036 8
0.6011 0.0661 -0.1175 13
0.7229 0.0794 0.0636 7
0.5852 0.0642 -0.0932 12
0.7558 0.0828 0.0934 11
0.6019 0.0658 -0.0743 7
0.7914 0.0864 0.1261 7
0.614 0.067 -0.054 8
0.8217 0.0896 0.1607 9
0.6671 0.0726 -0.0352 7
0.6401 0.0694 -0.0112 6
0.5359 0.0574 -0.1444 11
0.7277 0.0778 0.0128 4
0.5658 0.0604 -0.1314 12
0.6911 0.0736 0.0364 8
0.6013 0.064 -0.1175 13
0.7231 0.0769 0.0636 7
0.5932 0.063 -0.0945 12
0.7718 0.0818 0.0953 11
0.606 0.0641 -0.0748 7
0.7917 0.0836 0.1261 7
0.6023 0.0636 -0.053 8
0.8181 0.0863 0.1599 9
0.6833 0.0719 -0.036 7
0.6464 0.0678 -0.0113 6
0.5323 0.0551 -0.1434 11
0.6882 0.0711 0.0121 5
0.5486 0.0566 -0.1273 12
0.6993 0.072 0.0368 8
0.582 0.0599 -0.1137 13
0.7313 0.0752 0.0643 7
0.5699 0.0585 -0.0907 6
0.7563 0.0775 0.0934 11
0.6339 0.0648 -0.0782 6
0.7959 0.0813 0.1267 7
0.5986 0.0611 -0.0526 8
0.8106 0.0826 0.1584 10
0.6537 0.0665 -0.0344 7
0.8375 0.0851 0.1944 5
0.6486 0.0658 -0.0114 6
0.5632 0.0563 -0.1517 10
0.7303 0.0729 0.0128 9
0.5565 0.0555 -0.1291 12
0.6916 0.0688 0.0364 8
0.5978 0.0595 -0.1168 13
0.7356 0.073 0.0647 7
0.5858 0.0581 -0.0932 6
0.7586 0.075 0.0936 11
0.6025 0.0595 -0.0743 7
0.7962 0.0785 0.1267 7
0.5948 0.0586 -0.0523 8
0.7932 0.0781 0.1549 10
0.6699 0.0658 -0.0353 7
0.6627 0.0649 -0.0116 6
0.5557 0.0536 -0.1496 11
0.6788 0.0654 0.0119 5
0.5567 0.0535 -0.1291 12
0.6879 0.066 0.0362 8
0.5824 0.0559 -0.1137 13
0.7318 0.0701 0.0643 7
0.5939 0.0568 -0.0945 12
0.7608 0.0726 0.0938 11
0.5948 0.0566 -0.0734 7
0.8082 0.0768 0.1286 7
0.6228 0.0592 -0.0547 8
0.8189 0.0777 0.1599 9
0.6601 0.0625 -0.0348 7
0.6411 0.0605 -0.0112 6
0.5482 0.051 -0.1475 11
0.6949 0.0645 0.0122 5
0.5685 0.0526 -0.1318 12
0.6841 0.0632 0.036 8
0.563 0.052 -0.1099 14
0.7321 0.0675 0.0643 7
0.6098 0.0561 -0.097 12
0.769 0.0707 0.0948 11
0.6266 0.0575 -0.0773 7
0.7692 0.0704 0.1223 8
0.5952 0.0545 -0.0523 8
0.8251 0.0754 0.161 9
0.6604 0.0602 -0.0348 7
0.8287 0.0754 0.1921 7
0.6253 0.0568 -0.011 6
0.5253 0.047 -0.1413 11
0.7031 0.0627 0.0123 5
0.5843 0.052 -0.1354 11
0.6963 0.062 0.0366 8
0.5984 0.0532 -0.1168 13
0.7363 0.0653 0.0647 7
0.5903 0.0523 -0.0939 12
0.7534 0.0666 0.0929 11
0.5873 0.0519 -0.0724 7
0.7733 0.0682 0.123 8
0.6192 0.0545 -0.0544 8
0.8116 0.0713 0.1584 10
0.6566 0.0576 -0.0345 7
0.6295 0.0551 -0.011 6
0.6913 0.0594 0.0121 5
0.5689 0.0488 -0.1318 12
0.7005 0.0601 0.0368 8
0.6064 0.0519 -0.1183 12
0.7286 0.0622 0.064 7
0.6023 0.0513 -0.0957 12
0.7734 0.0658 0.0953 11
0.5954 0.0506 -0.0734 7
0.7972 0.0676 0.1267 7
0.6075 0.0514 -0.0533 8
0.7982 0.0674 0.1557 10
0.6846 0.0577 -0.036 7
0.8292 0.0699 0.1921 7
0.6357 0.0535 -0.0111 6
0.5256 0.0435 -0.1413 11
0.7035 0.0581 0.0123 5
0.5516 0.0454 -0.1278 12
0.6927 0.057 0.0364 8
0.5987 0.0492 -0.1168 13
0.7248 0.0595 0.0636 7
0.5828 0.0477 -0.0926 12
0.7459 0.0609 0.0919 12
0.5995 0.0489 -0.0739 7
0.7738 0.0629 0.123 8
0.6116 0.0497 -0.0537 8
0.8082 0.0656 0.1576 10
0.6609 0.0535 -0.0348 7
0.8178 0.0661 0.1894 7
0.6338 0.0511 -0.0111 6
0.7037 0.0556 0.0123 5
0.5828 0.046 -0.135 11
0.681 0.0536 0.0358 8
0.6028 0.0474 -0.1175 13
0.7369 0.0579 0.0647 7
0.6066 0.0475 -0.0964 12
0.758 0.0593 0.0934 11
0.6155 0.048 -0.0758 7
0.7937 0.0618 0.1261 7
0.6555 0.051 -0.0575 7
0.826 0.0641 0.161 9
0.6472 0.0501 -0.034 7
0.8219 0.0635 0.1903 7
0.65 0.0501 -0.0114 6
0.5452 0.0413 -0.1465 11
0.7119 0.0538 0.0125 5
0.5674 0.0428 -0.1314 12
0.6851 0.0516 0.036 8
0.5834 0.0439 -0.1137 13
0.7371 0.0553 0.0647 7
0.5988 0.0448 -0.0951 12
0.774 0.0578 0.0953 11
0.5879 0.0438 -0.0724 7
0.7939 0.0591 0.1261 7
0.5961 0.0443 -0.0523 8
0.8204 0.0608 0.1599 9
0.6633 0.0491 -0.0349 7
0.8143 0.0601 0.1885 8
0.6282 0.0464 -0.011 6
0.5337 0.0385 -0.1434 11
0.708 0.0511 0.0124 5
0.5734 0.0413 -0.1327 11
0.6813 0.049 0.0358 8
0.5914 0.0424 -0.1152 13
0.7174 0.0513 0.0629 8
0.5793 0.0414 -0.092 6
0.7584 0.0541 0.0934 11
0.6039 0.043 -0.0743 7
0.7862 0.0558 0.1248 8
0.6042 0.0428 -0.053 8
0.8147 0.0577 0.1588 9
0.6634 0.0469 -0.0349 7
0.8145 0.0574 0.1885 8
0.6483 0.0456 -0.0113 6
0.5454 0.0376 -0.1465 11
0.6943 0.0477 0.0121 5
0.5424 0.0372 -0.1255 12
0.6894 0.0471 0.0362 8
0.5641 0.0386 -0.1099 14
0.7216 0.0492 0.0633 7
0.5676 0.0386 -0.0901 13
0.7585 0.0514 0.0934 11
0.612 0.0414 -0.0753 7
0.7864 0.0531 0.1248 8
0.6083 0.041 -0.0533 8
0.8149 0.0548 0.1588 9
0.6875 0.0461 -0.0361 7
0.8303 0.0556 0.1921 7
0.6265 0.0418 -0.011 6
0.5571 0.0364 -0.1496 11
0.6745 0.044 0.0118 5
0.5426 0.0353 -0.1255 12
0.6916 0.0448 0.0363 8
0.5858 0.038 -0.1141 13
0.7178 0.0464 0.0629 8
0.5638 0.0364 -0.0895 6
0.731 0.047 0.0899 12
0.6082 0.039 -0.0748 7
0.7945 0.0508 0.1261 7
0.5846 0.0374 -0.0512 8
0.817 0.0521 0.1591 9
0.6478 0.0412 -0.034 7
0.8324 0.0528 0.1926 7
0.6426 0.0407 -0.0112 6
0.5341 0.033 -0.1434 11
0.6946 0.0428 0.0121 5
0.5641 0.0347 -0.1305 12
0.6898 0.0423 0.0362 8
0.6133 0.0376 -0.1194 12
0.7338 0.0449 0.0643 7
0.5836 0.0356 -0.0926 12
0.747 0.0454 0.0919 12
0.5964 0.0362 -0.0734 7
0.7907 0.0478 0.1255 7
0.6245 0.0378 -0.0547 8
0.8152 0.0491 0.1588 9
0.6479 0.0389 -0.034 7
0.8228 0.0493 0.1903 7
0.6487 0.0388 -0.0113 6
0.5458 0.0319 -0.1465 11
0.6827 0.0397 0.0119 5
0.572 0.0332 -0.1323 12
0.6859 0.0397 0.036 8
0.5743 0.0332 -0.1118 13
0.734 0.0423 0.0643 7
0.5877 0.0338 -0.0932 12
0.7511 0.043 0.0924 12
0.6084 0.0348 -0.0748 7
0.7751 0.0441 0.123 8
0.6007 0.0342 -0.0526 8
0.8154 0.0463 0.1588 9
0.656 0.0371 -0.0344 7
0.8094 0.0457 0.1872 8
0.6309 0.0355 -0.011 6
0.6849 0.0372 0.012 5
0.5799 0.0314 -0.1341 11
0.692 0.0374 0.0363 8
0.5862 0.0316 -0.1141 13
0.7222 0.0389 0.0633 7
0.5878 0.0315 -0.0932 12
0.7632 0.0408 0.0938 11
0.6205 0.0331 -0.0763 7
0.791 0.042 0.1255 7
0.6088 0.0323 -0.0533 8
0.8018 0.0424 0.1561 10
0.6721 0.0355 -0.0353 7
0.8349 0.0439 0.193 7
0.623 0.0327 -0.0109 6
0.697 0.0354 0.0122 5
0.5994 0.0304 -0.1386 11
0.6842 0.0345 0.0359 8
0.6098 0.0308 -0.1187 12
0.7422 0.0373 0.065 7
0.5524 0.0277 -0.0876 13
0.7593 0.0379 0.0934 11
0.6047 0.0301 -0.0743 7
0.7951 0.0394 0.1261 7
0.589 0.0292 -0.0516 8
0.8059 0.0398 0.1568 10
0.6643 0.0327 -0.0349 7
0.835 0.041 0.193 7
0.6192 0.0303 -0.0108 6
0.55 0.0261 -0.1475 11
0.7051 0.0334 0.0123 5
0.5509 0.026 -0.1273 12
0.6763 0.0319 0.0355 8
0.6138 0.0288 -0.1194 12
0.7344 0.0344 0.0643 7
0.5604 0.0261 -0.0889 13
0.7515 0.0349 0.0924 12
0.6167 0.0287 -0.0758 7
0.7834 0.0363 0.1242 8
0.605 0.0279 -0.053 8
0.8159 0.0375 0.1588 9
0.6504 0.0298 -0.0341 7
0.8176 0.0374 0.189 7
0.6312 0.0288 -0.011 6
0.5269 0.0233 -0.1413 11
0.7092 0.0312 0.0124 5
0.586 0.0257 -0.1354 11
0.6924 0.0304 0.0363 8
0.5786 0.0253 -0.1126 13
0.7385 0.0321 0.0647 7
0.5881 0.0255 -0.0932 12
0.7437 0.0321 0.0914 12
0.6089 0.0263 -0.0748 7
0.7993 0.0343 0.1267 7
0.625 0.0267 -0.0547 8
0.8238 0.0351 0.1603 9
0.6585 0.0279 -0.0345 7
0.6313 0.0267 -0.011 6
0.5347 0.0218 -0.1434 11
0.7133 0.029 0.0125 5
0.5627 0.0228 -0.13 12
0.6985 0.0283 0.0366 8
0.5748 0.0232 -0.1118 13
0.7465 0.03 0.0654 7
0.5803 0.0232 -0.092 6
0.7597 0.0302 0.0934 11
0.6089 0.0241 -0.0748 7
0.7876 0.0312 0.1248 8
0.6331 0.025 -0.0554 7
0.8279 0.0325 0.161 9
0.6726 0.0263 -0.0353 7
0.8159 0.0318 0.1885 8
0.6274 0.0244 -0.011 6
0.527 0.0197 -0.1413 11
0.7094 0.0265 0.0124 5
0.5823 0.0217 -0.1345 11
0.7045 0.0261 0.0369 8
0.6062 0.0223 -0.1179 12
0.7188 0.0264 0.0629 8
0.5804 0.0213 -0.092 12
0.7717 0.0282 0.0948 11
0.5812 0.0211 -0.0714 7
0.7758 0.028 0.123 8
0.6172 0.0222 -0.054 8
0.8162 0.0294 0.1588 9
0.6487 0.0232 -0.034 7
0.8296 0.0296 0.1917 7
0.6015 0.0213 -0.0105 7
0.5348 0.0182 -0.1434 11
0.6795 0.023 0.0119 5
0.5707 0.0192 -0.1318 12
0.7006 0.0235 0.0367 8
0.6102 0.0205 -0.1187 12
0.7308 0.0244 0.064 7
0.5962 0.0198 -0.0945 12
0.7559 0.0249 0.0929 11
0.6091 0.02 -0.0748 7
0.768 0.0251 0.1217 8
0.6372 0.0207 -0.0558 7
0.7927 0.0257 0.1542 10
0.6727 0.0217 -0.0353 7
0.6436 0.0206 -0.0112 6
0.6996 0.0213 0.0122 5
0.5512 0.0166 -0.1273 12
0.6927 0.0208 0.0363 8
0.6064 0.0181 -0.1179 12
0.7468 0.0222 0.0654 7
0.6003 0.0177 -0.0951 12
0.76 0.0224 0.0934 11
0.6052 0.0178 -0.0743 7
0.7957 0.0232 0.1261 7
0.6054 0.0175 -0.053 8
0.8164 0.0235 0.1588 9
0.6788 0.0194 -0.0356 7
0.6576 0.0187 -0.0115 6
0.5465 0.0147 -0.1465 11
0.6936 0.0185 0.0121 5
0.5805 0.0154 -0.1341 11
0.6708 0.0178 0.0352 8
0.6143 0.0162 -0.1194 12
0.7349 0.0192 0.0643 7
0.5885 0.0153 -0.0932 6
0.7461 0.0193 0.0916 12
0.6092 0.0156 -0.0748 7
0.7879 0.0202 0.1248 8
0.5776 0.0147 -0.0506 8
0.8204 0.0208 0.1595 9
0.6749 0.017 -0.0354 7
0.8143 0.0203 0.1881 8
0.6317 0.0158 -0.011 6
0.5466 0.0128 -0.1465 11
0.7077 0.0166 0.0124 5
0.5747 0.0133 -0.1327 11
0.6849 0.0158 0.0359 8
0.5751 0.0132 -0.1118 13
0.7231 0.0164 0.0633 7
0.5925 0.0134 -0.0939 12
0.776 0.0175 0.0953 11
0.6053 0.0135 -0.0743 7
0.7919 0.0176 0.1255 7
0.6095 0.0134 -0.0533 8
0.8126 0.0179 0.158 10
0.6649 0.0145 -0.0349 7
0.8163 0.0177 0.1885 11
0.6178 0.0133 -0.0108 6
0.7058 0.014 0.0123 5
0.5611 0.0111 -0.1296 12
0.6969 0.0136 0.0365 8
0.5869 0.0115 -0.1141 13
0.7151 0.0139 0.0626 8
0.553 0.0106 -0.0876 13
0.7641 0.0145 0.0938 11
0.5974 0.0113 -0.0734 7
0.7762 0.0145 0.123 8
0.6295 0.0116 -0.0551 7
0.8009 0.0148 0.1557 10
0.673 0.0123 -0.0353 7
0.83 0.0151 0.1917 10
0.6178 0.0111 -0.0108 6
0.5505 0.009 -0.1475 11
0.6878 0.0113 0.012 5
0.5748 0.0093 -0.1327 11
0.7009 0.0113 0.0367 8
0.5948 0.0094 -0.1156 13
0.7192 0.0113 0.0629 8
0.5767 0.009 -0.0914 12
0.7562 0.0117 0.0929 11
0.6133 0.0094 -0.0753 7
0.796 0.0121 0.1261 7
0.6176 0.0093 -0.054 8
0.8009 0.0119 0.1557 10
0.663 0.0097 -0.0348 7
0.8281 0.012 0.1912 10
0.6278 0.0091 -0.011 6
0.5351 0.0069 -0.1434 11
0.7138 0.0091 0.0125 5
0.5534 0.007 -0.1278 12
0.687 0.0085 0.036 8
0.5987 0.0074 -0.1164 13
0.7232 0.0088 0.0633 7
0.6044 0.0073 -0.0957 12
0.7602 0.009 0.0934 11
0.5975 0.007 -0.0734 7
0.796 0.0092 0.1261 7
0.6017 0.0069 -0.0526 8
0.801 0.0091 0.1557 10
0.6571 0.0073 -0.0344 7
0.8301 0.0091 0.1917 10
0.6219 0.0067 -0.0109 6
0.5506 0.0052 -0.1475 11
0.7179 0.0066 0.0125 5
0.571 0.0052 -0.1318 12
0.695 0.0062 0.0364 8
0.6027 0.0054 -0.1172 13
0.7312 0.0064 0.064 7
0.5886 0.005 -0.0932 12
0.7603 0.0064 0.0934 11
0.6094 0.005 -0.0748 7
0.7881 0.0063 0.1248 8
0.6176 0.005 -0.054 8
0.8108 0.0064 0.1576 10
0.6651 0.0051 -0.0349 7
0.8262 0.0062 0.1908 10
0.6439 0.0047 -0.0112 6
0.6899 0.004 0.012 5
0.5632 0.0031 -0.13 12
0.687 0.0037 0.036 8
0.5752 0.0031 -0.1118 13
0.7312 0.0038 0.064 7
0.6084 0.0031 -0.0964 6
0.7523 0.0037 0.0924 12
0.6174 0.0029 -0.0758 7
0.7645 0.0035 0.1211 8
0.6256 0.0028 -0.0547 8
0.8128 0.0035 0.158 10
0.6491 0.0027 -0.034 7
0.8302 0.0033 0.1917 10
0.6019 0.0023 -0.0105 7
0.5274 0.0013 -0.1413 11
0.6919 0.0016 0.0121 5
0.571 0.0012 -0.1318 12
0.695 0.0013 0.0364 8
0.587 0.0011 -0.1141 13
0.7193 0.0013 0.0629 8
0.5689 0.0009 -0.0901 13
0.7662 0.0011 0.0941 11
0.5975 0.0007 -0.0734 7
0.7921 0.0008 0.1255 7
0.5698 0.0006 -0.0499 9
0.8049 0.0007 0.1565 10
0.6571 0.0005 -0.0344 7
0.8204 0.0004 0.1894 10
0.5959 0.0002 -0.0104 7
0.6599 -0.0007 0.0115 5
0.5593 -0.0007 -0.1291 12
0.695 -0.001 0.0364 8
0.5792 -0.0008 -0.1126 13
0.7272 -0.0011 0.0636 7
0.5768 -0.001 -0.0914 12
0.7484 -0.0014 0.0919 12
0.6094 -0.0013 -0.0748 7
0.7921 -0.0018 0.1255 7
0.5897 -0.0013 -0.0516 8
0.7932 -0.0019 0.1542 10
0.693 -0.0018 -0.0363 7
0.8341 -0.0023 0.1926 10
0.6279 -0.0019 -0.011 6
0.5467 -0.0024 -0.1465 11
0.6999 -0.0032 0.0122 5
0.5515 -0.0026 -0.1273 12
0.691 -0.0034 0.0362 8
0.6027 -0.0029 -0.1172 13
0.7352 -0.0037 0.0643 7
0.5729 -0.003 -0.0907 6
0.7444 -0.004 0.0914 12
0.6015 -0.0034 -0.0739 7
0.7882 -0.0045 0.1248 8
0.5897 -0.0034 -0.0516 8
0.8167 -0.0048 0.1588 9
0.6571 -0.004 -0.0344 7
0.8204 -0.0052 0.1894 10
0.6379 -0.0041 -0.0111 6
0.539 -0.0042 -0.1444 11
0.7139 -0.0057 0.0125 5
0.5612 -0.0046 -0.1296 12
0.689 -0.0057 0.0361 8
0.5791 -0.0049 -0.1126 13
0.7391 -0.0063 0.0647 7
0.5847 -0.0051 -0.0926 12
0.7523 -0.0067 0.0924 12
0.6015 -0.0055 -0.0739 7
0.7802 -0.0071 0.1236 8
0.6017 -0.0056 -0.0526 8
0.8049 -0.0076 0.1565 10
0.6671 -0.0064 -0.035 7
0.8165 -0.008 0.1885 11
0.6279 -0.0061 -0.011 6
0.6998 -0.0079 0.0122 5
0.5593 -0.0064 -0.1291 12
0.673 -0.0079 0.0353 8
0.6145 -0.0073 -0.1194 12
0.7312 -0.0088 0.064 7
0.5886 -0.0071 -0.0932 12
0.7642 -0.0093 0.0938 11
0.5856 -0.0073 -0.0719 7
0.7763 -0.0098 0.123 8
0.6415 -0.0082 -0.0561 7
0.8127 -0.0104 0.158 10
0.675 -0.0087 -0.0354 7
0.8281 -0.0108 0.1912 10
0.6139 -0.0081 -0.0107 7
0.5389 -0.0079 -0.1444 11
0.6978 -0.0104 0.0122 5
0.5865 -0.0088 -0.1354 11
0.701 -0.0106 0.0367 8
0.5869 -0.0089 -0.1141 13
0.7112 -0.0109 0.0622 8
0.5846 -0.0091 -0.0926 12
0.7562 -0.0119 0.0929 11
0.5855 -0.0093 -0.0719 7
0.7841 -0.0126 0.1242 8
0.6136 -0.0099 -0.0537 8
0.8048 -0.0131 0.1565 10
0.675 -0.0111 -0.0354 7
0.8203 -0.0136 0.1894 10
0.6218 -0.0104 -0.0109 6
0.535 -0.0097 -0.1434 11
0.6898 -0.0126 0.012 5
0.5709 -0.0106 -0.1318 12
0.6989 -0.0131 0.0366 8
0.5908 -0.011 -0.1149 13
0.7112 -0.0134 0.0622 8
0.5609 -0.0107 -0.0889 13
0.7641 -0.0147 0.0938 11
0.6053 -0.0117 -0.0743 7
0.792 -0.0155 0.1255 7
0.6374 -0.0125 -0.0558 7
0.8067 -0.0159 0.1568 10
0.649 -0.0129 -0.034 7
0.8319 -0.0167 0.1921 10
0.6558 -0.0133 -0.0114 6
0.5273 -0.0114 -0.1413 11
0.6937 -0.0151 0.0121 5
0.5708 -0.0126 -0.1318 12
0.6869 -0.0152 0.036 8
0.6065 -0.0134 -0.1179 12
0.727 -0.0162 0.0636 7
0.5767 -0.013 -0.0914 12
0.7541 -0.0171 0.0926 12
0.5854 -0.0134 -0.0719 7
0.7801 -0.018 0.1236 8
0.5856 -0.0135 -0.0512 8
0.7969 -0.0185 0.1549 10
0.6489 -0.0152 -0.034 7
0.828 -0.0195 0.1912 10
0.6237 -0.0148 -0.0109 6
0.5388 -0.0135 -0.1444 11
0.6957 -0.0176 0.0121 5
0.5513 -0.0141 -0.1273 12
0.6788 -0.0174 0.0356 8
0.5947 -0.0153 -0.1156 13
0.7509 -0.0194 0.0657 7
0.5569 -0.0145 -0.0882 6
0.7442 -0.0195 0.0914 12
0.6092 -0.0161 -0.0748 7
0.7839 -0.0208 0.1242 8
0.6294 -0.0167 -0.0551 7
0.8086 -0.0216 0.1572 10
0.6569 -0.0177 -0.0344 7
0.8318 -0.0225 0.1921 10
0.6297 -0.0171 -0.011 6
0.6996 -0.0202 0.0122 5
0.5591 -0.0162 -0.1291 12
0.6888 -0.0201 0.0361 8
0.6103 -0.0178 -0.1187 12
0.7229 -0.0212 0.0633 7
0.6042 -0.0178 -0.0957 12
0.7481 -0.0222 0.0919 12
0.5853 -0.0175 -0.0719 7
0.7839 -0.0235 0.1242 8
0.6134 -0.0184 -0.0537 8
0.8085 -0.0244 0.1572 10
0.6568 -0.02 -0.0344 7
0.8181 -0.025 0.189 10
0.5896 -0.0181 -0.0103 7
0.5271 -0.0169 -0.1413 11
0.6955 -0.0225 0.0121 5
0.5629 -0.0183 -0.13 12
0.6747 -0.022 0.0354 8
0.5867 -0.0192 -0.1141 13
0.7228 -0.0237 0.0633 7
0.5923 -0.0195 -0.0939 12
0.7519 -0.0249 0.0924 12
0.621 -0.0207 -0.0763 7
0.768 -0.0257 0.1217 8
0.5894 -0.0198 -0.0516 8
0.8163 -0.0275 0.1588 9
0.6727 -0.0228 -0.0353 7
0.818 -0.0279 0.189 10
0.6375 -0.0218 -0.0111 6
0.6895 -0.0247 0.012 5
0.5589 -0.0201 -0.1291 12
0.6846 -0.0246 0.0359 8
0.5906 -0.0213 -0.1149 13
0.7148 -0.026 0.0626 8
0.5804 -0.0212 -0.092 12
0.7598 -0.0279 0.0934 11
0.5931 -0.0219 -0.0729 7
0.7955 -0.0293 0.1261 7
0.6093 -0.0226 -0.0533 8
0.7926 -0.0295 0.1542 10
0.6766 -0.0253 -0.0355 7
0.8354 -0.0314 0.193 10
0.6215 -0.0233 -0.0109 6
0.6814 -0.0267 0.0119 5
0.5511 -0.0217 -0.1273 12
0.6865 -0.0271 0.036 8
0.6022 -0.0239 -0.1172 13
0.7306 -0.0291 0.064 7
0.5921 -0.0236 -0.0939 12
0.7478 -0.0299 0.0919 12
0.605 -0.0243 -0.0743 7
0.7875 -0.0318 0.1248 8
0.6251 -0.0253 -0.0547 8
0.7964 -0.0323 0.1549 10
0.6645 -0.027 -0.0349 7
0.8256 -0.0337 0.1908 10
0.6314 -0.0259 -0.011 6
0.6673 -0.0284 0.0117 5
0.5588 -0.0239 -0.1291 12
0.6725 -0.0288 0.0353 8
0.5747 -0.0247 -0.1118 13
0.7385 -0.0319 0.0647 7
0.5921 -0.0256 -0.0939 12
0.7596 -0.033 0.0934 11
0.5731 -0.025 -0.0704 7
0.7874 -0.0344 0.1248 8
0.6131 -0.0269 -0.0537 8
0.8159 -0.0359 0.1588 9
0.6644 -0.0294 -0.0349 7
0.8099 -0.0359 0.1872 11
0.6553 -0.0291 -0.0114 6
0.5307 -0.0244 -0.1424 11
0.7032 -0.0323 0.0123 5
0.5859 -0.027 -0.1354 11
0.6863 -0.0318 0.036 8
0.6021 -0.028 -0.1172 13
0.7185 -0.0335 0.0629 8
0.592 -0.0276 -0.0939 12
0.7515 -0.0352 0.0924 12
0.6048 -0.0284 -0.0743 7
0.7912 -0.0373 0.1255 7
0.605 -0.0286 -0.053 8
0.8001 -0.0379 0.1557 10
0.6723 -0.0319 -0.0353 7
0.8195 -0.0391 0.1894 10
0.6212 -0.0297 -0.0109 6
0.697 -0.0345 0.0122 5
0.58 -0.0288 -0.1341 11
0.6842 -0.0339 0.0359 8
0.6098 -0.0304 -0.1187 12
0.7144 -0.0357 0.0626 8
0.5879 -0.0295 -0.0932 12
0.7474 -0.0376 0.0919 12
0.6086 -0.0307 -0.0748 7
0.7714 -0.0389 0.1223 8
0.6328 -0.0321 -0.0554 7
0.8078 -0.0411 0.1572 10
0.6562 -0.0335 -0.0344 7
0.8291 -0.0424 0.1917 10
0.6211 -0.0318 -0.0109 6
0.6929 -0.0366 0.0121 5
0.5507 -0.0292 -0.1273 12
0.6901 -0.0366 0.0362 8
0.5666 -0.0302 -0.1103 14
0.7103 -0.038 0.0622 8
0.5642 -0.0302 -0.0895 6
0.7453 -0.04 0.0916 12
0.6085 -0.0327 -0.0748 7
0.7752 -0.0418 0.123 8
0.5968 -0.0323 -0.0523 8
0.8116 -0.044 0.158 10
0.6621 -0.036 -0.0348 7
0.827 -0.0451 0.1912 10
0.637 -0.0348 -0.0111 6
0.5343 -0.03 -0.1434 11
0.6788 -0.0382 0.0119 5
0.5584 -0.0315 -0.1291 12
0.6939 -0.0393 0.0364 8
0.59 -0.0334 -0.1149 13
0.73 -0.0415 0.064 7
0.5719 -0.0326 -0.0907 13
0.7551 -0.0431 0.0929 11
0.6084 -0.0349 -0.0748 7
0.7967 -0.0458 0.1264 7
0.5848 -0.0336 -0.0512 8
0.7997 -0.0461 0.1557 10
0.664 -0.0384 -0.0349 7
0.819 -0.0475 0.1894 10
0.6288 -0.0366 -0.011 6
0.5573 -0.0332 -0.1496 11
0.7006 -0.0419 0.0123 5
0.5622 -0.0337 -0.13 12
0.6798 -0.0409 0.0357 8
0.5899 -0.0355 -0.1149 13
0.7219 -0.0435 0.0633 7
0.5915 -0.0358 -0.0939 12
0.7391 -0.0448 0.0909 12
0.6083 -0.037 -0.0748 7
0.8025 -0.0489 0.1273 7
0.6165 -0.0376 -0.054 8
0.8034 -0.0491 0.1565 10
0.6559 -0.0402 -0.0344 7
0.8267 -0.0508 0.1912 10
0.6227 -0.0384 -0.0109 6
0.7204 -0.0456 0.0126 4
0.5621 -0.0357 -0.13 12
0.6777 -0.0431 0.0356 8
0.5819 -0.037 -0.1133 13
0.7098 -0.0453 0.0622 8
0.5835 -0.0373 -0.0926 12
0.7548 -0.0484 0.0929 11
0.6161 -0.0396 -0.0758 7
0.7708 -0.0497 0.1223 8
0.5885 -0.038 -0.0516 8
0.8248 -0.0533 0.1607 9
0.6697 -0.0434 -0.0352 7
0.8226 -0.0535 0.1903 10
0.6266 -0.0408 -0.011 6
0.5532 -0.0368 -0.1486 11
0.6924 -0.0462 0.0121 5
0.5853 -0.0392 -0.1354 11
0.6835 -0.0459 0.0359 8
0.6053 -0.0406 -0.1179 12
0.7097 -0.0478 0.0622 8
0.5952 -0.0402 -0.0945 12
0.7665 -0.0519 0.0943 11
0.6041 -0.041 -0.0743 7
0.7667 -0.0521 0.1217 8
0.6043 -0.0411 -0.053 8
0.8109 -0.0553 0.158 10
0.6775 -0.0463 -0.0356 7
0.8243 -0.0565 0.1908 10
0.6364 -0.0437 -0.0111 6
0.6722 -0.0472 0.0118 5
0.5735 -0.0404 -0.1327 11
0.6834 -0.0483 0.0359 8
0.5856 -0.0414 -0.1141 13
0.7175 -0.0508 0.0629 8
0.5832 -0.0414 -0.0926 12
0.7584 -0.054 0.0934 11
0.6079 -0.0434 -0.0748 7
0.7822 -0.0559 0.1242 8
0.5684 -0.0406 -0.0499 9
0.7872 -0.0564 0.1534 10
0.6554 -0.0471 -0.0344 7
0.8222 -0.0592 0.1903 10
0.6323 -0.0457 -0.0111 6
0.696 -0.0514 0.0122 5
0.5694 -0.0421 -0.1318 12
0.6812 -0.0505 0.0358 8
0.5854 -0.0434 -0.1141 13
0.7212 -0.0536 0.0633 7
0.5831 -0.0434 -0.0926 6
0.7423 -0.0554 0.0914 12
0.6156 -0.0461 -0.0758 7
0.782 -0.0587 0.1242 8
0.5762 -0.0432 -0.0506 8
0.8027 -0.0604 0.1565 10
0.6393 -0.0482 -0.0336 7
0.8297 -0.0627 0.1921 10
0.6381 -0.0483 -0.0112 6
0.5451 -0.042 -0.1465 11
0.6938 -0.0536 0.0121 5
0.5615 -0.0435 -0.13 12
0.6711 -0.0521 0.0353 8
0.5892 -0.0457 -0.1149 13
0.725 -0.0564 0.0636 7
0.579 -0.0452 -0.092 12
0.7501 -0.0586 0.0924 12
0.5838 -0.0457 -0.0719 7
0.7858 -0.0617 0.1248 8
0.5959 -0.0468 -0.0523 8
0.7985 -0.0628 0.1557 10
0.663 -0.0523 -0.0349 7
0.8159 -0.0645 0.189 10
0.616 -0.0488 -0.0108 6
0.5719 -0.0461 -0.1537 10
0.7016 -0.0567 0.0123 5
0.5419 -0.0439 -0.1255 12
0.6709 -0.0544 0.0353 8
0.5733 -0.0465 -0.1118 13
0.7367 -0.0599 0.0647 7
0.5749 -0.0469 -0.0914 12
0.7558 -0.0617 0.0931 11
0.6074 -0.0497 -0.0748 7
0.7698 -0.0632 0.1223 8
0.6394 -0.0525 -0.0561 7
0.8101 -0.0666 0.158 10
0.6469 -0.0533 -0.034 7
0.8138 -0.0672 0.1885 11
0.6258 -0.0518 -0.011 6
0.6815 -0.0575 0.0119 5
0.5573 -0.0471 -0.1291 12
0.6866 -0.058 0.0361 8
0.6006 -0.0509 -0.1172 13
0.7167 -0.0608 0.0629 8
0.5865 -0.0499 -0.0932 12
0.7417 -0.0632 0.0914 12
0.6033 -0.0515 -0.0743 7
0.7774 -0.0664 0.1236 8
0.6154 -0.0526 -0.054 8
0.8059 -0.0691 0.1572 10
0.6626 -0.0569 -0.0349 7
0.8135 -0.07 0.1885 11
0.6017 -0.0518 -0.0105 7
0.5446 -0.0477 -0.1465 11
0.6853 -0.0601 0.012 5
0.5766 -0.0506 -0.1336 11
0.6944 -0.0611 0.0365 8
0.6043 -0.0533 -0.1179 12
0.7165 -0.0633 0.0629 8
0.5628 -0.0497 -0.0895 13
0.7534 -0.0667 0.0929 11
0.607 -0.0539 -0.0748 7
0.7811 -0.0694 0.1242 8
0.6033 -0.0537 -0.053 8
0.7939 -0.0707 0.1549 10
0.6545 -0.0584 -0.0344 7
0.821 -0.0734 0.1903 10
0.6294 -0.0564 -0.011 6
0.5252 -0.0478 -0.1413 11
0.687 -0.0626 0.012 5
0.5609 -0.0512 -0.13 12
0.6922 -0.0634 0.0364 8
0.6041 -0.0553 -0.1179 12
0.7162 -0.0657 0.0629 8
0.5783 -0.0531 -0.092 12
0.7294 -0.0672 0.0899 12
0.6068 -0.056 -0.0748 7
0.773 -0.0714 0.123 8
0.6071 -0.0561 -0.0533 8
0.8113 -0.0751 0.1584 10
0.6304 -0.0585 -0.0332 8
0.8169 -0.0759 0.1894 10
0.6212 -0.0578 -0.0109 6
0.6908 -0.0654 0.0121 5
0.5607 -0.0532 -0.13 12
0.686 -0.0652 0.0361 8
0.5844 -0.0555 -0.1141 13
0.7081 -0.0674 0.0622 8
0.5978 -0.057 -0.0951 12
0.7331 -0.0701 0.0904 12
0.6066 -0.0581 -0.0748 7
0.7688 -0.0738 0.1223 8
0.595 -0.0571 -0.0523 8
0.813 -0.0781 0.1588 9
0.662 -0.0637 -0.0349 7
0.8186 -0.079 0.1899 10
0.6111 -0.0591 -0.0107 7
0.5441 -0.0533 -0.1465 11
0.6926 -0.068 0.0121 5
0.5411 -0.0532 -0.1255 12
0.6937 -0.0684 0.0365 8
0.5646 -0.0557 -0.1103 14
0.7316 -0.0723 0.0643 7
0.6173 -0.0611 -0.0982 11
0.7546 -0.0748 0.0931 11
0.6064 -0.0602 -0.0748 7
0.7764 -0.0772 0.1236 8
0.6146 -0.0611 -0.054 8
0.8127 -0.081 0.1588 9
0.6678 -0.0667 -0.0352 7
0.8202 -0.082 0.1903 10
0.6407 -0.0642 -0.0112 6
0.6804 -0.0692 0.0119 5
0.5603 -0.0571 -0.13 12
0.6974 -0.0712 0.0367 8
0.5742 -0.0586 -0.1122 13
0.7116 -0.0728 0.0626 8
0.5856 -0.06 -0.0932 12
0.7524 -0.0772 0.0929 11
0.5944 -0.0611 -0.0734 7
0.7683 -0.0791 0.1223 8
0.5985 -0.0616 -0.0526 8
0.8085 -0.0834 0.158 10
0.6675 -0.069 -0.0352 7
0.8141 -0.0843 0.189 10
0.6126 -0.0635 -0.0108 7
0.6682 -0.0703 0.0117 5
0.5562 -0.0587 -0.1291 12
0.6852 -0.0724 0.0361 8
0.5857 -0.0619 -0.1145 13
0.7113 -0.0753 0.0626 8
0.5618 -0.0595 -0.0895 6
0.7481 -0.0794 0.0924 12
0.6218 -0.0661 -0.0768 7
0.7916 -0.0843 0.1261 7
0.6142 -0.0654 -0.054 8
0.7965 -0.085 0.1557 10
0.6693 -0.0715 -0.0353 7
0.8235 -0.0882 0.1912 10
0.6303 -0.0676 -0.0111 6
0.532 -0.0578 -0.1434 11
0.7018 -0.0764 0.0123 5
0.5676 -0.0619 -0.1318 12
0.689 -0.0752 0.0363 8
0.5855 -0.0639 -0.1145 13
0.7269 -0.0795 0.064 7
0.5812 -0.0637 -0.0926 6
0.7321 -0.0803 0.0904 12
0.6216 -0.0683 -0.0768 7
0.7717 -0.0849 0.123 8
0.5941 -0.0654 -0.0523 8
0.8001 -0.0882 0.1565 10
0.673 -0.0743 -0.0355 7
0.8193 -0.0906 0.1903 10
0.64 -0.0709 -0.0112 6
0.5471 -0.0614 -0.1475 11
0.7035 -0.079 0.0124 5
0.5713 -0.0643 -0.1327 11
0.6708 -0.0756 0.0354 8
0.5892 -0.0664 -0.1152 13
0.7266 -0.082 0.064 7
0.581 -0.0657 -0.0926 6
0.7397 -0.0838 0.0914 12
0.57 -0.0646 -0.0704 7
0.7674 -0.0872 0.1223 8
0.5979 -0.0679 -0.0526 8
0.8037 -0.0914 0.1572 10
0.6608 -0.0753 -0.0349 7
0.8209 -0.0937 0.1908 10
0.6298 -0.072 -0.0111 6
0.5393 -0.0624 -0.1455 11
0.6952 -0.0806 0.0122 5
0.5556 -0.0645 -0.1291 12
0.6725 -0.0782 0.0355 8
0.5694 -0.0662 -0.1114 13
0.7223 -0.0841 0.0636 7
0.5769 -0.0673 -0.092 12
0.7374 -0.0861 0.0912 12
0.5738 -0.0671 -0.0709 7
0.7593 -0.0889 0.1211 8
0.5897 -0.0691 -0.0519 8
0.8073 -0.0947 0.158 10
0.6447 -0.0757 -0.034 7
0.8109 -0.0954 0.1885 11
0.6137 -0.0723 -0.0108 6
0.5275 -0.0629 -0.1424 11
0.683 -0.0816 0.012 5
0.5708 -0.0683 -0.1327 11
0.6862 -0.0821 0.0362 8
0.5848 -0.07 -0.1145 13
0.726 -0.0871 0.064 7
0.5884 -0.0707 -0.0939 6
0.7627 -0.0918 0.0943 11
0.5853 -0.0705 -0.0724 7
0.7629 -0.0919 0.1217 8
0.633 -0.0764 -0.0558 7
0.803 -0.097 0.1572 10
0.6761 -0.0818 -0.0357 7
0.8357 -0.1013 0.1944 10
0.6273 -0.076 -0.011 6
0.5388 -0.0662 -0.1455 11
0.6808 -0.0836 0.012 5
0.5551 -0.0683 -0.1291 12
0.6839 -0.0842 0.0361 8
0.5612 -0.0692 -0.1099 14
0.7178 -0.0886 0.0633 7
0.5764 -0.0712 -0.092 6
0.7467 -0.0923 0.0924 12
0.589 -0.073 -0.0729 7
0.7743 -0.096 0.1236 8
0.605 -0.0751 -0.0533 8
0.8105 -0.1007 0.1588 9
0.6521 -0.0811 -0.0344 7
0.8277 -0.1031 0.1926 10
0.6072 -0.0757 -0.0107 7
0.6964 -0.088 0.0123 5
0.5645 -0.0714 -0.1314 12
0.6677 -0.0846 0.0353 8
0.5726 -0.0725 -0.1122 13
0.7293 -0.0925 0.0643 7
0.584 -0.0742 -0.0932 6
0.7286 -0.0927 0.0902 12
0.6124 -0.078 -0.0758 7
0.7818 -0.0997 0.1248 8
0.585 -0.0746 -0.0516 8
0.7984 -0.102 0.1565 10
0.6756 -0.0864 -0.0357 7
0.8234 -0.1055 0.1917 10
0.6268 -0.0804 -0.011 6
0.5268 -0.0683 -0.1424 11
0.6881 -0.0894 0.0121 5
0.5662 -0.0736 -0.1318 12
0.6872 -0.0895 0.0363 8
0.5607 -0.073 -0.1099 14
0.7211 -0.094 0.0636 7
0.5837 -0.0762 -0.0932 6
0.744 -0.0973 0.0921 12
0.5688 -0.0745 -0.0704 7
0.7854 -0.103 0.1255 7
0.6282 -0.0824 -0.0554 7
0.802 -0.1053 0.1572 10
0.6436 -0.0846 -0.034 7
0.8115 -0.1068 0.189 10
0.6324 -0.0834 -0.0111 6
0.5419 -0.0722 -0.1465 11
0.6779 -0.0904 0.0119 5
0.5872 -0.0785 -0.1368 11
0.677 -0.0906 0.0358 8
0.5955 -0.0797 -0.1168 13
0.7287 -0.0976 0.0643 7
0.6069 -0.0814 -0.097 12
0.7457 -0.1002 0.0924 12
0.5961 -0.0802 -0.0739 7
0.7615 -0.1026 0.1217 8
0.6042 -0.0814 -0.0533 8
0.8016 -0.1081 0.1572 10
0.667 -0.0901 -0.0353 7
0.8092 -0.1094 0.1885 11
0.5984 -0.081 -0.0105 7
0.6895 -0.0944 0.0121 5
0.5657 -0.0776 -0.1318 12
0.6906 -0.0948 0.0365 8
0.5874 -0.0807 -0.1152 13
0.7165 -0.0985 0.0633 7
0.5949 -0.0819 -0.0951 12
0.7492 -0.1033 0.0929 11
0.6037 -0.0833 -0.0748 7
0.769 -0.1063 0.123 8
0.596 -0.0824 -0.0526 8
0.8012 -0.1109 0.1572 10
0.6687 -0.0927 -0.0354 7
0.8165 -0.1133 0.1903 10
0.6318 -0.0878 -0.0111 6
0.5414 -0.076 -0.1465 11
0.6673 -0.0938 0.0118 5
0.5654 -0.0796 -0.1318 12
0.6744 -0.095 0.0357 8
0.5599 -0.0789 -0.1099 14
0.7122 -0.1005 0.0629 8
0.5868 -0.0829 -0.0939 6
0.741 -0.1048 0.0919 12
0.6073 -0.086 -0.0753 7
0.7647 -0.1084 0.1223 8
0.5918 -0.0839 -0.0523 8
0.7814 -0.1109 0.1534 10
0.6347 -0.0902 -0.0336 7
0.8277 -0.1178 0.193 10
0.6295 -0.0897 -0.0111 6
0.7026 -0.1013 0.0124 5
0.5458 -0.0788 -0.1273 12
0.7037 -0.1017 0.0373 8
0.5907 -0.0853 -0.116 13
0.7197 -0.1041 0.0636 7
0.5826 -0.0844 -0.0932 6
0.7406 -0.1074 0.0919 12
0.611 -0.0887 -0.0758 7
0.7761 -0.1128 0.1242 8
0.5954 -0.0865 -0.0526 8
0.7965 -0.1159 0.1565 10
0.6226 -0.0907 -0.033 8
0.8195 -0.1196 0.1912 10
0.6272 -0.0916 -0.0111 6
0.5294 -0.0781 -0.1434 11
0.6924 -0.1022 0.0122 5
0.5783 -0.0855 -0.135 11
0.6619 -0.098 0.0351 8
0.5787 -0.0857 -0.1137 13
0.7233 -0.1072 0.064 7
0.5784 -0.0858 -0.0926 6
0.752 -0.1117 0.0934 11
0.6028 -0.0897 -0.0748 7
0.7718 -0.1149 0.1236 8
0.6227 -0.0927 -0.0551 7
0.8039 -0.1199 0.158 10
0.6578 -0.0982 -0.0349 7
0.823 -0.123 0.1921 10
0.6151 -0.092 -0.0109 6
0.5406 -0.0817 -0.1465 11
0.6861 -0.1038 0.0121 5
0.5684 -0.0861 -0.1327 11
0.6635 -0.1006 0.0352 8
0.5784 -0.0877 -0.1137 13
0.7269 -0.1103 0.0643 7
0.5937 -0.0902 -0.0951 12
0.7497 -0.114 0.0931 11
0.6064 -0.0924 -0.0753 7
0.7675 -0.117 0.123 8
0.5712 -0.0871 -0.0506 8
0.8035 -0.1227 0.158 10
0.6496 -0.0993 -0.0344 7
0.8129 -0.1244 0.1899 10
0.6286 -0.0963 -0.0111 6
0.525 -0.0812 -0.1424 11
0.6917 -0.1071 0.0122 5
0.5739 -0.0889 -0.1341 11
0.677 -0.1049 0.0359 8
0.5898 -0.0915 -0.116 13
0.7147 -0.111 0.0633 7
0.5856 -0.0911 -0.0939 12
0.7552 -0.1176 0.0938 11
0.61 -0.0951 -0.0758 7
0.7788 -0.1214 0.1248 8
0.6181 -0.0965 -0.0547 8
0.7933 -0.124 0.1561 10
0.6827 -0.1068 -0.0362 7
0.8182 -0.1281 0.1912 10
0.6263 -0.0981 -0.0111 6
0.54 -0.0854 -0.1465 11
0.6913 -0.1094 0.0122 5
0.5563 -0.0881 -0.13 12
0.6667 -0.1057 0.0354 8
0.5972 -0.0948 -0.1175 13
0.7103 -0.1129 0.0629 8
0.5853 -0.093 -0.0939 6
0.7371 -0.1173 0.0916 12
0.6175 -0.0984 -0.0768 7
0.7744 -0.1235 0.1242 8
0.6217 -0.0993 -0.0551 7
0.8026 -0.1281 0.158 10
0.6568 -0.105 -0.0349 7
0.8255 -0.1321 0.193 10
0.6022 -0.0965 -0.0106 7
0.5397 -0.0872 -0.1465 11
0.683 -0.1105 0.0121 5
0.5752 -0.0932 -0.1345 11
0.6743 -0.1092 0.0358 4
0.5891 -0.0955 -0.116 13
0.7139 -0.1159 0.0633 7
0.6005 -0.0976 -0.0964 12
0.7308 -0.1189 0.0909 12
0.6015 -0.098 -0.0748 7
0.7896 -0.1286 0.1267 7
0.5978 -0.0975 -0.053 8
0.7867 -0.1284 0.1549 10
0.6564 -0.1073 -0.0349 7
0.8135 -0.1331 0.1903 10
0.6157 -0.1007 -0.0109 6
0.528 -0.0872 -0.1434 11
0.6925 -0.1144 0.0123 5
0.571 -0.0944 -0.1336 11
0.6798 -0.1125 0.0361 8
0.5811 -0.0963 -0.1145 13
0.7213 -0.1197 0.064 7
0.5573 -0.0925 -0.0895 6
0.7461 -0.1239 0.0929 11
0.5855 -0.0973 -0.0729 7
0.7697 -0.1281 0.1236 8
0.6171 -0.1028 -0.0547 8
0.8172 -0.1362 0.161 9
0.6481 -0.1081 -0.0344 7
0.8131 -0.1358 0.1903 10
0.6588 -0.1101 -0.0117 6
0.5277 -0.089 -0.1434 11
0.7 -0.1181 0.0124 5
0.5438 -0.0919 -0.1273 12
0.6597 -0.1116 0.0351 8
0.5652 -0.0956 -0.1114 13
0.7327 -0.1241 0.065 7
0.5843 -0.099 -0.0939 12
0.7496 -0.1272 0.0934 11
0.5812 -0.0987 -0.0724 7
0.7614 -0.1295 0.1223 8
0.6089 -0.1035 -0.054 8
0.8013 -0.1364 0.158 10
0.6556 -0.1117 -0.0349 7
0.8126 -0.1386 0.1903 10
0.615 -0.105 -0.0109 6
0.6897 -0.1189 0.0122 5
0.5627 -0.0971 -0.1318 12
0.6692 -0.1156 0.0356 8
0.5765 -0.0996 -0.1137 13
0.7244 -0.1253 0.0643 7
0.5684 -0.0984 -0.0914 12
0.7648 -0.1325 0.0953 11
0.5848 -0.1014 -0.0729 7
0.7727 -0.1342 0.1242 8
0.5693 -0.0988 -0.0506 8
0.8085 -0.1405 0.1595 9
0.6631 -0.1154 -0.0353 7
0.8121 -0.1414 0.1903 10
0.6265 -0.1092 -0.0111 6
0.6676 -0.1175 0.0118 5
0.5508 -0.097 -0.1291 12
0.6727 -0.1186 0.0358 8
0.5955 -0.105 -0.1175 13
0.6887 -0.1216 0.0612 8
0.5836 -0.1031 -0.0939 12
0.7526 -0.1331 0.0938 11
0.5845 -0.1035 -0.0729 7
0.7878 -0.1396 0.1267 7
0.5964 -0.1058 -0.053 8
0.7887 -0.1399 0.1557 10
0.647 -0.1149 -0.0344 7
0.8193 -0.1456 0.1921 10
0.6221 -0.1107 -0.011 6
0.5381 -0.0966 -0.1465 11
0.6987 -0.1255 0.0124 5
0.5543 -0.0996 -0.13 12
0.6801 -0.1224 0.0362 8
0.599 -0.1079 -0.1183 12
0.7118 -0.1283 0.0633 7
0.5599 -0.101 -0.0901 13
0.7326 -0.1322 0.0914 12
0.6075 -0.1097 -0.0758 7
0.7834 -0.1417 0.1261 7
0.6313 -0.1143 -0.0561 7
0.8036 -0.1456 0.1588 9
0.6485 -0.1176 -0.0345 7
0.8245 -0.1497 0.1935 10
0.5883 -0.1068 -0.0104 7
0.5378 -0.0985 -0.1465 11
0.6687 -0.1226 0.0119 5
0.5539 -0.1017 -0.13 12
0.664 -0.122 0.0354 8
0.5831 -0.1071 -0.1152 13
0.7231 -0.133 0.0643 7
0.5751 -0.1059 -0.0926 6
0.7399 -0.1363 0.0924 12
0.5993 -0.1105 -0.0748 7
0.7867 -0.1452 0.1267 7
0.5956 -0.11 -0.053 8
0.7973 -0.1473 0.1576 10
0.6481 -0.1199 -0.0345 7
0.8125 -0.1504 0.1908 10
0.6135 -0.1137 -0.0109 6
0.5488 -0.1025 -0.1496 11
0.688 -0.1286 0.0122 5
0.5497 -0.1029 -0.1291 12
0.6812 -0.1276 0.0363 8
0.5635 -0.1056 -0.1114 13
0.7148 -0.134 0.0636 7
0.5824 -0.1093 -0.0939 6
0.7394 -0.1389 0.0924 12
0.595 -0.1119 -0.0743 7
0.7629 -0.1436 0.123 8
0.5952 -0.112 -0.053 8
0.8084 -0.1523 0.1599 9
0.6536 -0.1233 -0.0349 7
0.8119 -0.1533 0.1908 10
0.6209 -0.1173 -0.011 6
0.6836 -0.1303 0.0121 5
0.5609 -0.107 -0.1318 12
0.6906 -0.1319 0.0368 8
0.5862 -0.1119 -0.116 13
0.7339 -0.1403 0.0654 7
0.5704 -0.1091 -0.092 12
0.7662 -0.1467 0.0958 11
0.5868 -0.1125 -0.0734 7
0.7818 -0.15 0.1261 7
0.6066 -0.1164 -0.054 8
0.8194 -0.1573 0.1622 9
0.6257 -0.1203 -0.0334 8
0.821 -0.1579 0.193 10
0.6048 -0.1165 -0.0108 7
0.6812 -0.1323 0.0121 5
0.5528 -0.1075 -0.13 12
0.6823 -0.1327 0.0364 8
0.5666 -0.1102 -0.1122 13
0.7255 -0.1413 0.0647 7
0.5739 -0.1119 -0.0926 12
0.7462 -0.1456 0.0934 11
0.5981 -0.1168 -0.0748 7
0.7852 -0.1535 0.1267 7
0.5905 -0.1154 -0.0526 8
0.7957 -0.1557 0.1576 10
0.6841 -0.134 -0.0365 7
0.8108 -0.1589 0.1908 10
0.6319 -0.124 -0.0112 6
0.5667 -0.1119 -0.1548 10
0.6827 -0.1349 0.0121 5
0.5601 -0.1108 -0.1318 12
0.674 -0.1335 0.036 8
0.5662 -0.1121 -0.1122 13
0.729 -0.1445 0.065 7
0.5658 -0.1122 -0.0914 12
0.7379 -0.1465 0.0924 12
0.5938 -0.118 -0.0743 7
0.7885 -0.1568 0.1273 7
0.6097 -0.1213 -0.0544 8
0.7952 -0.1583 0.1576 10
0.6523 -0.13 -0.0349 7
0.8218 -0.1639 0.1935 10
0.6177 -0.1233 -0.011 6
0.536 -0.1078 -0.1465 11
0.6861 -0.1381 0.0122 5
0.533 -0.1074 -0.1255 12
0.6833 -0.1378 0.0365 8
0.5966 -0.1203 -0.1183 12
0.7324 -0.1478 0.0654 7
0.5731 -0.1158 -0.0926 12
0.7413 -0.1499 0.0929 11
0.6051 -0.1224 -0.0758 7
0.7725 -0.1565 0.1248 8
0.6249 -0.1266 -0.0558 7
0.8101 -0.1642 0.1607 9
0.644 -0.1307 -0.0344 7
0.804 -0.1633 0.1894 10
0.6369 -0.1295 -0.0113 6
0.7013 -0.1437 0.0125 5
0.5632 -0.1155 -0.1327 11
0.6809 -0.1396 0.0364 8
0.5731 -0.1176 -0.1137 13
0.7241 -0.1488 0.0647 7
0.5727 -0.1178 -0.0926 12
0.7583 -0.1561 0.0951 11
0.5969 -0.123 -0.0748 7
0.7526 -0.155 0.1217 8
0.5893 -0.1215 -0.0526 8
0.7941 -0.1639 0.1576 10
0.6435 -0.1329 -0.0344 7
0.8111 -0.1677 0.1912 10
0.6188 -0.1279 -0.011 6
0.5352 -0.1115 -0.1465 11
0.6911 -0.144 0.0123 5
0.5513 -0.115 -0.13 12
0.6843 -0.1428 0.0366 8
0.5881 -0.1229 -0.1168 13
0.7079 -0.148 0.0633 7
0.5801 -0.1213 -0.0939 12
0.7597 -0.159 0.0953 11
0.5887 -0.1233 -0.0739 7
0.783 -0.1641 0.1267 7
0.5928 -0.1244 -0.053 8
0.8089 -0.1697 0.1607 9
0.6646 -0.1396 -0.0356 7
0.8124 -0.1708 0.1917 10
0.6653 -0.14 -0.0119 6
0.6729 -0.1427 0.012 5
0.5852 -0.1242 -0.1381 11
0.676 -0.1434 0.0362 8
0.58 -0.1232 -0.1152 13
0.7191 -0.1529 0.0643 7
0.5719 -0.1217 -0.0926 12
0.7475 -0.1592 0.0938 11
0.5883 -0.1254 -0.0739 7
0.7767 -0.1655 0.1258 7
0.6002 -0.128 -0.0537 8
0.7814 -0.1668 0.1553 10
0.6504 -0.139 -0.0349 7
0.8061 -0.1724 0.1903 10
0.6355 -0.1359 -0.0113 6
0.5269 -0.1135 -0.1444 11
0.6725 -0.1449 0.012 5
0.5467 -0.1179 -0.1291 12
0.6833 -0.1475 0.0366 8
0.591 -0.1277 -0.1175 13
0.7108 -0.1537 0.0636 7
0.5676 -0.1227 -0.092 12
0.7392 -0.16 0.0929 11
0.5995 -0.1298 -0.0753 7
0.7819 -0.1695 0.1267 7
0.5919 -0.1284 -0.053 8
0.8116 -0.1761 0.1614 9
0.6499 -0.1411 -0.0349 7
0.815 -0.1771 0.1926 10
0.6292 -0.1368 -0.0112 6
0.5567 -0.1219 -0.1527 10
0.6837 -0.1498 0.0122 5
0.5577 -0.1223 -0.1318 12
0.6613 -0.1452 0.0355 8
0.583 -0.128 -0.116 13
0.7259 -0.1595 0.065 7
0.5788 -0.1273 -0.0939 12
0.7503 -0.1651 0.0943 11
0.599 -0.1319 -0.0753 7
0.7736 -0.1705 0.1255 7
0.6148 -0.1355 -0.0551 7
0.811 -0.1789 0.1614 9
0.6514 -0.1438 -0.035 7
0.8163 -0.1804 0.193 10
0.6639 -0.1468 -0.0119 6
0.5337 -0.1188 -0.1465 11
0.6949 -0.1548 0.0124 5
0.5383 -0.12 -0.1273 12
0.6628 -0.1479 0.0356 8
0.5403 -0.1206 -0.1076 14
0.7175 -0.1603 0.0643 7
0.5861 -0.131 -0.0951 12
0.742 -0.166 0.0934 11
0.6024 -0.1349 -0.0758 7
0.7768 -0.1741 0.1261 7
0.6027 -0.135 -0.054 8
0.7912 -0.1774 0.1576 10
0.6587 -0.1478 -0.0354 7
0.8138 -0.1828 0.1926 10
0.636 -0.143 -0.0114 6
0.6846 -0.155 0.0123 5
0.5759 -0.1305 -0.1363 11
0.6603 -0.1498 0.0355 8
0.5744 -0.1303 -0.1145 13
0.7131 -0.1619 0.064 7
0.601 -0.1365 -0.0976 11
0.7607 -0.173 0.0958 11
0.5942 -0.1352 -0.0748 7
0.7685 -0.175 0.1248 8
0.6139 -0.1398 -0.0551 7
0.7944 -0.1811 0.1584 10
0.6134 -0.1399 -0.033 8
0.8226 -0.1878 0.1948 9
0.6316 -0.1443 -0.0113 6
0.5441 -0.1251 -0.1496 11
0.6665 -0.1534 0.0119 5
0.5526 -0.1273 -0.1309 12
0.6851 -0.1579 0.0368 8
0.5931 -0.1367 -0.1183 12
0.7164 -0.1653 0.0643 7
0.5736 -0.1324 -0.0932 12
0.7524 -0.1738 0.0948 11
0.5976 -0.1382 -0.0753 7
0.7679 -0.1777 0.1248 8
0.5823 -0.1348 -0.0523 8
0.8014 -0.1856 0.1599 9
0.6401 -0.1484 -0.0344 7
0.8296 -0.1924 0.1966 9
0.6077 -0.1411 -0.0109 6
0.6679 -0.1562 0.012 5
0.5522 -0.1292 -0.1309 12
0.6865 -0.1608 0.0369 8
0.562 -0.1316 -0.1122 13
0.7197 -0.1687 0.0647 7
0.577 -0.1353 -0.0939 12
0.746 -0.1751 0.0941 11
0.5971 -0.1403 -0.0753 7
0.7749 -0.1822 0.1261 7
0.5896 -0.1386 -0.053 8
0.8007 -0.1884 0.1599 9
0.6007 -0.1415 -0.0323 8
0.8175 -0.1926 0.1939 10
0.652 -0.1538 -0.0117 6
0.5545 -0.1316 -0.1527 10
0.6887 -0.1636 0.0124 5
0.5555 -0.132 -0.1318 12
0.6859 -0.1632 0.0369 8
0.5653 -0.1345 -0.113 13
0.7171 -0.1707 0.0645 7
0.5496 -0.1309 -0.0895 13
0.7357 -0.1754 0.0929 11
0.5812 -0.1387 -0.0734 7
0.7858 -0.1876 0.128 7
0.6163 -0.1472 -0.0554 7
0.8001 -0.1912 0.1599 9
0.6546 -0.1566 -0.0353 7
0.813 -0.1946 0.193 10
0.632 -0.1514 -0.0113 6
0.5728 -0.138 -0.1579 10
0.6843 -0.165 0.0123 5
0.5475 -0.1321 -0.13 12
0.6756 -0.1632 0.0364 8
0.5801 -0.1401 -0.116 13
0.7224 -0.1746 0.065 7
0.5914 -0.1431 -0.0964 12
0.7505 -0.1817 0.0948 11
0.5807 -0.1407 -0.0734 7
0.7813 -0.1895 0.1273 7
0.6041 -0.1465 -0.0544 8
0.8166 -0.1982 0.1633 9
0.6385 -0.1551 -0.0344 7
0.8086 -0.1965 0.1921 7
0.6023 -0.1465 -0.0108 6
0.531 -0.1299 -0.1465 11
0.6895 -0.1689 0.0124 5
0.5621 -0.1378 -0.1336 11
0.6847 -0.1679 0.0369 8
0.572 -0.1403 -0.1145 13
0.714 -0.1752 0.0643 7
0.5717 -0.1404 -0.0932 12
0.7537 -0.1853 0.0953 11
0.6111 -0.1503 -0.0773 7
0.7615 -0.1875 0.1242 8
0.5881 -0.1448 -0.053 8
0.793 -0.1954 0.1588 9
0.6516 -0.1606 -0.0352 7
0.8249 -0.2035 0.1962 7
0.6115 -0.151 -0.011 6
0.6715 -0.1669 0.0121 5
0.573 -0.1425 -0.1363 11
0.6667 -0.166 0.036 8
0.5944 -0.148 -0.1191 12
0.7095 -0.1768 0.064 7
0.5597 -0.1395 -0.0914 12
0.7531 -0.1879 0.0953 11
0.6067 -0.1515 -0.0768 7
0.7685 -0.192 0.1255 7
0.5644 -0.141 -0.0509 8
0.7847 -0.1962 0.1572 10
0.6374 -0.1595 -0.0344 7
0.8166 -0.2045 0.1944 7
0.6304 -0.158 -0.0113 6
0.5564 -0.1403 -0.1537 10
0.6825 -0.1722 0.0123 5
0.5423 -0.1369 -0.1291 12
0.699 -0.1766 0.0378 8
0.5939 -0.1501 -0.1191 12
0.7205 -0.1822 0.065 7
0.5707 -0.1444 -0.0932 12
0.7524 -0.1905 0.0953 11
0.5908 -0.1497 -0.0748 7
0.787 -0.1996 0.1286 7
0.5987 -0.1518 -0.054 8
0.7954 -0.2019 0.1595 9
0.6388 -0.1622 -0.0345 7
0.8178 -0.2078 0.1948 7
0.6182 -0.1572 -0.0111 6
0.5297 -0.1355 -0.1465 11
0.6761 -0.1731 0.0122 5
0.5531 -0.1417 -0.1318 12
0.6714 -0.172 0.0363 8
0.5705 -0.1463 -0.1145 13
0.7121 -0.1827 0.0643 7
0.574 -0.1474 -0.0939 12
0.7402 -0.1902 0.0938 11
0.5902 -0.1518 -0.0748 7
0.7672 -0.1973 0.1255 7
0.5943 -0.1529 -0.0537 8
0.8061 -0.2076 0.1618 9
0.646 -0.1665 -0.035 7
0.802 -0.2068 0.1912 7
0.6487 -0.1673 -0.0117 6
0.5292 -0.1373 -0.1465 11
0.6891 -0.1788 0.0124 5
0.5526 -0.1435 -0.1318 12
0.694 -0.1804 0.0376 8
0.5814 -0.1512 -0.1168 13
0.7076 -0.1842 0.064 7
0.5773 -0.1503 -0.0945 12
0.7549 -0.1966 0.0958 11
0.5859 -0.1527 -0.0743 7
0.7703 -0.2009 0.1261 7
0.6092 -0.159 -0.0551 7
0.8054 -0.2102 0.1618 9
0.659 -0.1721 -0.0357 7
0.8013 -0.2095 0.1912 7
0.5997 -0.1569 -0.0108 6
0.6768 -0.1782 0.0122 5
0.5597 -0.1475 -0.1336 11
0.674 -0.1777 0.0365 8
0.5657 -0.1492 -0.1137 13
0.7109 -0.1876 0.0643 7
0.573 -0.1513 -0.0939 12
0.7389 -0.1952 0.0938 11
0.5815 -0.1537 -0.0739 7
0.7696 -0.2036 0.1261 7
0.5701 -0.1508 -0.0516 8
0.8047 -0.2131 0.1618 9
0.6352 -0.1683 -0.0344 7
0.8119 -0.2153 0.1939 7
0.6282 -0.1667 -0.0113 6
0.5394 -0.1439 -0.1496 11
0.6859 -0.1831 0.0124 5
0.561 -0.1499 -0.1341 11
0.6676 -0.1785 0.0362 8
0.5766 -0.1542 -0.116 13
0.7179 -0.1921 0.065 7
0.5724 -0.1533 -0.0939 12
0.7536 -0.2019 0.0958 11
0.5848 -0.1568 -0.0743 7
0.7841 -0.2104 0.1286 7
0.6042 -0.1621 -0.0547 8
0.785 -0.2108 0.158 10
0.6442 -0.1731 -0.035 7
0.8073 -0.2171 0.193 7
0.6546 -0.1761 -0.0118 6
0.6736 -0.1824 0.0122 5
0.5379 -0.1458 -0.1287 12
0.6766 -0.1835 0.0367 8
0.5912 -0.1603 -0.1191 12
0.7211 -0.1956 0.0654 7
0.5719 -0.1553 -0.0939 12
0.7299 -0.1983 0.0929 11
0.5842 -0.1588 -0.0743 7
0.7758 -0.2111 0.1273 7
0.6075 -0.1653 -0.0551 7
0.8032 -0.2187 0.1618 9
0.6417 -0.1748 -0.0349 7
0.8141 -0.2219 0.1948 7
0.6135 -0.1674 -0.0111 6
0.6981 -0.1916 0.0126 4
0.5318 -0.1461 -0.1273 12
0.6625 -0.1821 0.036 8
0.566 -0.1556 -0.1141 13
0.7165 -0.1971 0.065 7
0.5752 -0.1583 -0.0945 12
0.7483 -0.2061 0.0953 11
0.5875 -0.1619 -0.0748 7
0.7865 -0.2169 0.1292 7
0.6069 -0.1674 -0.0551 7
0.8062 -0.2225 0.1626 9
0.6411 -0.1771 -0.0349 7
0.8058 -0.2227 0.193 7
0.6322 -0.1748 -0.0114 6
0.6781 -0.1887 0.0123 5
0.5557 -0.1547 -0.1332 11
0.6618 -0.1844 0.036 8
0.5768 -0.1607 -0.1164 13
0.7082 -0.1975 0.0643 7
0.586 -0.1635 -0.0964 12
0.7552 -0.2109 0.0963 10
0.5831 -0.1629 -0.0743 7
0.7705 -0.2154 0.1267 7
0.5948 -0.1663 -0.054 8
0.8168 -0.2285 0.1649 8
0.6558 -0.1836 -0.0357 7
0.805 -0.2255 0.193 7
0.6084 -0.1706 -0.011 6
0.5262 -0.1483 -0.1465 11
0.6678 -0.1884 0.0121 5
0.5664 -0.1598 -0.1359 11
0.6823 -0.1927 0.0372 8
0.5536 -0.1563 -0.1118 13
0.696 -0.1967 0.0633 7
0.5779 -0.1634 -0.0951 12
0.7545 -0.2135 0.0963 10
0.5749 -0.1628 -0.0734 7
0.7849 -0.2224 0.1292 7
0.6057 -0.1716 -0.0551 7
0.8084 -0.2292 0.1633 9
0.6494 -0.1843 -0.0354 7
0.8155 -0.2315 0.1957 7
0.6252 -0.1776 -0.0113 6
0.6768 -0.1933 0.0123 5
0.5284 -0.151 -0.1269 12
0.6779 -0.1939 0.0369 8
0.5644 -0.1614 -0.1141 13
0.7145 -0.2045 0.065 7
0.5583 -0.1599 -0.092 12
0.7519 -0.2155 0.096 10
0.5934 -0.1702 -0.0758 7
0.769 -0.2207 0.1267 7
0.5783 -0.1661 -0.0526 8
0.7963 -0.2286 0.161 9
0.6335 -0.182 -0.0345 7
0.8222 -0.2364 0.1975 7
0.6303 -0.1813 -0.0114 6
0.5252 -0.152 -0.1465 11
0.6742 -0.1951 0.0123 5
0.5353 -0.155 -0.1287 12
0.6772 -0.1962 0.0369 8
0.5826 -0.1689 -0.1179 12
0.729 -0.2115 0.0664 7
0.5615 -0.163 -0.0926 12
0.7435 -0.2159 0.0951 11
0.5738 -0.1667 -0.0734 7
0.791 -0.23 0.1305 7
0.6045 -0.1759 -0.0551 7
0.803 -0.2338 0.1626 9
0.6405 -0.1866 -0.035 7
0.8026 -0.2339 0.193 7
0.6259 -0.1824 -0.0114 6
0.5395 -0.1582 -0.1506 10
0.6754 -0.1981 0.0123 5
0.5441 -0.1597 -0.1309 12
0.6573 -0.193 0.0359 8
0.5519 -0.1621 -0.1118 13
0.7359 -0.2163 0.0671 7
0.5837 -0.1717 -0.0964 12
0.7351 -0.2163 0.0941 11
0.5808 -0.171 -0.0743 7
0.7788 -0.2294 0.1286 7
0.5925 -0.1746 -0.054 8
0.7909 -0.2332 0.1603 9
0.6398 -0.1888 -0.035 7
0.8093 -0.2389 0.1948 4
0.6444 -0.1903 -0.0117 6
0.5463 -0.1622 -0.1527 10
0.6613 -0.1964 0.012 5
0.5567 -0.1654 -0.1341 11
0.6624 -0.197 0.0362 8
0.5852 -0.1741 -0.1187 12
0.7123 -0.2121 0.065 7
0.5831 -0.1736 -0.0964 12
0.742 -0.221 0.0951 11
0.5726 -0.1707 -0.0734 7
0.7591 -0.2264 0.1255 7
0.5842 -0.1744 -0.0533 8
0.7976 -0.2381 0.1618 9
0.6315 -0.1886 -0.0345 7
0.8047 -0.2405 0.1939 7
0.6092 -0.1822 -0.0111 6
0.6875 -0.2068 0.0125 5
0.5598 -0.1685 -0.135 11
0.6655 -0.2004 0.0364 8
0.5809 -0.1749 -0.1179 12
0.7077 -0.2133 0.0647 7
0.5749 -0.1734 -0.0951 12
0.7488 -0.2259 0.096 10
0.591 -0.1784 -0.0758 7
0.7772 -0.2348 0.1286 7
0.6179 -0.1867 -0.0565 7
0.8081 -0.2443 0.1641 9
0.6442 -0.1949 -0.0353 7
0.8114 -0.2456 0.1957 7
0.6029 -0.1826 -0.011 6
0.6542 -0.1993 0.0119 5
0.5443 -0.1659 -0.1314 12
0.6782 -0.2068 0.0372 8
0.5878 -0.1793 -0.1194 12
0.7146 -0.2181 0.0654 7
0.5517 -0.1685 -0.0914 12
0.7518 -0.2297 0.0965 10
0.5942 -0.1817 -0.0763 7
0.7726 -0.2364 0.128 7
0.583 -0.1784 -0.0533 8
0.796 -0.2437 0.1618 9
0.6302 -0.193 -0.0345 7
0.8142 -0.2496 0.1966 4
0.6156 -0.1888 -0.0112 6
0.6784 -0.2092 0.0124 5
0.5437 -0.1678 -0.1314 12
0.6698 -0.2068 0.0367 8
0.5759 -0.1778 -0.1172 13
0.7253 -0.2241 0.0664 7
0.5473 -0.1692 -0.0907 13
0.732 -0.2265 0.0941 11
0.5898 -0.1826 -0.0758 7
0.7831 -0.2426 0.1298 7
0.6109 -0.1892 -0.056 7
0.7951 -0.2464 0.1618 9
0.6352 -0.197 -0.0349 7
0.8208 -0.2547 0.1984 4
0.6207 -0.1927 -0.0113 6
0.5219 -0.1629 -0.1465 11
0.6986 -0.2181 0.0128 4
0.545 -0.1703 -0.1318 12
0.6748 -0.211 0.0371 8
0.5753 -0.1798 -0.1172 13
0.7055 -0.2207 0.0647 7
0.5769 -0.1806 -0.0957 12
0.7331 -0.2296 0.0943 11
0.5664 -0.1775 -0.0729 7
0.786 -0.2465 0.1305 7
0.5969 -0.1872 -0.0547 8
0.798 -0.2504 0.1626 9
0.6593 -0.207 -0.0362 7
0.792 -0.2488 0.1917 5
0.62 -0.1949 -0.0113 6
0.6998 -0.2212 0.0128 4
0.5407 -0.171 -0.1309 12
0.6646 -0.2103 0.0365 8
0.5859 -0.1854 -0.1194 12
0.7275 -0.2304 0.0668 7
0.5838 -0.185 -0.097 12
0.7418 -0.2352 0.0955 11
0.5809 -0.1843 -0.0748 7
0.7738 -0.2456 0.1286 7
0.5887 -0.1869 -0.054 8
0.8046 -0.2555 0.1641 9
0.6281 -0.1996 -0.0345 7
0.8023 -0.2551 0.1944 5
0.6022 -0.1916 -0.011 6
0.5281 -0.1688 -0.1486 11
0.6952 -0.2224 0.0127 4
0.5605 -0.1794 -0.1359 11
0.6714 -0.2151 0.0369 8
0.559 -0.1791 -0.1141 13
0.7039 -0.2256 0.0647 7
0.5605 -0.1798 -0.0932 12
0.7372 -0.2365 0.0951 11
0.5878 -0.1887 -0.0758 7
0.7654 -0.2459 0.1273 7
0.5805 -0.1865 -0.0533 8
0.8037 -0.2583 0.1641 9
0.6388 -0.2055 -0.0352 7
0.8144 -0.2621 0.1975 4
0.6262 -0.2017 -0.0115 6
0.6716 -0.2174 0.0123 5
0.5395 -0.1748 -0.1309 12
0.6783 -0.2197 0.0374 8
0.5472 -0.1774 -0.1118 13
0.7069 -0.2293 0.065 7
0.5562 -0.1805 -0.0926 12
0.7477 -0.2428 0.0965 10
0.5871 -0.1908 -0.0758 7
0.7759 -0.2521 0.1292 7
0.5912 -0.1922 -0.0544 8
0.7953 -0.2587 0.1626 9
0.6685 -0.2176 -0.0368 6
0.8171 -0.2661 0.1984 4
0.6256 -0.2037 -0.0115 6
0.5416 -0.1773 -0.1527 10
0.6746 -0.2209 0.0124 5
0.5463 -0.179 -0.1327 11
0.6813 -0.2234 0.0376 8
0.5914 -0.194 -0.121 12
0.7288 -0.2392 0.0671 7
0.5743 -0.1885 -0.0957 12
0.7431 -0.244 0.096 10
0.579 -0.1902 -0.0748 7
0.7825 -0.2573 0.1305 7
0.617 -0.203 -0.0568 7
0.7945 -0.2614 0.1626 9
0.645 -0.2123 -0.0356 7
0.8033 -0.2646 0.1953 4
0.6267 -0.2065 -0.0115 6
0.6777 -0.2245 0.0125 5
0.5512 -0.1827 -0.1341 11
0.6635 -0.22 0.0366 8
0.5944 -0.1972 -0.1217 12
0.7318 -0.2429 0.0675 7
0.5662 -0.188 -0.0945 12
0.7309 -0.2429 0.0946 11
0.5708 -0.1898 -0.0739 7
0.7742 -0.2574 0.1292 7
0.5861 -0.195 -0.054 8
0.7973 -0.2654 0.1633 9
0.6367 -0.212 -0.0352 7
0.8024 -0.2674 0.1953 4
0.6242 -0.208 -0.0115 6
0.5221 -0.1749 -0.1475 11
0.6845 -0.2293 0.0126 4
0.5488 -0.1839 -0.1336 11
0.6836 -0.2293 0.0378 8
0.5602 -0.188 -0.1149 13
0.7272 -0.2442 0.0671 7
0.573 -0.1924 -0.0957 12
0.7508 -0.2522 0.0973 10
0.5739 -0.1929 -0.0743 7
0.7583 -0.255 0.1267 7
0.608 -0.2046 -0.0561 7
0.8187 -0.2755 0.1679 8
0.6436 -0.2167 -0.0356 7
0.8144 -0.2744 0.1984 2
0.6253 -0.2108 -0.0115 6
0.6837 -0.2317 0.0126 4
0.55 -0.1865 -0.1341 11
0.679 -0.2304 0.0376 8
0.5708 -0.1936 -0.1172 13
0.715 -0.2427 0.0661 7
0.5724 -0.1944 -0.0957 12
0.7443 -0.2529 0.0965 10
0.5695 -0.1936 -0.0739 7
0.7761 -0.2641 0.1298 7
0.6036 -0.2055 -0.0558 7
0.7992 -0.2721 0.1641 9
0.656 -0.2235 -0.0363 7
0.819 -0.2791 0.1998 4
0.617 -0.2104 -0.0114 6
0.6848 -0.2347 0.0126 4
0.5438 -0.1865 -0.1327 11
0.6744 -0.2314 0.0374 8
0.5812 -0.1996 -0.1194 12
0.6991 -0.2402 0.0647 7
0.5679 -0.1952 -0.0951 12
0.7434 -0.2555 0.0965 10
0.5725 -0.1969 -0.0743 7
0.7752 -0.2668 0.1298 7
0.5991 -0.2063 -0.0554 7
0.7833 -0.2699 0.161 9
0.642 -0.2213 -0.0356 7
0.794 -0.2739 0.1939 2
0.6371 -0.2197 -0.0118 6
0.5458 -0.1892 -0.1548 10
0.6764 -0.2346 0.0125 5
0.5431 -0.1885 -0.1327 11
0.6792 -0.2359 0.0377 8
0.5657 -0.1964 -0.1164 13
0.7246 -0.2518 0.0671 7
0.5635 -0.1959 -0.0945 12
0.7462 -0.2596 0.097 10
0.5868 -0.2042 -0.0763 7
0.7816 -0.2722 0.1311 7
0.5833 -0.2031 -0.054 8
0.7824 -0.2726 0.161 9
0.6412 -0.2235 -0.0356 7
0.6438 -0.2247 -0.0119 6
0.6887 -0.2416 0.0127 4
0.5388 -0.1891 -0.1318 12
0.6671 -0.2343 0.0371 8
0.5798 -0.2036 -0.1194 12
0.7087 -0.249 0.0657 7
0.5703 -0.2005 -0.0957 12
0.7378 -0.2595 0.096 10
0.5749 -0.2023 -0.0748 14
0.777 -0.2736 0.1305 7
0.6032 -0.2124 -0.056 7
0.8018 -0.2825 0.1652 8
0.6367 -0.2245 -0.0354 7
0.6072 -0.2143 -0.0112 6
0.5299 -0.1878 -0.1506 10
0.6728 -0.2387 0.0125 5
0.5528 -0.1962 -0.1354 11
0.6701 -0.2378 0.0373 8
0.5791 -0.2056 -0.1194 12
0.7115 -0.2528 0.0661 7
0.5733 -0.2038 -0.0964 12
0.7406 -0.2634 0.0965 10
0.5741 -0.2043 -0.0748 7
0.7723 -0.2749 0.1298 7
0.6119 -0.2179 -0.0568 7
0.7971 -0.284 0.1645 8
0.6472 -0.2307 -0.036 7
0.6328 -0.2257 -0.0117 6
0.6796 -0.2436 0.0126 4
0.5503 -0.1974 -0.135 11
0.6843 -0.2455 0.0381 7
0.5599 -0.201 -0.1156 13
0.7107 -0.2553 0.0661 7
0.5763 -0.207 -0.097 12
0.751 -0.2699 0.098 10
0.5884 -0.2116 -0.0768 7
0.7714 -0.2776 0.1298 7
0.5849 -0.2106 -0.0544 8
0.7684 -0.2767 0.1588 6
0.6389 -0.2301 -0.0356 7
0.6321 -0.2279 -0.0117 6
0.6806 -0.2466 0.0126 4
0.5514 -0.1999 -0.1354 11
0.6628 -0.2404 0.0369 8
0.5777 -0.2096 -0.1194 12
0.7023 -0.2549 0.0654 7
0.5719 -0.2077 -0.0964 12
0.75 -0.2725 0.098 10
0.5802 -0.2109 -0.0758 7
0.7852 -0.2856 0.1323 6
0.6085 -0.2214 -0.0567 7
0.6381 -0.2324 -0.0356 7
0.6313 -0.2301 -0.0117 6
0.6853 -0.2511 0.0127 4
0.5526 -0.2025 -0.1359 11
0.6807 -0.2496 0.038 7
0.5622 -0.2062 -0.1164 13
0.7201 -0.2642 0.0671 7
0.5489 -0.2015 -0.0926 12
0.7304 -0.2683 0.0955 11
0.5869 -0.2157 -0.0768 7
0.775 -0.285 0.1308 7
0.6115 -0.2249 -0.057 7
0.6485 -0.2387 -0.0362 7
0.638 -0.2351 -0.0119 6
0.5236 -0.1938 -0.1496 11
0.6845 -0.2535 0.0127 4
0.5409 -0.2004 -0.1332 11
0.6592 -0.2444 0.0368 8
0.5651 -0.2095 -0.1172 13
0.7192 -0.2668 0.0671 7
0.5778 -0.2144 -0.0976 11
0.7444 -0.2764 0.0975 10
0.5676 -0.2108 -0.0743 7
0.7832 -0.2911 0.1323 3
0.5789 -0.2152 -0.054 8
0.6514 -0.2424 -0.0364 7
0.654 -0.2436 -0.0122 6
0.541 -0.2024 -0.1548 10
0.6648 -0.2488 0.0124 5
0.5475 -0.205 -0.135 11
0.6752 -0.253 0.0378 8
0.5644 -0.2115 -0.1172 13
0.7295 -0.2735 0.0682 6
0.5586 -0.2095 -0.0945 12
0.7471 -0.2804 0.098 10
0.5854 -0.2198 -0.0768 7
0.5689 -0.2137 -0.0532 8
0.6356 -0.239 -0.0356 7
0.6363 -0.2395 -0.0119 6
0.6827 -0.2581 0.0127 4
0.5505 -0.2082 -0.1359 11
0.6855 -0.2595 0.0384 7
0.5674 -0.2147 -0.1179 12
0.7136 -0.2702 0.0668 7
0.5726 -0.217 -0.097 12
0.7462 -0.2829 0.098 10
0.5772 -0.2189 -0.0758 7
0.5812 -0.2206 -0.0544 8
0.6423 -0.244 -0.036 7
0.6355 -0.2417 -0.0119 6
0.5251 -0.2006 -0.1506 10
0.6743 -0.2576 0.0126 4
0.5497 -0.2101 -0.1359 11
0.6884 -0.2633 0.0386 7
0.5849 -0.2238 -0.1217 12
0.7089 -0.2714 0.0664 7
0.5313 -0.2035 -0.0901 13
0.7508 -0.2876 0.0987 10
0.595 -0.228 -0.0782 6
0.6008 -0.2305 -0.0563 7
0.6339 -0.2435 -0.0356 7
0.6347 -0.2439 -0.0119 6
0.6585 -0.2543 0.0123 5
0.549 -0.2122 -0.1359 11
0.6874 -0.2657 0.0386 7
0.5548 -0.2145 -0.1156 13
0.7154 -0.2768 0.0671 7
0.5563 -0.2153 -0.0945 12
0.7182 -0.2782 0.0946 5
0.572 -0.2216 -0.0753 7
0.587 -0.2276 -0.0551 7
0.6275 -0.2435 -0.0353 7
0.6357 -0.2468 -0.0119 6
0.5273 -0.2057 -0.1517 10
0.6856 -0.2674 0.0128 4
0.5464 -0.2133 -0.1354 11
0.6567 -0.2564 0.0369 8
0.5797 -0.2265 -0.121 12
0.707 -0.2764 0.0664 7
0.574 -0.2244 -0.0976 11
0.5786 -0.2264 -0.0763 14
0.6122 -0.2398 -0.0575 7
0.6174 -0.2419 -0.0348 7
0.6385 -0.2505 -0.012 6
0.5338 -0.2103 -0.1537 10
0.6716 -0.2647 0.0126 4
0.5348 -0.2109 -0.1327 11
0.6763 -0.2668 0.0381 7
0.5607 -0.2212 -0.1172 13
0.7172 -0.2831 0.0675 7
0.5732 -0.2264 -0.0976 11
0.5815 -0.2299 -0.0768 7
0.5855 -0.2316 -0.0551 7
0.6314 -0.25 -0.0356 7
0.6042 -0.2395 -0.0113 6
0.6948 -0.2766 0.0131 4
0.5576 -0.2221 -0.1386 11
0.6828 -0.2721 0.0385 7
0.5617 -0.2239 -0.1175 13
0.6996 -0.279 0.0659 3
0.5761 -0.2298 -0.0982 11
0.5918 -0.2363 -0.0782 6
0.568 -0.227 -0.0535 8
0.6472 -0.2589 -0.0365 7
0.6238 -0.2497 -0.0117 6
0.6939 -0.2791 0.0131 4
0.546 -0.2197 -0.1359 11
0.667 -0.2684 0.0377 8
0.5536 -0.2229 -0.116 13
0.5716 -0.2304 -0.0976 11
0.5762 -0.2325 -0.0763 7
0.5931 -0.2394 -0.056 7
0.6333 -0.2559 -0.0358 7
0.6229 -0.2518 -0.0117 6
0.6689 -0.2716 0.0126 4
0.5326 -0.2164 -0.1327 11
0.6642 -0.27 0.0376 8
0.571 -0.2322 -0.1198 12
0.5526 -0.2248 -0.0945 12
0.5718 -0.2329 -0.0758 14
0.5978 -0.2437 -0.0565 7
0.6177 -0.2519 -0.035 7
0.6276 -0.2562 -0.0118 6
0.6809 -0.2792 0.0128 4
0.5264 -0.216 -0.1314 12
0.6744 -0.2769 0.0382 3
0.5703 -0.2341 -0.1198 12
0.5554 -0.2283 -0.0951 12
0.5709 -0.2349 -0.0758 7
0.5914 -0.2434 -0.056 7
0.65 -0.2678 -0.0368 6
0.6267 -0.2584 -0.0118 6
0.6817 -0.2824 0.0129 4
0.5617 -0.2328 -0.1404 11
0.5731 -0.2376 -0.1206 12
0.5875 -0.2438 -0.1007 11
0.5885 -0.2445 -0.0782 13
0.6182 -0.2569 -0.0586 7
0.6343 -0.2639 -0.036 7
0.6276 -0.2614 -0.0119 6
0.6715 -0.2809 0.0127 4
0.5357 -0.2242 -0.1341 11
0.565 -0.2366 -0.1191 12
0.5684 -0.2382 -0.0976 11
0.5766 -0.2419 -0.0768 7
0.6228 -0.2614 -0.0591 7
0.6297 -0.2646 -0.0358 7
0.6249 -0.2628 -0.0118 6
0.6429 -0.2716 0.0122 5
0.5421 -0.2291 -0.1359 11
0.5569 -0.2355 -0.1175 13
0.5603 -0.2371 -0.0964 12
0.5867 -0.2486 -0.0782 6
0.5962 -0.2527 -0.0567 7
0.627 -0.266 -0.0357 7
0.6442 -0.2736 -0.0122 6
0.5413 -0.231 -0.1359 11
0.5453 -0.2328 -0.1152 13
0.5595 -0.2391 -0.0964 12
0.5676 -0.2428 -0.0758 7
0.5935 -0.254 -0.0565 7
0.6389 -0.2737 -0.0364 7
0.6396 -0.2741 -0.0121 6
0.5566 -0.2397 -0.1399 11
0.5625 -0.2425 -0.1191 12
0.5732 -0.2472 -0.0989 11
0.5522 -0.2384 -0.0739 7
0.6145 -0.2655 -0.0586 7
0.6471 -0.2798 -0.0369 6
0.6423 -0.278 -0.0122 6
0.5415 -0.2354 -0.1363 11
0.5581 -0.2428 -0.1183 12
0.5542 -0.2413 -0.0957 12
0.5732 -0.2498 -0.0768 7
0.6282 -0.2741 -0.06 7
0.6498 -0.2836 -0.0372 6
0.6267 -0.2738 -0.0119 6
0.5389 -0.2366 -0.1359 11
0.5572 -0.2448 -0.1183 12
0.5678 -0.2497 -0.0982 11
0.5905 -0.2598 -0.0792 6
0.5744 -0.253 -0.0549 8
0.6342 -0.2796 -0.0363 7
0.5487 -0.2433 -0.1386 11
0.5743 -0.2547 -0.1221 12
0.5489 -0.2437 -0.0951 12
0.5824 -0.2587 -0.0782 6
0.5971 -0.2655 -0.0572 7
0.6514 -0.2899 -0.0374 6
0.5283 -0.2363 -0.1336 11
0.5734 -0.2566 -0.1221 12
0.548 -0.2455 -0.0951 12
0.5815 -0.2606 -0.0782 13
0.5999 -0.2691 -0.0575 7
0.6359 -0.2855 -0.0365 7
0.5329 -0.2405 -0.135 11
0.5618 -0.2537 -0.1198 12
0.5652 -0.2554 -0.0982 11
0.5697 -0.2577 -0.0768 7
0.6353 -0.2876 -0.061 6
0.624 -0.2827 -0.0359 7
0.5391 -0.2456 -0.1368 11
0.5681 -0.259 -0.1214 12
0.5823 -0.2657 -0.1014 11
0.5688 -0.2597 -0.0768 7
0.6089 -0.2783 -0.0586 7
0.5364 -0.2467 -0.1363 11
0.585 -0.2692 -0.1252 11
0.5741 -0.2644 -0.1001 11
0.5498 -0.2535 -0.0743 7
0.5934 -0.2737 -0.0572 7
0.525 -0.2436 -0.1336 11
0.5413 -0.2514 -0.116 13
0.5554 -0.258 -0.097 12
0.567 -0.2637 -0.0768 7
0.6214 -0.2892 -0.06 7
0.5654 -0.2648 -0.1214 12
0.5616 -0.2633 -0.0982 11
0.5661 -0.2656 -0.0768 7
0.5916 -0.2777 -0.0572 7
0.5286 -0.2497 -0.135 11
0.5325 -0.2517 -0.1145 13
0.5429 -0.2567 -0.0951 12
0.558 -0.2641 -0.0758 7
0.5493 -0.262 -0.1183 12
0.5384 -0.2569 -0.0945 12
0.5642 -0.2695 -0.0768 7
0.5391 -0.2593 -0.1381 11
0.5837 -0.2811 -0.1259 11
0.5624 -0.2709 -0.0989 11
0.5454 -0.2629 -0.0743 7
0.5206 -0.2528 -0.1336 11
0.5439 -0.2642 -0.1175 13
0.5472 -0.266 -0.0964 12
0.573 -0.2787 -0.0782 6
0.5286 -0.2588 -0.1359 11
0.5677 -0.2781 -0.1229 12
0.5711 -0.28 -0.1007 5
0.5421 -0.2678 -0.1175 13
0.5418 -0.2679 -0.0957 6
0.5482 -0.2732 -0.1191 12
0.5798 -0.2892 -0.1026 5
0.5224 -0.2625 -0.135 11
0.5788 -0.291 -0.1259 11
0.5743 -0.2912 -0.1252 11
0.5488 -0.2807 -0.1198 12
0.565 -0.2988 -0.1476 10
