1.4424 0.245 -0.1796 2
1.4354 0.2387 -0.1787 2
1.4284 0.2324 -0.1777 2
1.4448 0.2299 -0.1796 2
1.4378 0.2236 -0.1787 2
1.4562 0.2213 -0.1809 2
1.4629 0.2171 -0.1816 2
1.4558 0.2108 -0.1806 4
1.5479 0.2239 -0.1368 2
1.4624 0.2068 -0.1813 4
1.5605 0.2202 -0.1379 22
1.6316 0.2299 -0.0864 1
1.4827 0.2044 -0.1838 3
1.5435 0.2125 -0.1363 25
1.581 0.2171 -0.0836 12
1.6503 0.2261 -0.0291 1
1.4775 0.1985 -0.183 5
1.5462 0.2074 -0.1365 21
1.5797 0.2113 -0.0835 20
1.6432 0.2192 -0.0289 3
1.4802 0.1938 -0.1833 7
1.5509 0.2025 -0.1368 21
1.5765 0.2053 -0.0833 21
1.6518 0.2148 -0.0291 22
1.7137 0.2201 0.0302 3
1.4828 0.1892 -0.1835 7
1.5456 0.1966 -0.1363 21
1.5851 0.2011 -0.0837 21
1.6446 0.2083 -0.0289 29
1.7025 0.213 0.0299 17
1.752 0.2185 0.0925 1
1.4755 0.183 -0.1826 8
1.5403 0.1908 -0.1358 21
1.5897 0.1963 -0.0839 21
1.6374 0.2016 -0.0288 27
1.6834 0.2046 0.0296 17
1.7607 0.2134 0.0929 13
1.8375 0.2224 0.1619 1
1.4939 0.18 -0.1848 8
1.539 0.1851 -0.1356 21
1.5785 0.1893 -0.0833 21
1.6401 0.1961 -0.0288 27
1.698 0.2004 0.0298 16
1.7594 0.207 0.0928 18
1.8244 0.2143 0.1607 7
1.4847 0.1736 -0.1835 7
1.5495 0.1807 -0.1365 22
1.5752 0.1834 -0.0831 21
1.6527 0.1918 -0.029 29
1.7026 0.1949 0.0299 16
1.7363 0.1981 0.0916 18
1.8371 0.209 0.1618 15
1.4793 0.1678 -0.1828 8
1.5521 0.1755 -0.1367 22
1.5838 0.1785 -0.0835 21
1.6394 0.1845 -0.0288 29
1.7033 0.1887 0.0299 17
1.739 0.192 0.0917 16
1.8319 0.2019 0.1612 14
1.476 0.1619 -0.1823 8
1.5468 0.1691 -0.1361 22
1.5844 0.173 -0.0835 21
1.6242 0.1767 -0.0285 27
1.704 0.1827 0.0299 16
1.7377 0.1857 0.0916 18
1.8187 0.1937 0.16 15
1.4923 0.1584 -0.1843 7
1.5375 0.1627 -0.1353 21
1.585 0.1672 -0.0835 21
1.6407 0.1727 -0.0288 29
1.6966 0.1762 0.0298 16
1.7582 0.182 0.0926 17
1.8114 0.1872 0.1593 16
1.4929 0.1535 -0.1843 7
1.538 0.1579 -0.1353 21
1.5855 0.1622 -0.0835 21
1.6373 0.1669 -0.0287 29
1.6932 0.1699 0.0297 16
1.7489 0.1749 0.0921 16
1.8239 0.1821 0.1604 16
1.4875 0.1477 -0.1835 7
1.5425 0.1529 -0.1356 21
1.5861 0.1566 -0.0835 21
1.6378 0.1612 -0.0287 27
1.6938 0.164 0.0297 16
1.7336 0.1672 0.0913 18
1.8285 0.1761 0.1607 15
1.4781 0.1415 -0.1823 8
1.5411 0.147 -0.1354 21
1.5827 0.1507 -0.0833 21
1.6344 0.1551 -0.0287 29
1.6984 0.1585 0.0298 16
1.7401 0.1617 0.0916 19
1.8173 0.1683 0.1597 16
1.4805 0.1366 -0.1826 8
1.5456 0.142 -0.1358 21
1.5792 0.1446 -0.0831 21
1.627 0.1486 -0.0285 29
1.693 0.1517 0.0297 17
1.7426 0.1558 0.0917 17
1.8158 0.1617 0.1595 15
1.485 0.1315 -0.183 7
1.5361 0.1357 -0.1349 21
1.5936 0.1403 -0.0838 21
1.6315 0.1433 -0.0286 27
1.6935 0.1461 0.0297 17
1.7412 0.1496 0.0916 18
1.8124 0.1551 0.1591 16
1.4874 0.1267 -0.1833 7
1.5406 0.1307 -0.1353 21
1.5841 0.1341 -0.0833 21
1.6379 0.1381 -0.0287 29
1.694 0.1402 0.0297 17
1.7417 0.1435 0.0916 18
1.8209 0.1497 0.1598 16
1.4898 0.1217 -0.1835 7
1.539 0.1254 -0.1351 21
1.5766 0.128 -0.0829 22
1.6344 0.1321 -0.0286 27
1.6964 0.1344 0.0297 16
1.7322 0.1366 0.0911 18
1.8293 0.144 0.1605 16
1.4704 0.115 -0.1811 8
1.5394 0.1201 -0.1351 21
1.5811 0.1228 -0.0831 21
1.6428 0.127 -0.0288 26
1.7009 0.1288 0.0298 16
1.7406 0.1315 0.0915 18
1.8199 0.1368 0.1597 16
1.4827 0.1107 -0.1826 8
1.5418 0.1148 -0.1353 21
1.5855 0.1175 -0.0833 21
1.6233 0.1201 -0.0284 26
1.6973 0.1229 0.0297 16
1.7451 0.1257 0.0917 16
1.8064 0.1295 0.1584 15
1.4811 0.1056 -0.1823 8
1.5422 0.1095 -0.1353 21
1.5898 0.1126 -0.0835 21
1.6237 0.1144 -0.0284 27
1.6937 0.1167 0.0296 16
1.7495 0.1199 0.0919 16
1.8108 0.1238 0.1588 15
1.4953 0.1014 -0.184 7
1.5406 0.1042 -0.1351 21
1.5862 0.1067 -0.0833 21
1.6321 0.1093 -0.0286 26
1.6901 0.1105 0.0296 17
1.7359 0.1129 0.0912 18
1.8133 0.1176 0.159 15
1.4957 0.0962 -0.184 7
1.5429 0.099 -0.1353 21
1.5786 0.1007 -0.0829 21
1.6464 0.1045 -0.0288 27
1.6865 0.1043 0.0295 16
1.7363 0.1071 0.0912 18
1.8216 0.1117 0.1597 15
1.49 0.0906 -0.1833 7
1.5433 0.0936 -0.1353 21
1.5829 0.0954 -0.0831 21
1.6388 0.0985 -0.0287 29
1.6908 0.099 0.0296 16
1.7387 0.1012 0.0913 18
1.816 0.105 0.1591 15
1.4864 0.0854 -0.1828 6
1.5456 0.0883 -0.1354 21
1.5793 0.09 -0.0829 22
1.6291 0.0922 -0.0285 27
1.6912 0.0931 0.0296 16
1.733 0.0948 0.091 18
1.7985 0.098 0.1576 15
1.4886 0.0804 -0.183 5
1.5319 0.0822 -0.1342 21
1.5836 0.0847 -0.0831 21
1.6354 0.0869 -0.0286 27
1.6915 0.0872 0.0296 17
1.7393 0.089 0.0913 18
1.8048 0.0917 0.1581 15
1.4889 0.0752 -0.183 6
1.5342 0.0769 -0.1344 22
1.5799 0.0787 -0.0829 21
1.6278 0.0807 -0.0284 27
1.6858 0.0807 0.0295 17
1.7396 0.083 0.0913 18
1.815 0.0859 0.159 16
1.4773 0.0692 -0.1816 5
1.5384 0.0717 -0.1347 22
1.5801 0.0731 -0.0829 21
1.634 0.0753 -0.0286 26
1.6921 0.0754 0.0296 16
1.7259 0.0763 0.0905 18
1.8193 0.0798 0.1593 15
1.4735 0.0641 -0.1811 6
1.5427 0.0665 -0.1351 21
1.5844 0.0681 -0.0831 21
1.6323 0.0696 -0.0285 27
1.6923 0.0695 0.0296 17
1.7242 0.0705 0.0904 16
1.8116 0.0734 0.1586 16
1.4797 0.0594 -0.1818 8
1.5469 0.0616 -0.1354 21
1.5706 0.062 -0.0824 22
1.6225 0.0637 -0.0283 27
1.6925 0.0638 0.0296 16
1.7384 0.0653 0.0912 18
1.7999 0.0669 0.1576 15
1.4858 0.0547 -0.1826 5
1.5351 0.056 -0.1344 21
1.5848 0.0573 -0.0831 21
1.6227 0.0584 -0.0283 27
1.6827 0.0579 0.0294 17
1.7406 0.0593 0.0913 16
1.8061 0.0612 0.1581 15
1.492 0.0498 -0.1833 6
1.5373 0.051 -0.1346 21
1.581 0.0519 -0.0829 21
1.6289 0.0529 -0.0284 27
1.6849 0.0521 0.0294 17
1.7368 0.0531 0.0911 18
1.8063 0.0549 0.1581 15
1.4822 0.0443 -0.1821 6
1.5434 0.0458 -0.1351 21
1.5732 0.0461 -0.0825 21
1.6331 0.0473 -0.0285 27
1.6911 0.0464 0.0295 17
1.725 0.0467 0.0904 16
1.8084 0.0486 0.1583 16
1.4823 0.0391 -0.1821 8
1.5396 0.0403 -0.1347 21
1.5733 0.0406 -0.0825 22
1.6272 0.0415 -0.0284 27
1.6893 0.0404 0.0295 17
1.7212 0.0406 0.0902 18
1.8046 0.0422 0.1579 16
1.4785 0.0338 -0.1816 8
1.5437 0.035 -0.1351 21
1.5774 0.0352 -0.0827 21
1.6114 0.0354 -0.0281 27
1.6894 0.0345 0.0295 17
1.7293 0.0347 0.0906 18
1.7988 0.0358 0.1574 15
1.4826 0.0287 -0.1821 8
1.5279 0.0293 -0.1337 21
1.5855 0.0299 -0.0831 21
1.6135 0.0299 -0.0282 26
1.6815 0.0285 0.0294 17
1.7354 0.0288 0.091 18
1.8029 0.0296 0.1578 15
1.4847 0.0236 -0.1823 8
1.5359 0.0241 -0.1344 21
1.5776 0.0242 -0.0827 21
1.6356 0.0246 -0.0286 26
1.6836 0.0226 0.0294 17
1.7335 0.0227 0.0909 18
1.8069 0.0233 0.1581 15
1.4847 0.0184 -0.1823 6
1.538 0.0188 -0.1346 21
1.5737 0.0187 -0.0825 21
1.6356 0.0188 -0.0286 27
1.6877 0.0168 0.0295 17
1.7196 0.0165 0.0901 18
1.817 0.0171 0.159 15
1.4769 0.0131 -0.1813 8
1.544 0.0135 -0.1351 21
1.5738 0.0132 -0.0825 22
1.6297 0.0131 -0.0284 27
1.6857 0.0109 0.0294 17
1.7276 0.0106 0.0905 18
1.813 0.0108 0.1586 16
1.4769 0.008 -0.1813 8
1.5441 0.0081 -0.1351 21
1.5818 0.0077 -0.0829 21
1.6217 0.0074 -0.0283 29
1.6897 0.005 0.0295 16
1.7256 0.0045 0.0904 16
1.7971 0.0044 0.1572 15
1.4848 0.0029 -0.1823 8
1.5321 0.0027 -0.134 22
1.5818 0.0022 -0.0829 21
1.6178 0.0017 -0.0282 29
1.6777 -0.0009 0.0293 17
1.7316 -0.0012 0.0908 18
1.8011 -0.0019 0.1576 15
1.4829 -0.0023 -0.1821 9
1.5421 -0.0027 -0.1349 21
1.5778 -0.0033 -0.0827 21
1.6177 -0.0037 -0.0282 26
1.6817 -0.0065 0.0294 17
1.7256 -0.0072 0.0904 18
1.7991 -0.0082 0.1574 15
1.4868 -0.0073 -0.1826 9
1.5381 -0.0081 -0.1346 21
1.5638 -0.0085 -0.082 24
1.6277 -0.0094 -0.0284 27
1.6837 -0.0123 0.0294 17
1.7236 -0.0132 0.0903 18
1.8031 -0.0142 0.1578 16
1.4828 -0.0124 -0.1821 9
1.544 -0.0132 -0.1351 21
1.5738 -0.014 -0.0825 21
1.6257 -0.015 -0.0284 26
1.6936 -0.0183 0.0296 17
1.7195 -0.0192 0.0901 18
1.807 -0.0205 0.1581 16
1.4847 -0.0176 -0.1823 8
1.546 -0.0186 -0.1353 21
1.5777 -0.0196 -0.0827 21
1.6196 -0.0206 -0.0283 26
1.6836 -0.0241 0.0294 17
1.7215 -0.0252 0.0902 18
1.7989 -0.0267 0.1574 15
1.4807 -0.0227 -0.1818 8
1.5359 -0.0239 -0.1344 22
1.5816 -0.0251 -0.0829 21
1.6155 -0.0262 -0.0282 26
1.6715 -0.0298 0.0292 17
1.7273 -0.0314 0.0905 18
1.7948 -0.0329 0.1571 15
1.4786 -0.0279 -0.1816 8
1.5319 -0.0291 -0.134 21
1.5775 -0.0306 -0.0827 21
1.6234 -0.032 -0.0283 27
1.6774 -0.0357 0.0293 17
1.7232 -0.0373 0.0903 18
1.7987 -0.0392 0.1574 15
1.4825 -0.0331 -0.1821 8
1.5318 -0.0345 -0.134 22
1.5654 -0.0358 -0.0821 23
1.6273 -0.0378 -0.0284 26
1.6792 -0.0416 0.0293 17
1.7151 -0.0431 0.0899 18
1.7966 -0.0455 0.1572 14
1.4764 -0.0381 -0.1813 8
1.5396 -0.04 -0.1347 21
1.5653 -0.0413 -0.0821 23
1.6272 -0.0435 -0.0284 27
1.6831 -0.0476 0.0294 17
1.7169 -0.0489 0.09 18
1.8044 -0.052 0.1579 16
1.4822 -0.0435 -0.1821 9
1.5355 -0.0453 -0.1344 21
1.5731 -0.047 -0.0825 21
1.611 -0.0484 -0.0281 26
1.6829 -0.0532 0.0294 17
1.7208 -0.055 0.0902 18
1.7902 -0.0578 0.1567 15
1.4841 -0.0485 -0.1823 8
1.5273 -0.0504 -0.1337 21
1.577 -0.0523 -0.0827 21
1.6148 -0.0541 -0.0282 27
1.6787 -0.0589 0.0293 17
1.7285 -0.0613 0.0906 18
1.798 -0.064 0.1574 16
1.4839 -0.0536 -0.1823 11
1.5391 -0.0559 -0.1347 22
1.5688 -0.0575 -0.0823 22
1.6126 -0.0597 -0.0282 26
1.6805 -0.0649 0.0294 17
1.7283 -0.0673 0.0906 18
1.7958 -0.0702 0.1572 16
1.4837 -0.0588 -0.1823 8
1.5309 -0.061 -0.134 22
1.5686 -0.063 -0.0823 21
1.6264 -0.0659 -0.0284 27
1.6843 -0.0709 0.0294 17
1.7161 -0.0728 0.09 18
1.7995 -0.0767 0.1576 15
1.4716 -0.0635 -0.1809 5
1.5407 -0.0667 -0.1349 21
1.5684 -0.0685 -0.0823 21
1.6262 -0.0716 -0.0284 26
1.68 -0.0766 0.0294 17
1.7198 -0.079 0.0902 18
1.7932 -0.0827 0.1571 15
1.4832 -0.0692 -0.1823 6
1.5404 -0.0721 -0.1349 21
1.5721 -0.0741 -0.0825 22
1.6119 -0.0766 -0.0282 26
1.6777 -0.0823 0.0293 17
1.7235 -0.0849 0.0904 18
1.785 -0.0885 0.1564 15
1.4731 -0.0738 -0.1811 6
1.5302 -0.077 -0.134 22
1.5818 -0.0801 -0.083 20
1.6177 -0.0822 -0.0283 26
1.6754 -0.0878 0.0293 17
1.7153 -0.0905 0.09 16
1.7866 -0.0949 0.1565 15
1.4887 -0.0796 -0.183 5
1.5319 -0.0824 -0.1342 21
1.5795 -0.0853 -0.0829 21
1.6154 -0.0878 -0.0282 26
1.6731 -0.0935 0.0293 17
1.7189 -0.0964 0.0902 18
1.8002 -0.1016 0.1578 15
1.4785 -0.0842 -0.1818 8
1.5297 -0.0874 -0.134 21
1.5673 -0.0901 -0.0823 22
1.6251 -0.0937 -0.0284 26
1.6748 -0.0992 0.0293 17
1.7126 -0.102 0.0899 18
1.7959 -0.1076 0.1574 15
1.4742 -0.0889 -0.1813 8
1.5413 -0.0935 -0.1351 21
1.5709 -0.0955 -0.0825 21
1.6227 -0.0992 -0.0284 27
1.6784 -0.1056 0.0294 17
1.7162 -0.1086 0.0901 18
1.7995 -0.1142 0.1578 15
1.4858 -0.095 -0.1828 8
1.527 -0.0979 -0.1339 21
1.5706 -0.1013 -0.0825 21
1.6104 -0.1044 -0.0282 26
1.684 -0.1119 0.0295 17
1.7178 -0.1147 0.0902 16
1.7772 -0.119 0.1558 15
1.4874 -0.1004 -0.183 7
1.5227 -0.103 -0.1335 21
1.5742 -0.107 -0.0827 21
1.608 -0.1099 -0.0281 27
1.6697 -0.1168 0.0292 17
1.7214 -0.121 0.0904 18
1.7887 -0.126 0.1569 15
1.4871 -0.1056 -0.183 7
1.5303 -0.1089 -0.1342 21
1.5738 -0.1125 -0.0827 21
1.6116 -0.1158 -0.0282 26
1.6712 -0.1227 0.0293 17
1.721 -0.127 0.0904 18
1.7922 -0.1326 0.1572 15
1.4768 -0.11 -0.1818 8
1.5358 -0.1147 -0.1347 21
1.5694 -0.1177 -0.0825 21
1.6192 -0.122 -0.0283 26
1.6768 -0.129 0.0294 17
1.7165 -0.1327 0.0902 18
1.8077 -0.14 0.1586 16
1.4724 -0.1148 -0.1813 6
1.5354 -0.12 -0.1347 21
1.565 -0.1229 -0.0823 21
1.6187 -0.1277 -0.0283 26
1.6763 -0.1349 0.0294 16
1.716 -0.1387 0.0902 18
1.7952 -0.1454 0.1576 16
1.4661 -0.1195 -0.1806 8
1.533 -0.1252 -0.1346 21
1.5726 -0.129 -0.0827 21
1.6063 -0.1323 -0.0281 26
1.6719 -0.1404 0.0293 16
1.7176 -0.1445 0.0903 18
1.7848 -0.1508 0.1567 15
1.4795 -0.1258 -0.1823 8
1.5286 -0.1302 -0.1342 22
1.5761 -0.1348 -0.0829 21
1.6138 -0.1384 -0.0283 27
1.6714 -0.1459 0.0293 17
1.729 -0.1516 0.091 19
1.7862 -0.1572 0.1569 15
1.4751 -0.1304 -0.1818 8
1.5242 -0.1352 -0.1339 21
1.5756 -0.1401 -0.0829 21
1.6153 -0.1442 -0.0283 26
1.6709 -0.1518 0.0293 17
1.7205 -0.1569 0.0905 19
1.7956 -0.164 0.1578 16
1.4865 -0.1366 -0.1833 7
1.5336 -0.1412 -0.1347 22
1.5632 -0.1445 -0.0823 21
1.6268 -0.1509 -0.0285 26
1.6723 -0.1578 0.0293 17
1.7179 -0.1627 0.0904 18
1.797 -0.1705 0.1579 16
1.4722 -0.1405 -0.1816 9
1.5331 -0.1465 -0.1347 22
1.5706 -0.1507 -0.0827 21
1.6143 -0.1554 -0.0283 26
1.6757 -0.164 0.0294 17
1.7094 -0.1676 0.09 18
1.7964 -0.1768 0.1579 15
1.4737 -0.1458 -0.1818 9
1.5306 -0.1517 -0.1346 21
1.5741 -0.1566 -0.0829 21
1.6058 -0.16 -0.0282 26
1.6792 -0.17 0.0295 17
1.7208 -0.1748 0.0906 18
1.7859 -0.182 0.1571 15
1.4811 -0.1515 -0.1828 9
1.5222 -0.1562 -0.1339 21
1.5696 -0.1614 -0.0827 21
1.6072 -0.1658 -0.0282 26
1.6706 -0.175 0.0293 17
1.7162 -0.1801 0.0904 18
1.7853 -0.188 0.1571 15
1.4885 -0.1575 -0.1838 7
1.5315 -0.1623 -0.1347 21
1.565 -0.1664 -0.0825 21
1.6166 -0.1722 -0.0284 27
1.674 -0.181 0.0294 17
1.7176 -0.1863 0.0905 18
1.7945 -0.1953 0.1579 15
1.4761 -0.1611 -0.1823 8
1.529 -0.1675 -0.1346 21
1.5645 -0.1716 -0.0825 21
1.61 -0.1772 -0.0283 26
1.6714 -0.1866 0.0294 16
1.709 -0.1914 0.0901 18
1.7919 -0.201 0.1578 16
1.4735 -0.1661 -0.1821 8
1.5284 -0.1725 -0.1346 21
1.5638 -0.1771 -0.0825 21
1.6193 -0.1839 -0.0284 27
1.6826 -0.1938 0.0296 17
1.7103 -0.1976 0.0902 18
1.7931 -0.2075 0.1579 15
1.4749 -0.1714 -0.1823 8
1.5298 -0.1781 -0.1347 21
1.5712 -0.1835 -0.0829 21
1.6068 -0.1882 -0.0282 29
1.676 -0.199 0.0295 17
1.7155 -0.2043 0.0905 18
1.7845 -0.2128 0.1572 16
1.4704 -0.1761 -0.1818 8
1.5173 -0.1823 -0.1337 21
1.5705 -0.1892 -0.0829 22
1.6041 -0.1936 -0.0282 27
1.6673 -0.2041 0.0293 17
1.7207 -0.2113 0.0909 18
1.7817 -0.2191 0.1571 15
1.4717 -0.1817 -0.1821 8
1.5304 -0.1895 -0.1349 21
1.5618 -0.194 -0.0825 21
1.6113 -0.2004 -0.0283 26
1.6665 -0.2102 0.0293 17
1.7219 -0.2175 0.091 19
1.7888 -0.2266 0.1578 15
1.4749 -0.1876 -0.1826 8
1.5278 -0.1946 -0.1347 21
1.5612 -0.1994 -0.0825 22
1.6205 -0.2073 -0.0285 27
1.6718 -0.2165 0.0294 17
1.7113 -0.2223 0.0904 18
1.792 -0.2334 0.1581 15
1.4625 -0.191 -0.1811 8
1.533 -0.2007 -0.1353 21
1.5605 -0.2046 -0.0825 22
1.6139 -0.2122 -0.0284 27
1.673 -0.2226 0.0295 17
1.7164 -0.229 0.0908 19
1.7951 -0.2398 0.1584 16
1.4677 -0.1969 -0.1818 6
1.5244 -0.2048 -0.1346 21
1.5677 -0.2111 -0.0829 21
1.6012 -0.2162 -0.0282 27
1.6663 -0.2277 0.0294 17
1.7097 -0.2342 0.0904 18
1.7785 -0.2439 0.1571 15
1.4749 -0.2031 -0.1828 6
1.5198 -0.2095 -0.1342 21
1.5669 -0.2166 -0.0829 22
1.6084 -0.2229 -0.0283 27
1.6674 -0.2337 0.0294 17
1.7227 -0.2421 0.0912 19
1.4585 -0.206 -0.1809 5
1.521 -0.2151 -0.1344 22
1.5622 -0.2215 -0.0827 21
1.6116 -0.2291 -0.0284 26
1.6745 -0.2407 0.0295 17
1.7218 -0.2481 0.0912 19
1.4656 -0.2122 -0.1818 5
1.5301 -0.2219 -0.1353 21
1.5575 -0.2264 -0.0825 22
1.6226 -0.2364 -0.0286 24
1.6737 -0.2463 0.0295 17
1.4531 -0.2154 -0.1804 5
1.5372 -0.2281 -0.136 21
1.5646 -0.2327 -0.0829 21
1.608 -0.2397 -0.0284 26
1.4543 -0.2207 -0.1806 5
1.5226 -0.2314 -0.1347 21
1.5638 -0.2382 -0.0829 22
1.5953 -0.2435 -0.0282 26
1.4594 -0.2267 -0.1813 5
1.5199 -0.2364 -0.1346 21
1.5669 -0.2442 -0.0831 22
1.4625 -0.2324 -0.1818 5
1.521 -0.242 -0.1347 21
1.5621 -0.2491 -0.0829 21
1.4499 -0.2356 -0.1804 5
1.5221 -0.2476 -0.1349 21
1.4374 -0.2385 -0.1789 5
1.4522 -0.2461 -0.1809 5
