1.6891 0.1686 0.1485 1
1.6768 0.1665 0.2669 1
1.6517 0.1628 -0.029 1
1.6759 0.162 0.0882 2
1.6778 0.1616 0.1475 4
1.6816 0.1616 0.2074 10
1.6852 0.1614 0.2681 9
1.6543 0.1573 -0.029 3
1.6525 0.1545 0.029 18
1.6804 0.1565 0.0884 22
1.6485 0.1526 0.2033 16
1.6759 0.1546 0.2666 19
1.6725 0.1543 -0.1469 15
1.6766 0.1541 -0.0882 23
1.6668 0.1526 -0.0292 22
1.6531 0.1487 0.029 20
1.6611 0.1488 0.0874 23
1.6828 0.1505 0.1478 19
1.6609 0.1479 0.2047 21
1.6804 0.1491 0.2672 20
1.681 0.1491 -0.1476 22
1.6466 0.1458 0.3213 9
1.6592 0.1466 -0.0873 22
1.6733 0.1473 -0.0293 28
1.6596 0.1434 0.0291 20
1.6496 0.142 0.0868 19
1.6734 0.1438 0.1469 18
1.6575 0.1418 0.2043 19
1.6691 0.1422 0.2653 20
1.6874 0.1438 -0.1482 20
1.6412 0.1396 0.3202 17
1.6578 0.1407 -0.0872 22
1.6698 0.1411 -0.0293 31
1.666 0.1381 0.0292 19
1.6441 0.1358 0.0865 20
1.658 0.1366 0.1456 18
1.652 0.1355 0.2035 19
1.6577 0.1354 0.2634 21
1.6601 0.1356 -0.1457 20
1.6574 0.1351 0.3232 17
1.6582 0.1349 -0.0872 21
1.6563 0.1341 -0.029 34
1.6545 0.1314 0.029 22
1.6406 0.1297 0.0862 20
1.6505 0.1302 0.1449 20
1.6584 0.1302 0.2043 19
1.6503 0.129 0.2622 21
1.6487 0.1289 -0.1447 20
1.6559 0.1292 0.3228 19
1.6547 0.1288 -0.087 22
1.6548 0.1282 -0.029 34
1.643 0.1247 0.0288 23
1.651 0.1247 0.0868 20
1.651 0.1244 0.1449 20
1.6391 0.123 0.2018 19
1.6508 0.1233 0.2622 20
1.6392 0.1224 -0.1438 21
1.6485 0.1228 0.3213 19
1.6472 0.1224 -0.0866 21
1.6472 0.1218 -0.0288 34
1.6395 0.1187 0.0287 23
1.6375 0.118 0.086 20
1.6514 0.1187 0.1449 20
1.6236 0.1161 0.1999 19
1.6453 0.1171 0.2612 19
1.6475 0.1172 -0.1445 20
1.647 0.1169 0.3209 18
1.6317 0.1155 -0.0857 22
1.6457 0.1159 -0.0288 32
1.6439 0.1132 0.0288 21
1.62 0.111 0.0851 21
1.6399 0.1121 0.1438 20
1.628 0.1107 0.2004 19
1.6417 0.1111 0.2606 22
1.6519 0.1117 -0.1449 20
1.6415 0.1108 0.3198 19
1.64 0.1104 -0.0861 21
1.6341 0.1094 -0.0286 32
1.6383 0.1071 0.0287 23
1.6163 0.1054 0.0849 20
1.6323 0.1058 0.1431 20
1.6224 0.1046 0.1996 19
1.6342 0.1051 0.2594 21
1.6304 0.1046 -0.1429 19
1.6458 0.1053 0.3206 19
1.6324 0.1041 -0.0857 22
1.6325 0.1038 -0.0286 35
1.6286 0.101 0.0285 23
1.6187 0.0999 0.085 22
1.6188 0.0993 0.1419 20
1.6208 0.0991 0.1994 19
1.6227 0.0987 0.2575 21
1.6328 0.099 -0.1431 20
1.6383 0.0993 0.319 19
1.6208 0.098 -0.0851 22
1.6148 0.0971 -0.0282 27
1.621 0.0949 0.0283 25
1.619 0.0942 0.085 22
1.6211 0.094 0.1421 20
1.629 0.0939 0.2004 19
1.6231 0.093 0.2575 22
1.6191 0.0928 -0.1419 19
1.6151 0.0923 0.3145 19
1.6291 0.0928 -0.0855 22
1.6232 0.0919 -0.0284 34
1.6053 0.0883 0.0281 21
1.6054 0.0878 0.0843 19
1.6134 0.0879 0.1414 20
1.6135 0.0874 0.1984 19
1.6293 0.0877 0.2584 22
1.6155 0.0869 -0.1415 19
1.6193 0.0868 0.3152 19
1.6135 0.0863 -0.0847 22
1.6275 0.0864 -0.0284 35
1.6156 0.0833 0.0282 23
1.5937 0.0816 0.0836 21
1.6177 0.0825 0.1417 20
1.6019 0.0811 0.1969 20
1.6237 0.0817 0.2575 22
1.6337 0.0822 -0.1431 22
1.6157 0.081 0.3145 19
1.6098 0.0804 -0.0845 22
1.6078 0.0798 -0.0281 30
1.6099 0.0773 0.0281 21
1.59 0.0758 0.0834 21
1.61 0.0765 0.141 20
1.6061 0.0757 0.1974 19
1.6042 0.0751 0.2544 21
1.6101 0.0754 -0.141 20
1.6081 0.075 0.3129 19
1.6061 0.0746 -0.0843 22
1.5881 0.0732 -0.0277 33
1.6022 0.0714 0.028 21
1.5863 0.0701 0.0832 21
1.5983 0.0703 0.14 20
1.6104 0.0703 0.1979 20
1.6045 0.0695 0.2544 21
1.5944 0.0691 -0.1396 19
1.6123 0.0695 0.3137 19
1.6103 0.0692 -0.0845 22
1.5903 0.0678 -0.0278 36
1.5904 0.0653 0.0278 21
1.5905 0.0647 0.0834 21
1.5906 0.0644 0.1393 20
1.5908 0.0639 0.1955 20
1.6008 0.0637 0.2537 21
1.6046 0.0639 -0.1405 21
1.5851 0.0628 0.3083 19
1.5986 0.0631 -0.0838 22
1.5865 0.0621 -0.0277 35
1.5866 0.0596 0.0277 21
1.5847 0.0589 0.0831 22
1.5968 0.0591 0.1398 21
1.585 0.0581 0.1947 26
1.597 0.058 0.2531 21
1.5889 0.0577 -0.1391 21
1.5892 0.0574 0.3091 19
1.5868 0.0571 -0.0832 23
1.5907 0.0567 -0.0278 36
1.5828 0.0539 0.0276 22
1.569 0.0529 0.0823 22
1.599 0.0536 0.14 20
1.5793 0.0524 0.194 22
1.5933 0.0523 0.2525 21
1.605 0.0527 -0.1405 20
1.5855 0.0518 0.3083 19
1.587 0.0515 -0.0832 22
1.5789 0.0507 -0.0276 35
1.591 0.0492 0.0278 22
1.5691 0.0479 0.0823 22
1.5952 0.0485 0.1396 20
1.5794 0.0474 0.194 22
1.5776 0.0468 0.25 22
1.5852 0.047 -0.1388 21
1.5817 0.0467 0.3076 20
1.5792 0.0463 -0.0828 22
1.5591 0.0452 -0.0272 35
1.5712 0.0431 0.0274 22
1.5673 0.0424 0.0822 23
1.5794 0.0425 0.1382 19
1.5756 0.0418 0.1935 22
1.5778 0.0413 0.25 21
1.5695 0.0411 -0.1374 23
1.574 0.0409 0.3061 19
1.5833 0.0409 -0.083 22
1.5613 0.0398 -0.0273 36
1.5633 0.0374 0.0273 21
1.5594 0.0368 0.0817 21
1.5736 0.0368 0.1377 20
1.5678 0.0361 0.1926 22
1.572 0.0357 0.249 22
1.5696 0.0356 -0.1374 22
1.5624 0.0352 0.3038 19
1.5675 0.035 -0.0822 24
1.5594 0.0343 -0.0272 35
1.5594 0.0318 0.0272 21
1.5536 0.0312 0.0814 20
1.5737 0.0313 0.1377 20
1.564 0.0306 0.1921 23
1.5761 0.0303 0.2497 22
1.5657 0.0301 -0.137 22
1.5566 0.0296 0.3026 19
1.5556 0.0293 -0.0815 24
1.5615 0.0289 -0.0273 36
1.5595 0.0264 0.0272 22
1.5457 0.0256 0.081 22
1.5698 0.0258 0.1374 21
1.5482 0.0249 0.1901 22
1.5643 0.0246 0.2478 23
1.5698 0.0247 -0.1374 22
1.5586 0.0242 0.303 19
1.5577 0.0239 -0.0816 26
1.5516 0.0233 -0.0271 35
1.5596 0.021 0.0272 21
1.5318 0.0201 0.0803 21
1.5659 0.0202 0.137 20
1.5482 0.0195 0.1901 22
1.5545 0.019 0.2462 25
1.5579 0.019 -0.1363 21
1.5587 0.0188 0.303 20
1.5578 0.0185 -0.0816 26
1.5397 0.0177 -0.0269 35
1.5517 0.0154 0.0271 21
1.5398 0.0151 0.0807 21
1.546 0.0146 0.1353 21
1.5443 0.014 0.1896 22
1.5546 0.0138 0.2462 25
1.544 0.0135 -0.1351 22
1.5509 0.0133 0.3015 19
1.5518 0.013 -0.0813 24
1.5297 0.0125 -0.0267 35
1.5357 0.0102 0.0268 21
1.5359 0.0097 0.0805 20
1.5381 0.0091 0.1346 21
1.5364 0.0088 0.1887 22
1.5526 0.0084 0.2459 23
1.5421 0.0081 -0.1349 22
1.5431 0.0081 0.3 19
1.5519 0.0079 -0.0813 24
1.5238 0.0072 -0.0266 33
1.5358 0.0048 0.0268 21
1.5359 0.0046 0.0805 23
1.5461 0.004 0.1353 20
1.5245 0.0035 0.1872 22
1.5487 0.0032 0.2453 23
1.5401 0.003 -0.1347 22
1.5294 0.0027 0.2973 19
1.5279 0.0024 -0.0801 24
1.5298 0.0021 -0.0267 39
1.5318 -0.0003 0.0267 21
1.5159 -0.0008 0.0794 21
1.5461 -0.0013 0.1353 21
1.5285 -0.0016 0.1877 21
1.5428 -0.0022 0.2444 23
1.5481 -0.0024 -0.1354 22
1.5294 -0.0024 0.2973 19
1.5239 -0.0027 -0.0799 24
1.5198 -0.0032 -0.0265 33
1.5398 -0.0064 0.0269 21
1.5079 -0.0066 0.079 19
1.5441 -0.0073 0.1351 23
1.5245 -0.0077 0.1872 22
1.5289 -0.008 0.2422 26
1.5401 -0.0083 -0.1347 23
1.5392 -0.0086 0.2992 19
1.5299 -0.0088 -0.0802 27
1.5137 -0.009 -0.0264 35
1.5277 -0.0115 0.0267 21
1.5159 -0.0116 0.0794 23
1.5341 -0.0123 0.1342 22
1.5245 -0.0128 0.1872 23
1.5289 -0.0131 0.2422 23
1.5261 -0.0133 -0.1335 22
1.5254 -0.0136 0.2965 18
1.5278 -0.0139 -0.0801 26
1.5077 -0.0139 -0.0263 37
1.5237 -0.0165 0.0266 21
1.5178 -0.017 0.0796 23
1.5281 -0.0173 0.1337 21
1.5205 -0.0178 0.1867 22
1.5308 -0.0184 0.2425 23
1.5241 -0.0184 -0.1333 23
1.5155 -0.0185 0.2946 19
1.5238 -0.0189 -0.0799 24
1.5076 -0.0192 -0.0263 37
1.5156 -0.0217 0.0265 22
1.5138 -0.0222 0.0793 21
1.526 -0.0226 0.1335 22
1.5045 -0.0228 0.1848 22
1.5386 -0.0239 0.2437 23
1.524 -0.0237 -0.1333 22
1.5076 -0.0237 0.2931 19
1.5037 -0.0239 -0.0788 24
1.5036 -0.0244 -0.0262 37
1.5155 -0.027 0.0265 22
1.4917 -0.0271 0.0782 22
1.5239 -0.0279 0.1333 23
1.5064 -0.0281 0.185 23
1.5227 -0.029 0.2412 26
1.5299 -0.0291 -0.1339 23
1.5134 -0.0291 0.2942 18
1.5037 -0.0291 -0.0788 24
1.4995 -0.0296 -0.0262 33
1.5194 -0.0324 0.0265 21
1.4916 -0.0323 0.0782 22
1.5139 -0.033 0.1325 20
1.5083 -0.0334 0.1852 22
1.5029 -0.0338 0.2381 23
1.5138 -0.0341 -0.1325 23
1.5113 -0.0343 0.2938 19
1.5035 -0.0344 -0.0788 26
1.4894 -0.0346 -0.026 39
1.5153 -0.0376 0.0265 21
1.4875 -0.0371 0.078 22
1.5097 -0.0382 0.1321 22
1.5082 -0.0387 0.1852 22
1.5067 -0.0389 0.2387 26
1.5057 -0.0392 -0.1318 27
1.5132 -0.0396 0.2942 19
1.5054 -0.0397 -0.0789 26
1.4872 -0.0395 -0.026 37
1.4972 -0.0421 0.0261 23
1.4894 -0.0424 0.0781 23
1.5056 -0.0434 0.1318 24
1.4922 -0.0432 0.1833 21
1.4987 -0.044 0.2375 23
1.4996 -0.0442 -0.1313 22
1.4953 -0.0441 0.2908 19
1.4993 -0.0445 -0.0786 24
1.4951 -0.0449 -0.0261 39
1.499 -0.0474 0.0262 21
1.4852 -0.0475 0.0779 23
1.5035 -0.0483 0.1316 24
1.4861 -0.0483 0.1826 21
1.5025 -0.0493 0.2381 25
1.4935 -0.049 -0.1307 23
1.4893 -0.0491 0.2896 18
1.4831 -0.0492 -0.0778 24
1.4909 -0.05 -0.026 39
1.4949 -0.0525 0.0261 23
1.477 -0.0524 0.0775 23
1.5073 -0.0537 0.132 23
1.4839 -0.0534 0.1823 22
1.4944 -0.0543 0.2368 26
1.4993 -0.0545 -0.1313 22
1.497 -0.0546 0.2912 18
1.479 -0.0542 -0.0776 24
1.4928 -0.0553 -0.0261 41
1.4987 -0.0578 0.0262 22
1.4689 -0.0572 0.077 23
1.4951 -0.0585 0.1309 23
1.4877 -0.0587 0.1828 21
1.4843 -0.0591 0.2353 26
1.4871 -0.0592 -0.1302 22
1.487 -0.0595 0.2893 19
1.4828 -0.0596 -0.0778 24
1.4746 -0.0597 -0.0258 39
1.4944 -0.0629 0.0261 23
1.4727 -0.0625 0.0772 23
1.479 -0.063 0.1295 23
1.4974 -0.0643 0.184 26
1.4841 -0.0643 0.2353 26
1.475 -0.0639 -0.1292 22
1.4848 -0.0646 0.2889 19
1.4826 -0.0647 -0.0778 24
1.4724 -0.0648 -0.0257 41
1.4802 -0.0675 0.0259 24
1.4684 -0.0675 0.077 23
1.4748 -0.068 0.1292 21
1.4733 -0.0684 0.1811 21
1.4819 -0.0694 0.235 26
1.4747 -0.069 -0.1292 23
1.4747 -0.0693 0.287 20
1.4783 -0.0697 -0.0776 24
1.4621 -0.0695 -0.0256 36
1.474 -0.0723 0.0258 22
1.4642 -0.0724 0.0768 23
1.4745 -0.0731 0.1292 21
1.4612 -0.073 0.1796 25
1.4737 -0.0741 0.2337 26
1.4705 -0.074 -0.1288 22
1.4706 -0.0742 0.2862 21
1.4661 -0.0743 -0.0769 24
1.4719 -0.0751 -0.0257 39
1.4777 -0.0777 0.0258 23
1.46 -0.077 0.0766 23
1.4822 -0.0787 0.1299 21
1.4708 -0.0786 0.1809 21
1.4695 -0.0788 0.2331 27
1.4702 -0.0791 -0.1288 23
1.4781 -0.0798 0.2877 19
1.4579 -0.079 -0.0765 24
1.4636 -0.0795 -0.0256 44
1.4695 -0.0822 0.0257 21
1.4497 -0.0816 0.0761 25
1.48 -0.0838 0.1297 22
1.4626 -0.0831 0.1799 22
1.4574 -0.0833 0.2312 26
1.47 -0.0842 -0.1288 22
1.472 -0.0844 0.2866 18
1.4616 -0.084 -0.0767 26
1.4613 -0.0845 -0.0256 52
1.4672 -0.0872 0.0257 23
1.4574 -0.0871 0.0765 25
1.4618 -0.0876 0.1281 24
1.4584 -0.0879 0.1794 22
1.4591 -0.0885 0.2315 28
1.4538 -0.0882 -0.1274 22
1.4658 -0.0891 0.2855 21
1.4613 -0.0891 -0.0767 24
1.4199 -0.0868 0.3284 3
1.4471 -0.0888 -0.0253 48
1.4549 -0.0915 0.0254 24
1.4491 -0.0917 0.0761 25
1.4575 -0.0925 0.1278 21
1.4581 -0.093 0.1794 22
1.4568 -0.0934 0.2312 26
1.4534 -0.0932 -0.1274 23
1.4576 -0.0938 0.2839 21
1.457 -0.094 -0.0765 24
1.4352 -0.0928 0.332 4
1.4408 -0.0934 -0.0252 44
1.4566 -0.0967 0.0255 25
1.4508 -0.0969 0.0762 25
1.4512 -0.0972 0.1272 20
1.4498 -0.0976 0.1784 22
1.4584 -0.0987 0.2315 26
1.4452 -0.0978 -0.1267 22
1.4495 -0.0983 0.2824 22
1.4467 -0.0984 -0.076 26
1.4426 -0.0983 0.3338 4
1.4404 -0.0985 -0.0252 40
1.4602 -0.1021 0.0256 25
1.4385 -0.1011 0.0756 25
1.4489 -0.1021 0.1271 21
1.4396 -0.1019 0.1772 25
1.4601 -0.1039 0.2318 28
1.4528 -0.1034 -0.1274 23
1.4491 -0.1034 0.2824 22
1.4443 -0.1033 -0.0759 23
1.4267 -0.1023 0.3302 7
1.4361 -0.1032 -0.0251 38
1.4539 -0.1068 0.0254 24
1.4341 -0.1058 0.0754 25
1.4525 -0.1074 0.1274 21
1.4451 -0.1074 0.1779 21
1.438 -0.1074 0.2284 26
1.4504 -0.1083 -0.1272 23
1.4527 -0.1087 0.2832 21
1.444 -0.1083 -0.0759 23
1.4069 -0.1058 0.3257 9
1.4198 -0.107 -0.0249 40
1.4415 -0.1109 0.0252 24
1.4357 -0.111 0.0755 26
1.4422 -0.1117 0.1266 22
1.4447 -0.1124 0.1779 22
1.4357 -0.1122 0.2281 27
1.4262 -0.1115 -0.1252 22
1.4484 -0.1135 0.2824 21
1.4476 -0.1137 -0.0761 24
1.4182 -0.1116 0.3284 12
1.4194 -0.112 -0.0249 40
1.4351 -0.1155 0.0251 28
1.4354 -0.1157 0.0755 26
1.4338 -0.1161 0.1259 21
1.4384 -0.117 0.1772 25
1.4373 -0.1172 0.2284 24
1.4258 -0.1165 -0.1252 22
1.4343 -0.1174 0.2797 22
1.4352 -0.1177 -0.0755 24
1.4295 -0.1175 0.3311 14
1.415 -0.1163 -0.0248 38
1.4328 -0.1201 0.0251 24
1.431 -0.1204 0.0753 26
1.4394 -0.1216 0.1264 23
1.4301 -0.1211 0.1762 23
1.4388 -0.1223 0.2287 26
1.4313 -0.122 -0.1257 22
1.4339 -0.1222 0.2797 25
1.4268 -0.1218 -0.075 24
1.4232 -0.1218 0.3298 15
1.4186 -0.1216 -0.0249 42
1.4383 -0.1256 0.0252 25
1.4107 -0.1234 0.0742 26
1.4429 -0.1267 0.1267 21
1.4297 -0.1261 0.1762 23
1.4325 -0.1266 0.2278 26
1.4289 -0.1265 -0.1255 22
1.4276 -0.1267 0.2786 22
1.4264 -0.1268 -0.075 24
1.4014 -0.1248 0.3248 18
1.4102 -0.1256 -0.0247 40
1.4379 -0.1304 0.0252 27
1.4162 -0.1289 0.0745 27
1.4286 -0.1305 0.1255 22
1.4273 -0.1306 0.176 22
1.4222 -0.1307 0.2262 26
1.4265 -0.1313 -0.1253 22
1.4271 -0.1314 0.2786 21
1.426 -0.1315 -0.075 24
1.4127 -0.1306 0.3275 19
1.3978 -0.1294 -0.0245 40
1.4295 -0.1346 0.0251 27
1.4157 -0.1338 0.0745 27
1.4162 -0.1341 0.1245 20
1.4308 -0.136 0.1765 22
1.4119 -0.1347 0.2246 24
1.4102 -0.1345 -0.1239 22
1.4306 -0.1367 0.2793 22
1.4255 -0.1365 -0.075 24
1.4083 -0.1351 0.3266 22
1.3934 -0.1339 -0.0244 40
1.4131 -0.1381 0.0248 25
1.4252 -0.1397 0.075 26
1.4177 -0.1393 0.1246 24
1.4184 -0.1398 0.175 22
1.4173 -0.1402 0.2256 26
1.4176 -0.1402 -0.1246 22
1.4047 -0.1392 0.2744 23
1.423 -0.1413 -0.0749 26
1.4175 -0.141 0.3289 20
1.3969 -0.1392 -0.0245 38
1.4185 -0.1436 0.0249 24
1.4148 -0.1437 0.0745 27
1.4172 -0.1442 0.1246 23
1.41 -0.144 0.174 22
1.4129 -0.1448 0.225 26
1.4112 -0.1448 -0.1241 23
1.414 -0.1451 0.2763 22
1.4086 -0.1448 -0.0742 28
1.4054 -0.1447 0.3262 20
1.4043 -0.1449 -0.0246 42
1.4081 -0.1475 0.0247 27
1.3924 -0.1463 0.0734 26
1.4207 -0.1498 0.125 23
1.4036 -0.1483 0.1733 23
1.4045 -0.1489 0.2237 26
1.4166 -0.1504 -0.1246 22
1.4076 -0.1497 0.2751 23
1.4041 -0.1496 -0.074 27
1.3952 -0.1489 0.3239 22
1.3979 -0.1491 -0.0245 38
1.4195 -0.154 0.0249 28
1.3938 -0.1517 0.0735 27
1.4102 -0.1537 0.1241 22
1.4011 -0.1532 0.1731 23
1.3961 -0.1531 0.2224 23
1.4002 -0.1536 -0.1232 22
1.407 -0.1546 0.2751 22
1.4115 -0.1553 -0.0744 27
1.3888 -0.1531 0.3226 23
1.3854 -0.1529 -0.0243 38
1.407 -0.1576 0.0247 25
1.3933 -0.1565 0.0735 27
1.3919 -0.1566 0.1225 21
1.4025 -0.1583 0.1733 26
1.3975 -0.1582 0.2228 24
1.3918 -0.1576 -0.1225 22
1.4006 -0.1588 0.274 22
1.403 -0.1594 -0.074 27
1.3902 -0.1582 0.323 21
1.3928 -0.1587 -0.0245 46
1.3886 -0.1604 0.0244 24
1.4027 -0.1625 0.074 30
1.3953 -0.1619 0.1229 23
1.398 -0.1627 0.1728 25
1.4009 -0.1636 0.2234 24
1.3912 -0.1624 -0.1225 23
1.3884 -0.1624 0.2717 21
1.4084 -0.165 -0.0743 28
1.3935 -0.1635 0.3239 22
1.3843 -0.1626 -0.0243 38
1.39 -0.1655 0.0244 23
1.3882 -0.1658 0.0733 27
1.3967 -0.167 0.1231 20
1.3895 -0.1667 0.1718 26
1.4003 -0.1685 0.2234 26
1.3926 -0.1675 -0.1227 22
1.3936 -0.1679 0.2729 24
1.394 -0.1682 -0.0736 27
1.3794 -0.1667 0.3208 21
1.3956 -0.1689 -0.0245 46
1.3934 -0.1708 0.0245 27
1.3777 -0.1692 0.0727 30
1.3941 -0.1717 0.1229 21
1.383 -0.1708 0.1711 22
1.386 -0.1714 0.2212 26
1.4019 -0.1736 -0.1236 23
1.3872 -0.172 0.2717 22
1.3894 -0.1726 -0.0734 28
1.3653 -0.1696 0.3176 24
1.3752 -0.171 -0.0242 42
1.3967 -0.176 0.0246 27
1.3732 -0.1732 0.0725 26
1.3856 -0.1753 0.1222 21
1.3864 -0.1759 0.1716 22
1.3815 -0.1755 0.2206 24
1.3895 -0.1768 -0.1225 22
1.3925 -0.1774 0.2729 23
1.3888 -0.1772 -0.0734 28
1.3763 -0.1756 0.3203 22
1.3627 -0.1741 -0.024 38
1.3823 -0.1788 0.0243 30
1.3766 -0.1783 0.0727 26
1.3791 -0.1791 0.1217 21
1.3897 -0.181 0.1721 28
1.377 -0.1796 0.2199 26
1.377 -0.1798 -0.1215 24
1.3841 -0.181 0.2713 23
1.3902 -0.182 -0.0735 30
1.37 -0.1794 0.319 23
1.3701 -0.1796 -0.0241 48
1.3737 -0.1823 0.0242 24
1.378 -0.1831 0.0729 28
1.3746 -0.1832 0.1213 20
1.3754 -0.1838 0.1704 28
1.3803 -0.1847 0.2206 27
1.3803 -0.1849 -0.1218 26
1.3718 -0.184 0.269 22
1.3856 -0.1861 -0.0733 28
1.3655 -0.1834 0.3181 22
1.3655 -0.1837 -0.024 38
1.3711 -0.1871 0.0242 25
1.3753 -0.1881 0.0727 26
1.3739 -0.1882 0.1213 21
1.3707 -0.1883 0.1699 26
1.3757 -0.1894 0.2199 27
1.3757 -0.1897 -0.1215 24
1.3711 -0.189 0.269 22
1.377 -0.1901 -0.0729 28
1.3609 -0.1881 0.3172 23
1.3747 -0.1903 -0.0242 44
1.3684 -0.1916 0.0241 24
1.3608 -0.191 0.072 28
1.3771 -0.1938 0.1217 21
1.3701 -0.193 0.1699 26
1.3692 -0.1934 0.219 24
1.3829 -0.1956 -0.1222 23
1.3704 -0.1941 0.269 23
1.3684 -0.194 -0.0724 28
1.3486 -0.1915 0.3145 24
1.3681 -0.1942 -0.0241 44
1.3756 -0.1977 0.0243 23
1.3581 -0.1955 0.0719 26
1.3705 -0.1977 0.1211 21
1.3654 -0.1975 0.1694 27
1.3587 -0.1968 0.2174 26
1.3664 -0.1981 -0.1208 24
1.3697 -0.1988 0.269 23
1.3756 -0.1999 -0.0729 30
1.3422 -0.1951 0.3131 22
1.3575 -0.1976 -0.0239 51
1.3691 -0.2014 0.0242 28
1.3555 -0.1997 0.0718 25
1.3639 -0.2014 0.1206 22
1.3608 -0.2014 0.1689 28
1.362 -0.2018 0.2181 27
1.3539 -0.2009 -0.1198 24
1.3613 -0.2022 0.2675 22
1.373 -0.2042 -0.0727 28
1.3473 -0.2004 0.3145 23
1.341 -0.1997 -0.0237 36
1.3506 -0.2033 0.0238 24
1.3548 -0.2044 0.0718 28
1.3593 -0.2053 0.1203 22
1.3562 -0.2054 0.1684 28
1.3573 -0.206 0.2174 27
1.3611 -0.2068 -0.1204 24
1.3509 -0.2053 0.2656 21
1.3743 -0.2091 -0.0729 28
1.3524 -0.206 0.3158 22
1.3462 -0.2053 -0.0238 42
1.3518 -0.2083 0.0239 27
1.3501 -0.2085 0.0716 27
1.3566 -0.21 0.1201 21
1.3594 -0.2107 0.1689 27
1.3644 -0.212 0.2187 26
1.3564 -0.211 -0.1201 26
1.3463 -0.2096 0.2648 22
1.3577 -0.2116 -0.072 33
1.3401 -0.2091 0.3131 18
1.3534 -0.2112 -0.0239 44
1.357 -0.2142 0.024 29
1.3474 -0.2132 0.0715 30
1.3598 -0.2154 0.1204 21
1.3449 -0.2135 0.1672 23
1.3636 -0.217 0.2187 24
1.3596 -0.2163 -0.1204 26
1.3591 -0.2165 0.2675 20
1.353 -0.2158 -0.0718 31
1.3355 -0.2132 0.3122 5
1.3408 -0.2143 -0.0237 42
1.3543 -0.2186 0.0239 34
1.3387 -0.2166 0.0711 30
1.3571 -0.2198 0.1203 18
1.3434 -0.2185 0.2156 13
1.3549 -0.2204 -0.1201 26
1.3562 -0.2211 -0.072 28
1.3242 -0.2164 -0.0234 34
1.3594 -0.2243 0.024 13
1.3935 -0.2317 -0.1236 17
1.3436 -0.2239 -0.0714 7
1.3275 -0.2214 -0.0235 10
