1.4945 0.2274 0.2938 11
1.5086 0.2292 -0.08 4
1.5046 0.2281 -0.0266 5
1.4812 0.2222 0.0261 15
1.4973 0.224 0.0793 22
1.4431 0.2152 0.1791 18
1.4958 0.2225 -0.1323 17
1.4817 0.2201 0.2912 20
1.4817 0.2199 -0.0785 26
1.4935 0.2211 -0.0264 28
1.4919 0.2184 0.0263 43
1.4822 0.2165 0.0785 42
1.5122 0.2206 0.1337 30
1.4753 0.2147 0.183 28
1.5053 0.2185 0.2409 41
1.5044 0.2184 -0.133 36
1.4941 0.2166 0.2935 33
1.4884 0.2155 -0.0788 38
1.4962 0.2161 -0.0264 52
1.4946 0.2135 0.0264 28
1.4869 0.2119 0.0787 30
1.5149 0.2156 0.1339 33
1.4937 0.2121 0.1852 32
1.4884 0.2108 0.2381 33
1.515 0.2145 -0.1339 36
1.5065 0.2131 0.2958 26
1.4951 0.2112 -0.0791 38
1.499 0.2112 -0.0264 60
1.4973 0.2086 0.0264 33
1.4777 0.2056 0.0782 32
1.492 0.207 0.1318 36
1.4944 0.2068 0.1852 36
1.4891 0.2058 0.2381 38
1.4881 0.2054 -0.1314 40
1.5131 0.2086 0.2969 31
1.4938 0.2057 -0.079 38
1.5016 0.2065 -0.0265 60
1.4901 0.2025 0.0262 36
1.4863 0.2015 0.0786 31
1.4907 0.2015 0.1316 31
1.499 0.2024 0.1857 32
1.4957 0.2014 0.239 36
1.4869 0.2 -0.1313 36
1.4982 0.2015 0.2938 29
1.4866 0.1997 -0.0786 39
1.4964 0.2005 -0.0264 58
1.4908 0.1973 0.0262 37
1.4831 0.1958 0.0784 36
1.4973 0.1974 0.1321 32
1.4801 0.1946 0.1833 32
1.5042 0.1972 0.2403 37
1.4994 0.1963 -0.1323 36
1.5048 0.197 0.295 27
1.4833 0.194 -0.0784 39
1.4971 0.1952 -0.0264 56
1.5033 0.1936 0.0265 34
1.4778 0.1898 0.0781 38
1.5059 0.1929 0.1328 32
1.4847 0.1899 0.1838 33
1.501 0.1915 0.2397 36
1.5041 0.1916 -0.1327 35
1.5152 0.1928 0.2969 29
1.488 0.189 -0.0786 39
1.4978 0.19 -0.0264 58
1.504 0.1881 0.0265 33
1.4804 0.1849 0.0782 37
1.5066 0.1877 0.1328 31
1.4932 0.1855 0.1848 36
1.4879 0.1845 0.2375 38
1.5008 0.1859 -0.1323 35
1.5178 0.1877 0.2973 27
1.4807 0.1829 -0.0782 38
1.4945 0.1843 -0.0263 58
1.5007 0.1827 0.0264 36
1.485 0.1802 0.0784 33
1.4874 0.18 0.1311 33
1.4958 0.1807 0.185 37
1.4944 0.1801 0.2384 35
1.4955 0.1799 -0.1318 37
1.5126 0.182 0.2961 29
1.4972 0.1799 -0.079 42
1.4931 0.1788 -0.0262 60
1.4894 0.176 0.0262 36
1.4857 0.1751 0.0784 36
1.4959 0.176 0.1318 34
1.4925 0.1751 0.1845 37
1.499 0.1753 0.239 36
1.4921 0.1745 -0.1314 38
1.5015 0.1753 0.2938 29
1.4859 0.1732 -0.0784 39
1.5017 0.1745 -0.0264 65
1.494 0.1713 0.0262 34
1.4863 0.1699 0.0784 32
1.5005 0.1712 0.1321 33
1.4832 0.1687 0.1833 33
1.5055 0.1707 0.24 40
1.4967 0.1697 -0.1318 38
1.5138 0.1714 0.2961 29
1.4825 0.1676 -0.0782 41
1.5042 0.1695 -0.0264 58
1.4985 0.1665 0.0263 34
1.4789 0.1638 0.078 35
1.5011 0.166 0.1321 33
1.4858 0.1638 0.1835 38
1.5002 0.1648 0.239 36
1.4834 0.163 -0.1306 35
1.5066 0.1653 0.2946 29
1.4831 0.1624 -0.0782 42
1.5068 0.1645 -0.0265 61
1.4991 0.1613 0.0263 34
1.4755 0.1582 0.0778 36
1.5056 0.1612 0.1325 37
1.5081 0.1609 0.1862 35
1.4988 0.1594 0.2387 38
1.5018 0.1597 -0.1321 38
1.515 0.1608 0.2961 29
1.4876 0.1577 -0.0784 39
1.4955 0.158 -0.0262 61
1.4957 0.1559 0.0262 36
1.484 0.1541 0.0782 36
1.4942 0.1549 0.1314 34
1.4888 0.1539 0.1838 36
1.4895 0.1534 0.2372 36
1.5023 0.1545 -0.1321 40
1.5077 0.155 0.2946 31
1.4961 0.1535 -0.0788 42
1.5039 0.1538 -0.0264 65
1.4882 0.1499 0.0261 38
1.4865 0.1492 0.0783 38
1.4908 0.1491 0.1311 36
1.4913 0.1489 0.184 38
1.4939 0.1486 0.2378 37
1.481 0.147 -0.1302 33
1.5043 0.1491 0.2938 29
1.4847 0.1469 -0.0782 38
1.5124 0.1494 -0.0265 67
1.4967 0.1452 0.0262 32
1.485 0.1438 0.0782 38
1.5033 0.145 0.1321 36
1.482 0.1424 0.1828 35
1.5003 0.1439 0.2387 38
1.4994 0.1436 -0.1318 37
1.5088 0.1442 0.2946 29
1.4812 0.1413 -0.078 41
1.4831 0.1412 -0.026 61
1.4972 0.1402 0.0262 37
1.4815 0.1382 0.078 40
1.4998 0.1394 0.1318 36
1.4825 0.1375 0.1828 35
1.5067 0.1392 0.2397 42
1.5038 0.1387 -0.1321 38
1.5112 0.1394 0.295 27
1.4817 0.1364 -0.078 42
1.4835 0.1361 -0.026 61
1.5017 0.1353 0.0263 37
1.484 0.1332 0.0781 40
1.5002 0.1344 0.1318 34
1.4849 0.1325 0.183 41
1.4856 0.1321 0.2362 40
1.4864 0.1321 -0.1306 36
1.5077 0.1338 0.2942 28
1.4901 0.1319 -0.0784 39
1.48 0.1305 -0.0259 61
1.4982 0.1298 0.0262 37
1.4864 0.1282 0.0782 42
1.4928 0.1285 0.1311 32
1.5012 0.1287 0.185 38
1.4899 0.1272 0.2368 41
1.4928 0.1275 -0.1311 38
1.518 0.1293 0.2961 29
1.4945 0.1271 -0.0786 41
1.4805 0.1254 -0.0259 65
1.4886 0.1237 0.0261 37
1.4889 0.1232 0.0783 40
1.4992 0.1238 0.1316 36
1.5016 0.1235 0.185 37
1.4943 0.1223 0.2375 40
1.4774 0.1209 -0.1297 40
1.4969 0.1223 0.2919 28
1.487 0.1212 -0.0782 41
1.4889 0.1208 -0.0261 65
1.501 0.1195 0.0263 40
1.4873 0.1178 0.0782 43
1.4956 0.1182 0.1313 39
1.4961 0.1177 0.1843 40
1.5046 0.1179 0.239 41
1.4818 0.1161 -0.13 38
1.5071 0.1178 0.2938 29
1.4795 0.1154 -0.0778 42
1.4953 0.1161 -0.0262 75
1.4974 0.1139 0.0262 39
1.4777 0.1121 0.0777 45
1.502 0.1135 0.1318 38
1.4945 0.1124 0.184 38
1.503 0.1127 0.2387 40
1.502 0.1124 -0.1318 42
1.5153 0.1131 0.2954 29
1.4838 0.1105 -0.078 42
1.4937 0.111 -0.0261 65
1.5018 0.1092 0.0263 39
1.4781 0.1072 0.0777 41
1.5003 0.1083 0.1316 36
1.4989 0.1077 0.1845 36
1.4915 0.1069 0.2368 40
1.4905 0.1066 -0.1307 40
1.5137 0.108 0.295 28
1.4882 0.1059 -0.0782 45
1.4801 0.1051 -0.0259 71
1.5081 0.1047 0.0264 41
1.4864 0.1026 0.0781 41
1.4868 0.1024 0.1304 38
1.5071 0.1033 0.1855 37
1.4978 0.1021 0.2378 42
1.4749 0.1006 -0.1293 38
1.5082 0.1026 0.2938 29
1.4985 0.1016 -0.0787 42
1.4844 0.1002 -0.026 75
1.4885 0.0981 0.026 49
1.4868 0.0974 0.0781 41
1.4871 0.0972 0.1304 38
1.4995 0.0975 0.1845 38
1.4942 0.0966 0.2372 41
1.4912 0.0964 -0.1307 40
1.5047 0.097 0.2931 29
1.4909 0.0959 -0.0783 46
1.5007 0.096 -0.0262 78
1.4909 0.093 0.0261 46
1.4891 0.0924 0.0782 43
1.5014 0.0929 0.1316 41
1.492 0.0918 0.1835 38
1.5005 0.0918 0.2381 40
1.4895 0.0908 -0.1306 37
1.5089 0.092 0.2938 31
1.4792 0.09 -0.0777 48
1.499 0.0906 -0.0262 84
1.4992 0.0883 0.0262 51
1.4774 0.0865 0.0776 43
1.5037 0.0875 0.1318 39
1.4942 0.0867 0.1838 41
1.5008 0.0865 0.2381 40
1.5038 0.0864 -0.1318 40
1.5092 0.0865 0.2938 30
1.4815 0.0846 -0.0778 49
1.4993 0.0854 -0.0262 93
1.5055 0.0831 0.0263 49
1.4757 0.0812 0.0775 47
1.498 0.0819 0.1313 39
1.4985 0.0814 0.1843 41
1.4951 0.081 0.2372 42
1.4881 0.0803 -0.1304 42
1.5174 0.0816 0.2954 29
1.4938 0.0801 -0.0784 49
1.4956 0.08 -0.0261 100
1.5018 0.0779 0.0262 57
1.484 0.0765 0.0779 46
1.4943 0.0765 0.1309 48
1.5008 0.0766 0.1845 37
1.4915 0.0756 0.2365 41
1.4765 0.0745 -0.1293 46
1.5059 0.076 0.2931 31
1.5 0.0755 -0.0787 59
1.4839 0.0741 -0.0259 100
1.484 0.0718 0.0259 64
1.4842 0.0713 0.0779 48
1.4946 0.0715 0.1309 40
1.4971 0.0711 0.184 37
1.5016 0.0708 0.2381 40
1.4887 0.0702 -0.1304 50
1.51 0.0709 0.2938 31
1.4883 0.0697 -0.0781 60
1.4822 0.0689 -0.0259 100
1.4923 0.067 0.0261 72
1.4825 0.066 0.0778 51
1.4948 0.0663 0.1309 43
1.4874 0.0655 0.1828 41
1.5038 0.0657 0.2384 42
1.4849 0.0648 -0.13 50
1.5083 0.0656 0.2935 31
1.4826 0.0642 -0.0778 66
1.5004 0.0645 -0.0262 100
1.4965 0.0619 0.0261 85
1.4827 0.0611 0.0778 56
1.499 0.0613 0.1313 45
1.4916 0.0604 0.1833 41
1.4961 0.0604 0.2372 36
1.5011 0.0603 -0.1314 62
1.5046 0.0602 0.2927 34
1.4848 0.0591 -0.0779 75
1.4966 0.0593 -0.0261 100
1.5027 0.0572 0.0262 83
1.4789 0.0558 0.0776 56
1.4992 0.056 0.1313 43
1.4918 0.0555 0.1833 43
1.4924 0.055 0.2365 41
1.4933 0.0548 -0.1307 52
1.5087 0.0553 0.2935 32
1.491 0.0544 -0.0782 66
1.4888 0.0538 -0.026 100
1.4929 0.0516 0.0261 93
1.4831 0.0508 0.0778 60
1.4855 0.0506 0.13 50
1.4999 0.0505 0.1843 41
1.4906 0.0497 0.2362 40
1.4855 0.0495 -0.13 57
1.5089 0.0501 0.2935 32
1.4951 0.0493 -0.0784 66
1.501 0.049 -0.0262 100
1.4891 0.0463 0.026 100
1.4893 0.0458 0.0781 63
1.4936 0.0456 0.1307 54
1.4921 0.0451 0.1833 43
1.4986 0.0447 0.2375 42
1.5016 0.0448 -0.1314 62
1.5032 0.0446 0.2923 31
1.4893 0.0439 -0.0781 81
1.5051 0.0439 -0.0263 105
1.4912 0.0411 0.026 100
1.4894 0.0406 0.0781 65
1.4957 0.0405 0.1309 54
1.4804 0.0395 0.1818 46
1.4968 0.0395 0.2372 45
1.4958 0.0394 -0.1309 65
1.5053 0.0394 0.2927 32
1.4755 0.0384 -0.0774 96
1.4773 0.0379 -0.0258 112
1.5013 0.0362 0.0262 100
1.4815 0.0352 0.0777 68
1.5078 0.0355 0.132 60
1.4884 0.0346 0.1828 48
1.4969 0.0342 0.2372 47
1.5118 0.0346 -0.1323 100
1.5133 0.0343 0.2942 32
1.4796 0.0333 -0.0776 96
1.4954 0.0332 -0.0261 114
1.4975 0.0308 0.0261 100
1.4837 0.03 0.0778 96
1.5059 0.0302 0.1318 65
1.4925 0.0294 0.1833 50
1.4872 0.0288 0.2356 46
1.504 0.0291 -0.1316 100
1.5134 0.0291 0.2942 32
1.4857 0.0283 -0.0779 100
1.4915 0.0279 -0.026 121
1.4996 0.0257 0.0262 100
1.4818 0.0248 0.0777 100
1.4921 0.0247 0.1306 63
1.4946 0.0243 0.1835 52
1.4952 0.0237 0.2368 45
1.4702 0.0234 -0.1286 93
1.5135 0.0238 0.2942 32
1.5018 0.0233 -0.0787 100
1.4896 0.0226 -0.026 124
1.4836 0.0202 0.0259 100
1.4838 0.0197 0.0778 100
1.4902 0.0195 0.1304 81
1.4927 0.019 0.1833 53
1.4992 0.0186 0.2375 46
1.4723 0.0182 -0.1288 100
1.5018 0.0183 0.2919 32
1.4958 0.018 -0.0784 100
1.4917 0.0174 -0.026 130
1.4877 0.0151 0.026 100
1.4879 0.0145 0.078 100
1.4902 0.0143 0.1304 83
1.4788 0.0137 0.1816 52
1.4953 0.0133 0.2368 46
1.4743 0.0131 -0.129 97
1.5058 0.0131 0.2927 35
1.4779 0.0126 -0.0775 100
1.4997 0.0123 -0.0262 131
1.4897 0.0099 0.026 100
1.472 0.0092 0.0771 100
1.5022 0.0092 0.1314 72
1.4908 0.0086 0.183 56
1.5013 0.0081 0.2378 40
1.4923 0.0081 -0.1306 100
1.5097 0.0079 0.2935 33
1.4939 0.0076 -0.0783 100
1.4878 0.007 -0.026 132
1.5038 0.0047 0.0262 100
1.476 0.0041 0.0774 100
1.5023 0.0039 0.1314 69
1.4908 0.0034 0.183 52
1.4914 0.0029 0.2362 40
1.4903 0.0029 -0.1304 100
1.5137 0.0026 0.2942 32
1.486 0.0023 -0.0779 100
1.4818 0.0018 -0.0259 133
1.4998 -0.0005 0.0262 100
1.478 -0.0008 0.0775 100
1.4823 -0.0013 0.1297 78
1.4987 -0.0018 0.184 58
1.4973 -0.0021 0.2372 37
1.4843 -0.0023 -0.1299 100
1.5097 -0.0026 0.2935 33
1.4959 -0.0029 -0.0784 100
1.4758 -0.0031 -0.0258 132
1.4898 -0.0055 0.026 100
1.48 -0.0059 0.0776 100
1.4883 -0.0065 0.1302 66
1.5007 -0.0068 0.1843 61
1.5013 -0.0073 0.2378 42
1.5003 -0.0076 -0.1313 100
1.4999 -0.0076 0.2916 29
1.5039 -0.0079 -0.0788 100
1.4898 -0.0083 -0.026 133
1.4897 -0.0107 0.026 100
1.4859 -0.0112 0.0779 100
1.4903 -0.0114 0.1304 69
1.4927 -0.012 0.1833 58
1.4993 -0.0126 0.2375 42
1.4763 -0.0124 -0.1292 100
1.4999 -0.0128 0.2916 30
1.4779 -0.0129 -0.0775 100
1.4857 -0.0135 -0.0259 129
1.4897 -0.0159 0.026 100
1.4699 -0.0162 0.077 100
1.4962 -0.0167 0.1309 67
1.5006 -0.0173 0.1843 45
1.4972 -0.0178 0.2372 42
1.4902 -0.0177 -0.1304 100
1.5096 -0.0182 0.2935 32
1.5038 -0.0184 -0.0788 100
1.4877 -0.0187 -0.026 132
1.4956 -0.0211 0.0261 100
1.4738 -0.0214 0.0772 100
1.4981 -0.022 0.1311 50
1.4887 -0.0223 0.1828 42
1.4912 -0.0229 0.2362 43
1.4981 -0.023 -0.1311 100
1.5096 -0.0235 0.2935 32
1.4738 -0.0232 -0.0772 100
1.4796 -0.0238 -0.0258 137
1.4895 -0.0263 0.026 100
1.4777 -0.0266 0.0775 100
1.4861 -0.027 0.13 48
1.4945 -0.0277 0.1835 47
1.4931 -0.0281 0.2365 41
1.49 -0.0281 -0.1304 100
1.5114 -0.0288 0.2938 31
1.4817 -0.0284 -0.0777 100
1.4875 -0.0291 -0.026 137
1.4894 -0.0315 0.026 100
1.4876 -0.0319 0.078 100
1.4939 -0.0323 0.1307 45
1.4885 -0.0327 0.1828 45
1.5009 -0.0335 0.2378 45
1.468 -0.0328 -0.1285 100
1.4897 -0.0335 0.2896 36
1.4736 -0.0334 -0.0772 100
1.4854 -0.0342 -0.0259 132
1.4933 -0.0368 0.0261 100
1.4795 -0.0369 0.0776 100
1.5018 -0.0378 0.1314 45
1.4844 -0.0378 0.1823 45
1.5087 -0.039 0.239 48
1.4978 -0.0387 -0.1311 100
1.5092 -0.0393 0.2935 31
1.4775 -0.0387 -0.0775 100
1.4912 -0.0396 -0.026 133
1.4972 -0.0421 0.0261 100
1.4754 -0.0417 0.0774 100
1.5016 -0.043 0.1314 57
1.4882 -0.0431 0.1828 45
1.5066 -0.0439 0.2387 46
1.4797 -0.0434 -0.1295 87
1.5169 -0.0448 0.295 27
1.4813 -0.044 -0.0777 100
1.4851 -0.0443 -0.0259 132
1.497 -0.047 0.0261 100
1.4812 -0.0471 0.0777 100
1.4995 -0.0482 0.1313 58
1.496 -0.0483 0.1838 43
1.4906 -0.0487 0.2362 42
1.5034 -0.0493 -0.1316 100
1.5187 -0.0499 0.2954 29
1.4891 -0.0491 -0.0781 100
1.463 -0.0488 -0.0256 129
1.4949 -0.0522 0.0261 100
1.481 -0.0522 0.0777 100
1.4874 -0.0527 0.1302 50
1.5037 -0.0538 0.1848 43
1.4924 -0.0539 0.2365 41
1.4754 -0.0533 -0.1292 100
1.5107 -0.0549 0.2938 29
1.487 -0.0543 -0.078 100
1.4668 -0.054 -0.0256 126
1.4887 -0.0572 0.026 100
1.4848 -0.0576 0.0779 100
1.4991 -0.0584 0.1313 49
1.4956 -0.0588 0.1838 42
1.5021 -0.0595 0.2381 42
1.4772 -0.0586 -0.1293 90
1.5007 -0.0597 0.2919 32
1.4808 -0.0592 -0.0777 100
1.4766 -0.0596 -0.0258 129
1.4885 -0.0624 0.026 100
1.4806 -0.0626 0.0777 97
1.4969 -0.0635 0.1311 57
1.4835 -0.0635 0.1823 43
1.4999 -0.0647 0.2378 42
1.477 -0.0637 -0.1293 88
1.5044 -0.0652 0.2927 31
1.4806 -0.0644 -0.0777 100
1.4843 -0.0651 -0.0259 129
1.5022 -0.0682 0.0262 100
1.4804 -0.0677 0.0777 68
1.5027 -0.069 0.1316 50
1.4912 -0.069 0.1833 41
1.4997 -0.0699 0.2378 41
1.4887 -0.0694 -0.1304 72
1.5042 -0.0704 0.2927 33
1.4863 -0.0698 -0.078 100
1.4881 -0.0704 -0.026 127
1.506 -0.0737 0.0263 100
1.4842 -0.0728 0.0779 63
1.4984 -0.0741 0.1313 51
1.4989 -0.0746 0.1843 42
1.4896 -0.0744 0.2362 41
1.4825 -0.0743 -0.1299 65
1.5196 -0.0764 0.2958 32
1.4861 -0.075 -0.078 100
1.4759 -0.0748 -0.0258 114
1.4997 -0.0783 0.0262 100
1.4799 -0.0776 0.0777 68
1.4902 -0.0786 0.1306 49
1.4986 -0.0796 0.1843 41
1.4972 -0.0798 0.2375 38
1.4762 -0.0789 -0.1293 71
1.5037 -0.0806 0.2927 35
1.4898 -0.0802 -0.0782 94
1.4756 -0.0797 -0.0258 113
1.4895 -0.0828 0.026 90
1.4916 -0.0831 0.0783 68
1.488 -0.0835 0.1304 48
1.4983 -0.0846 0.1843 41
1.4949 -0.0846 0.2372 41
1.476 -0.0838 -0.1293 71
1.5073 -0.0859 0.2935 32
1.4796 -0.0845 -0.0777 83
1.4853 -0.0851 -0.026 100
1.4972 -0.0882 0.0262 86
1.4834 -0.0876 0.0779 68
1.4976 -0.089 0.1313 42
1.4881 -0.0889 0.183 38
1.5065 -0.0903 0.239 42
1.4856 -0.0893 -0.1302 75
1.5031 -0.0906 0.2927 32
1.4773 -0.0893 -0.0776 90
1.489 -0.0903 -0.026 100
1.4948 -0.0938 0.0261 100
1.481 -0.0934 0.0778 67
1.4933 -0.0945 0.1309 42
1.4858 -0.0945 0.1828 40
1.5002 -0.096 0.2381 40
1.4753 -0.0944 -0.1293 51
1.5066 -0.0966 0.2935 32
1.4789 -0.0951 -0.0777 77
1.4787 -0.0956 -0.0259 100
1.4985 -0.0993 0.0262 77
1.4787 -0.0985 0.0777 65
1.493 -0.0997 0.1309 37
1.4914 -0.1001 0.1835 38
1.488 -0.1004 0.2362 38
1.4949 -0.1009 -0.1311 52
1.5122 -0.1023 0.2946 29
1.4845 -0.1007 -0.078 72
1.4724 -0.1004 -0.0258 100
1.4941 -0.1042 0.0261 74
1.4863 -0.1039 0.0781 60
1.4926 -0.1049 0.1309 38
1.5029 -0.1062 0.185 36
1.4897 -0.1055 0.2365 36
1.4826 -0.1052 -0.13 57
1.5118 -0.1076 0.2946 30
1.4961 -0.1067 -0.0786 60
1.48 -0.1058 -0.0259 93
1.4898 -0.1089 0.0261 56
1.4899 -0.1094 0.0783 48
1.4902 -0.11 0.1307 41
1.4986 -0.1108 0.1845 38
1.505 -0.1118 0.239 36
1.4782 -0.1101 -0.1297 50
1.5036 -0.112 0.2931 31
1.4878 -0.1111 -0.0782 66
1.4916 -0.1119 -0.0261 100
1.4954 -0.1145 0.0262 60
1.4816 -0.114 0.0779 53
1.4938 -0.1152 0.1311 39
1.4864 -0.1152 0.183 38
1.4987 -0.1166 0.2381 38
1.4898 -0.1159 -0.1307 48
1.5032 -0.1172 0.2931 29
1.4794 -0.1157 -0.0778 52
1.4912 -0.1171 -0.0261 100
1.501 -0.1202 0.0263 68
1.4732 -0.1185 0.0775 48
1.4974 -0.1207 0.1314 38
1.4899 -0.1207 0.1835 37
1.4963 -0.1217 0.2378 36
1.4854 -0.1208 -0.1304 46
1.5067 -0.1228 0.2938 26
1.4751 -0.1205 -0.0776 55
1.4888 -0.1221 -0.0261 100
1.5085 -0.1261 0.0264 64
1.4768 -0.1238 0.0777 47
1.495 -0.1258 0.1313 38
1.4974 -0.1265 0.1845 37
1.492 -0.1263 0.2372 36
1.4889 -0.1263 -0.1307 46
1.5004 -0.1276 0.2927 25
1.4866 -0.1267 -0.0782 52
1.4744 -0.1259 -0.0258 95
1.5041 -0.1308 0.0264 55
1.4803 -0.1293 0.0779 46
1.4886 -0.1305 0.1307 37
1.5029 -0.132 0.1852 35
1.4955 -0.1319 0.2378 36
1.4786 -0.1307 -0.1299 45
1.5137 -0.1338 0.2954 29
1.4901 -0.1319 -0.0784 52
1.4839 -0.1319 -0.026 86
1.4857 -0.1344 0.026 58
1.4838 -0.1348 0.0781 47
1.4921 -0.1358 0.1311 38
1.4906 -0.1362 0.1838 36
1.495 -0.1371 0.2378 35
1.4801 -0.1357 -0.13 48
1.4956 -0.1374 0.2919 27
1.4896 -0.1371 -0.0784 49
1.4914 -0.1378 -0.0261 97
1.4992 -0.1409 0.0263 48
1.4794 -0.1396 0.0779 46
1.4916 -0.141 0.1311 37
1.4861 -0.141 0.1833 33
1.4926 -0.1421 0.2375 35
1.4836 -0.1413 -0.1304 42
1.5088 -0.144 0.2946 29
1.4792 -0.1414 -0.0779 46
1.5029 -0.1442 -0.0264 84
1.4947 -0.1458 0.0262 46
1.4789 -0.1447 0.0779 45
1.4991 -0.147 0.1318 37
1.4817 -0.1458 0.1828 32
1.498 -0.1479 0.2384 36
1.4831 -0.1467 -0.1304 41
1.5122 -0.1496 0.2954 29
1.4867 -0.1473 -0.0783 46
1.4984 -0.149 -0.0263 97
1.5021 -0.1518 0.0264 43
1.4764 -0.1497 0.0778 43
1.4945 -0.1521 0.1314 34
1.489 -0.1518 0.1838 33
1.4915 -0.1526 0.2375 32
1.4786 -0.1515 -0.13 42
1.5116 -0.1551 0.2954 30
1.4881 -0.153 -0.0784 49
1.4799 -0.1524 -0.026 78
1.4956 -0.1567 0.0262 40
1.4838 -0.156 0.0782 42
1.4861 -0.1565 0.1307 33
1.4905 -0.1574 0.184 32
1.4969 -0.1586 0.2384 36
1.4741 -0.1562 -0.1297 41
1.5091 -0.1602 0.295 28
1.4935 -0.1588 -0.0787 48
1.4853 -0.1585 -0.0261 80
1.495 -0.1619 0.0262 41
1.4852 -0.1613 0.0783 40
1.4934 -0.1625 0.1314 37
1.4938 -0.1631 0.1845 38
1.4924 -0.1634 0.2378 35
1.4735 -0.1614 -0.1297 37
1.4929 -0.1638 0.2919 28
1.485 -0.1632 -0.0783 45
1.4788 -0.163 -0.026 71
1.4845 -0.166 0.0261 38
1.4827 -0.1663 0.0782 37
1.4968 -0.1682 0.1318 37
1.4854 -0.1674 0.1835 32
1.4957 -0.1691 0.2384 36
1.4928 -0.1688 -0.1314 40
1.5002 -0.1699 0.2935 28
1.4864 -0.1686 -0.0784 41
1.4802 -0.1684 -0.026 67
1.4978 -0.1728 0.0263 40
1.4761 -0.1708 0.0779 40
1.5042 -0.1743 0.1325 37
1.4828 -0.1724 0.1833 32
1.5049 -0.1755 0.24 35
1.4842 -0.173 -0.1307 38
1.5054 -0.1758 0.2946 29
1.4739 -0.1724 -0.0778 45
1.4796 -0.1736 -0.026 61
1.4992 -0.1782 0.0264 34
1.4835 -0.1766 0.0783 40
1.4956 -0.1786 0.1318 32
1.4921 -0.1787 0.1845 31
1.4984 -0.1797 0.239 36
1.4915 -0.1792 -0.1314 38
1.5067 -0.1813 0.295 26
1.4852 -0.1789 -0.0784 41
1.4731 -0.1777 -0.0259 56
1.5006 -0.1835 0.0264 34
1.4789 -0.1811 0.0781 40
1.4891 -0.1828 0.1313 31
1.4934 -0.1839 0.1848 35
1.49 -0.1837 0.2378 35
1.487 -0.1836 -0.1311 40
1.4925 -0.1846 0.2923 22
1.4886 -0.1844 -0.0786 45
1.4884 -0.1846 -0.0262 61
1.4881 -0.1869 0.0262 36
1.4803 -0.1865 0.0782 40
1.4904 -0.188 0.1314 32
1.4928 -0.1888 0.1848 33
1.4933 -0.1894 0.2384 35
1.4765 -0.1873 -0.1302 35
1.4899 -0.1893 0.2919 25
1.4879 -0.1893 -0.0786 41
1.4976 -0.1911 -0.0264 63
1.4914 -0.1926 0.0262 36
1.4836 -0.1922 0.0784 35
1.4937 -0.1937 0.1318 31
1.4784 -0.1923 0.183 31
1.5004 -0.1957 0.2397 36
1.4896 -0.1943 -0.1314 40
1.4912 -0.1947 0.2923 23
1.4754 -0.1929 -0.078 41
1.5009 -0.1968 -0.0264 63
1.4986 -0.1989 0.0264 32
1.475 -0.1963 0.078 36
1.493 -0.199 0.1318 34
1.4875 -0.1987 0.1843 32
1.4939 -0.2001 0.2387 38
1.4751 -0.1979 -0.1302 36
1.4983 -0.201 0.2938 22
1.4747 -0.1981 -0.078 41
1.5002 -0.202 -0.0264 63
1.4979 -0.2041 0.0264 34
1.4782 -0.202 0.0782 38
1.4963 -0.205 0.1321 32
1.4947 -0.205 0.1852 32
1.4912 -0.2051 0.2384 37
1.4961 -0.206 -0.1321 38
1.4956 -0.2062 0.2935 26
1.4819 -0.2046 -0.0784 41
1.4856 -0.2054 -0.0262 61
1.4932 -0.2091 0.0263 33
1.4775 -0.2074 0.0782 37
1.4955 -0.2102 0.1321 32
1.4939 -0.2105 0.1852 32
1.4944 -0.2111 0.239 35
1.4894 -0.2107 -0.1316 35
1.5085 -0.2133 0.2961 29
1.4891 -0.2109 -0.0788 42
1.4869 -0.2111 -0.0262 58
1.4925 -0.2143 0.0263 34
1.4926 -0.2148 0.079 31
1.4869 -0.2145 0.1314 34
1.4892 -0.2151 0.1848 32
1.4917 -0.216 0.2387 33
1.4946 -0.2167 -0.1321 37
1.498 -0.2175 0.2942 28
1.4843 -0.2157 -0.0786 39
1.496 -0.2177 -0.0264 61
1.4878 -0.2186 0.0262 33
1.478 -0.2175 0.0783 31
1.4921 -0.2201 0.132 29
1.4846 -0.2195 0.1843 32
1.4988 -0.2219 0.24 38
1.486 -0.2202 -0.1314 38
1.5031 -0.223 0.2954 29
1.4837 -0.2204 -0.0786 39
1.4953 -0.2224 -0.0264 60
1.495 -0.2248 0.0264 34
1.4694 -0.2214 0.0779 37
1.4953 -0.2259 0.1323 29
1.4839 -0.2244 0.1843 35
1.4902 -0.2259 0.2387 35
1.4872 -0.2257 -0.1316 35
1.5082 -0.2289 0.2965 28
1.475 -0.2241 -0.0782 42
1.4866 -0.2264 -0.0262 52
1.4942 -0.23 0.0264 31
1.4666 -0.2263 0.0778 36
1.5004 -0.2317 0.1328 34
1.4889 -0.2305 0.185 30
1.4952 -0.232 0.2397 37
1.4982 -0.2327 -0.1327 36
1.5074 -0.2342 0.2965 28
1.4821 -0.2305 -0.0786 41
1.472 -0.2295 -0.026 56
1.5052 -0.2371 0.0266 31
1.4836 -0.2342 0.0787 27
1.4818 -0.2344 0.1313 29
1.496 -0.2369 0.186 30
1.4905 -0.2366 0.239 36
1.4915 -0.237 -0.1321 40
1.5104 -0.2403 0.2973 27
1.4892 -0.2372 -0.079 37
1.483 -0.2365 -0.0262 54
1.4925 -0.2407 0.0264 31
1.4808 -0.239 0.0786 29
1.4928 -0.2415 0.1323 30
1.4892 -0.2415 0.1852 32
1.4994 -0.2434 0.2406 31
1.4749 -0.2397 -0.1307 30
1.5018 -0.2443 0.2958 26
1.4804 -0.2411 -0.0786 38
1.4901 -0.2429 -0.0264 54
1.4956 -0.2463 0.0265 32
1.476 -0.2436 0.0784 28
1.492 -0.2467 0.1323 31
1.4786 -0.2448 0.184 30
1.5025 -0.2493 0.2412 35
1.4938 -0.2481 -0.1325 38
1.4952 -0.2483 0.2946 23
1.4757 -0.2454 -0.0784 38
1.4932 -0.2488 -0.0264 54
1.4987 -0.2521 0.0265 31
1.481 -0.2497 0.0787 21
1.5029 -0.2537 0.1333 31
1.4895 -0.2519 0.1855 32
1.5035 -0.2548 0.2415 35
1.4949 -0.2534 -0.1327 35
1.4943 -0.2535 0.2946 22
1.4788 -0.2512 -0.0786 37
1.4923 -0.254 -0.0264 54
1.5018 -0.258 0.0266 32
1.4762 -0.2542 0.0785 23
1.4961 -0.2579 0.1328 31
1.4886 -0.2571 0.1855 31
1.4812 -0.2564 0.2381 35
1.494 -0.2586 -0.1327 36
1.4953 -0.2591 0.295 24
1.4779 -0.2563 -0.0786 38
1.4776 -0.2568 -0.0262 52
1.489 -0.2612 0.0264 32
1.4813 -0.2601 0.0788 25
1.4854 -0.2614 0.132 29
1.4916 -0.263 0.186 32
1.4979 -0.2644 0.2409 36
1.4852 -0.2624 -0.132 32
1.4963 -0.2647 0.2954 23
1.4848 -0.2629 -0.079 38
1.4905 -0.2642 -0.0264 54
1.4882 -0.2662 0.0264 34
1.4843 -0.266 0.079 29
1.4963 -0.2687 0.133 31
1.4927 -0.2683 0.1862 26
1.4989 -0.27 0.2412 28
1.4902 -0.2687 -0.1325 37
1.4974 -0.27 0.2958 19
1.484 -0.2678 -0.079 39
1.4896 -0.2694 -0.0264 54
1.499 -0.2735 0.0266 31
1.4834 -0.2709 0.079 22
1.4856 -0.2718 0.1321 18
1.4834 -0.2725 -0.132 35
1.4771 -0.2719 -0.0787 33
1.4828 -0.2732 -0.0263 45
1.4981 -0.2785 0.0266 5
1.4864 -0.2784 -0.1323 6
1.4897 -0.2799 -0.0265 9
