2.0994 0.1391 -0.1841 4
2.1293 0.1362 0.0372 20
2.1467 0.1366 0.1127 19
2.1395 0.1357 0.1876 17
2.1436 0.1352 0.2637 21
2.0939 0.1314 -0.1836 4
2.1469 0.1339 -0.1127 18
2.1316 0.1322 -0.0373 17
2.1298 0.1288 0.0372 18
2.1312 0.1281 0.1119 19
2.1499 0.1289 0.1884 18
2.1262 0.1267 0.2615 19
2.0903 0.1238 -0.1832 4
2.1274 0.1253 -0.1117 18
2.128 0.1246 -0.0372 17
2.1302 0.1213 0.0372 18
2.1157 0.1198 0.1111 17
2.1404 0.1208 0.1876 18
2.1168 0.1187 0.2603 18
2.0768 0.1157 -0.182 5
2.1158 0.1172 -0.1111 17
2.1245 0.1169 -0.0371 18
2.1246 0.1136 0.0371 19
2.1081 0.1123 0.1106 18
2.1348 0.113 0.187 19
2.1172 0.1113 0.2603 18
2.0931 0.1093 -0.1834 5
2.1202 0.11 -0.1113 19
2.1049 0.1088 -0.0368 19
2.121 0.1063 0.0371 19
2.1045 0.1051 0.1104 17
2.1173 0.105 0.1855 18
2.1135 0.1041 0.2598 18
2.1052 0.1033 0.3338 3
2.0776 0.1016 -0.182 6
2.1186 0.1029 -0.1112 19
2.1032 0.1018 -0.0368 18
2.1094 0.0987 0.0369 19
2.1008 0.0976 0.1102 17
2.1097 0.0976 0.1848 19
2.1059 0.0967 0.2589 18
2.1154 0.0964 0.3354 4
2.0839 0.095 -0.1825 6
2.1089 0.0954 -0.1106 18
2.1056 0.0945 -0.0368 19
2.0977 0.0909 0.0367 20
2.0892 0.0898 0.1096 17
2.112 0.0904 0.1849 19
2.0983 0.089 0.2579 17
2.1059 0.0886 0.3338 6
2.0882 0.0879 -0.1829 7
2.0853 0.087 -0.1094 17
2.0959 0.0867 -0.0366 18
2.098 0.0835 0.0367 19
2.0815 0.0821 0.1092 17
2.1083 0.0828 0.1846 19
2.0867 0.0813 0.2564 18
2.1022 0.0811 0.3332 9
2.0865 0.0805 -0.1827 8
2.0856 0.0798 -0.1094 18
2.0902 0.0792 -0.0365 19
2.0983 0.0762 0.0367 20
2.0778 0.0747 0.109 17
2.0986 0.0751 0.1837 19
2.087 0.074 0.2564 17
2.0906 0.0734 0.3313 11
2.0907 0.0734 -0.183 9
2.0899 0.0726 -0.1096 18
2.0845 0.0717 -0.0364 20
2.0866 0.0685 0.0364 20
2.0781 0.0675 0.109 17
2.083 0.0673 0.1823 18
2.0892 0.0668 0.2567 20
2.081 0.0658 0.3298 14
2.0671 0.0653 -0.1809 8
2.0861 0.0652 -0.1094 18
2.0747 0.0641 -0.0362 21
2.0708 0.0607 0.0362 19
2.0703 0.06 0.1085 17
2.0792 0.0599 0.182 20
2.0756 0.0591 0.255 18
2.0773 0.0584 0.3291 17
2.0673 0.0581 -0.1809 8
2.0744 0.0576 -0.1088 18
2.0749 0.0569 -0.0362 21
2.063 0.0529 0.036 20
2.0645 0.0526 0.1082 18
2.0694 0.052 0.1811 19
2.0639 0.0512 0.2535 18
2.0715 0.051 0.3282 18
2.0655 0.0505 -0.1808 8
2.0586 0.0496 -0.1079 18
2.0771 0.0497 -0.0363 21
2.0672 0.0462 0.0361 20
2.0427 0.0453 0.1071 18
2.0676 0.0451 0.1809 18
2.0601 0.0442 0.253 18
2.0658 0.044 0.3273 19
2.0736 0.0438 -0.1815 8
2.0547 0.0427 -0.1077 18
2.0712 0.0427 -0.0362 22
2.0633 0.0393 0.036 20
2.0388 0.0381 0.1069 19
2.0677 0.0383 0.1809 19
2.0562 0.0373 0.2525 19
2.0521 0.0365 0.3251 19
2.0598 0.0367 -0.1802 9
2.0549 0.0359 -0.1077 18
2.0334 0.0348 -0.0355 18
2.0594 0.032 0.036 20
2.045 0.0311 0.1072 20
2.0539 0.0308 0.1797 21
2.0643 0.0303 0.2535 18
2.0483 0.0293 0.3244 19
2.05 0.0293 -0.1794 10
2.059 0.0288 -0.1079 18
2.0515 0.0279 -0.0358 22
2.0415 0.0246 0.0356 21
2.0391 0.0238 0.1069 18
2.046 0.0236 0.179 19
2.0465 0.0229 0.2513 19
2.0483 0.0222 0.3244 17
2.0421 0.0217 -0.1787 14
2.0511 0.0215 -0.1075 18
2.0456 0.0207 -0.0357 23
2.0296 0.0174 0.0354 22
2.0311 0.0167 0.1065 19
2.0421 0.016 0.1787 19
2.0406 0.0157 0.2506 19
2.0464 0.015 0.3241 19
2.0382 0.0146 -0.1783 15
2.0352 0.0139 -0.1067 18
2.0336 0.0135 -0.0355 21
2.0337 0.0099 0.0355 21
2.0112 0.0091 0.1054 21
2.0382 0.0089 0.1783 19
2.0287 0.0081 0.2491 19
2.0346 0.0075 0.3223 18
2.0402 0.0071 -0.1785 17
2.0332 0.0067 -0.1066 19
2.0217 0.006 -0.0353 20
2.0277 0.0028 0.0354 21
2.0212 0.0021 0.1059 20
2.0243 0.0014 0.1771 18
2.0288 0.0011 0.2491 18
2.0228 0.0004 0.3204 19
2.0263 0 -0.1773 17
2.0272 -0.0007 -0.1062 18
2.0017 -0.001 -0.0349 20
2.0137 -0.0042 0.0351 21
2.0152 -0.0049 0.1056 21
2.0163 -0.0053 0.1764 18
2.0208 -0.006 0.2481 19
2.0149 -0.0067 0.3191 18
2.0163 -0.0067 -0.1764 18
2.0312 -0.0074 -0.1065 18
2.0057 -0.0081 -0.035 20
2.0117 -0.0112 0.0351 23
2.0152 -0.012 0.1056 21
2.0143 -0.0123 0.1762 19
2.0228 -0.0131 0.2484 19
2.0148 -0.0137 0.3191 18
2.0003 -0.0136 -0.175 17
2.0152 -0.0144 -0.1056 18
2.0136 -0.0151 -0.0351 19
2.0036 -0.0182 0.035 21
2.0012 -0.0189 0.1049 23
2.0102 -0.0193 0.1759 19
2.0029 -0.0199 0.2459 19
2.0128 -0.0207 0.3188 19
2.0122 -0.0207 -0.1761 17
2.0011 -0.0213 -0.1049 19
2.0016 -0.022 -0.0349 20
2.0015 -0.0252 0.0349 21
1.9831 -0.0256 0.1039 21
2.0002 -0.0262 0.175 19
1.9988 -0.0269 0.2454 21
2.0068 -0.0277 0.3179 19
2.0201 -0.0279 -0.1768 18
2.0011 -0.0283 -0.1049 20
1.9935 -0.0289 -0.0348 19
1.9974 -0.0321 0.0349 22
1.979 -0.0321 0.1037 21
1.9961 -0.0331 0.1747 18
1.9908 -0.0337 0.2445 19
1.983 -0.0339 0.3141 18
1.9941 -0.0345 -0.1745 18
1.993 -0.0351 -0.1045 19
1.9814 -0.0353 -0.0346 18
1.9953 -0.0387 0.0348 25
1.9869 -0.0392 0.1041 21
1.988 -0.0399 0.174 19
1.9867 -0.0402 0.244 22
1.9829 -0.0408 0.3141 18
1.982 -0.0412 -0.1734 21
1.9908 -0.0417 -0.1044 19
1.9832 -0.0422 -0.0346 22
1.9692 -0.045 0.0344 22
1.9788 -0.0459 0.1037 21
1.9799 -0.0463 0.1733 18
1.9825 -0.0471 0.2435 21
1.9807 -0.0477 0.3138 20
1.9819 -0.0477 -0.1734 21
1.9827 -0.0485 -0.1039 18
1.9771 -0.049 -0.0345 19
1.971 -0.052 0.0344 23
1.9746 -0.0527 0.1035 21
1.9837 -0.0533 0.1736 18
1.9665 -0.0536 0.2415 22
1.9825 -0.0547 0.3141 18
1.9837 -0.0547 -0.1736 19
1.9725 -0.0551 -0.1034 19
1.9689 -0.0557 -0.0344 18
1.9708 -0.0588 0.0344 25
1.9604 -0.0592 0.1028 22
1.9775 -0.0601 0.1731 19
1.9623 -0.0603 0.2411 21
1.9843 -0.0617 0.3144 19
1.9855 -0.0617 -0.1738 18
1.9743 -0.062 -0.1035 23
1.9727 -0.0627 -0.0345 23
1.9646 -0.0655 0.0343 22
1.9462 -0.0656 0.1021 21
1.9733 -0.0668 0.1727 19
1.9542 -0.0669 0.2401 22
1.9604 -0.0678 0.3107 20
1.9733 -0.0682 -0.1727 18
1.9721 -0.0689 -0.1034 22
1.9505 -0.0688 -0.0341 17
1.9724 -0.0727 0.0345 22
1.952 -0.0723 0.1024 22
1.9572 -0.0731 0.1713 19
1.9579 -0.0738 0.2406 22
1.9562 -0.0741 0.3101 21
1.9571 -0.0745 -0.1713 23
1.9639 -0.0754 -0.103 22
1.9503 -0.0753 -0.0341 21
1.9541 -0.0785 0.0341 21
1.9517 -0.0791 0.1024 22
1.9589 -0.08 0.1715 20
1.9497 -0.08 0.2396 22
1.9559 -0.081 0.3101 21
1.9548 -0.0812 -0.1712 31
1.9516 -0.0815 -0.1024 21
1.95 -0.0821 -0.0341 24
1.9518 -0.0852 0.0341 22
1.9434 -0.0855 0.102 22
1.9566 -0.0865 0.1713 22
1.9296 -0.0859 0.2372 22
1.9556 -0.0878 0.3101 21
1.9466 -0.0874 -0.1705 34
1.9433 -0.0879 -0.102 21
1.9517 -0.089 -0.0341 20
1.9455 -0.0917 0.034 20
1.9312 -0.0917 0.1013 22
1.9543 -0.0932 0.1712 20
1.9352 -0.093 0.2379 24
1.9474 -0.0942 0.3088 20
1.9483 -0.0943 -0.1707 26
1.939 -0.0945 -0.1017 20
1.9434 -0.0954 -0.034 19
1.9472 -0.0986 0.034 22
1.9209 -0.098 0.1008 21
1.948 -0.0997 0.1707 22
1.9289 -0.0994 0.2372 19
1.9392 -0.1006 0.3076 20
1.9439 -0.1009 -0.1703 22
1.9287 -0.1007 -0.1012 22
1.9191 -0.1009 -0.0335 23
1.9349 -0.1048 0.0338 22
1.9305 -0.1052 0.1013 22
1.9397 -0.1061 0.17 22
1.9325 -0.1064 0.2376 21
1.9369 -0.1073 0.3072 21
1.9376 -0.1073 -0.1698 25
1.9403 -0.1081 -0.1018 22
1.9147 -0.1074 -0.0335 22
1.9165 -0.1105 0.0335 21
1.9241 -0.1116 0.101 21
1.9274 -0.1121 0.1689 22
1.9262 -0.1128 0.2369 23
1.9305 -0.1137 0.3063 22
1.9313 -0.1137 -0.1693 27
1.932 -0.1144 -0.1014 22
1.9143 -0.1141 -0.0335 23
1.9181 -0.1173 0.0335 21
1.9177 -0.118 0.1007 22
1.929 -0.119 0.1691 22
1.906 -0.1182 0.2345 25
1.9242 -0.1201 0.3054 23
1.9289 -0.1203 -0.1691 25
1.9176 -0.1203 -0.1007 22
1.9219 -0.1213 -0.0336 23
1.9157 -0.1239 0.0335 24
1.8994 -0.1235 0.0998 21
1.9345 -0.1261 0.1696 22
1.8996 -0.1245 0.2337 21
1.9199 -0.1265 0.3047 25
1.9284 -0.1271 -0.1691 25
1.9152 -0.1269 -0.1006 23
1.9095 -0.1272 -0.0334 24
1.9212 -0.131 0.0336 22
1.8949 -0.1298 0.0995 19
1.9281 -0.1325 0.1691 22
1.9071 -0.1317 0.2347 20
1.9076 -0.1324 0.3029 24
1.918 -0.1331 -0.1682 27
1.9087 -0.1331 -0.1003 22
1.8951 -0.1328 -0.0332 25
1.9088 -0.1368 0.0334 21
1.8965 -0.1363 0.0996 20
1.9038 -0.1375 0.167 24
1.9086 -0.1385 0.235 23
1.9012 -0.1383 0.3019 22
1.8977 -0.1384 -0.1665 28
1.9083 -0.1398 -0.1003 22
1.8866 -0.1385 -0.033 25
1.8964 -0.1423 0.0332 21
1.9 -0.1429 0.0999 22
1.8953 -0.1432 0.1663 22
1.8963 -0.1439 0.2335 23
1.9027 -0.1447 0.3022 23
1.9012 -0.145 -0.1668 27
1.8938 -0.1451 -0.0995 24
1.8882 -0.145 -0.0331 23
1.8979 -0.1487 0.0332 24
1.8876 -0.1486 0.0992 20
1.9068 -0.1504 0.1673 22
1.8819 -0.1491 0.2318 19
1.8943 -0.1507 0.301 25
1.9047 -0.1516 -0.1672 26
1.8854 -0.1507 -0.0991 22
1.8837 -0.1512 -0.033 28
1.8974 -0.1553 0.0332 24
1.8751 -0.1542 0.0986 20
1.9023 -0.1567 0.167 22
1.8814 -0.1557 0.2318 20
1.8938 -0.1574 0.301 24
1.9121 -0.1589 -0.1679 27
1.8849 -0.1573 -0.0991 23
1.8891 -0.1583 -0.0331 25
1.8928 -0.1616 0.0332 23
1.8686 -0.1602 0.0983 21
1.9017 -0.1634 0.167 24
1.8769 -0.1619 0.2313 20
1.8735 -0.1623 0.2979 24
1.8877 -0.1638 -0.1658 29
1.8843 -0.1639 -0.0991 24
1.8706 -0.1633 -0.0328 23
1.8843 -0.1675 0.033 24
1.868 -0.1667 0.0983 21
1.8693 -0.1675 0.1642 23
1.8724 -0.1681 0.2308 22
1.8769 -0.1692 0.2985 24
1.8871 -0.1704 -0.1658 28
1.8857 -0.1709 -0.0992 26
1.862 -0.1691 -0.0326 23
1.8677 -0.1729 0.0327 24
1.8674 -0.1732 0.0983 21
1.8806 -0.1751 0.1652 25
1.8658 -0.1744 0.2301 23
1.8704 -0.1752 0.2975 22
1.8825 -0.1766 -0.1654 29
1.8731 -0.1764 -0.0986 22
1.8654 -0.176 -0.0327 23
1.8691 -0.1793 0.0328 27
1.8668 -0.1798 0.0983 21
1.8661 -0.1803 0.164 23
1.8672 -0.1808 0.2303 21
1.8698 -0.1817 0.2975 23
1.8799 -0.183 -0.1652 30
1.8606 -0.1815 -0.098 19
1.8668 -0.1827 -0.0327 25
1.8685 -0.1858 0.0328 26
1.8483 -0.1842 0.0973 22
1.8794 -0.1879 0.1652 24
1.8547 -0.1861 0.2289 19
1.8633 -0.1873 0.2966 23
1.8733 -0.1886 -0.1647 27
1.8639 -0.1883 -0.0982 26
1.8582 -0.1881 -0.0326 25
1.8639 -0.1916 0.0327 26
1.8437 -0.1902 0.0971 23
1.8569 -0.1922 0.1633 24
1.86 -0.1929 0.2296 19
1.8587 -0.1934 0.296 23
1.8687 -0.1948 -0.1644 28
1.8534 -0.1935 -0.0977 22
1.8436 -0.1931 -0.0324 26
1.8632 -0.1981 0.0327 27
1.847 -0.1971 0.0973 22
1.8484 -0.1975 0.1626 23
1.8534 -0.1987 0.2289 19
1.8501 -0.199 0.2947 22
1.8581 -0.2002 -0.1635 31
1.8626 -0.2014 -0.0982 22
1.837 -0.1989 -0.0323 30
1.8525 -0.2039 0.0325 24
1.8423 -0.2034 0.0971 22
1.8556 -0.2052 0.1633 23
1.8487 -0.2051 0.2284 19
1.8533 -0.2062 0.2953 23
1.8574 -0.207 -0.1635 30
1.8519 -0.2071 -0.0977 24
1.8323 -0.2052 -0.0322 30
1.8458 -0.21 0.0324 27
1.8396 -0.2096 0.097 21
1.8409 -0.2104 0.1621 22
1.8361 -0.2105 0.2269 20
1.8447 -0.2118 0.2941 22
1.8546 -0.2133 -0.1633 27
1.8393 -0.2122 -0.097 24
1.8375 -0.2123 -0.0323 27
1.8411 -0.2156 0.0324 26
1.827 -0.2143 0.0964 24
1.8462 -0.2172 0.1626 23
1.8314 -0.2161 0.2264 22
1.8401 -0.2175 0.2935 22
1.848 -0.2187 -0.1628 30
1.8366 -0.218 -0.0969 21
1.8269 -0.2172 -0.0321 28
1.8464 -0.2225 0.0325 29
1.8262 -0.2207 0.0964 25
1.8316 -0.2216 0.1614 21
1.8366 -0.2229 0.2272 18
1.8217 -0.2217 0.2907 20
1.8452 -0.2249 -0.1626 28
1.8319 -0.2236 -0.0967 24
1.8142 -0.2221 -0.0319 30
1.8257 -0.2264 0.0321 39
1.8353 -0.2283 0.0969 15
1.8365 -0.2304 -0.1619 20
1.837 -0.2311 -0.097 15
1.8055 -0.2274 -0.0318 21
