2.6523 0.1469 -0.1392 1
2.6438 0.1413 0.0462 17
2.6287 0.1396 0.138 18
2.6462 0.1401 0.2318 16
2.6308 0.1365 -0.1381 19
2.6381 0.1359 -0.0461 15
2.6423 0.132 0.0462 18
2.6152 0.1297 0.1372 18
2.6506 0.131 0.2322 23
2.5874 0.127 0.3181 12
2.6233 0.1269 -0.1376 22
2.6326 0.1265 -0.046 20
2.6288 0.1221 0.0459 19
2.6256 0.1211 0.1377 18
2.6212 0.1204 0.2296 19
2.6037 0.1187 0.32 15
2.6158 0.1174 -0.1372 18
2.605 0.116 -0.0455 19
2.6072 0.112 0.0456 18
2.612 0.1118 0.137 17
2.6077 0.1107 0.2283 18
2.6002 0.1094 0.3195 16
2.6162 0.1083 -0.1372 18
2.6154 0.1078 -0.0457 20
2.6096 0.1034 0.0456 20
2.5964 0.1025 0.1362 17
2.606 0.1019 0.2282 18
2.6025 0.1009 0.3198 17
2.6005 0.099 -0.1364 18
2.6077 0.0988 -0.0456 20
2.5979 0.0944 0.0454 20
2.5868 0.093 0.1357 18
2.6084 0.0934 0.2283 18
2.5929 0.0919 0.3186 18
2.5929 0.0901 -0.136 18
2.5941 0.0892 -0.0453 17
2.5942 0.0852 0.0453 18
2.5711 0.0835 0.1348 18
2.6047 0.0837 0.228 18
2.6051 0.0832 0.32 18
2.5972 0.0807 -0.1362 18
2.5724 0.0795 -0.0449 18
2.5905 0.0755 0.0452 20
2.5734 0.0741 0.1349 17
2.5851 0.074 0.2263 18
2.5895 0.0732 0.3181 17
2.5935 0.0715 -0.136 19
2.5667 0.0699 -0.0448 19
2.5748 0.0661 0.045 18
2.5696 0.065 0.1347 17
2.5773 0.0648 0.2256 18
2.5818 0.064 0.3171 18
2.5857 0.0623 -0.1356 19
2.5689 0.061 -0.0449 20
2.571 0.057 0.0449 19
2.5619 0.0563 0.1343 17
2.5716 0.0557 0.225 17
2.5622 0.0546 0.3147 18
2.5699 0.0529 -0.1347 18
2.5631 0.0523 -0.0447 19
2.5712 0.0485 0.0449 19
2.5381 0.0474 0.133 17
2.5658 0.047 0.2245 19
2.5584 0.046 0.3142 17
2.5661 0.0443 -0.1345 18
2.5552 0.0437 -0.0446 18
2.5553 0.0397 0.0446 20
2.5342 0.0385 0.1328 17
2.5659 0.0385 0.2245 18
2.5545 0.0375 0.3137 18
2.5562 0.0357 -0.134 19
2.5354 0.0345 -0.0443 19
2.5434 0.0306 0.0444 19
2.5304 0.0296 0.1326 17
2.5541 0.029 0.2235 18
2.5507 0.0285 0.3132 17
2.5504 0.0263 -0.1337 18
2.5235 0.0255 -0.044 18
2.5395 0.0213 0.0443 19
2.5304 0.0203 0.1326 17
2.5502 0.02 0.2231 18
2.5389 0.0191 0.3117 18
2.5464 0.0173 -0.1335 19
2.5316 0.0163 -0.0442 18
2.5316 0.0124 0.0442 19
2.5265 0.0115 0.1324 17
2.5383 0.0111 0.2221 19
2.521 0.0101 0.3095 19
2.5305 0.0084 -0.1326 19
2.5256 0.0075 -0.0441 17
2.5356 0.0035 0.0443 19
2.5106 0.0026 0.1316 17
2.5383 0.0022 0.2221 19
2.5191 0.0013 0.3093 18
2.5285 -0.0004 -0.1325 19
2.5156 -0.0013 -0.0439 18
2.5276 -0.0053 0.0441 19
2.5066 -0.0061 0.1314 17
2.5263 -0.0066 0.221 19
2.5151 -0.0075 0.3088 17
2.5185 -0.0092 -0.132 19
2.5036 -0.0101 -0.0437 19
2.5236 -0.0137 0.044 19
2.4985 -0.0144 0.1309 17
2.5104 -0.0149 0.2196 18
2.5111 -0.0158 0.3083 17
2.5145 -0.0176 -0.1318 18
2.5016 -0.0183 -0.0437 18
2.5035 -0.0223 0.0437 20
2.5045 -0.0232 0.1313 18
2.5143 -0.0237 0.22 18
2.5031 -0.0245 0.3074 17
2.5044 -0.0262 -0.1313 20
2.5035 -0.0271 -0.0437 21
2.5034 -0.031 0.0437 19
2.4864 -0.0312 0.1303 17
2.5102 -0.0324 0.2196 20
2.4911 -0.033 0.3059 17
2.4903 -0.0348 -0.1305 18
2.4974 -0.0353 -0.0436 20
2.4953 -0.0392 0.0436 20
2.4783 -0.0398 0.1299 17
2.5061 -0.0411 0.2193 20
2.487 -0.0412 0.3054 19
2.4922 -0.0431 -0.1306 19
2.4872 -0.0438 -0.0434 19
2.4832 -0.0477 0.0434 21
2.4761 -0.048 0.1298 18
2.494 -0.0492 0.2182 18
2.4868 -0.0499 0.3054 17
2.488 -0.0517 -0.1304 21
2.4691 -0.0517 -0.0431 20
2.479 -0.0558 0.0433 21
2.468 -0.0564 0.1294 18
2.4699 -0.0573 0.2161 20
2.4866 -0.0582 0.3054 18
2.4819 -0.0598 -0.1301 18
2.4709 -0.0604 -0.0431 21
2.4708 -0.0647 0.0431 23
2.4697 -0.0655 0.1295 17
2.4816 -0.0663 0.2172 20
2.4705 -0.0669 0.3035 17
2.4756 -0.0687 -0.1298 21
2.4706 -0.0694 -0.0431 21
2.4625 -0.0731 0.043 20
2.4575 -0.0738 0.1289 18
2.4694 -0.0746 0.2161 18
2.4524 -0.0749 0.3013 19
2.4614 -0.0769 -0.1291 18
2.4684 -0.078 -0.0431 21
2.4603 -0.0816 0.043 22
2.4413 -0.0814 0.128 19
2.4811 -0.0836 0.2172 22
2.4581 -0.0837 0.302 17
2.4571 -0.0854 -0.1289 18
2.4641 -0.086 -0.043 23
2.464 -0.0899 0.043 22
2.445 -0.0897 0.1282 19
2.4569 -0.091 0.2151 20
2.4618 -0.092 0.3025 18
2.4489 -0.0932 -0.1284 19
2.4319 -0.093 -0.0425 19
2.4477 -0.0975 0.0428 22
2.4327 -0.0977 0.1276 19
2.4467 -0.0987 0.2142 21
2.4496 -0.0997 0.301 18
2.4525 -0.1015 -0.1286 18
2.4275 -0.1013 -0.0424 19
2.4393 -0.1057 0.0426 26
2.4383 -0.1065 0.1279 20
2.4363 -0.1068 0.2134 19
2.4452 -0.108 0.3005 18
2.4442 -0.1097 -0.1282 18
2.4232 -0.1096 -0.0423 20
2.425 -0.1135 0.0424 21
2.424 -0.1143 0.1272 21
2.436 -0.1153 0.2134 20
2.429 -0.1158 0.2986 18
2.4358 -0.1179 -0.1278 18
2.4267 -0.1183 -0.0424 18
2.4346 -0.1225 0.0425 21
2.4156 -0.1224 0.1268 19
2.4316 -0.1236 0.213 18
2.4206 -0.1239 0.2976 18
2.4274 -0.1259 -0.1274 19
2.4323 -0.127 -0.0425 22
2.4281 -0.1307 0.0424 23
2.4032 -0.1302 0.1261 21
2.4271 -0.1319 0.2127 20
2.4281 -0.1328 0.2986 19
2.419 -0.134 -0.127 18
2.4019 -0.1339 -0.042 19
2.4157 -0.1384 0.0422 23
2.4027 -0.1385 0.1261 21
2.4107 -0.1398 0.2113 19
2.4217 -0.1409 0.2978 19
2.4205 -0.143 -0.1271 19
2.4014 -0.1423 -0.042 18
2.4032 -0.1466 0.042 20
2.3982 -0.1467 0.1259 21
2.4023 -0.1478 0.2106 18
2.4093 -0.149 0.2964 19
2.41 -0.1508 -0.1265 18
2.4149 -0.1515 -0.0422 24
2.3987 -0.1543 0.042 20
2.3897 -0.1541 0.1255 19
2.4038 -0.1559 0.2107 19
2.389 -0.1557 0.2939 21
2.3935 -0.1577 -0.1257 19
2.3924 -0.1581 -0.0419 19
2.4041 -0.1626 0.0421 22
2.3852 -0.1622 0.1253 21
2.3933 -0.1632 0.2099 19
2.3884 -0.1637 0.2939 22
2.395 -0.1658 -0.1258 20
2.3879 -0.1661 -0.0418 20
2.3936 -0.1703 0.0419 23
2.3747 -0.1698 0.1248 20
2.3947 -0.1717 0.21 19
2.3839 -0.1717 0.2935 20
2.3924 -0.174 -0.1257 19
2.3733 -0.1735 -0.0415 17
2.383 -0.1779 0.0417 22
2.3741 -0.1781 0.1248 22
2.3722 -0.1784 0.2081 19
2.3852 -0.1802 0.2937 19
2.3898 -0.1822 -0.1256 21
2.3767 -0.182 -0.0416 22
2.3724 -0.1855 0.0415 20
2.3734 -0.1864 0.1248 22
2.3656 -0.1866 0.2076 19
2.3747 -0.1877 0.2925 21
2.3851 -0.1906 -0.1254 20
2.37 -0.1899 -0.0415 23
2.3677 -0.1938 0.0415 23
2.3628 -0.1938 0.1242 21
2.3788 -0.196 0.2088 18
2.3582 -0.1951 0.2905 21
2.3645 -0.1973 -0.1244 21
2.3674 -0.198 -0.0415 18
2.3591 -0.201 0.0413 21
2.3482 -0.2009 0.1235 22
2.3702 -0.2036 0.2081 19
2.3555 -0.2028 0.2903 23
2.3619 -0.205 -0.1242 23
2.3607 -0.2057 -0.0414 21
2.3604 -0.2094 0.0414 22
2.3475 -0.2091 0.1235 22
2.3596 -0.2106 0.2073 19
2.3568 -0.2112 0.2905 21
2.3631 -0.2134 -0.1244 22
2.348 -0.2129 -0.0412 23
2.3536 -0.2171 0.0413 21
2.3388 -0.2165 0.1231 20
2.3469 -0.2177 0.2062 19
2.3541 -0.2192 0.2903 24
2.3584 -0.2213 -0.1241 22
2.3473 -0.2211 -0.0412 18
2.3409 -0.2242 0.041 21
2.342 -0.2247 0.1233 22
2.3442 -0.2257 0.206 20
2.3394 -0.2261 0.2886 21
2.3516 -0.2289 -0.1238 25
2.3366 -0.2279 -0.041 21
2.3402 -0.2319 0.041 20
2.3313 -0.2319 0.1228 21
2.3434 -0.2339 0.206 19
2.3268 -0.2327 0.2871 21
2.335 -0.2351 -0.123 22
2.3417 -0.2366 -0.0411 23
2.3394 -0.2401 0.041 23
2.3067 -0.2371 0.1215 19
2.3465 -0.2421 0.2064 19
2.3221 -0.2404 0.2866 19
2.3381 -0.2437 -0.1232 23
2.329 -0.2431 -0.0409 20
2.3226 -0.2462 0.0408 43
2.3138 -0.246 0.1219 15
2.3457 -0.2503 0.2064 4
2.3353 -0.2512 -0.1231 17
2.3222 -0.2506 -0.0408 16
