2.166 0.1572 0.19 2
2.1621 0.1561 0.2662 4
2.1615 0.1546 -0.1136 3
2.1383 0.1521 -0.0374 2
2.1485 0.1495 0.0376 16
2.1519 0.149 0.113 18
2.1487 0.1484 0.1884 15
2.1421 0.1457 -0.1125 17
2.1667 0.1466 -0.0379 28
2.141 0.1415 0.0375 19
2.1424 0.1412 0.1125 20
2.1551 0.1413 0.189 18
2.1473 0.14 0.2642 18
2.1406 0.1381 -0.1124 16
2.1313 0.1371 -0.0373 20
2.1415 0.1344 0.0375 18
2.1349 0.1332 0.1121 19
2.1377 0.1326 0.1874 17
2.1398 0.1324 0.2632 18
2.143 0.1311 -0.1125 18
2.1218 0.129 -0.0371 16
2.118 0.1255 0.037 18
2.1334 0.1256 0.112 18
2.1381 0.1255 0.1874 17
2.1284 0.1242 0.2618 18
2.1315 0.1229 -0.1119 18
2.1242 0.1217 -0.0371 17
2.1184 0.1181 0.037 18
2.1158 0.1172 0.1111 17
2.1306 0.1176 0.1867 18
2.1169 0.1161 0.2603 18
2.12 0.1148 -0.1113 18
2.1206 0.1141 -0.0371 18
2.1188 0.1107 0.037 18
2.1003 0.109 0.1102 17
2.133 0.1103 0.1869 18
2.1133 0.1085 0.2598 17
2.1149 0.1079 0.3354 3
2.1124 0.107 -0.1108 19
2.113 0.1063 -0.0369 19
2.1112 0.1029 0.0369 18
2.0967 0.1014 0.11 17
2.1214 0.1023 0.1858 19
2.1058 0.1008 0.2589 18
2.1152 0.1005 0.3354 4
2.1088 0.0994 -0.1106 18
2.1034 0.0985 -0.0368 18
2.1075 0.0953 0.0368 18
2.101 0.0943 0.1102 17
2.1058 0.0942 0.1844 18
2.1021 0.0933 0.2584 17
2.1057 0.0927 0.3338 6
2.1091 0.0921 -0.1106 17
2.0937 0.0907 -0.0366 19
2.0879 0.0871 0.0365 18
2.0933 0.0866 0.1098 17
2.1022 0.0866 0.1841 19
2.0945 0.0856 0.2574 17
2.1001 0.0851 0.3329 9
2.0894 0.0839 -0.1096 18
2.09 0.0832 -0.0365 19
2.0882 0.0799 0.0365 18
2.0816 0.0789 0.1092 17
2.0985 0.0791 0.1837 18
2.0829 0.0778 0.2559 17
2.1023 0.0778 0.3332 11
2.0778 0.0762 -0.109 18
2.0903 0.0759 -0.0365 19
2.0904 0.0726 0.0365 17
2.0659 0.0711 0.1083 18
2.0988 0.0715 0.1837 18
2.0871 0.0707 0.2564 17
2.0927 0.0702 0.3316 14
2.078 0.0686 -0.109 18
2.0846 0.0684 -0.0364 20
2.0767 0.0645 0.0363 18
2.0722 0.0637 0.1086 18
2.091 0.0639 0.183 18
2.0834 0.0629 0.2559 17
2.0693 0.0618 0.3279 17
2.0782 0.0613 -0.109 18
2.0708 0.0604 -0.0362 22
2.0729 0.0572 0.0362 18
2.0604 0.0561 0.108 18
2.0793 0.0559 0.182 20
2.0796 0.0555 0.2554 17
2.0616 0.0543 0.3266 17
2.0785 0.0537 -0.109 17
2.067 0.053 -0.0361 22
2.0551 0.0499 0.0359 20
2.0626 0.0497 0.1081 19
2.0635 0.049 0.1806 18
2.0679 0.0484 0.254 17
2.0677 0.048 0.3276 18
2.0666 0.0469 -0.1083 17
2.0512 0.0462 -0.0358 18
2.0552 0.0431 0.0359 21
2.0547 0.0423 0.1077 19
2.0697 0.0419 0.1811 19
2.0422 0.041 0.2508 17
2.0658 0.0407 0.3273 18
2.0468 0.0397 -0.1073 19
2.0673 0.0393 -0.0361 22
2.0514 0.0358 0.0358 19
2.0289 0.0347 0.1063 18
2.0598 0.0349 0.1802 18
2.0523 0.034 0.252 18
2.0521 0.0333 0.3251 17
2.0429 0.0325 -0.1071 17
2.0414 0.0317 -0.0356 20
2.0555 0.0287 0.0359 20
2.035 0.0277 0.1067 19
2.048 0.0275 0.1792 19
2.0524 0.0269 0.252 18
2.0384 0.026 0.3229 19
2.039 0.0253 -0.1069 18
2.0215 0.0243 -0.0353 20
2.0416 0.0214 0.0356 21
2.0331 0.0206 0.1066 20
2.0401 0.0203 0.1785 19
2.0446 0.0196 0.2511 18
2.0346 0.0188 0.3223 19
2.0431 0.0182 -0.1071 17
2.0176 0.0173 -0.0352 19
2.0316 0.0142 0.0355 23
2.0272 0.0134 0.1062 18
2.0282 0.0131 0.1774 18
2.0387 0.0125 0.2503 19
2.0326 0.0117 0.3219 20
2.0352 0.011 -0.1067 18
2.0137 0.0102 -0.0351 19
2.0197 0.0071 0.0353 20
2.0292 0.0064 0.1063 20
2.0322 0.006 0.1778 18
2.0248 0.0053 0.2486 18
2.0327 0.0046 0.3219 19
2.0192 0.0039 -0.1058 18
2.0217 0.0032 -0.0353 20
2.0217 0 0.0353 22
2.0013 -0.0007 0.1049 20
2.0283 -0.0011 0.1774 18
2.0109 -0.0018 0.2469 19
2.0228 -0.0025 0.3204 18
2.0152 -0.0032 -0.1056 18
2.0137 -0.0039 -0.0351 20
2.0237 -0.0071 0.0353 20
2.0072 -0.0077 0.1052 21
2.0163 -0.0081 0.1764 18
2.0129 -0.0088 0.2472 18
2.005 -0.0094 0.3176 18
2.0112 -0.0102 -0.1054 19
1.9977 -0.0108 -0.0349 20
2.0096 -0.014 0.0351 22
1.9992 -0.0147 0.1048 19
2.0003 -0.015 0.175 18
2.0128 -0.0158 0.2472 19
2.0049 -0.0164 0.3176 17
2.0192 -0.0173 -0.1058 18
1.9956 -0.0178 -0.0348 17
1.9956 -0.0209 0.0348 21
2.0011 -0.0217 0.1049 20
2.0042 -0.022 0.1754 18
2.0008 -0.0227 0.2457 18
1.9989 -0.0234 0.3166 18
2.0091 -0.0242 -0.1053 19
1.9995 -0.0248 -0.0349 22
1.9915 -0.0278 0.0348 20
1.9851 -0.0284 0.104 20
2.0001 -0.029 0.175 18
1.9829 -0.0294 0.2435 20
1.9969 -0.0303 0.3163 17
1.989 -0.0309 -0.1043 20
1.9954 -0.0317 -0.0348 22
1.9874 -0.0347 0.0347 20
1.969 -0.0347 0.1032 18
1.9961 -0.0359 0.1747 19
1.9748 -0.0362 0.2425 21
1.9889 -0.0368 0.3151 19
1.9849 -0.0378 -0.104 19
1.9773 -0.038 -0.0345 21
1.9853 -0.0412 0.0347 21
1.9649 -0.0412 0.103 20
1.9919 -0.0424 0.1743 18
1.9826 -0.0429 0.2435 19
1.9789 -0.0432 0.3135 19
1.9848 -0.0443 -0.104 19
1.9652 -0.0443 -0.0343 19
1.9791 -0.0477 0.0346 21
1.9667 -0.0481 0.1031 19
1.9798 -0.0487 0.1733 18
1.9746 -0.0493 0.2425 21
1.9747 -0.05 0.3129 19
1.9806 -0.0508 -0.1038 20
1.969 -0.0512 -0.0344 21
1.967 -0.0543 0.0343 23
1.9705 -0.055 0.1033 21
1.9717 -0.0554 0.1726 19
1.9664 -0.056 0.2415 19
1.9726 -0.0568 0.3126 19
1.9804 -0.0577 -0.1038 21
1.9688 -0.0581 -0.0344 21
1.9588 -0.0609 0.0342 21
1.9663 -0.0618 0.1031 21
1.9655 -0.0621 0.172 19
1.9543 -0.0624 0.2401 22
1.9704 -0.0636 0.3122 19
1.9643 -0.0641 -0.103 20
1.9666 -0.0649 -0.0343 22
1.9625 -0.0678 0.0343 19
1.9481 -0.068 0.1022 22
1.9693 -0.0691 0.1724 19
1.9581 -0.0694 0.2406 19
1.9642 -0.0703 0.3113 20
1.96 -0.0708 -0.1028 20
1.9524 -0.0713 -0.0341 19
1.9703 -0.075 0.0344 23
1.9379 -0.0744 0.1016 21
1.9591 -0.0756 0.1715 19
1.9459 -0.0758 0.2391 22
1.9482 -0.0765 0.3088 20
1.9518 -0.0774 -0.1024 22
1.9402 -0.0776 -0.0339 19
1.95 -0.081 0.0341 19
1.9416 -0.0814 0.1018 21
1.9468 -0.0823 0.1705 20
1.9496 -0.0827 0.2396 21
1.944 -0.0832 0.3082 21
1.9535 -0.0846 -0.1025 23
1.9359 -0.0842 -0.0338 20
1.9377 -0.0877 0.0339 19
1.9433 -0.0886 0.102 22
1.9485 -0.0892 0.1707 21
1.9413 -0.0895 0.2386 20
1.9476 -0.0905 0.3088 21
1.9432 -0.091 -0.102 21
1.9316 -0.0911 -0.0338 21
1.9314 -0.0941 0.0338 22
1.933 -0.0949 0.1014 21
1.9482 -0.096 0.1707 22
1.9212 -0.0953 0.2362 20
1.9394 -0.0969 0.3076 21
1.9342 -0.0966 -0.1694 24
1.9369 -0.0974 -0.1016 19
1.9272 -0.0976 -0.0337 22
1.9291 -0.1008 0.0337 20
1.9087 -0.1004 0.1002 19
1.9439 -0.1026 0.1703 19
1.9208 -0.102 0.2362 19
1.9371 -0.1036 0.3072 21
1.9358 -0.1035 -0.1696 22
1.9286 -0.1038 -0.1012 23
1.9229 -0.1041 -0.0336 21
1.9307 -0.1076 0.0338 21
1.9124 -0.1073 0.1004 21
1.9375 -0.109 0.1698 22
1.9205 -0.1087 0.2362 20
1.917 -0.1092 0.3041 23
1.9242 -0.1103 -0.101 22
1.9105 -0.1102 -0.0334 23
1.9204 -0.1131 0.0336 20
1.912 -0.1133 0.1004 21
1.9193 -0.114 0.1682 22
1.9221 -0.1149 0.2364 23
1.9166 -0.1152 0.3041 24
1.9192 -0.1154 -0.1682 27
1.9238 -0.1163 -0.101 22
1.9062 -0.1159 -0.0333 22
1.912 -0.1193 0.0334 23
1.9076 -0.1197 0.1002 19
1.9189 -0.1207 0.1682 22
1.9039 -0.1204 0.2342 20
1.9162 -0.1219 0.3041 22
1.9168 -0.1219 -0.168 25
1.9135 -0.1224 -0.1005 22
1.9098 -0.1228 -0.0334 21
1.9076 -0.1257 0.0334 21
1.9072 -0.1263 0.1002 21
1.9184 -0.1274 0.1682 23
1.8975 -0.1267 0.2335 23
1.9197 -0.1289 0.3047 21
1.9143 -0.1288 -0.1679 26
1.8991 -0.1281 -0.0998 22
1.9053 -0.1292 -0.0333 21
1.9131 -0.1328 0.0335 22
1.8808 -0.1312 0.0988 20
1.914 -0.1342 0.1679 22
1.8951 -0.1332 0.2333 21
1.9054 -0.1346 0.3025 21
1.9099 -0.1352 -0.1675 28
1.9006 -0.1352 -0.0999 22
1.8969 -0.1353 -0.0332 22
1.9086 -0.1395 0.0334 22
1.8823 -0.1382 0.0989 19
1.9055 -0.1403 0.1672 22
1.8946 -0.1401 0.2333 22
1.8951 -0.1408 0.301 22
1.9114 -0.142 -0.1677 25
1.8981 -0.1417 -0.0998 22
1.8844 -0.1414 -0.033 23
1.8962 -0.1452 0.0332 21
1.8739 -0.1442 0.0985 19
1.8971 -0.1463 0.1665 22
1.8881 -0.1463 0.2325 19
1.8887 -0.147 0.3 22
1.893 -0.1473 -0.1661 27
1.8956 -0.1482 -0.0996 20
1.8799 -0.1476 -0.0329 22
1.8857 -0.1511 0.033 25
1.8773 -0.151 0.0987 19
1.8926 -0.1526 0.1661 21
1.8817 -0.1524 0.2318 21
1.8901 -0.1537 0.3004 21
1.8846 -0.1533 -0.1654 28
1.8951 -0.1548 -0.0996 21
1.8794 -0.1542 -0.0329 22
1.8831 -0.1575 0.033 22
1.8688 -0.1569 0.0983 19
1.8881 -0.1589 0.1658 21
1.8693 -0.158 0.2303 20
1.8856 -0.16 0.2997 22
1.8959 -0.1609 -0.1665 27
1.8746 -0.1597 -0.0986 20
1.8749 -0.1604 -0.0328 23
1.8746 -0.1633 0.0328 22
1.8604 -0.1624 0.0979 21
1.8836 -0.1651 0.1654 22
1.8726 -0.1648 0.2308 21
1.8812 -0.1659 0.2991 24
1.8874 -0.1668 -0.1658 27
1.8681 -0.1657 -0.0983 23
1.8664 -0.1659 -0.0327 23
1.886 -0.1706 0.0331 22
1.8638 -0.169 0.0981 21
1.879 -0.171 0.1651 23
1.8602 -0.1699 0.2294 21
1.855 -0.1698 0.295 21
1.8789 -0.1723 -0.1651 27
1.8695 -0.1721 -0.0984 22
1.8459 -0.1703 -0.0324 27
1.8755 -0.176 0.0329 25
1.8592 -0.1751 0.0979 21
1.8626 -0.1757 0.1637 22
1.8597 -0.1761 0.2294 21
1.8623 -0.177 0.2963 21
1.8744 -0.1782 -0.1647 27
1.8689 -0.1783 -0.0984 19
1.8532 -0.1775 -0.0325 27
1.8629 -0.1813 0.0327 25
1.8606 -0.1818 0.098 20
1.8679 -0.1828 0.1642 24
1.859 -0.1826 0.2294 21
1.8558 -0.1829 0.2953 21
1.8658 -0.1839 -0.164 28
1.8623 -0.1842 -0.0981 23
1.8526 -0.1839 -0.0325 25
1.8603 -0.1876 0.0326 26
1.848 -0.1871 0.0973 22
1.8573 -0.1883 0.1633 23
1.8505 -0.1883 0.2284 20
1.863 -0.1902 0.2966 22
1.8651 -0.1908 -0.164 29
1.8498 -0.1895 -0.0974 23
1.8599 -0.1912 -0.0326 28
1.8536 -0.1935 0.0325 25
1.8454 -0.1933 0.0972 21
1.8606 -0.1956 0.1637 23
1.8439 -0.1941 0.2277 23
1.8485 -0.1953 0.2944 22
1.8644 -0.1973 -0.164 28
1.8471 -0.1961 -0.0973 22
1.8413 -0.1958 -0.0323 30
1.8589 -0.201 0.0326 26
1.8347 -0.1987 0.0967 22
1.85 -0.201 0.1628 22
1.8412 -0.2007 0.2274 19
1.8341 -0.2002 0.2922 22
1.8578 -0.2031 -0.1635 31
1.8484 -0.2028 -0.0974 22
1.8188 -0.1998 -0.0319 26
1.8463 -0.2058 0.0324 28
1.834 -0.2051 0.0967 22
1.8434 -0.2068 0.1623 23
1.8405 -0.2068 0.2274 21
1.8373 -0.2071 0.2928 24
1.8393 -0.2076 -0.1619 28
1.8437 -0.2084 -0.0972 24
1.8161 -0.206 -0.0319 26
1.8416 -0.2118 0.0324 28
1.8373 -0.2116 0.0969 22
1.8328 -0.2117 0.1614 22
1.8358 -0.2127 0.2269 22
1.8366 -0.2132 0.2928 23
1.8386 -0.2137 -0.1619 28
1.837 -0.2142 -0.0969 24
1.8194 -0.2124 -0.032 27
1.8409 -0.2179 0.0324 27
1.8366 -0.218 0.0969 22
1.8399 -0.2191 0.1621 25
1.8194 -0.2169 0.225 20
1.83 -0.2189 0.2919 21
1.8457 -0.2211 -0.1626 26
1.8204 -0.2184 -0.0961 24
1.8226 -0.2193 -0.032 26
1.8163 -0.2214 0.0319 44
1.816 -0.222 0.0959 23
1.8234 -0.2232 0.1607 16
1.8489 -0.2277 -0.163 27
1.8216 -0.225 -0.0962 24
1.8278 -0.2264 -0.0321 43
1.8758 -0.2376 -0.1654 5
