2.6528 0.1367 -0.1392 1
2.6364 0.1308 0.0461 16
2.6471 0.1309 0.1389 17
2.6427 0.1297 0.2315 18
2.6314 0.1264 -0.1381 19
2.6306 0.1259 -0.046 15
2.6268 0.1216 0.0459 18
2.6276 0.1207 0.1379 18
2.6372 0.1202 0.231 20
2.574 0.1169 0.3164 12
2.6178 0.117 -0.1373 18
2.637 0.117 -0.0461 20
2.6252 0.1123 0.0459 19
2.6141 0.1109 0.1371 19
2.6316 0.1112 0.2304 18
2.5863 0.1084 0.3178 15
2.6042 0.1073 -0.1366 18
2.6134 0.1068 -0.0457 19
2.6176 0.1028 0.0457 19
2.5965 0.1011 0.1362 17
2.6101 0.1012 0.2285 18
2.5926 0.0996 0.3186 15
2.5986 0.098 -0.1363 18
2.5918 0.0968 -0.0453 18
2.6099 0.0934 0.0456 20
2.5928 0.0919 0.136 16
2.6004 0.0917 0.2277 17
2.6068 0.091 0.3203 17
2.6029 0.0891 -0.1365 17
2.5781 0.0873 -0.045 18
2.5903 0.0837 0.0452 19
2.5931 0.0829 0.136 17
2.5908 0.0823 0.2268 17
2.5952 0.0816 0.3188 17
2.5832 0.0794 -0.1354 18
2.5864 0.0786 -0.0452 19
2.5905 0.0746 0.0452 18
2.5854 0.074 0.1356 17
2.597 0.0734 0.2273 18
2.5856 0.0722 0.3176 19
2.5775 0.0702 -0.1351 18
2.5807 0.0698 -0.0451 18
2.5828 0.0658 0.0451 19
2.5617 0.0644 0.1343 17
2.5913 0.0642 0.2268 18
2.5759 0.0634 0.3164 18
2.5697 0.0615 -0.1347 18
2.5709 0.0606 -0.0449 18
2.571 0.0565 0.0449 19
2.5619 0.0555 0.1343 17
2.5815 0.0554 0.2259 18
2.5721 0.0543 0.3159 18
2.5719 0.0525 -0.1348 20
2.5491 0.0512 -0.0445 16
2.5672 0.0475 0.0448 19
2.5521 0.0463 0.1338 18
2.5658 0.0457 0.2245 19
2.5683 0.0453 0.3154 18
2.5781 0.0432 -0.1351 18
2.5493 0.0423 -0.0445 18
2.5513 0.0379 0.0445 19
2.5642 0.0376 0.1344 18
2.5679 0.0368 0.2247 18
2.5486 0.0356 0.313 17
2.5623 0.034 -0.1343 18
2.5474 0.0333 -0.0445 18
2.5514 0.0294 0.0445 18
2.5384 0.0284 0.133 17
2.5581 0.0277 0.2238 18
2.5408 0.0271 0.312 17
2.5444 0.0253 -0.1334 19
2.5375 0.0244 -0.0443 17
2.5435 0.0204 0.0444 18
2.5225 0.0198 0.1322 17
2.5542 0.0192 0.2235 18
2.5329 0.0181 0.311 17
2.5345 0.0164 -0.1328 19
2.5276 0.0159 -0.0441 17
2.5376 0.012 0.0443 18
2.5225 0.011 0.1322 17
2.5502 0.0102 0.2231 18
2.5369 0.0097 0.3115 18
2.5345 0.008 -0.1328 18
2.5196 0.007 -0.044 19
2.5056 -0.0149 0.0437 18
2.5065 -0.0153 0.1314 17
2.5203 -0.0163 0.2205 19
2.5012 -0.017 0.3071 18
2.5065 -0.0188 -0.1314 18
2.5115 -0.0193 -0.0438 19
2.5015 -0.0231 0.0437 18
2.4945 -0.0235 0.1307 17
2.5143 -0.0246 0.22 18
2.4971 -0.0253 0.3066 18
2.4944 -0.027 -0.1307 18
2.5035 -0.0275 -0.0437 18
2.4974 -0.0314 0.0436 18
2.4864 -0.0321 0.1303 17
2.5122 -0.0329 0.2198 19
2.497 -0.0336 0.3066 17
2.5003 -0.0358 -0.131 21
2.4834 -0.036 -0.0434 19
2.4933 -0.0405 0.0435 18
2.4783 -0.0411 0.1299 17
2.4941 -0.0418 0.2182 19
2.4929 -0.0426 0.3061 17
2.5002 -0.045 -0.131 20
2.4832 -0.0451 -0.0434 19
2.4771 -0.0493 0.0432 18
2.4881 -0.0504 0.1304 18
2.492 -0.0509 0.2181 21
2.4888 -0.0517 0.3056 18
2.48 -0.0532 -0.13 20
2.483 -0.0542 -0.0434 21
2.4749 -0.0579 0.0432 19
2.4659 -0.0585 0.1293 17
2.4958 -0.0597 0.2184 21
2.4727 -0.06 0.3037 17
2.4698 -0.0617 -0.1295 18
2.4768 -0.0627 -0.0432 20
2.4707 -0.0664 0.0431 19
2.4537 -0.0664 0.1286 18
2.4816 -0.068 0.2172 20
2.4645 -0.0684 0.3027 18
2.4656 -0.0702 -0.1293 18
2.4726 -0.0708 -0.0432 21
2.4745 -0.0747 0.0432 20
2.4495 -0.0748 0.1284 19
2.4734 -0.0764 0.2165 20
2.4623 -0.0765 0.3025 16
2.4674 -0.0784 -0.1294 19
2.4664 -0.0792 -0.0431 22
2.4642 -0.083 0.043 21
2.4492 -0.0834 0.1284 19
2.4492 -0.0838 0.2144 18
2.462 -0.0851 0.3025 19
2.4651 -0.0869 -0.1293 18
2.4541 -0.0874 -0.0429 22
2.4459 -0.091 0.0427 20
2.4489 -0.0919 0.1284 19
2.4509 -0.0924 0.2146 19
2.4518 -0.0933 0.3013 18
2.4568 -0.0952 -0.1289 17
2.4378 -0.0954 -0.0426 18
2.4416 -0.0993 0.0427 21
2.4406 -0.0997 0.128 19
2.4486 -0.1009 0.2144 19
2.4356 -0.1012 0.2993 18
2.4285 -0.1026 -0.1274 19
2.4534 -0.1041 -0.0429 22
2.4413 -0.1074 0.0427 21
2.4243 -0.1075 0.1272 19
2.4442 -0.1093 0.2141 20
2.4352 -0.1093 0.2993 18
2.4321 -0.1109 -0.1276 18
2.4371 -0.1119 -0.0426 21
2.4449 -0.1162 0.0427 24
2.4239 -0.116 0.1272 19
2.4339 -0.1169 0.2132 19
2.4309 -0.1176 0.2988 18
2.4277 -0.1192 -0.1274 18
2.4227 -0.1198 -0.0423 21
2.4245 -0.1237 0.0424 21
2.4235 -0.1245 0.1272 19
2.4275 -0.1251 0.2127 18
2.4265 -0.1259 0.2983 18
2.4353 -0.1281 -0.1278 18
2.4222 -0.1282 -0.0423 21
2.416 -0.1317 0.0422 25
2.4111 -0.1318 0.1265 19
2.4151 -0.1329 0.2116 20
2.426 -0.1344 0.2983 19
2.4149 -0.1354 -0.1268 19
2.4138 -0.1358 -0.0422 21
2.4096 -0.1394 0.0421 21
2.3986 -0.1396 0.1259 19
2.4106 -0.1411 0.2113 19
2.3959 -0.1407 0.2947 20
2.4064 -0.143 -0.1263 19
2.4193 -0.1446 -0.0423 24
2.4051 -0.1475 0.0421 21
2.3902 -0.1474 0.1255 21
2.4062 -0.1489 0.2109 18
2.3934 -0.1489 0.2944 18
2.4039 -0.1512 -0.1262 19
2.3929 -0.1514 -0.0419 18
2.3966 -0.1554 0.0419 21
2.3857 -0.1555 0.1253 21
2.4017 -0.157 0.2106 18
2.3968 -0.1575 0.2949 19
2.3954 -0.1591 -0.1258 21
2.3903 -0.1596 -0.0418 21
2.396 -0.1638 0.0419 21
2.3891 -0.1637 0.1255 21
2.3892 -0.1646 0.2095 18
2.3923 -0.1656 0.2944 19
2.3929 -0.1673 -0.1257 19
2.3898 -0.1675 -0.0418 22
2.3775 -0.1704 0.0416 20
2.3766 -0.1712 0.1249 21
2.3767 -0.172 0.2085 18
2.3897 -0.1734 0.2942 22
2.3903 -0.1751 -0.1256 19
2.3872 -0.1757 -0.0418 23
2.3769 -0.1787 0.0416 19
2.372 -0.1788 0.1247 19
2.3801 -0.1802 0.2088 18
2.3654 -0.1799 0.2913 22
2.3777 -0.1825 -0.125 20
2.3746 -0.1827 -0.0416 21
2.3683 -0.186 0.0415 21
2.3495 -0.1853 0.1235 18
2.3794 -0.1885 0.2088 20
2.3608 -0.1875 0.2908 20
2.3672 -0.1896 -0.1245 19
2.366 -0.1904 -0.0414 19
2.3696 -0.1948 0.0415 22
2.3587 -0.1948 0.124 21
2.3649 -0.1957 0.2076 19
2.3601 -0.1961 0.2908 21
2.3744 -0.199 -0.1249 22
2.3454 -0.1974 -0.0411 21
2.361 -0.2024 0.0414 22
2.3521 -0.2025 0.1237 20
2.3582 -0.2034 0.2071 20
2.3554 -0.204 0.2903 21
2.3677 -0.2067 -0.1246 22
2.3446 -0.2055 -0.0411 21
2.3463 -0.2094 0.0411 20
2.3454 -0.2101 0.1234 21
2.3515 -0.2111 0.2066 19
2.3507 -0.2119 0.2898 21
2.3551 -0.2139 -0.1239 21
2.3459 -0.2139 -0.0411 21
2.3456 -0.2176 0.0411 20
2.3387 -0.2178 0.1231 20
2.3488 -0.2191 0.2064 20
2.3263 -0.2178 0.2869 19
2.3384 -0.2206 -0.1231 22
2.3451 -0.2221 -0.0411 22
2.3388 -0.2252 0.041 22
2.324 -0.2242 0.1224 21
2.354 -0.2279 0.2069 19
2.3255 -0.226 0.2869 19
2.3456 -0.2296 -0.1235 21
2.3384 -0.2293 -0.041 20
2.3361 -0.2328 0.041 23
2.3233 -0.2319 0.1224 21
2.3334 -0.2337 0.2052 21
2.3247 -0.2337 0.2869 19
2.3329 -0.2361 -0.1229 22
2.3178 -0.235 -0.0407 20
2.3145 -0.2392 0.1219 19
