2.5146 0.2213 0.2209 7
2.5154 0.2205 0.31 13
2.519 0.2191 -0.1325 9
2.4963 0.2162 -0.0437 4
2.4886 0.2116 0.0436 20
2.4817 0.2101 0.1305 20
2.5102 0.2112 0.3093 26
2.4999 0.2086 -0.1315 28
2.5149 0.209 -0.044 29
2.5033 0.2041 0.0438 38
2.4864 0.2018 0.1307 34
2.5201 0.2041 0.2212 26
2.501 0.2017 0.3081 26
2.4986 0.1997 -0.1314 28
2.5097 0.1997 -0.0439 23
2.492 0.1944 0.0436 23
2.4931 0.1936 0.131 25
2.5148 0.1948 0.2207 29
2.5116 0.1937 0.3093 29
2.5013 0.1911 -0.1315 27
2.5044 0.1905 -0.0438 30
2.5107 0.187 0.0439 28
2.4957 0.1855 0.1312 24
2.5115 0.1858 0.2203 28
2.5123 0.1849 0.3093 27
2.5059 0.1827 -0.1317 27
2.503 0.1821 -0.0438 26
2.5013 0.178 0.0438 29
2.5023 0.1776 0.1315 26
2.5121 0.1774 0.2203 31
2.505 0.176 0.3083 26
2.5025 0.1741 -0.1315 29
2.4956 0.1732 -0.0437 25
2.4939 0.1691 0.0436 31
2.4969 0.1685 0.1312 30
2.5206 0.1696 0.221 30
2.4956 0.1671 0.3071 26
2.4911 0.1646 -0.1308 30
2.5062 0.1651 -0.0438 28
2.5065 0.1608 0.0438 30
2.4796 0.1582 0.1302 28
2.5173 0.1601 0.2207 34
2.5061 0.1586 0.3083 27
2.4917 0.1555 -0.1308 33
2.5128 0.1563 -0.0439 29
2.507 0.1516 0.0438 30
2.4881 0.1496 0.1306 29
2.5178 0.1509 0.2207 31
2.5067 0.1494 0.3083 27
2.5042 0.1475 -0.1315 29
2.4973 0.1462 -0.0437 30
2.5036 0.1426 0.0438 32
2.4826 0.1405 0.1303 31
2.5104 0.1417 0.22 29
2.5112 0.1408 0.3088 28
2.5127 0.1392 -0.1319 31
2.5118 0.1382 -0.0439 33
2.4881 0.133 0.0435 34
2.501 0.1333 0.1313 31
2.5129 0.133 0.2202 35
2.5097 0.132 0.3086 31
2.4992 0.1297 -0.1312 34
2.5123 0.1299 -0.0439 35
2.5065 0.1257 0.0438 31
2.5055 0.1247 0.1315 30
2.5153 0.1243 0.2203 34
2.5041 0.1233 0.3078 27
2.4936 0.1211 -0.1308 39
2.5207 0.1215 -0.044 38
2.4909 0.1162 0.0435 36
2.4899 0.1152 0.1306 32
2.5077 0.1156 0.2196 33
2.4966 0.1142 0.3069 29
2.492 0.1123 -0.1307 35
2.5031 0.1119 -0.0437 39
2.5173 0.1086 0.044 38
2.4943 0.1067 0.1308 35
2.5201 0.1074 0.2207 31
2.503 0.1058 0.3076 33
2.5024 0.104 -0.1313 35
2.4875 0.1025 -0.0435 37
2.5076 0.0994 0.0438 41
2.4907 0.0979 0.1306 35
2.5065 0.098 0.2195 34
2.5132 0.0974 0.3088 27
2.5028 0.0953 -0.1313 35
2.4938 0.0941 -0.0436 42
2.492 0.0901 0.0435 40
2.503 0.0896 0.1313 35
2.5068 0.0893 0.2195 36
2.5076 0.0884 0.3081 34
2.5031 0.0865 -0.1313 36
2.5062 0.0858 -0.0438 42
2.4963 0.0815 0.0436 48
2.4933 0.0805 0.1307 37
2.5211 0.081 0.2207 39
2.5039 0.0796 0.3076 29
2.4914 0.0774 -0.1306 40
2.5084 0.0771 -0.0438 41
2.4946 0.0727 0.0436 53
2.4836 0.0715 0.1302 41
2.5193 0.0721 0.2205 38
2.5082 0.0709 0.3081 29
2.4996 0.0689 -0.131 58
2.5147 0.0685 -0.0439 50
2.5128 0.0645 0.0439 58
2.4878 0.0634 0.1304 41
2.5136 0.0632 0.22 43
2.5064 0.0621 0.3078 33
2.5018 0.0603 -0.1312 74
2.5009 0.0598 -0.0437 56
2.507 0.056 0.0438 70
2.496 0.0549 0.1308 48
2.4999 0.0541 0.2188 45
2.5086 0.0539 0.3081 31
2.502 0.052 -0.1312 56
2.4931 0.0509 -0.0435 59
2.4932 0.047 0.0435 76
2.4981 0.0462 0.1309 60
2.514 0.0461 0.22 39
2.5048 0.045 0.3076 32
2.4942 0.0431 -0.1307 63
2.5033 0.0424 -0.0437 88
2.4973 0.0384 0.0436 78
2.4983 0.0375 0.1309 51
2.5081 0.0372 0.2195 36
2.497 0.0362 0.3066 31
2.4864 0.0343 -0.1303 74
2.5074 0.0337 -0.0438 81
2.5014 0.0297 0.0437 95
2.4884 0.0287 0.1304 59
2.5222 0.0286 0.2207 49
2.509 0.0276 0.3081 31
2.4924 0.0257 -0.1306 69
2.5095 0.025 -0.0438 99
2.5035 0.021 0.0437 100
2.4885 0.02 0.1304 59
2.5143 0.0197 0.22 49
2.5031 0.0188 0.3074 35
2.5025 0.017 -0.1312 97
2.5016 0.0162 -0.0437 103
2.4996 0.0122 0.0436 100
2.4886 0.0113 0.1304 65
2.5124 0.011 0.2198 44
2.5131 0.0101 0.3086 31
2.5045 0.0083 -0.1313 102
2.5016 0.0074 -0.0437 105
2.4936 0.0035 0.0435 100
2.4986 0.0026 0.1309 82
2.5044 0.0022 0.2191 33
2.5052 0.0013 0.3076 31
2.4926 -0.0004 -0.1306 100
2.5056 -0.0013 -0.0437 112
2.4956 -0.0048 0.0436 100
2.4946 -0.0057 0.1307 76
2.5144 -0.0061 0.22 33
2.4953 -0.007 0.3064 37
2.4886 -0.0087 -0.1304 100
2.4956 -0.0096 -0.0436 100
2.4956 -0.0135 0.0436 100
2.4806 -0.0143 0.13 83
2.5243 -0.0154 0.2209 48
2.5051 -0.0157 0.3076 28
2.4925 -0.0178 -0.1306 100
2.4916 -0.0183 -0.0435 100
2.4995 -0.0227 0.0436 100
2.4865 -0.023 0.1303 88
2.5103 -0.0241 0.2196 51
2.507 -0.0249 0.3078 33
2.5144 -0.0268 -0.1318 109
2.4935 -0.027 -0.0435 100
2.4914 -0.0309 0.0435 100
2.4944 -0.0318 0.1307 76
2.5002 -0.0327 0.2188 44
2.5149 -0.0334 0.3088 33
2.5003 -0.0349 -0.131 110
2.4914 -0.0357 -0.0435 100
2.4913 -0.0396 0.0435 100
2.4982 -0.0401 0.1309 67
2.5061 -0.0411 0.2193 49
2.5088 -0.042 0.3081 31
2.4962 -0.0436 -0.1308 100
2.5072 -0.0442 -0.0438 119
2.4972 -0.0479 0.0436 100
2.4961 -0.0488 0.1308 81
2.5059 -0.0499 0.2193 40
2.5047 -0.0503 0.3076 29
2.49 -0.0517 -0.1305 100
2.4991 -0.0528 -0.0436 100
2.503 -0.0568 0.0437 110
2.4859 -0.0573 0.1303 85
2.5157 -0.0584 0.2202 48
2.4985 -0.0589 0.3069 27
2.4998 -0.0607 -0.131 111
2.5009 -0.0616 -0.0437 122
2.5128 -0.0658 0.0439 109
2.4817 -0.0659 0.1301 88
2.5055 -0.0669 0.2193 43
2.5003 -0.0677 0.3071 33
2.4996 -0.0694 -0.131 111
2.4906 -0.07 -0.0435 100
2.5045 -0.0743 0.0437 109
2.4895 -0.0748 0.1305 78
2.4973 -0.0754 0.2186 43
2.506 -0.0766 0.3078 32
2.4974 -0.078 -0.1309 111
2.4924 -0.0788 -0.0435 100
2.4962 -0.0828 0.0436 100
2.4952 -0.0836 0.1308 74
2.505 -0.0844 0.2193 39
2.5117 -0.0855 0.3086 32
2.505 -0.087 -0.1314 111
2.4921 -0.0875 -0.0435 100
2.5039 -0.0918 0.0437 109
2.4929 -0.0923 0.1307 76
2.5047 -0.0932 0.2193 40
2.4975 -0.0938 0.3069 33
2.4848 -0.095 -0.1303 100
2.4898 -0.0961 -0.0435 100
2.5056 -0.1006 0.0438 105
2.4806 -0.1005 0.1301 76
2.5103 -0.1021 0.2198 34
2.507 -0.1029 0.3081 30
2.4944 -0.1041 -0.1308 100
2.4934 -0.1049 -0.0436 100
2.5072 -0.1095 0.0438 104
2.4862 -0.109 0.1304 72
2.5139 -0.1111 0.2202 36
2.5027 -0.1115 0.3076 30
2.492 -0.1127 -0.1307 100
2.4871 -0.1129 -0.0435 100
2.5029 -0.1176 0.0437 102
2.4878 -0.1173 0.1305 65
2.5096 -0.1192 0.2198 41
2.5122 -0.1202 0.3088 27
2.4936 -0.1211 -0.1308 100
2.4847 -0.1211 -0.0434 100
2.4965 -0.1256 0.0436 99
2.4994 -0.1262 0.1312 53
2.5092 -0.1275 0.2198 38
2.5079 -0.1284 0.3083 29
2.4932 -0.1294 -0.1308 100
2.4902 -0.1296 -0.0435 100
2.504 -0.1343 0.0438 100
2.493 -0.1341 0.1308 53
2.5107 -0.136 0.22 35
2.4955 -0.136 0.3069 27
2.4808 -0.137 -0.1302 100
2.5018 -0.1386 -0.0437 106
2.5035 -0.1435 0.0438 100
2.4805 -0.143 0.1302 49
2.5142 -0.1454 0.2203 35
2.499 -0.1454 0.3074 26
2.4843 -0.1463 -0.1304 100
2.4952 -0.1478 -0.0436 100
2.515 -0.1529 0.044 100
2.4879 -0.1522 0.1306 50
2.5116 -0.1545 0.2202 37
2.5064 -0.1546 0.3083 29
2.4917 -0.1559 -0.1308 100
2.4787 -0.1555 -0.0434 100
2.5004 -0.1613 0.0437 96
2.4874 -0.1613 0.1306 50
2.4972 -0.1624 0.2189 35
2.5117 -0.1642 0.3091 31
2.4951 -0.1649 -0.131 103
2.4762 -0.1645 -0.0433 100
2.4899 -0.1693 0.0436 81
2.4947 -0.1705 0.131 42
2.5006 -0.1713 0.2193 34
2.5151 -0.1732 0.3095 29
2.4965 -0.1737 -0.1312 73
2.4935 -0.1744 -0.0436 95
2.4952 -0.1784 0.0437 89
2.4862 -0.1782 0.1306 42
2.5119 -0.1809 0.2203 37
2.5085 -0.1816 0.3088 26
2.4859 -0.1817 -0.1306 64
2.5009 -0.1832 -0.0438 84
2.4986 -0.187 0.0437 65
2.4876 -0.1866 0.1307 36
2.5152 -0.1896 0.2207 35
2.498 -0.1891 0.3076 26
2.4873 -0.1901 -0.1307 66
2.4883 -0.1906 -0.0436 58
2.504 -0.1957 0.0438 54
2.4929 -0.1958 0.131 34
2.5106 -0.1976 0.2203 32
2.4994 -0.1976 0.3078 29
2.4966 -0.1991 -0.1313 55
2.4857 -0.1991 -0.0435 53
2.5093 -0.205 0.0439 55
2.4862 -0.204 0.1307 36
2.5059 -0.206 0.22 34
2.5066 -0.207 0.3088 28
2.4919 -0.2075 -0.131 58
2.479 -0.2073 -0.0434 50
2.5006 -0.2131 0.0438 57
2.4895 -0.213 0.1309 36
2.5052 -0.2148 0.22 43
2.5039 -0.2155 0.3086 31
2.4932 -0.2164 -0.1312 49
2.4882 -0.2168 -0.0436 52
2.4998 -0.2218 0.0438 48
2.4907 -0.2219 0.131 34
2.5104 -0.2245 0.2205 37
2.5051 -0.2245 0.3088 25
2.4904 -0.2253 -0.131 39
2.5014 -0.2268 -0.0438 51
2.5069 -0.2317 0.0439 44
2.478 -0.2294 0.1304 32
2.5096 -0.2332 0.2205 33
2.5003 -0.2333 0.3083 26
2.4876 -0.2338 -0.1309 49
2.4906 -0.2346 -0.0437 47
2.5062 -0.24 0.0439 39
2.4871 -0.239 0.1309 32
2.5167 -0.2428 0.2212 35
2.4995 -0.2416 0.3083 28
2.4968 -0.243 -0.1315 44
2.4898 -0.2432 -0.0437 41
2.5053 -0.2487 0.0439 36
2.4982 -0.2489 0.1316 32
2.502 -0.2497 0.22 31
2.5065 -0.2511 0.3093 29
2.4959 -0.2518 -0.1315 41
2.4809 -0.2511 -0.0435 39
2.4945 -0.2565 0.0438 36
2.4913 -0.257 0.1313 32
2.5011 -0.2585 0.22 33
2.5076 -0.26 0.3095 26
2.4871 -0.2596 -0.131 41
2.484 -0.2602 -0.0436 37
2.4955 -0.2654 0.0438 36
2.4865 -0.2649 0.131 32
2.5081 -0.268 0.2207 32
2.4909 -0.2671 0.3076 25
2.4861 -0.2683 -0.131 41
2.505 -0.2708 -0.044 44
2.5026 -0.2745 0.0439 35
2.4856 -0.2735 0.131 27
2.5091 -0.277 0.2209 26
2.5038 -0.2769 0.3093 16
2.4872 -0.2768 -0.1312 49
2.4921 -0.2782 -0.0438 38
