1.4812 0.2013 -0.1835 3
1.4878 0.1969 -0.1843 6
1.5505 0.205 -0.1368 21
1.5722 0.2073 -0.0831 20
1.4825 0.191 -0.1835 7
1.5493 0.1993 -0.1367 21
1.5868 0.2036 -0.0838 21
1.4753 0.1848 -0.1826 8
1.5579 0.1949 -0.1374 21
1.5934 0.1988 -0.0842 21
1.649 0.2051 -0.029 30
1.695 0.2081 0.0298 17
1.4819 0.1804 -0.1833 7
1.5407 0.1873 -0.1358 22
1.5941 0.1932 -0.0842 21
1.6378 0.1979 -0.0288 29
1.6858 0.201 0.0296 16
1.7572 0.2089 0.0927 13
1.4825 0.1752 -0.1833 7
1.5394 0.1817 -0.1356 21
1.5869 0.1867 -0.0837 21
1.6465 0.1931 -0.0289 27
1.6984 0.1965 0.0298 16
1.7638 0.2038 0.0931 18
1.817 0.2093 0.16 8
1.487 0.1705 -0.1838 7
1.542 0.1765 -0.1358 21
1.5796 0.1802 -0.0833 21
1.6471 0.1877 -0.0289 29
1.6991 0.1909 0.0298 16
1.7447 0.1954 0.092 16
1.8316 0.2045 0.1612 14
1.4738 0.164 -0.1821 8
1.5485 0.1718 -0.1363 21
1.5841 0.1754 -0.0835 21
1.6457 0.1817 -0.0289 27
1.6957 0.1845 0.0298 16
1.7473 0.1898 0.0921 16
1.8303 0.1982 0.1611 16
1.4822 0.1597 -0.183 7
1.5491 0.1666 -0.1363 21
1.5887 0.1703 -0.0837 21
1.6344 0.175 -0.0287 29
1.7003 0.1793 0.0298 16
1.7499 0.1839 0.0922 17
1.8191 0.1905 0.16 15
1.4788 0.1544 -0.1826 8
1.5398 0.1602 -0.1354 21
1.5893 0.1651 -0.0837 21
1.643 0.1701 -0.0288 29
1.697 0.1727 0.0298 16
1.7546 0.1779 0.0924 17
1.8217 0.1844 0.1602 15
1.4912 0.1502 -0.184 7
1.5423 0.155 -0.1356 21
1.5938 0.1596 -0.0839 21
1.6456 0.1642 -0.0289 29
1.6936 0.1664 0.0297 16
1.7512 0.1714 0.0922 16
1.8243 0.1782 0.1604 16
1.4897 0.1448 -0.1838 7
1.5468 0.15 -0.136 21
1.5864 0.1533 -0.0835 21
1.6422 0.1581 -0.0288 29
1.6981 0.1608 0.0298 16
1.7418 0.1647 0.0917 17
1.8309 0.1724 0.1609 16
1.4764 0.1383 -0.1821 8
1.5414 0.1441 -0.1354 21
1.5869 0.1478 -0.0835 21
1.6407 0.1525 -0.0288 27
1.6987 0.1552 0.0298 16
1.7444 0.1588 0.0918 16
1.8235 0.1653 0.1602 15
1.4848 0.1341 -0.183 7
1.5478 0.1392 -0.136 21
1.5874 0.1425 -0.0835 21
1.6372 0.1464 -0.0287 29
1.7012 0.1494 0.0298 17
1.7449 0.1527 0.0918 16
1.8141 0.1584 0.1593 16
1.4852 0.1289 -0.183 7
1.5383 0.1332 -0.1351 22
1.5839 0.1366 -0.0833 21
1.6357 0.1405 -0.0287 27
1.6957 0.143 0.0297 16
1.7474 0.1467 0.0919 16
1.8206 0.1526 0.1598 15
1.4936 0.1244 -0.184 7
1.5368 0.1277 -0.1349 21
1.5844 0.1311 -0.0833 21
1.6422 0.1353 -0.0288 27
1.6962 0.1371 0.0297 17
1.7459 0.1408 0.0918 16
1.8132 0.1456 0.1591 16
1.4821 0.1182 -0.1826 8
1.5472 0.1231 -0.1358 21
1.5849 0.1256 -0.0833 21
1.6466 0.1302 -0.0288 29
1.6967 0.1314 0.0297 17
1.7365 0.1339 0.0913 18
1.8157 0.1394 0.1593 16
1.4865 0.1136 -0.183 7
1.5555 0.1183 -0.1365 22
1.5813 0.12 -0.0831 21
1.6391 0.1238 -0.0287 26
1.6971 0.1255 0.0297 16
1.7389 0.128 0.0914 18
1.8181 0.1335 0.1595 15
1.4888 0.1085 -0.1833 7
1.546 0.1122 -0.1356 21
1.5897 0.1148 -0.0835 21
1.6216 0.1168 -0.0284 26
1.6976 0.1193 0.0297 16
1.7433 0.1219 0.0916 18
1.8087 0.1262 0.1586 15
1.4813 0.1025 -0.1823 8
1.5345 0.1057 -0.1346 21
1.5861 0.1087 -0.0833 21
1.6319 0.1115 -0.0286 26
1.692 0.1127 0.0296 17
1.7497 0.1162 0.0919 16
1.8071 0.1194 0.1584 15
1.4876 0.0978 -0.183 7
1.5408 0.1007 -0.1351 21
1.5924 0.1035 -0.0836 21
1.6343 0.106 -0.0286 27
1.6983 0.1074 0.0297 16
1.7461 0.1102 0.0917 16
1.8214 0.1143 0.1597 15
1.482 0.0925 -0.1823 6
1.5471 0.096 -0.1356 21
1.5748 0.0971 -0.0827 22
1.6387 0.1008 -0.0287 27
1.6907 0.1013 0.0296 17
1.7345 0.1034 0.0911 18
1.8238 0.1084 0.1598 16
1.4823 0.0873 -0.1823 6
1.5514 0.0911 -0.136 21
1.5831 0.0924 -0.0831 21
1.635 0.0948 -0.0286 27
1.6911 0.0954 0.0296 16
1.7329 0.0972 0.091 18
1.8262 0.1021 0.16 15
1.5477 0.0854 -0.1356 21
1.5834 0.0869 -0.0831 21
1.6213 0.0884 -0.0283 26
1.6914 0.0895 0.0296 16
1.7412 0.0916 0.0914 18
1.8026 0.0945 0.1579 16
1.4908 0.0773 -0.1833 6
1.5341 0.0791 -0.1344 22
1.5837 0.0813 -0.0831 21
1.6296 0.0831 -0.0285 27
1.6877 0.0834 0.0295 17
1.7415 0.0855 0.0914 19
1.8069 0.0881 0.1583 16
1.4851 0.0719 -0.1826 6
1.5364 0.0738 -0.1346 21
1.584 0.0755 -0.0831 21
1.6359 0.0777 -0.0286 27
1.692 0.0774 0.0296 16
1.7418 0.0791 0.0914 19
1.8092 0.0818 0.1584 15
1.4794 0.0661 -0.1818 6
1.5466 0.0689 -0.1354 22
1.5763 0.0696 -0.0827 21
1.6402 0.0719 -0.0287 29
1.6822 0.0711 0.0294 17
1.7361 0.0728 0.0911 18
1.8195 0.0759 0.1593 16
1.4717 0.0607 -0.1809 6
1.5428 0.0633 -0.1351 22
1.5805 0.0643 -0.0829 21
1.6364 0.066 -0.0286 27
1.6965 0.0658 0.0296 16
1.7363 0.0667 0.0911 18
1.8058 0.0691 0.1581 15
1.4778 0.0557 -0.1816 5
1.545 0.058 -0.1353 21
1.5807 0.0588 -0.0829 21
1.6227 0.0598 -0.0283 27
1.6927 0.0597 0.0296 16
1.7346 0.0606 0.091 18
1.812 0.063 0.1586 15
1.484 0.0508 -0.1823 6
1.5372 0.0523 -0.1346 21
1.5929 0.0537 -0.0835 21
1.6229 0.0541 -0.0283 26
1.6809 0.0534 0.0294 17
1.7427 0.0551 0.0914 18
1.8102 0.0566 0.1584 15
1.4921 0.0461 -0.1833 6
1.5354 0.0469 -0.1344 21
1.5851 0.0479 -0.0831 21
1.631 0.049 -0.0285 26
1.6891 0.0481 0.0295 16
1.7349 0.0491 0.091 18
1.8124 0.0506 0.1586 15
1.4803 0.0408 -0.1818 6
1.5376 0.0419 -0.1346 21
1.5733 0.0423 -0.0825 21
1.6332 0.0436 -0.0285 26
1.6912 0.0425 0.0295 17
1.7251 0.0431 0.0904 18
1.8066 0.0445 0.1581 15
1.4844 0.036 -0.1823 6
1.5536 0.0372 -0.136 21
1.5774 0.0372 -0.0827 21
1.6313 0.0382 -0.0285 26
1.6933 0.0369 0.0296 16
1.7212 0.0373 0.0902 18
1.8147 0.0386 0.1588 15
1.4845 0.0311 -0.1823 8
1.5438 0.0318 -0.1351 22
1.5855 0.0321 -0.0831 21
1.6194 0.0325 -0.0283 27
1.6875 0.0303 0.0295 17
1.7353 0.0306 0.091 18
1.8008 0.0314 0.1576 16
1.4886 0.0252 -0.1828 8
1.5319 0.0257 -0.134 22
1.5856 0.026 -0.0831 21
1.6215 0.026 -0.0283 27
1.6816 0.0244 0.0294 17
1.7374 0.0246 0.0911 19
1.8029 0.0252 0.1578 15
1.4867 0.02 -0.1826 8
1.538 0.0204 -0.1346 21
1.5737 0.0203 -0.0825 21
1.6276 0.0205 -0.0284 26
1.6836 0.0185 0.0294 17
1.7295 0.0184 0.0906 18
1.807 0.0189 0.1581 16
1.4868 0.0148 -0.1826 8
1.5361 0.015 -0.1344 21
1.5758 0.0149 -0.0826 22
1.6317 0.0148 -0.0285 27
1.6897 0.0127 0.0295 17
1.7196 0.0123 0.0901 18
1.817 0.0127 0.159 16
1.4808 0.0096 -0.1818 8
1.5401 0.0097 -0.1347 21
1.5738 0.0093 -0.0825 21
1.6317 0.0091 -0.0285 29
1.6977 0.0068 0.0296 17
1.7256 0.0063 0.0904 18
1.8071 0.0063 0.1581 15
1.4809 0.0044 -0.1818 8
1.5401 0.0043 -0.1347 22
1.5778 0.0039 -0.0827 21
1.6098 0.0034 -0.0281 26
1.6857 0.0009 0.0294 16
1.7196 0.0003 0.0901 18
1.7991 0 0.1574 15
1.4829 -0.0008 -0.1821 9
1.5302 -0.0011 -0.1339 21
1.5778 -0.0017 -0.0827 21
1.6218 -0.0023 -0.0283 26
1.6757 -0.005 0.0293 17
1.7356 -0.0055 0.091 18
1.7991 -0.0063 0.1574 15
1.4967 -0.006 -0.1838 8
1.5361 -0.0064 -0.1344 22
1.5818 -0.0072 -0.0829 21
1.6237 -0.0077 -0.0283 26
1.6797 -0.0106 0.0293 17
1.7276 -0.0115 0.0905 18
1.8071 -0.0126 0.1581 15
1.4868 -0.0109 -0.1826 9
1.5401 -0.0118 -0.1347 22
1.5738 -0.0124 -0.0825 21
1.6277 -0.0134 -0.0284 27
1.6817 -0.0164 0.0294 17
1.7235 -0.0174 0.0903 18
1.805 -0.0186 0.1579 16
1.4828 -0.016 -0.1821 9
1.54 -0.0169 -0.1347 21
1.5658 -0.0178 -0.0821 23
1.6256 -0.019 -0.0284 29
1.6836 -0.0223 0.0294 17
1.7175 -0.0234 0.09 18
1.8069 -0.0249 0.1581 16
1.4827 -0.0212 -0.1821 9
1.5439 -0.0224 -0.1351 21
1.5777 -0.0234 -0.0827 21
1.6216 -0.0246 -0.0283 27
1.6815 -0.0282 0.0294 17
1.7274 -0.0295 0.0905 18
1.7929 -0.031 0.1569 16
1.4866 -0.0265 -0.1826 8
1.5359 -0.0276 -0.1344 22
1.5776 -0.0289 -0.0827 21
1.6155 -0.0302 -0.0282 26
1.6794 -0.034 0.0293 17
1.7313 -0.0357 0.0908 18
1.8027 -0.0374 0.1578 15
1.4905 -0.0317 -0.183 7
1.5398 -0.0331 -0.1347 22
1.5775 -0.0344 -0.0827 21
1.6194 -0.0359 -0.0283 27
1.6793 -0.0399 0.0293 17
1.7311 -0.0417 0.0908 18
1.7986 -0.0436 0.1574 15
1.4884 -0.0369 -0.1828 8
1.5357 -0.0383 -0.1344 22
1.5733 -0.0398 -0.0825 21
1.6312 -0.0419 -0.0285 27
1.6831 -0.0458 0.0294 17
1.715 -0.0473 0.0899 18
1.8084 -0.0502 0.1583 16
1.4743 -0.0417 -0.1811 9
1.5435 -0.0439 -0.1351 21
1.5732 -0.0453 -0.0825 22
1.6271 -0.0474 -0.0284 27
1.6829 -0.0517 0.0294 17
1.7148 -0.053 0.0899 18
1.8022 -0.0563 0.1578 15
1.4781 -0.047 -0.1816 9
1.5433 -0.0493 -0.1351 21
1.575 -0.0509 -0.0826 21
1.6209 -0.0526 -0.0283 27
1.6828 -0.0573 0.0294 17
1.7246 -0.0593 0.0904 18
1.7861 -0.0621 0.1564 15
1.48 -0.0519 -0.1818 9
1.5332 -0.0543 -0.1342 21
1.5808 -0.0563 -0.0829 21
1.6147 -0.0581 -0.0282 27
1.6726 -0.0628 0.0292 17
1.7204 -0.0652 0.0902 18
1.7899 -0.0681 0.1567 15
1.4837 -0.0573 -0.1823 9
1.529 -0.0593 -0.1339 21
1.5726 -0.0615 -0.0825 22
1.6225 -0.064 -0.0283 26
1.6783 -0.0689 0.0293 17
1.7202 -0.0712 0.0902 18
1.7936 -0.0745 0.1571 16
1.4756 -0.0621 -0.1813 6
1.5368 -0.0649 -0.1346 21
1.5684 -0.0668 -0.0823 21
1.6263 -0.0699 -0.0284 26
1.6801 -0.0748 0.0294 17
1.7099 -0.0768 0.0897 18
1.8013 -0.0812 0.1578 15
1.5325 -0.0701 -0.1342 21
1.5682 -0.0723 -0.0823 22
1.622 -0.0754 -0.0283 26
1.6818 -0.0808 0.0294 17
1.7176 -0.0831 0.0901 18
1.797 -0.0873 0.1574 16
1.4791 -0.0726 -0.1818 6
1.5323 -0.0755 -0.1342 21
1.5759 -0.0782 -0.0827 21
1.6097 -0.0804 -0.0281 26
1.6835 -0.0868 0.0294 16
1.7213 -0.0893 0.0903 18
1.7848 -0.0929 0.1564 15
1.4788 -0.0778 -0.1818 8
1.526 -0.0805 -0.1337 21
1.5796 -0.0839 -0.0829 22
1.6234 -0.0868 -0.0284 27
1.6732 -0.0921 0.0293 17
1.725 -0.0955 0.0905 18
1.7904 -0.0995 0.1569 15
1.4786 -0.0829 -0.1818 6
1.5277 -0.0859 -0.1339 21
1.5753 -0.0892 -0.0827 21
1.6251 -0.0926 -0.0284 26
1.6769 -0.0982 0.0293 17
1.7326 -0.102 0.091 19
1.798 -0.1062 0.1576 15
1.4743 -0.0878 -0.1813 8
1.5374 -0.0919 -0.1347 22
1.563 -0.094 -0.0821 23
1.6288 -0.0985 -0.0285 27
1.6785 -0.1041 0.0294 16
1.7163 -0.1071 0.0901 18
1.8056 -0.113 0.1583 16
1.5351 -0.0971 -0.1346 21
1.5707 -0.0999 -0.0825 21
1.6184 -0.1035 -0.0283 26
1.6882 -0.1101 0.0295 17
1.712 -0.1122 0.0899 18
1.7933 -0.1179 0.1572 16
1.4836 -0.0983 -0.1826 8
1.5327 -0.1021 -0.1344 22
1.5743 -0.1051 -0.0827 22
1.6121 -0.1082 -0.0282 26
1.6838 -0.1157 0.0295 17
1.7195 -0.1187 0.0903 18
1.7948 -0.1246 0.1574 15
1.4753 -0.1029 -0.1816 8
1.5264 -0.107 -0.1339 22
1.5819 -0.1114 -0.0831 21
1.6137 -0.114 -0.0282 27
1.6714 -0.121 0.0293 17
1.7271 -0.1253 0.0908 18
1.7944 -0.1308 0.1574 15
1.4848 -0.109 -0.1828 6
1.53 -0.1126 -0.1342 21
1.5735 -0.1164 -0.0827 21
1.6213 -0.1202 -0.0284 29
1.6749 -0.1268 0.0293 17
1.7207 -0.1309 0.0904 18
1.786 -0.1365 0.1567 15
1.4726 -0.113 -0.1813 6
1.5336 -0.1183 -0.1346 21
1.5692 -0.1213 -0.0825 21
1.6189 -0.1257 -0.0283 26
1.6785 -0.133 0.0294 17
1.7103 -0.1358 0.0899 18
1.8034 -0.1438 0.1583 16
1.5332 -0.1234 -0.1346 21
1.5647 -0.1264 -0.0823 21
1.6204 -0.1312 -0.0284 27
1.68 -0.1387 0.0294 16
1.7217 -0.1428 0.0905 19
1.7989 -0.1498 0.1579 14
1.5307 -0.1285 -0.1344 21
1.5802 -0.133 -0.0831 21
1.62 -0.1369 -0.0284 27
1.6755 -0.1442 0.0294 17
1.7192 -0.1486 0.0904 18
1.7904 -0.1551 0.1572 15
1.4713 -0.1282 -0.1813 8
1.5303 -0.1339 -0.1344 21
1.5718 -0.1381 -0.0827 21
1.6075 -0.1415 -0.0282 29
1.671 -0.15 0.0293 17
1.7226 -0.1553 0.0906 16
1.7899 -0.1616 0.1572 15
1.4827 -0.1347 -0.1828 8
1.5278 -0.1393 -0.1342 22
1.5752 -0.1442 -0.0829 21
1.607 -0.1474 -0.0282 26
1.6685 -0.156 0.0293 17
1.7201 -0.1614 0.0905 18
1.7912 -0.1684 0.1574 15
1.4822 -0.1401 -0.1828 8
1.5293 -0.1448 -0.1344 21
1.5648 -0.1487 -0.0824 22
1.6204 -0.1546 -0.0284 27
1.6739 -0.1624 0.0294 17
1.7175 -0.1672 0.0904 19
1.8025 -0.1758 0.1584 16
1.4797 -0.1451 -0.1826 9
1.5387 -0.1511 -0.1353 21
1.5662 -0.1544 -0.0825 21
1.6238 -0.1606 -0.0285 26
1.6793 -0.1688 0.0295 17
1.709 -0.1721 0.09 18
1.792 -0.1811 0.1576 16
1.4713 -0.1492 -0.1816 9
1.5342 -0.1561 -0.1349 21
1.5736 -0.1607 -0.0829 22
1.6153 -0.1652 -0.0283 26
1.6727 -0.1737 0.0294 17
1.7144 -0.1784 0.0903 18
1.7854 -0.1864 0.1571 16
1.4728 -0.1543 -0.1818 8
1.5257 -0.1604 -0.1342 21
1.5731 -0.1659 -0.0829 21
1.6068 -0.1697 -0.0282 27
1.6722 -0.1793 0.0294 17
1.7197 -0.185 0.0906 18
1.7848 -0.1923 0.1571 15
1.4841 -0.1607 -0.1833 7
1.5252 -0.1657 -0.1342 21
1.5686 -0.1707 -0.0827 21
1.6181 -0.1766 -0.0284 26
1.6735 -0.1853 0.0294 17
1.7171 -0.1908 0.0905 19
1.7841 -0.1989 0.1571 15
1.4737 -0.1648 -0.1821 8
1.5305 -0.1717 -0.1347 21
1.564 -0.176 -0.0825 21
1.6235 -0.183 -0.0285 27
1.6728 -0.1915 0.0294 17
1.7144 -0.1965 0.0904 18
1.7933 -0.2062 0.1579 16
1.5299 -0.177 -0.1347 21
1.5633 -0.1814 -0.0825 21
1.6089 -0.187 -0.0283 26
1.6821 -0.1982 0.0296 17
1.7157 -0.2028 0.0905 19
1.7886 -0.212 0.1576 15
1.5332 -0.1828 -0.1351 22
1.5667 -0.1871 -0.0827 21
1.6102 -0.1929 -0.0283 27
1.6754 -0.2033 0.0295 17
1.717 -0.209 0.0906 18
1.78 -0.217 0.1569 16
1.4719 -0.1802 -0.1821 8
1.5247 -0.1872 -0.1344 22
1.57 -0.1931 -0.0829 22
1.6135 -0.199 -0.0284 27
1.6668 -0.2082 0.0293 17
1.7202 -0.2155 0.0909 19
1.7851 -0.2242 0.1574 15
1.4732 -0.1856 -0.1823 8
1.528 -0.193 -0.1347 21
1.5693 -0.1988 -0.0829 21
1.6108 -0.2044 -0.0283 26
1.666 -0.2143 0.0293 17
1.7115 -0.2208 0.0904 18
1.7962 -0.232 0.1584 16
1.5273 -0.1984 -0.1347 21
1.5607 -0.2032 -0.0825 22
1.618 -0.2113 -0.0285 27
1.6692 -0.2206 0.0294 17
1.7107 -0.2267 0.0904 19
1.8013 -0.2391 0.159 15
1.5325 -0.2045 -0.1353 21
1.5639 -0.2092 -0.0827 21
1.6153 -0.2167 -0.0284 26
1.6744 -0.2273 0.0295 16
1.7139 -0.2329 0.0906 18
1.7905 -0.244 0.1581 15
1.5199 -0.2082 -0.1342 21
1.5632 -0.2147 -0.0827 22
1.5987 -0.2198 -0.0282 26
1.6736 -0.2328 0.0295 17
1.7131 -0.2386 0.0906 18
1.7779 -0.2483 0.1571 15
1.5271 -0.2144 -0.1349 21
1.5664 -0.2204 -0.0829 22
1.6079 -0.2265 -0.0283 26
1.6669 -0.2375 0.0294 17
1.7241 -0.246 0.0913 19
1.783 -0.255 0.1576 15
1.5205 -0.2186 -0.1344 21
1.5696 -0.2262 -0.0831 21
1.613 -0.2327 -0.0284 27
1.6701 -0.2436 0.0295 17
1.7233 -0.2517 0.0913 19
1.7939 -0.2627 0.1586 16
1.5237 -0.2242 -0.1347 21
1.553 -0.2291 -0.0823 21
1.6123 -0.2381 -0.0284 26
1.6751 -0.2506 0.0296 17
1.7046 -0.2557 0.0903 19
1.7969 -0.2698 0.159 16
1.5307 -0.2312 -0.1354 21
1.5581 -0.2356 -0.0826 22
1.6153 -0.2449 -0.0285 26
1.6762 -0.2568 0.0296 17
1.7175 -0.2637 0.0911 18
1.7841 -0.2746 0.1579 16
1.5279 -0.2363 -0.1353 21
1.5671 -0.2429 -0.0831 21
1.6026 -0.2487 -0.0283 27
1.6654 -0.2614 0.0294 17
1.7047 -0.2679 0.0904 16
1.7772 -0.2799 0.1574 15
1.5133 -0.2394 -0.134 22
1.5702 -0.249 -0.0833 21
1.6076 -0.2552 -0.0284 26
1.6645 -0.2669 0.0294 16
1.7235 -0.277 0.0915 18
1.788 -0.288 0.1584 9
1.5243 -0.2466 -0.1351 22
1.5654 -0.2535 -0.0831 21
1.6146 -0.2621 -0.0286 27
1.6635 -0.2727 0.0294 17
1.7107 -0.2808 0.0909 16
1.5274 -0.2523 -0.1354 22
1.5527 -0.257 -0.0825 22
1.6137 -0.2674 -0.0286 27
1.6666 -0.2789 0.0295 16
1.5324 -0.2586 -0.136 21
1.5558 -0.2629 -0.0827 21
1.6148 -0.2734 -0.0286 27
1.6695 -0.2854 0.0296 6
1.5217 -0.2623 -0.1351 21
1.5588 -0.269 -0.0829 21
1.5902 -0.275 -0.0282 24
1.5149 -0.2666 -0.1346 21
1.5696 -0.2768 -0.0835 21
1.5912 -0.2809 -0.0282 11
1.5159 -0.2722 -0.1347 22
1.5627 -0.2812 -0.0832 10
1.5267 -0.2796 -0.1358 20
