0.9934 0.19 0.1602 6
0.9861 0.1879 -0.0175 5
0.9736 0.1854 0.2655 14
0.9888 0.1863 0.088 13
0.9969 0.1875 0.1246 18
0.9902 0.1858 0.1596 14
0.9948 0.1867 -0.0886 9
0.9938 0.1863 0.1965 19
1.0032 0.1879 -0.0535 14
1.0075 0.1886 0.2366 20
0.9946 0.186 -0.0177 16
0.9761 0.1823 0.2661 18
1.0008 0.1855 0.0178 17
1.0036 0.1856 0.0535 22
0.9894 0.1828 0.088 16
0.9985 0.1843 -0.1608 18
1.0015 0.1847 0.125 15
1.0054 0.1853 -0.1255 19
1.0025 0.1845 0.1614 16
1.0072 0.1854 -0.0896 19
0.9867 0.1814 0.195 19
1.0038 0.1844 -0.0535 19
0.9967 0.1829 0.2339 19
1.0051 0.1843 -0.0178 19
0.9748 0.1786 0.2655 17
0.9936 0.1806 0.0176 20
0.9846 0.1786 0.0524 20
0.994 0.1801 0.0884 18
1.003 0.1816 -0.1614 21
0.9904 0.1791 0.1236 16
0.9963 0.18 -0.1243 19
1.0148 0.1831 0.1633 19
1.0078 0.1819 -0.0896 19
0.9931 0.179 0.1962 20
0.9966 0.1795 -0.0531 21
0.9954 0.1791 0.2335 19
1.0038 0.1804 -0.0178 19
0.9887 0.1775 0.2692 19
1.0099 0.1799 0.0179 18
0.9832 0.1748 0.0523 22
1.0024 0.178 0.0891 18
1.0036 0.178 -0.1614 20
0.9969 0.1767 0.1243 21
0.9852 0.1744 -0.1228 21
1.0076 0.1782 0.1621 17
1.0202 0.1804 -0.0906 22
1.0053 0.1776 0.1984 18
0.9992 0.1764 -0.0532 21
0.9903 0.1746 0.2321 20
1.0064 0.1773 -0.0178 22
0.9856 0.1734 0.2681 19
1.0145 0.1771 0.018 18
0.9838 0.1715 0.0523 22
1.003 0.1745 0.0891 20
1.0062 0.1749 -0.1618 21
0.9994 0.1735 0.1246 18
0.9857 0.1712 -0.1228 19
0.9965 0.1728 0.1602 19
1.0071 0.1745 -0.0894 19
1.0098 0.1748 0.1992 18
1.0017 0.1732 -0.0533 21
0.9908 0.1713 0.2321 19
0.9931 0.1715 -0.0176 19
0.988 0.1705 0.2687 19
1.0092 0.1727 0.0179 18
0.9981 0.1706 0.0531 20
0.9938 0.1695 0.0882 18
0.9931 0.1692 -0.1596 20
1.0059 0.1712 0.1253 16
0.9902 0.1685 -0.1233 21
0.999 0.1699 0.1605 17
0.9919 0.1685 -0.088 18
0.9968 0.1691 0.1965 16
1.0023 0.1699 -0.0533 21
0.9895 0.1677 0.2317 19
0.9976 0.1689 -0.0177 19
0.9886 0.1672 0.2687 19
0.9979 0.1674 0.0177 18
0.9928 0.1661 0.0528 20
0.9904 0.1656 0.0879 18
0.9937 0.1659 -0.1596 20
1.0045 0.1676 0.125 16
0.9986 0.1664 -0.1243 19
1.0094 0.168 0.1621 17
1.0004 0.1663 -0.0887 18
0.9877 0.1642 0.1946 19
1.0068 0.1672 -0.0535 19
0.9958 0.1652 0.233 19
1.0002 0.1658 -0.0177 19
0.9911 0.1641 0.2692 19
1.0044 0.1648 0.0178 17
0.9954 0.163 0.0529 19
0.9969 0.1629 0.0884 20
1.0021 0.1636 -0.1608 21
0.9894 0.1615 0.1231 16
0.9972 0.1626 -0.1241 19
1.006 0.1638 0.1614 19
1.001 0.1628 -0.0887 19
0.9941 0.1615 0.1958 19
0.9936 0.1613 -0.0528 22
1.0003 0.1622 0.2339 19
1.0087 0.1636 -0.0178 22
0.9859 0.1597 0.2676 19
1.005 0.1612 0.0178 18
0.9802 0.1568 0.052 21
1.0014 0.16 0.0887 20
1.0007 0.1597 -0.1605 21
0.9998 0.1594 0.1243 19
1.0037 0.1599 -0.1248 22
1.0105 0.1608 0.1621 17
1.0133 0.1612 -0.0898 18
1.0005 0.159 0.1969 18
1.0001 0.1588 -0.0531 21
0.9931 0.1575 0.2321 19
1.0112 0.1602 -0.0179 22
0.996 0.1576 0.2702 19
1.0016 0.157 0.0177 20
0.9748 0.1525 0.0517 19
1.0079 0.1575 0.0892 18
1.0032 0.1566 -0.1608 21
0.9984 0.1556 0.1241 18
1.0003 0.1558 -0.1243 22
0.9974 0.1551 0.1599 17
1.01 0.1571 -0.0894 16
1.0069 0.1564 0.1981 19
0.9967 0.1547 -0.0529 21
0.9937 0.154 0.2321 19
0.994 0.1539 -0.0176 22
0.9909 0.1532 0.2687 19
1.0081 0.1544 0.0178 16
0.9951 0.1521 0.0528 17
0.9848 0.1503 0.0872 20
1.0018 0.1528 -0.1605 22
1.0009 0.1524 0.1243 18
0.997 0.1517 -0.1238 22
1.0019 0.1522 0.1605 17
0.9947 0.1512 -0.088 18
1.0055 0.1526 0.1977 18
1.0031 0.1521 -0.0532 21
0.9981 0.1511 0.233 19
1.0005 0.1513 -0.0177 22
0.978 0.1477 0.265 19
1.0007 0.1497 0.0177 20
0.9936 0.1483 0.0526 19
0.9952 0.1484 0.088 20
0.9925 0.1478 -0.1589 21
0.9994 0.1487 0.1241 19
1.0053 0.1494 -0.1248 22
1.0043 0.149 0.1608 17
0.9992 0.1483 -0.0884 18
0.9885 0.1465 0.1942 20
0.9958 0.1474 -0.0528 21
1.0044 0.1485 0.2344 20
1.003 0.1481 -0.0177 22
0.9785 0.1443 0.265 19
0.9953 0.1454 0.0176 18
0.9882 0.144 0.0523 22
1.0036 0.146 0.0887 18
0.997 0.1449 -0.1596 21
0.9822 0.1426 0.1219 17
0.9941 0.1441 -0.1233 21
1.0127 0.1467 0.1621 17
1.0096 0.1462 -0.0892 16
0.9929 0.1436 0.195 18
0.9963 0.1439 -0.0528 21
0.9952 0.1436 0.2321 19
1.0055 0.1449 -0.0177 22
0.9828 0.1415 0.2661 20
1.0077 0.1436 0.0178 17
0.9788 0.1391 0.0518 22
1.0041 0.1425 0.0887 20
1.0014 0.142 -0.1602 21
1.0004 0.1417 0.1241 19
0.9867 0.1395 -0.1224 21
1.0073 0.1423 0.1611 16
1.014 0.1432 -0.0896 21
1.0012 0.1412 0.1965 20
0.9988 0.1407 -0.0529 19
0.9842 0.1385 0.2295 19
0.9961 0.14 -0.0176 19
0.9967 0.1399 0.2697 18
1.0121 0.1406 0.0178 17
0.9852 0.1365 0.0521 19
1.0046 0.139 0.0887 20
0.996 0.1377 -0.1593 20
1.0009 0.1382 0.1241 19
0.9852 0.1358 -0.1221 19
1.0039 0.1382 0.1605 17
1.0007 0.1378 -0.0884 19
1.0114 0.1391 0.1984 18
0.9992 0.1372 -0.0529 21
0.9904 0.1358 0.2308 18
1.0005 0.1371 -0.0176 22
0.9876 0.1351 0.2671 19
1.0106 0.1368 0.0178 18
0.9857 0.1331 0.0521 22
0.9932 0.1339 0.0877 18
1.0043 0.1353 -0.1605 21
1.0093 0.1357 0.125 18
1.0034 0.1348 -0.1243 22
1.0005 0.1342 0.1599 21
0.9933 0.1332 -0.0877 16
0.9982 0.1337 0.1958 20
1.0056 0.1345 -0.0532 21
0.989 0.1321 0.2303 19
0.9871 0.1317 -0.0174 23
0.9785 0.1304 0.2645 18
0.9933 0.1309 0.0175 17
0.9881 0.1299 0.0522 21
0.9917 0.1302 0.0875 20
0.9969 0.1307 -0.1593 20
0.9979 0.1307 0.1236 19
0.996 0.1302 -0.1233 19
0.999 0.1305 0.1596 21
0.9898 0.1293 -0.0873 16
0.9929 0.1295 0.1946 19
1.0002 0.1303 -0.0529 21
0.9972 0.1297 0.2321 20
0.9955 0.1293 -0.0175 19
0.9771 0.1267 0.264 19
1.0036 0.1287 0.0177 20
0.9945 0.1272 0.0525 20
0.9941 0.127 0.0877 20
0.9935 0.1267 -0.1586 20
0.9866 0.1257 0.1221 19
0.9984 0.127 -0.1236 19
1.0033 0.1275 0.1602 21
1.012 0.1286 -0.0892 18
1.003 0.1272 0.1965 19
0.9947 0.126 -0.0525 22
0.9976 0.1262 0.2321 19
1.0098 0.1276 -0.0178 22
0.9852 0.1243 0.2661 19
1.0041 0.1252 0.0177 17
0.9771 0.1217 0.0516 22
0.9926 0.1233 0.0875 20
1.0017 0.1242 -0.1599 18
0.9811 0.1215 0.1214 17
0.987 0.1222 -0.1221 21
1.0057 0.1244 0.1605 21
1.0045 0.124 -0.0886 19
0.9976 0.123 0.1954 19
0.9971 0.1228 -0.0526 21
0.9883 0.1217 0.2299 18
0.9983 0.1228 -0.0176 19
0.9894 0.1215 0.2671 19
1.0065 0.1222 0.0177 18
0.9815 0.1189 0.0518 22
0.9949 0.1202 0.0877 20
1.0041 0.1212 -0.1602 21
0.9992 0.1204 0.1236 19
0.9834 0.1185 -0.1216 22
0.9943 0.1196 0.1586 21
1.0029 0.1205 -0.0884 19
1.0058 0.1206 0.1969 18
1.0015 0.1199 -0.0529 22
0.9945 0.1191 0.2312 19
0.9928 0.1187 -0.0175 20
0.9975 0.1191 0.2692 19
1.0069 0.1188 0.0177 17
0.9898 0.1166 0.0522 21
0.9953 0.1169 0.0877 18
0.9967 0.1169 -0.1589 21
0.9996 0.1171 0.1236 21
0.9858 0.1155 -0.1219 21
0.9987 0.1168 0.1593 17
0.9974 0.1165 -0.0879 19
1.0004 0.1166 0.1958 19
1.0058 0.1171 -0.0531 22
0.9949 0.1158 0.2312 19
0.9951 0.1157 -0.0175 19
0.9729 0.1129 0.2624 20
0.9973 0.1143 0.0175 18
0.9941 0.1138 0.0524 19
0.9858 0.1125 0.0868 22
0.9951 0.1134 -0.1586 21
1 0.1138 0.1236 19
0.9941 0.1131 -0.1228 21
1.003 0.1139 0.1599 19
0.9918 0.1125 -0.0873 16
0.991 0.1122 0.1939 18
1.0102 0.1142 -0.0533 21
0.9972 0.1127 0.2317 19
1.0094 0.1139 -0.0177 22
0.9771 0.1101 0.2635 19
1.0057 0.1116 0.0177 18
0.9866 0.1091 0.052 21
0.9941 0.1098 0.0875 20
0.9896 0.1091 -0.1577 20
0.9925 0.1092 0.1226 18
1.0083 0.1108 -0.1246 24
1.0093 0.1107 0.1608 17
1.0101 0.1106 -0.0889 19
0.9934 0.1088 0.1942 19
0.9987 0.1092 -0.0526 21
0.9841 0.1074 0.2286 19
1.0019 0.1092 -0.0176 19
0.9891 0.1076 0.2666 19
1.0041 0.1078 0.0176 18
0.9711 0.104 0.0512 22
1.0064 0.1074 0.0886 20
0.9978 0.1063 -0.1589 20
0.9929 0.1058 0.1226 18
0.987 0.105 -0.1219 22
1.0018 0.1064 0.1596 17
1.0065 0.1067 -0.0886 19
1.0133 0.1072 0.1981 20
0.9951 0.1051 -0.0524 21
0.9884 0.1042 0.2295 19
1.0043 0.1059 -0.0176 19
0.9914 0.1044 0.2671 19
1.0064 0.1044 0.0177 20
0.9834 0.1018 0.0518 22
1.0008 0.1033 0.088 20
1.0002 0.103 -0.1593 21
1.0091 0.1037 0.1246 19
0.9874 0.1013 -0.1219 24
0.9924 0.1018 0.158 17
1.0009 0.1026 -0.088 19
1.0019 0.1025 0.1958 19
0.9895 0.101 -0.0521 24
0.9907 0.101 0.2299 21
0.9927 0.1012 -0.0174 23
0.9898 0.1007 0.2666 18
0.9988 0.1002 0.0175 18
0.9917 0.0992 0.0522 22
0.9972 0.0994 0.0877 18
0.9966 0.0993 -0.1586 20
1.0015 0.0996 0.1236 19
0.9916 0.0985 -0.1224 21
1.0006 0.0992 0.1593 21
0.9953 0.0985 -0.0875 18
1.0081 0.0997 0.1969 20
1.0037 0.0991 -0.0529 22
0.9891 0.0975 0.2295 19
0.995 0.0979 -0.0175 23
0.9728 0.0956 0.2619 19
0.9972 0.0965 0.0175 20
0.996 0.0963 0.0524 19
0.9916 0.0955 0.0872 22
0.9832 0.0945 -0.1564 23
0.9979 0.0957 0.1231 18
0.9959 0.0954 -0.1228 19
1.0009 0.0958 0.1593 19
0.9917 0.0948 -0.0872 16
0.987 0.0942 0.1927 16
0.9961 0.0949 -0.0524 22
0.9913 0.0942 0.2299 19
1.0013 0.0952 -0.0176 22
0.9808 0.0931 0.264 19
1.0075 0.0942 0.0177 18
0.9864 0.0919 0.0519 22
1.0019 0.0929 0.088 20
0.9854 0.0914 -0.1567 20
0.9903 0.0917 0.1221 18
0.9943 0.0919 -0.1226 21
1.0052 0.0927 0.1599 21
0.996 0.0917 -0.0875 16
0.9853 0.0907 0.1923 20
0.9885 0.0908 -0.052 24
0.9916 0.0909 0.2299 20
1.0017 0.0917 -0.0176 22
0.9831 0.0898 0.2645 19
1.0018 0.0901 0.0176 20
0.9807 0.0879 0.0516 22
1.0081 0.0901 0.0886 21
0.9936 0.0887 -0.158 18
0.9926 0.0884 0.1224 19
0.9867 0.0877 -0.1216 22
1.0015 0.0889 0.1593 19
1.0141 0.0898 -0.0891 21
0.9934 0.088 0.1939 18
0.9948 0.0879 -0.0523 28
0.9939 0.0877 0.2303 19
0.998 0.0878 -0.0175 22
0.9892 0.0869 0.2661 19
1.0101 0.0873 0.0177 20
0.981 0.0844 0.0516 24
1.0025 0.0859 0.088 20
0.9959 0.0852 -0.1583 21
0.9988 0.0855 0.1231 21
0.9909 0.0846 -0.1221 21
0.994 0.0847 0.158 17
0.9986 0.0849 -0.0877 16
0.9957 0.0845 0.1942 19
1.005 0.0851 -0.0529 22
0.9942 0.084 0.2303 19
0.9903 0.0837 -0.0173 23
0.9856 0.0831 0.265 19
1.0024 0.0829 0.0176 17
0.9813 0.0809 0.0516 24
0.9869 0.0811 0.0866 22
0.9942 0.0816 -0.158 18
1.0031 0.0821 0.1236 18
0.9952 0.0813 -0.1226 21
0.9903 0.0807 0.1574 21
0.9909 0.0808 -0.087 19
1.0058 0.0818 0.1962 18
1.0053 0.0816 -0.0529 22
0.9926 0.0804 0.2299 20
0.9866 0.0797 -0.0173 20
0.9744 0.0786 0.2619 19
1.0007 0.0793 0.0175 18
0.9856 0.0777 0.0518 21
1.005 0.0791 0.0882 21
0.9847 0.0773 -0.1564 22
0.9974 0.0781 0.1228 21
1.0014 0.0783 -0.1233 19
1.0005 0.078 0.1589 22
0.9872 0.077 -0.0866 19
0.9767 0.076 0.1904 22
1.0016 0.0778 -0.0526 21
1.0025 0.0777 0.2321 19
1.0029 0.0775 -0.0176 22
0.9823 0.0758 0.264 20
0.997 0.0755 0.0175 20
0.9838 0.0743 0.0517 24
1.0053 0.0756 0.0882 21
0.9889 0.0742 -0.1571 21
0.9838 0.0736 0.1211 21
1.0036 0.0749 -0.1236 21
1.0066 0.0752 0.1599 19
0.9994 0.0744 -0.0877 16
0.9985 0.0742 0.1946 18
0.9939 0.0737 -0.0522 24
0.995 0.0736 0.2303 19
1.0011 0.074 -0.0175 19
0.9845 0.0726 0.2645 19
1.0012 0.0725 0.0175 20
0.9781 0.0705 0.0514 22
1.0056 0.0721 0.0882 21
0.9832 0.0705 -0.1561 23
0.992 0.0709 0.1221 19
0.9801 0.0699 -0.1207 26
1.001 0.0712 0.1589 21
1.0116 0.0718 -0.0887 19
0.9909 0.0703 0.1931 20
0.9981 0.0707 -0.0524 22
0.9797 0.0692 0.2268 19
0.9954 0.0701 -0.0174 20
0.9828 0.0691 0.264 19
1.0055 0.0693 0.0176 20
0.9744 0.0669 0.0512 22
0.9939 0.0679 0.0872 23
1.0012 0.0683 -0.1589 20
0.9922 0.0675 0.1221 18
0.9843 0.0668 -0.1211 22
0.9953 0.0675 0.158 19
0.9959 0.0674 -0.0873 18
0.999 0.0674 0.1946 18
1.0043 0.0676 -0.0528 26
0.9916 0.0666 0.2295 20
0.9876 0.0663 -0.0173 23
0.9888 0.0662 0.2655 18
0.9997 0.0655 0.0175 21
0.9865 0.0643 0.0518 24
0.9842 0.0638 0.0863 22
0.9974 0.0647 -0.1583 21
0.9964 0.0644 0.1226 21
0.9865 0.0636 -0.1214 24
0.9975 0.0642 0.1583 21
0.9981 0.064 -0.0875 21
0.9953 0.0638 0.1939 18
1.0086 0.0645 -0.053 24
0.9918 0.0633 0.2295 21
0.9839 0.0626 -0.0172 21
0.9698 0.0615 0.2604 19
0.9999 0.062 0.0175 22
0.9848 0.0607 0.0517 22
0.9864 0.0607 0.0865 20
0.9839 0.0603 -0.1561 23
0.9966 0.061 0.1226 19
0.9966 0.0608 -0.1226 21
1.0056 0.0612 0.1596 21
0.9884 0.0599 -0.0866 17
0.9877 0.0599 0.1923 20
0.9988 0.0604 -0.0524 22
0.9959 0.06 0.2303 19
1.002 0.0602 -0.0175 22
0.9816 0.0588 0.2635 20
0.9981 0.0584 0.0175 23
0.983 0.0572 0.0516 26
1.0045 0.0581 0.088 20
0.9841 0.0567 -0.1561 20
0.9929 0.0572 0.1221 21
0.9929 0.0571 -0.1221 24
0.9979 0.0572 0.1583 21
1.0005 0.0572 -0.0877 18
0.9938 0.0566 0.1935 18
0.995 0.0565 -0.0522 22
0.9942 0.0563 0.2299 20
1.0042 0.0568 -0.0176 22
0.9798 0.0553 0.263 20
0.9963 0.0547 0.0174 24
0.9772 0.0534 0.0513 26
0.9927 0.0539 0.087 22
0.9922 0.0537 -0.1574 21
0.9852 0.0532 0.1211 21
0.9772 0.0526 -0.1202 22
0.9981 0.0537 0.1583 22
0.9968 0.0535 -0.0873 19
0.994 0.0531 0.1935 20
0.9912 0.0528 -0.052 24
0.9866 0.0524 0.2281 19
1.0044 0.0533 -0.0176 24
0.9935 0.0526 0.2666 19
1.0045 0.0518 0.0176 22
0.9874 0.0505 0.0518 25
1.0108 0.0514 0.0886 21
0.9943 0.0505 -0.1577 21
0.9933 0.0503 0.1221 18
0.9853 0.0497 -0.1211 21
0.9943 0.05 0.1577 21
0.9969 0.05 -0.0873 19
1.0098 0.0506 0.1965 19
0.9954 0.0497 -0.0522 24
0.9868 0.0491 0.2281 19
0.9926 0.0492 -0.0173 23
0.9783 0.0484 0.2624 19
1.0067 0.0484 0.0176 23
0.9855 0.047 0.0517 24
0.9792 0.0465 0.0858 24
1.0083 0.0477 -0.1599 22
0.9994 0.0471 0.1228 21
0.9954 0.0468 -0.1224 21
0.9945 0.0466 0.1577 22
0.9891 0.0463 -0.0866 22
1.0002 0.0466 0.1946 20
1.0035 0.0466 -0.0526 24
0.987 0.0457 0.2281 20
0.9968 0.046 -0.0174 25
0.9823 0.0451 0.2635 19
0.9889 0.044 0.0173 27
0.9957 0.044 0.0522 25
0.9893 0.0435 0.0866 24
0.9828 0.0431 -0.1558 24
0.9936 0.0434 0.1221 21
1.0015 0.0436 -0.1231 24
0.9927 0.043 0.1574 24
0.9933 0.043 -0.087 19
0.9807 0.0423 0.1908 21
0.9937 0.0427 -0.0521 26
0.9988 0.0427 0.2308 20
1.0089 0.043 -0.0176 30
0.9786 0.0415 0.2624 19
0.987 0.0405 0.0172 28
0.9838 0.04 0.0516 27
0.9954 0.0403 0.0872 23
0.9908 0.04 -0.1571 21
0.9917 0.0398 0.1219 22
0.9898 0.0396 -0.1216 21
0.9968 0.0397 0.158 24
0.9914 0.0395 -0.0868 22
0.9907 0.0393 0.1927 19
0.9959 0.0393 -0.0522 24
0.9931 0.039 0.2295 19
0.9991 0.0391 -0.0175 28
0.9826 0.0383 0.2635 19
1.0031 0.0377 0.0175 28
0.978 0.0364 0.0513 27
1.0075 0.0373 0.0882 21
0.9949 0.0367 -0.1577 20
0.982 0.036 0.1207 24
0.9859 0.036 -0.1211 26
1.0048 0.0365 0.1593 22
1.0015 0.0364 -0.0877 22
0.9967 0.036 0.1939 18
0.986 0.0355 -0.0517 28
0.9893 0.0354 0.2286 18
0.9892 0.0352 -0.0173 28
0.9866 0.035 0.2645 19
0.9953 0.0339 0.0174 26
0.9881 0.0333 0.0518 28
1.0076 0.0338 0.0882 22
1.0029 0.0334 -0.1589 22
0.988 0.0328 0.1214 24
0.9821 0.0324 -0.1207 26
0.9911 0.0325 0.1571 22
0.9996 0.0328 -0.0875 21
1.0007 0.0327 0.1946 20
0.9941 0.0323 -0.0521 28
0.9875 0.0319 0.2281 19
0.9913 0.0318 -0.0173 31
0.9925 0.0317 0.2661 19
0.9974 0.0305 0.0174 38
0.9722 0.0294 0.051 27
0.9878 0.0297 0.0865 23
0.9872 0.0295 -0.1564 23
0.9981 0.0296 0.1226 18
0.9921 0.0293 -0.1219 24
0.9892 0.029 0.1567 24
0.9878 0.029 -0.0865 28
1.0008 0.0292 0.1946 20
1.0062 0.0292 -0.0528 26
0.9895 0.0285 0.2286 19
0.9854 0.0282 -0.0172 36
0.9752 0.0278 0.2614 19
0.9935 0.0269 0.0173 38
0.9843 0.0265 0.0516 29
0.9879 0.0262 0.0865 24
0.9893 0.0261 -0.1567 22
0.9962 0.0261 0.1224 22
0.9902 0.0259 -0.1216 24
1.0012 0.026 0.1586 26
0.9939 0.0257 -0.087 26
0.9911 0.0254 0.1927 19
1.0003 0.0255 -0.0524 28
0.9955 0.0254 0.2299 18
0.9935 0.0251 -0.0173 34
0.983 0.0247 0.2635 19
0.9956 0.0236 0.0174 39
0.9824 0.0232 0.0515 37
0.9999 0.0232 0.0875 21
0.9953 0.0229 -0.1577 22
0.9824 0.0225 0.1207 28
0.9943 0.0227 -0.1221 21
1.0052 0.0228 0.1593 22
0.9979 0.0225 -0.0873 24
0.9932 0.0222 0.1931 20
0.9844 0.0218 -0.0516 30
0.9897 0.0219 0.2286 20
0.9976 0.0219 -0.0174 40
0.9869 0.0215 0.2645 20
0.9956 0.0203 0.0174 44
0.9765 0.0196 0.0512 30
1.0099 0.0201 0.0884 22
0.9816 0.0194 -0.1555 22
0.9904 0.0194 0.1216 27
0.9844 0.0191 -0.1209 24
0.9954 0.0191 0.1577 24
1.006 0.0191 -0.088 22
0.9952 0.0188 0.1935 19
0.9945 0.0186 -0.0521 31
0.9878 0.0185 0.2281 19
0.9957 0.0184 -0.0174 37
0.9889 0.0181 0.265 19
0.9997 0.0168 0.0175 45
0.9705 0.0159 0.0509 31
0.9941 0.0161 0.087 26
0.9895 0.0159 -0.1567 22
0.9904 0.0157 0.1216 26
0.9924 0.0156 -0.1219 24
0.9974 0.0155 0.158 26
0.9981 0.0153 -0.0873 18
1.009 0.0153 0.1962 21
0.9985 0.015 -0.0523 31
0.984 0.0148 0.2272 20
0.9837 0.0146 -0.0172 45
0.989 0.0145 0.265 18
1.0018 0.0131 0.0175 38
0.9846 0.0127 0.0516 53
0.9881 0.0124 0.0865 24
0.9975 0.0124 -0.158 22
0.9945 0.0122 0.1221 24
0.9905 0.0121 -0.1216 26
0.9935 0.012 0.1574 26
0.9822 0.0117 -0.0859 26
0.9973 0.0117 0.1939 21
1.0006 0.0115 -0.0524 31
0.9899 0.0114 0.2286 19
0.9918 0.0113 -0.0173 43
0.9736 0.0109 0.2609 18
0.9838 0.0096 0.0172 52
0.9746 0.0094 0.0511 37
0.9842 0.0091 0.0861 24
0.9837 0.0089 -0.1558 23
0.9965 0.0089 0.1224 25
0.9945 0.0089 -0.1221 24
1.0035 0.0088 0.1589 27
0.9942 0.0085 -0.087 26
0.9894 0.0083 0.1923 20
0.9986 0.0082 -0.0523 30
0.988 0.0081 0.2281 20
0.9978 0.008 -0.0174 51
0.9794 0.0077 0.2624 19
0.9918 0.0064 0.0173 50
0.9806 0.0062 0.0514 53
0.9962 0.0059 0.0872 26
0.9896 0.0057 -0.1567 20
0.9886 0.0055 0.1214 26
0.9886 0.0055 -0.1214 26
1.0074 0.0055 0.1596 22
0.9982 0.0052 -0.0873 25
0.9973 0.005 0.1939 20
0.9886 0.0048 -0.0518 36
0.9938 0.0049 0.2295 20
0.9978 0.0047 -0.0174 48
0.9852 0.0045 0.264 19
0.9998 0.0031 0.0175 50
0.9707 0.0029 0.0509 52
1.0042 0.0026 0.0879 32
0.9897 0.0024 -0.1567 21
0.9806 0.0022 0.1204 29
0.9846 0.0022 -0.1209 26
1.0035 0.0021 0.1589 22
0.9942 0.0019 -0.087 27
0.9973 0.0017 0.1939 20
0.9926 0.0016 -0.052 39
0.9802 0.0015 0.2263 21
0.9938 0.0014 -0.0173 57
0.9833 0.0012 0.2635 19
0.9978 -0.0005 0.0174 66
0.9767 -0.0009 0.0512 74
1.0022 -0.001 0.0877 38
1.0035 -0.0012 -0.1589 25
0.9806 -0.0014 0.1204 28
0.9806 -0.0015 -0.1204 30
0.9837 -0.0017 0.1558 26
1.0002 -0.0017 -0.0875 27
1.0013 -0.0019 0.1946 20
0.9906 -0.0021 -0.0519 62
0.988 -0.0022 0.2281 20
0.9878 -0.0024 -0.0172 84
0.9794 -0.0024 0.2624 19
0.9938 -0.004 0.0173 100
0.9886 -0.0043 0.0518 100
0.9842 -0.0045 0.0861 33
0.9956 -0.0047 -0.1577 25
0.9985 -0.0049 0.1226 31
0.9886 -0.005 -0.1214 31
1.0035 -0.0051 0.1589 24
0.9842 -0.0052 -0.0861 29
0.9993 -0.0054 0.1942 21
0.9946 -0.0056 -0.0521 69
0.988 -0.0057 0.2281 20
0.9978 -0.0059 -0.0174 97
0.9736 -0.0059 0.2609 19
0.9898 -0.0074 0.0173 100
0.9846 -0.0077 0.0516 78
0.9962 -0.008 0.0872 31
0.9896 -0.0081 -0.1567 22
0.9846 -0.0082 0.1209 29
0.9945 -0.0085 -0.1221 39
0.9975 -0.0087 0.158 21
0.9942 -0.0087 -0.087 35
0.9836 -0.0088 0.1912 21
0.9946 -0.009 -0.0521 75
0.9899 -0.0092 0.2286 19
1.0018 -0.0094 -0.0175 100
0.9755 -0.0094 0.2614 20
0.9938 -0.0109 0.0173 100
0.9786 -0.0111 0.0513 86
0.9921 -0.0114 0.0868 28
0.9876 -0.0115 -0.1564 27
0.9885 -0.0117 0.1214 30
0.9905 -0.0119 -0.1216 47
0.9916 -0.0121 0.1571 26
0.9882 -0.0121 -0.0865 52
0.9914 -0.0123 0.1927 21
0.9866 -0.0124 -0.0517 100
0.986 -0.0126 0.2277 19
0.9978 -0.0129 -0.0174 100
0.9794 -0.0128 0.2624 21
0.9937 -0.0144 0.0173 100
0.9706 -0.0142 0.0509 94
1.0021 -0.015 0.0877 25
0.9935 -0.0151 -0.1574 22
0.9944 -0.0153 0.1221 25
0.9885 -0.0154 -0.1214 35
1.0014 -0.0156 0.1586 26
0.9981 -0.0157 -0.0873 57
0.9874 -0.0157 0.192 21
0.9885 -0.0159 -0.0518 100
0.982 -0.0159 0.2268 19
0.9997 -0.0162 -0.0175 100
0.9928 -0.0163 0.2661 19
0.9977 -0.0178 0.0174 100
0.9685 -0.0176 0.0508 91
0.994 -0.0184 0.087 38
0.9954 -0.0184 -0.1577 21
0.9864 -0.0184 0.1211 29
0.9864 -0.0186 -0.1211 42
0.9915 -0.0189 0.1571 26
0.994 -0.0191 -0.087 58
0.9991 -0.0192 0.1942 22
0.9964 -0.0193 -0.0522 100
0.982 -0.0192 0.2268 19
0.9937 -0.0196 -0.0173 100
0.9793 -0.0195 0.2624 21
0.9936 -0.0212 0.0173 100
0.9764 -0.0211 0.0512 89
0.984 -0.0215 0.0861 50
0.9973 -0.0219 -0.158 25
0.9903 -0.022 0.1216 29
0.9883 -0.0221 -0.1214 45
0.9934 -0.0224 0.1574 26
0.988 -0.0224 -0.0865 70
0.999 -0.0228 0.1942 21
0.9964 -0.023 -0.0522 100
0.98 -0.0226 0.2263 18
0.9956 -0.0231 -0.0174 100
0.9657 -0.0226 0.2588 25
0.9835 -0.0246 0.0172 100
0.9943 -0.0252 0.0521 100
0.9919 -0.0253 0.0868 50
0.9874 -0.0253 -0.1564 28
0.9902 -0.0256 0.1216 29
0.9823 -0.0256 -0.1207 39
1.0031 -0.0263 0.1589 24
0.9879 -0.026 -0.0865 80
0.9852 -0.0261 0.1916 22
0.9903 -0.0265 -0.0519 100
0.9955 -0.0266 0.2299 19
0.9995 -0.0269 -0.0175 100
0.9772 -0.0264 0.2619 19
0.9874 -0.0283 0.0172 100
0.9743 -0.0281 0.0511 97
0.9978 -0.0291 0.0873 51
0.9912 -0.0291 -0.1571 25
0.9802 -0.0289 0.1204 45
0.9961 -0.0294 -0.1224 42
1.0011 -0.0297 0.1586 26
0.9958 -0.0297 -0.0872 74
0.989 -0.0297 0.1923 22
0.9802 -0.0296 -0.0514 100
0.9876 -0.0298 0.2281 18
1.0094 -0.0307 -0.0176 100
0.9809 -0.03 0.263 19
1.0053 -0.0321 0.0176 100
0.9762 -0.0314 0.0512 100
1.0016 -0.0325 0.0877 48
0.9911 -0.0324 -0.1571 23
0.9821 -0.0322 0.1207 31
0.9821 -0.0322 -0.1207 31
0.995 -0.0328 0.1577 24
0.9877 -0.0328 -0.0865 70
0.9968 -0.0332 0.1939 21
0.9921 -0.0333 -0.052 100
0.9836 -0.033 0.2272 18
0.9933 -0.0335 -0.0173 92
0.9847 -0.0334 0.264 19
0.9992 -0.0352 0.0175 100
0.9701 -0.0346 0.0509 100
0.9956 -0.0356 0.0872 63
0.9989 -0.0359 -0.1583 25
0.984 -0.0356 0.1209 28
0.982 -0.0357 -0.1207 31
0.989 -0.0361 0.1567 24
0.9915 -0.0362 -0.0868 65
1.0006 -0.0367 0.1946 20
0.99 -0.0365 -0.0519 97
0.9815 -0.0363 0.2268 18
0.9972 -0.0371 -0.0174 127
0.9749 -0.0364 0.2614 19
1.0011 -0.0388 0.0175 100
0.9659 -0.0378 0.0507 100
0.9914 -0.039 0.0868 66
1.0007 -0.0395 -0.1586 28
1.0017 -0.0397 0.1231 25
0.9898 -0.0394 -0.1216 28
0.9849 -0.0394 0.1561 26
0.9815 -0.0392 -0.0859 63
0.9965 -0.04 0.1939 22
0.9858 -0.0398 -0.0517 98
0.9891 -0.0401 0.2286 19
0.991 -0.0403 -0.0173 127
0.9671 -0.0395 0.2593 18
0.995 -0.042 0.0174 100
0.9758 -0.0416 0.0512 100
0.9833 -0.0421 0.0861 61
0.9907 -0.0426 -0.1571 30
0.9877 -0.0426 0.1214 29
1.0035 -0.0435 -0.1233 37
0.9946 -0.0433 0.1577 26
0.9933 -0.0432 -0.087 61
0.9885 -0.0432 0.1923 23
1.0017 -0.0439 -0.0525 100
0.989 -0.0435 0.2286 19
0.9949 -0.044 -0.0174 127
0.9804 -0.0435 0.263 19
0.9948 -0.0455 0.0174 100
0.9716 -0.0448 0.051 100
0.9872 -0.0457 0.0865 44
0.9827 -0.0457 -0.1558 28
0.9776 -0.0456 0.1202 31
0.9974 -0.0467 -0.1226 45
1.0024 -0.0471 0.1589 26
0.9911 -0.0466 -0.0868 63
0.9943 -0.0469 0.1935 21
0.9816 -0.0465 -0.0515 100
0.9888 -0.047 0.2286 19
1.0027 -0.0478 -0.0175 114
0.9764 -0.0467 0.2619 19
0.9926 -0.0489 0.0173 100
0.9655 -0.0479 0.0507 100
0.9989 -0.0497 0.0875 46
0.9845 -0.0492 -0.1561 31
0.9854 -0.0494 0.1211 29
0.9734 -0.049 -0.1197 48
0.9963 -0.0503 0.158 26
0.9949 -0.0502 -0.0872 52
0.9921 -0.0503 0.1931 20
0.9834 -0.05 -0.0516 100
0.9809 -0.05 0.2268 19
1.0125 -0.0518 -0.0177 117
0.9917 -0.0509 0.2661 19
0.9945 -0.0525 0.0174 100
0.9653 -0.0513 0.0507 100
0.9988 -0.0532 0.0875 47
0.9922 -0.053 -0.1574 31
0.9812 -0.0526 0.1207 29
0.9852 -0.053 -0.1211 42
0.9843 -0.0531 0.1561 26
0.9888 -0.0534 -0.0866 56
1.0018 -0.0543 0.195 21
0.9872 -0.0536 -0.0518 100
0.9768 -0.0532 0.2259 19
0.9884 -0.054 -0.0173 126
0.9722 -0.0533 0.2609 19
1.0003 -0.0561 0.0175 100
0.9731 -0.0549 0.0511 100
0.9886 -0.056 0.0866 59
0.994 -0.0564 -0.1577 26
0.9949 -0.0567 0.1224 27
0.9731 -0.0556 -0.1197 50
0.988 -0.0566 0.1567 24
0.9866 -0.0565 -0.0865 56
0.9957 -0.0572 0.1939 20
0.997 -0.0575 -0.0523 100
0.9903 -0.0573 0.229 18
0.9942 -0.0577 -0.0174 115
0.9739 -0.0567 0.2614 18
0.9981 -0.0595 0.0175 100
0.9769 -0.0586 0.0513 100
0.9944 -0.0598 0.0872 41
0.9859 -0.0594 -0.1564 26
0.9907 -0.0599 0.1219 26
0.9828 -0.0596 -0.1209 47
0.9957 -0.0606 0.158 22
0.9864 -0.06 -0.0865 57
0.9837 -0.06 0.1916 21
0.9908 -0.0606 -0.052 100
0.9862 -0.0605 0.2281 19
0.996 -0.0613 -0.0174 112
0.9718 -0.0599 0.2609 19
0.9939 -0.0627 0.0174 100
0.9747 -0.0618 0.0512 92
0.9982 -0.0635 0.0875 28
0.9817 -0.0626 -0.1558 27
0.9786 -0.0626 0.1204 26
0.9865 -0.0633 -0.1214 45
1.0034 -0.0645 0.1593 22
0.9862 -0.0634 -0.0865 57
0.9953 -0.0642 0.1939 20
0.9866 -0.0638 -0.0518 100
0.9879 -0.0641 0.2286 20
0.9898 -0.0644 -0.0173 80
0.9754 -0.0636 0.2619 19
0.9936 -0.0662 0.0174 100
0.9665 -0.0647 0.0508 64
0.994 -0.0667 0.0872 35
0.9894 -0.0666 -0.1571 27
0.9784 -0.066 0.1204 26
0.9784 -0.0662 -0.1204 35
0.9972 -0.0676 0.1583 22
0.9959 -0.0675 -0.0873 42
0.9911 -0.0674 0.1931 19
0.9883 -0.0674 -0.0519 100
0.9799 -0.067 0.2268 19
1.0015 -0.0686 -0.0175 100
0.9771 -0.0671 0.2624 18
1.0014 -0.0702 0.0175 100
0.9802 -0.0691 0.0515 78
1.0017 -0.0707 0.0879 28
0.9852 -0.0698 -0.1564 26
0.9881 -0.0701 0.1216 21
0.9782 -0.0696 -0.1204 39
0.9832 -0.0701 0.1561 28
1.0016 -0.0714 -0.0879 33
0.9948 -0.0711 0.1939 18
1.0001 -0.0717 -0.0525 78
0.9835 -0.0707 0.2277 20
0.9953 -0.0717 -0.0174 100
0.9769 -0.0705 0.2624 18
1.0031 -0.0738 0.0176 100
0.974 -0.072 0.0512 61
0.9895 -0.0734 0.0868 35
0.9909 -0.0736 -0.1574 22
0.9918 -0.0739 0.1221 19
0.9878 -0.0738 -0.1216 42
0.9908 -0.0742 0.1574 22
0.9835 -0.0736 -0.0863 31
0.9906 -0.0743 0.1931 19
0.9918 -0.0746 -0.0521 90
0.9872 -0.0744 0.2286 19
0.995 -0.0752 -0.0174 97
0.9632 -0.0729 0.2588 21
0.9929 -0.0766 0.0174 100
0.9777 -0.0757 0.0514 63
0.9853 -0.0765 0.0865 33
0.9867 -0.0768 -0.1567 22
0.9935 -0.0775 0.1224 21
0.9816 -0.0767 -0.1209 33
1.0083 -0.079 0.1602 21
0.9753 -0.0764 -0.0856 35
0.9864 -0.0775 0.1923 20
0.9916 -0.078 -0.0521 65
0.985 -0.0777 0.2281 18
0.9967 -0.0788 -0.0175 83
0.9745 -0.0772 0.2619 19
1.0006 -0.0807 0.0175 63
0.9834 -0.0796 0.0517 72
0.985 -0.0799 0.0865 35
0.9805 -0.0798 -0.1558 27
0.9873 -0.0805 0.1216 21
0.9912 -0.081 -0.1221 39
1.0041 -0.0822 0.1596 21
0.9909 -0.0811 -0.087 29
0.994 -0.0815 0.1939 20
0.9793 -0.0805 -0.0515 76
0.9847 -0.0811 0.2281 19
0.9885 -0.0816 -0.0173 92
0.9761 -0.0808 0.2624 18
0.9983 -0.084 0.0175 72
0.9692 -0.0817 0.051 42
0.9986 -0.0846 0.0877 26
0.9842 -0.0835 -0.1564 24
0.991 -0.0843 0.1221 21
0.9731 -0.0829 -0.1199 33
0.992 -0.0845 0.1577 21
0.9906 -0.0846 -0.087 27
0.9957 -0.0852 0.1942 20
0.987 -0.0846 -0.0519 80
0.9863 -0.0847 0.2286 19
0.9862 -0.0847 -0.0173 74
0.9758 -0.084 0.2624 18
1 -0.0875 0.0175 67
0.9769 -0.0858 0.0514 53
0.9923 -0.0875 0.0872 26
0.9957 -0.0878 -0.1583 22
0.9847 -0.087 0.1214 22
0.9808 -0.0868 -0.1209 31
0.9878 -0.0876 0.1571 22
0.9943 -0.0884 -0.0873 24
0.9954 -0.0885 0.1942 21
0.9967 -0.0888 -0.0524 52
0.9763 -0.0871 0.2263 18
0.9819 -0.0878 -0.0172 66
0.9755 -0.0874 0.2624 18
0.9997 -0.091 0.0175 58
0.9726 -0.0889 0.0512 35
0.9861 -0.0903 0.0866 24
0.9875 -0.0906 -0.1571 25
1.0002 -0.0919 0.1233 22
0.9824 -0.0904 -0.1211 28
0.9953 -0.0918 0.1583 21
0.984 -0.0908 -0.0865 28
0.9872 -0.0912 0.1927 20
0.9964 -0.0923 -0.0524 43
0.9799 -0.0909 0.2272 19
0.9956 -0.0925 -0.0175 48
0.9637 -0.0897 0.2593 18
0.9815 -0.0928 0.0172 52
0.9842 -0.0934 0.0518 31
0.9897 -0.0941 0.087 24
0.9793 -0.0933 -0.1558 24
0.9881 -0.0943 0.1219 24
0.9861 -0.0943 -0.1216 28
0.9891 -0.0947 0.1574 19
0.9956 -0.0953 -0.0875 22
0.983 -0.0943 0.192 20
0.9861 -0.0948 -0.0519 58
0.9932 -0.0956 0.2303 19
0.9813 -0.0947 -0.0172 54
0.9711 -0.0938 0.2614 19
0.9871 -0.0968 0.0173 50
0.9759 -0.096 0.0514 30
0.9934 -0.0979 0.0873 20
0.9829 -0.0971 -0.1564 24
0.9739 -0.0963 0.1202 24
0.9778 -0.0969 -0.1207 26
1.0005 -0.0993 0.1593 19
0.9933 -0.0986 -0.0873 24
0.9866 -0.0981 0.1927 19
0.9858 -0.0982 -0.0519 56
0.9812 -0.0979 0.2277 19
0.9949 -0.0995 -0.0175 46
0.9784 -0.098 0.2635 18
0.9927 -0.1008 0.0174 45
0.9677 -0.0986 0.051 27
0.991 -0.1012 0.0872 22
0.9924 -0.1015 -0.158 22
0.9815 -0.1006 0.1211 21
0.9755 -0.1001 -0.1204 30
0.9943 -0.1022 0.1583 17
0.991 -0.1019 -0.0872 26
0.9843 -0.1014 0.1923 18
0.9934 -0.1025 -0.0523 41
0.975 -0.1008 0.2263 18
0.9906 -0.1025 -0.0174 31
0.9819 -0.1018 0.2645 18
1.0063 -0.1058 0.0177 38
0.9673 -0.102 0.051 26
0.9927 -0.1049 0.0873 20
0.9901 -0.1048 -0.1577 21
0.987 -0.1046 0.1219 22
0.9771 -0.1037 -0.1207 28
0.9802 -0.1042 0.1561 19
0.9926 -0.1056 -0.0873 21
0.9976 -0.1063 0.195 19
0.995 -0.1062 -0.0524 40
0.9805 -0.1048 0.2277 19
0.9862 -0.1056 -0.0173 31
0.9835 -0.1054 0.265 17
0.99 -0.1076 0.0174 31
0.9789 -0.1067 0.0516 24
0.9764 -0.1066 0.0859 24
0.9917 -0.1084 -0.158 22
1.0024 -0.1098 0.1238 22
0.9827 -0.1078 -0.1214 28
0.9896 -0.1087 0.1577 16
0.9902 -0.1088 -0.0872 22
0.9913 -0.1091 0.1939 18
1.0025 -0.1105 -0.0529 29
0.9859 -0.1088 0.229 19
0.9898 -0.1095 -0.0174 31
0.9677 -0.1072 0.2609 19
0.9817 -0.1101 0.0172 37
0.9963 -0.1121 0.0525 26
0.9879 -0.1113 0.087 22
0.9775 -0.1103 -0.1558 22
0.9843 -0.1113 0.1216 22
0.9803 -0.111 -0.1211 24
0.9932 -0.1126 0.1583 17
0.9859 -0.1118 -0.0868 22
0.9754 -0.1108 0.1908 22
0.9883 -0.1124 -0.0521 28
0.9875 -0.1125 0.2295 16
0.9954 -0.1136 -0.0175 22
0.9693 -0.1108 0.2614 18
0.9853 -0.114 0.0173 24
0.9781 -0.1135 0.0516 27
0.9856 -0.1146 0.0868 24
0.9732 -0.1133 -0.1552 22
0.976 -0.1138 0.1207 22
0.9819 -0.1147 -0.1214 24
0.9967 -0.1166 0.1589 17
0.9914 -0.1159 -0.0873 18
0.9867 -0.1156 0.1931 19
0.9799 -0.1149 -0.0517 34
0.9871 -0.116 0.2295 19
0.997 -0.1173 -0.0175 30
0.9804 -0.1155 0.2645 19
0.9908 -0.1181 0.0174 24
0.9638 -0.1153 0.0509 26
0.9911 -0.1187 0.0873 22
0.9846 -0.1181 -0.1571 21
0.9894 -0.1189 0.1224 21
0.9756 -0.1174 -0.1207 24
0.9943 -0.1198 0.1586 17
0.991 -0.1194 -0.0873 18
0.9902 -0.1195 0.1939 19
0.9855 -0.1191 -0.052 30
0.9809 -0.1187 0.2281 18
0.9926 -0.1203 -0.0175 25
0.9781 -0.1187 0.264 18
0.9904 -0.1216 0.0174 23
0.9773 -0.1203 0.0516 27
0.9907 -0.1222 0.0873 22
0.9861 -0.1218 -0.1574 20
0.991 -0.1226 0.1226 19
0.9732 -0.1205 -0.1204 20
0.9743 -0.1208 0.1555 19
0.9906 -0.1229 -0.0873 21
0.9917 -0.1232 0.1942 16
0.991 -0.1233 -0.0523 28
0.9843 -0.1226 0.229 19
0.9822 -0.1225 -0.0173 23
0.9796 -0.1224 0.2645 18
0.9959 -0.1258 0.0175 21
0.9729 -0.1231 0.0514 26
0.9764 -0.1239 0.0861 23
0.9857 -0.1252 -0.1574 20
0.9866 -0.1255 0.1221 18
0.9826 -0.1252 -0.1216 21
0.9876 -0.1258 0.1577 17
0.9823 -0.1253 -0.0866 21
0.9854 -0.1259 0.1931 20
0.9945 -0.1272 -0.0525 24
0.9858 -0.1263 0.2295 16
0.9838 -0.126 -0.0173 20
0.9753 -0.1251 0.2635 18
0.9836 -0.1276 0.0173 23
0.9784 -0.1272 0.0517 24
0.9839 -0.1283 0.0868 20
0.9755 -0.1272 -0.1558 20
0.9842 -0.1285 0.1219 21
0.9861 -0.129 -0.1221 16
0.9911 -0.1298 0.1583 17
0.9779 -0.1282 -0.0863 19
0.983 -0.1289 0.1927 15
1 -0.1313 -0.0529 28
0.9892 -0.1301 0.2303 19
0.9853 -0.1297 -0.0173 23
0.971 -0.128 0.2624 18
0.9851 -0.1313 0.0173 22
0.9819 -0.131 0.0519 24
0.9854 -0.1318 0.087 22
0.9829 -0.1317 -0.1571 18
0.9818 -0.1317 0.1216 21
0.9739 -0.1308 -0.1207 22
0.9946 -0.1336 0.1589 16
0.9893 -0.1331 -0.0873 19
0.9826 -0.1323 0.1927 18
0.9798 -0.1321 -0.0518 26
0.983 -0.1327 0.229 18
0.9968 -0.1346 -0.0176 22
0.9744 -0.1318 0.2635 18
0.9966 -0.1362 0.0176 21
1.0007 -0.1374 0.0884 20
0.9922 -0.1363 -0.1586 20
0.9794 -0.1347 0.1214 19
0.9734 -0.134 -0.1207 22
0.9863 -0.136 0.1577 17
0.9928 -0.1371 -0.0877 18
0.9821 -0.1356 0.1927 18
0.9912 -0.137 -0.0524 21
0.9768 -0.1352 0.2277 18
0.9924 -0.1375 -0.0175 22
0.9816 -0.1362 0.2655 18
0.9961 -0.1396 0.0176 20
0.9731 -0.1368 0.0515 21
0.9944 -0.1399 0.0879 20
0.9839 -0.1386 -0.1574 18
0.9907 -0.1398 0.1228 19
0.969 -0.1369 -0.1202 18
0.9819 -0.1389 0.1571 16
0.9864 -0.1395 -0.0872 16
0.9933 -0.1407 0.195 20
0.9907 -0.1405 -0.0524 22
0.984 -0.1397 0.2295 19
0.9859 -0.1401 -0.0174 23
0.9735 -0.1385 0.2635 18
0.9976 -0.1434 0.0176 18
0.9726 -0.1402 0.0515 24
0.988 -0.1425 0.0873 20
0.9873 -0.1426 -0.158 20
0.9882 -0.1429 0.1226 19
0.9823 -0.1423 -0.1219 21
0.9872 -0.1431 0.158 21
0.9859 -0.1429 -0.0872 16
0.9889 -0.1436 0.1942 16
0.9942 -0.1445 -0.0526 21
0.9835 -0.1431 0.2295 16
0.9934 -0.1447 -0.0175 24
0.9711 -0.1417 0.263 17
0.9753 -0.1437 0.0172 21
0.9761 -0.144 0.0517 19
0.9953 -0.1472 0.088 21
0.9751 -0.1443 -0.1561 20
0.9838 -0.1458 0.1221 18
0.9759 -0.1448 -0.1211 19
0.9946 -0.1476 0.1593 14
0.9854 -0.1464 -0.0872 16
0.9787 -0.1456 0.1923 16
0.9858 -0.1468 -0.0522 22
0.9888 -0.1474 0.2308 19
0.979 -0.146 -0.0173 23
0.9687 -0.1446 0.2624 19
0.9887 -0.149 0.0175 20
0.9776 -0.1477 0.0518 21
0.9948 -0.1506 0.088 20
0.9844 -0.149 -0.1577 20
0.9833 -0.1491 0.1221 19
0.9833 -0.1492 -0.1221 16
0.9921 -0.1508 0.1589 16
0.9927 -0.151 -0.0879 15
0.984 -0.1497 0.1935 18
0.9754 -0.1486 -0.0517 26
0.9883 -0.1507 0.2308 18
0.9923 -0.1515 -0.0175 19
0.9758 -0.1492 0.2645 18
0.9901 -0.1528 0.0175 18
0.9691 -0.1499 0.0514 24
0.9963 -0.1542 0.0882 18
0.9897 -0.1534 -0.1586 21
0.9808 -0.1522 0.1219 17
0.969 -0.1505 -0.1204 26
1.0033 -0.156 0.1608 16
0.9902 -0.1542 -0.0877 18
0.9893 -0.1542 0.1946 19
0.9808 -0.1531 -0.052 22
0.9762 -0.1523 0.2281 19
0.9879 -0.1543 -0.0175 20
0.983 -0.1538 0.2666 19
0.9975 -0.1576 0.0176 17
0.9706 -0.1537 0.0515 21
0.9878 -0.1566 0.0875 18
0.9794 -0.1555 -0.1571 20
0.9959 -0.1583 0.1238 18
0.9763 -0.1553 -0.1214 19
0.9793 -0.156 0.1571 16
0.9916 -0.1581 -0.0879 15
0.9984 -0.1594 0.1965 16
0.9861 -0.1576 -0.0523 24
0.9853 -0.1575 0.2303 16
0.9774 -0.1564 -0.0173 17
0.9805 -0.157 0.2661 17
0.9969 -0.1613 0.0176 20
0.9779 -0.1586 0.0519 21
0.9715 -0.1577 0.0861 20
0.9788 -0.1591 -0.1571 18
0.9875 -0.1606 0.1228 18
0.9777 -0.1592 -0.1216 17
0.9865 -0.1608 0.1583 17
0.9773 -0.1593 -0.0866 16
0.9901 -0.1616 0.195 18
0.9875 -0.1614 -0.0524 21
0.9866 -0.1614 0.2308 18
0.9808 -0.1606 -0.0173 20
0.9665 -0.1585 0.2624 18
0.9805 -0.1622 0.0173 19
0.9773 -0.162 0.0519 19
0.9828 -0.163 0.0872 22
0.986 -0.1638 -0.1583 18
0.9791 -0.1628 0.1219 16
0.985 -0.1639 -0.1226 16
0.984 -0.164 0.158 14
0.9787 -0.1631 -0.0868 17
0.9799 -0.1634 0.1931 19
0.9929 -0.1658 -0.0528 19
0.9937 -0.1661 0.2326 18
0.9901 -0.1657 -0.0175 16
0.9679 -0.1621 0.263 17
0.98 -0.1656 0.0173 19
0.9689 -0.1639 0.0515 21
0.9861 -0.1671 0.0875 20
0.9816 -0.1665 -0.1577 17
0.9766 -0.1659 0.1216 21
0.9805 -0.1667 -0.1221 16
0.9971 -0.1695 0.1602 17
0.984 -0.1675 -0.0873 18
0.9851 -0.1679 0.1942 18
0.9805 -0.1672 -0.0521 26
0.9854 -0.1683 0.2308 18
0.9856 -0.1683 -0.0175 14
0.9769 -0.167 0.2655 19
0.9873 -0.1702 0.0175 17
0.9855 -0.1706 0.0875 20
0.9849 -0.1705 -0.1583 20
0.9819 -0.1701 0.1224 16
0.9721 -0.1686 -0.1211 19
0.9906 -0.172 0.1593 16
0.9893 -0.172 -0.0879 16
0.9826 -0.1708 0.1939 16
0.9858 -0.1715 -0.0524 21
0.9753 -0.1699 0.2286 16
0.985 -0.1717 -0.0175 17
0.9839 -0.1717 0.2676 19
0.9965 -0.1754 0.0177 18
0.9638 -0.1698 0.0513 22
0.9869 -0.1742 0.0877 20
0.9901 -0.1749 -0.1593 18
0.9891 -0.1749 0.1233 18
0.9734 -0.1723 -0.1214 19
0.9803 -0.1736 0.1577 16
0.9809 -0.1738 -0.0872 17
0.9801 -0.1739 0.1935 18
0.9832 -0.1746 -0.0523 20
0.9824 -0.1746 0.2303 16
0.9785 -0.1739 -0.0173 20
0.9795 -0.1743 0.2666 18
0.9802 -0.1758 0.0174 17
0.9691 -0.1742 0.0516 22
0.9745 -0.1755 0.0866 22
0.9915 -0.1786 -0.1596 20
0.9963 -0.1796 0.1243 18
0.9787 -0.1766 -0.1221 16
0.9875 -0.1784 0.1589 17
0.9803 -0.1773 -0.0872 16
0.9949 -0.1799 0.1965 18
0.9886 -0.1789 -0.0526 19
0.9799 -0.1775 0.2299 18
0.9818 -0.1781 -0.0174 17
0.9675 -0.1756 0.2635 18
0.9776 -0.1789 0.0173 19
0.9724 -0.1783 0.0518 21
0.9798 -0.1798 0.0872 20
0.9773 -0.1795 -0.1574 18
0.9859 -0.1813 0.1231 19
0.9801 -0.1804 -0.1224 17
0.9908 -0.1826 0.1596 16
0.9816 -0.181 -0.0873 15
0.975 -0.1798 0.1927 18
0.9801 -0.1809 -0.0522 20
0.9831 -0.1817 0.2308 18
0.9871 -0.1826 -0.0175 19
0.9764 -0.1808 0.2661 18
0.9868 -0.1841 0.0175 17
0.9738 -0.1821 0.0519 19
0.987 -0.1849 0.0879 18
0.9727 -0.1824 -0.1567 20
0.9677 -0.1815 0.1209 19
0.9775 -0.1835 -0.1221 19
0.9921 -0.1864 0.1599 17
0.981 -0.1845 -0.0873 15
0.9782 -0.1841 0.1935 18
0.9774 -0.1842 -0.0521 18
0.99 -0.1867 0.2326 18
0.9865 -0.186 -0.0175 19
0.9757 -0.1842 0.2661 17
0.9901 -0.1885 0.0176 17
0.9614 -0.1832 0.0513 21
0.9883 -0.1887 0.088 18
0.9798 -0.1873 -0.158 18
0.9788 -0.1872 0.1224 15
0.9729 -0.1861 -0.1216 21
0.9953 -0.1906 0.1605 17
0.9901 -0.1898 -0.0882 15
0.9833 -0.1886 0.1946 16
0.9827 -0.1887 -0.0524 21
0.9722 -0.1867 0.2286 16
0.9838 -0.1891 -0.0175 22
0.977 -0.188 0.2666 19
0.9992 -0.1937 0.0178 18
0.9686 -0.1879 0.0517 19
0.9818 -0.1908 0.0875 18
0.9908 -0.1928 -0.1599 21
0.9879 -0.1924 0.1236 16
0.9703 -0.189 -0.1214 19
0.983 -0.1916 0.1586 14
0.9856 -0.1923 -0.0879 15
0.9866 -0.1927 0.1954 16
0.9899 -0.1935 -0.0529 19
0.9773 -0.191 0.2299 18
0.9754 -0.1908 -0.0173 20
0.9764 -0.1912 0.2666 18
0.9908 -0.1955 0.0176 17
0.9777 -0.1932 0.0522 19
0.9792 -0.1937 0.0873 17
0.9747 -0.193 -0.1574 17
0.995 -0.1972 0.1246 16
0.9755 -0.1935 -0.1221 16
0.9823 -0.195 0.1586 14
0.9849 -0.1957 -0.0879 15
0.9898 -0.1967 0.1962 19
0.9834 -0.1956 -0.0525 19
0.9766 -0.1944 0.2299 19
0.9865 -0.1966 -0.0176 19
0.9719 -0.1939 0.2655 18
0.9822 -0.1973 0.0175 17
0.979 -0.197 0.0523 19
0.9765 -0.1969 0.0872 20
0.9817 -0.1981 -0.1586 18
0.9885 -0.1995 0.1238 19
0.9904 -0.2001 -0.1241 21
0.9894 -0.2 0.1599 16
0.9745 -0.1972 -0.087 19
0.9756 -0.1976 0.1935 16
0.9787 -0.1984 -0.0523 18
0.9816 -0.1992 0.2312 18
0.976 -0.198 -0.0174 14
0.9712 -0.1972 0.2655 18
0.9854 -0.2017 0.0176 17
0.9744 -0.1997 0.0521 19
0.9837 -0.2019 0.0879 18
0.9791 -0.2012 -0.1583 18
0.9741 -0.2003 0.1221 18
0.9741 -0.2005 -0.1221 19
0.9945 -0.2047 0.1608 17
0.9816 -0.2022 -0.0877 15
0.9729 -0.2006 0.1931 19
0.9761 -0.2014 -0.0522 22
0.9829 -0.203 0.2317 18
0.9851 -0.2035 -0.0176 16
0.9686 -0.2002 0.265 18
0.9867 -0.2054 0.0176 17
0.9659 -0.2014 0.0517 19
0.981 -0.2049 0.0877 17
0.9939 -0.2076 -0.1608 20
0.9813 -0.2052 0.1231 16
0.9637 -0.2017 -0.1209 19
0.988 -0.2069 0.1599 19
0.9926 -0.2081 -0.0887 15
0.9934 -0.2083 0.1973 16
0.9852 -0.2067 -0.0528 17
0.9688 -0.2035 0.2286 18
0.9902 -0.2081 -0.0177 16
0.9717 -0.2044 0.2661 18
0.9938 -0.2105 0.0177 16
0.973 -0.2065 0.0521 19
0.9803 -0.2082 0.0877 20
0.9854 -0.2095 -0.1596 18
0.9825 -0.209 0.1233 19
0.9708 -0.2067 -0.1219 19
0.9892 -0.2108 0.1602 16
0.9782 -0.2085 -0.0875 13
0.9908 -0.2113 0.1969 19
0.9883 -0.211 -0.053 17
0.9815 -0.2097 0.2317 18
0.9777 -0.2091 -0.0175 14
0.9729 -0.2082 0.2666 18
0.9872 -0.2127 0.0176 18
0.9781 -0.2111 0.0524 16
0.9776 -0.2112 0.0875 18
0.9789 -0.2116 -0.1586 18
0.9856 -0.2133 0.1238 18
0.972 -0.2105 -0.1221 19
0.9788 -0.2122 0.1586 14
0.9814 -0.2127 -0.0879 15
0.9843 -0.2135 0.1958 16
0.9896 -0.2149 -0.0531 21
0.9788 -0.2127 0.2312 16
0.9692 -0.2108 -0.0173 17
0.9759 -0.2124 0.2676 18
0.9786 -0.2144 0.0175 15
0.9871 -0.2167 0.053 19
0.971 -0.2133 0.087 20
0.9782 -0.2151 -0.1586 20
0.9868 -0.2171 0.1241 16
0.9751 -0.2148 -0.1226 16
0.9838 -0.2168 0.1596 16
0.9865 -0.2174 -0.0884 15
0.972 -0.2144 0.1935 18
0.9829 -0.217 -0.0528 17
0.9838 -0.2174 0.2326 18
0.9782 -0.2163 -0.0175 16
0.9789 -0.2167 0.2687 18
0.9818 -0.2187 0.0176 17
0.9747 -0.2175 0.0523 19
0.9781 -0.2184 0.0877 17
0.9755 -0.218 -0.1583 18
0.9822 -0.2197 0.1236 16
0.9763 -0.2186 -0.1228 17
0.9966 -0.2233 0.1618 19
0.9799 -0.2196 -0.0879 15
0.9827 -0.2204 0.1958 18
0.9763 -0.2191 -0.0524 19
0.983 -0.2208 0.2326 18
0.9794 -0.2202 -0.0175 16
0.9744 -0.2192 0.2676 18
0.9888 -0.2239 0.0177 17
0.9661 -0.219 0.0519 19
0.9851 -0.2236 0.0884 17
0.9824 -0.2232 -0.1596 20
0.9833 -0.2236 0.1238 18
0.962 -0.2189 -0.1211 17
0.992 -0.2257 0.1611 19
0.9888 -0.2252 -0.0887 18
0.982 -0.2238 0.1958 18
0.9756 -0.2225 -0.0524 19
0.9765 -0.2229 0.2312 16
0.9865 -0.2252 -0.0177 13
0.9793 -0.2238 0.2692 18
0.9978 -0.2294 0.0179 16
0.9785 -0.2257 0.0879 18
0.9817 -0.2265 -0.1596 18
0.9787 -0.226 0.1233 13
0.9709 -0.2243 -0.1224 17
0.9892 -0.2287 0.1608 16
0.9919 -0.2295 -0.0891 18
0.987 -0.2284 0.1969 20
0.9846 -0.228 -0.053 19
0.9815 -0.2275 0.2326 18
0.9798 -0.2273 -0.0176 19
0.9729 -0.2259 0.2676 18
0.9931 -0.232 0.0178 17
0.9724 -0.2275 0.0523 19
0.9719 -0.2276 0.0873 17
0.977 -0.229 -0.1589 18
0.9856 -0.2312 0.1243 15
0.9701 -0.2277 -0.1224 17
0.9846 -0.2313 0.1602 16
0.9737 -0.2287 -0.0875 16
0.9862 -0.2318 0.1969 18
0.9954 -0.2342 -0.0536 17
0.9845 -0.2318 0.2335 18
0.9771 -0.2303 -0.0175 19
0.9608 -0.2266 0.2645 18
0.9864 -0.2341 0.0177 17
0.9755 -0.2318 0.0525 17
0.9788 -0.2328 0.088 17
0.9762 -0.2324 -0.1589 18
0.9829 -0.2342 0.1241 16
0.9771 -0.233 -0.1233 17
0.9838 -0.2347 0.1602 17
0.9845 -0.2349 -0.0886 18
0.9796 -0.2339 0.1958 18
0.9829 -0.2349 -0.053 19
0.9837 -0.2352 0.2335 18
0.9879 -0.2365 -0.0177 16
0.9694 -0.2322 0.2671 19
0.9837 -0.2371 0.0177 16
0.9708 -0.2343 0.0523 19
0.98 -0.2367 0.0882 18
0.9831 -0.2376 -0.1602 18
0.9802 -0.2371 0.1238 15
0.9782 -0.2368 -0.1236 19
0.9887 -0.2396 0.1611 14
0.9817 -0.2379 -0.0884 18
0.9712 -0.2355 0.1942 18
0.9705 -0.2355 -0.0523 20
0.9771 -0.2373 0.2321 19
0.991 -0.2408 -0.0178 16
0.9742 -0.237 0.2687 19
0.979 -0.2396 0.0176 16
0.9927 -0.2435 0.0894 18
0.9861 -0.242 -0.1608 20
0.9793 -0.2405 0.1238 15
0.9619 -0.2364 -0.1216 21
0.9879 -0.243 0.1611 17
0.9867 -0.2427 -0.0889 19
0.9799 -0.2412 0.1962 19
0.9774 -0.2408 -0.0528 17
0.9687 -0.2388 0.2303 18
0.9824 -0.2424 -0.0177 16
0.9753 -0.2408 0.2692 17
0.9878 -0.2454 0.0178 18
0.9691 -0.2411 0.0523 19
0.9841 -0.245 0.0887 17
0.9929 -0.2474 -0.1621 20
0.9785 -0.244 0.1238 19
0.9649 -0.2408 -0.1221 17
0.9774 -0.2441 0.1596 16
0.9877 -0.2468 -0.0891 18
0.9962 -0.2489 0.1996 18
0.9765 -0.2442 -0.0528 19
0.9774 -0.2446 0.2326 18
0.968 -0.2424 -0.0174 17
0.9744 -0.2442 0.2692 17
0.9831 -0.2478 0.0177 16
0.9779 -0.2469 0.0529 19
0.9735 -0.2462 0.0879 18
0.9786 -0.2476 -0.1599 20
0.993 -0.2513 0.1258 16
0.9679 -0.2451 -0.1226 19
0.9842 -0.2494 0.1608 16
0.9753 -0.2473 -0.088 15
0.9838 -0.2497 0.1973 18
0.9853 -0.2502 -0.0533 19
0.984 -0.2501 0.2344 18
0.9768 -0.2483 -0.0176 16
0.9717 -0.2471 0.2687 18
0.9783 -0.2505 0.0176 18
0.9829 -0.2518 0.0532 17
0.9804 -0.2515 0.0886 18
0.9701 -0.2491 -0.1586 17
0.9786 -0.2515 0.1241 16
0.9786 -0.2516 -0.1241 19
0.9872 -0.2538 0.1614 16
0.9802 -0.2522 -0.0886 18
0.9677 -0.2492 0.1942 18
0.9883 -0.2547 -0.0535 19
0.9831 -0.2535 0.2344 18
0.9643 -0.2487 -0.0174 17
0.9671 -0.2496 0.2676 18
0.9871 -0.2562 0.0178 16
0.9781 -0.2542 0.053 17
0.9776 -0.2545 0.0884 18
0.9788 -0.2548 -0.1602 18
0.9797 -0.2552 0.1243 15
0.972 -0.2534 -0.1233 17
0.9958 -0.2598 0.163 14
0.9793 -0.2556 -0.0886 18
0.9783 -0.2554 0.1965 18
0.9739 -0.2544 -0.0528 19
0.9823 -0.2568 0.2344 18
0.9866 -0.2581 -0.0178 13
0.9793 -0.2564 0.2712 17
0.992 -0.2612 0.0179 17
0.9695 -0.2556 0.0525 17
0.9864 -0.2602 0.0892 18
0.9836 -0.2597 -0.1611 18
0.9807 -0.2591 0.1246 16
0.9711 -0.2568 -0.1233 19
0.993 -0.2627 0.1627 16
0.9804 -0.2594 -0.0887 15
0.9774 -0.2588 0.1965 18
0.9808 -0.2599 -0.0532 17
0.9757 -0.2587 0.233 16
0.9722 -0.258 -0.0176 16
0.9709 -0.2578 0.2692 17
0.9873 -0.2636 0.0178 17
0.9854 -0.2637 0.0892 18
0.9846 -0.2636 -0.1614 18
0.9798 -0.2625 0.1246 16
0.9683 -0.2596 -0.1231 16
0.9807 -0.2631 0.1608 17
0.9795 -0.2628 -0.0887 16
0.9803 -0.2632 0.1973 18
0.9837 -0.2643 -0.0534 17
0.9842 -0.2646 0.2353 18
0.9732 -0.2619 -0.0176 13
0.9663 -0.2602 0.2681 18
0.9902 -0.2681 0.0179 17
0.9677 -0.2622 0.0525 19
0.9768 -0.265 0.0886 18
0.978 -0.2655 -0.1605 18
0.9808 -0.2665 0.1248 15
0.9846 -0.2677 -0.1253 19
0.9817 -0.2669 0.1611 16
0.9709 -0.2641 -0.088 16
0.9888 -0.2692 0.1992 19
0.9828 -0.2678 -0.0534 19
0.9833 -0.2681 0.2353 18
0.9724 -0.2651 -0.0176 13
0.9617 -0.2624 0.2671 17
0.9739 -0.2672 0.0176 16
0.9668 -0.2656 0.0525 19
0.9759 -0.2684 0.0886 18
0.9714 -0.2672 -0.1596 18
0.9818 -0.2703 0.125 15
0.9875 -0.272 -0.1258 19
0.9846 -0.2714 0.1618 14
0.9757 -0.2691 -0.0886 16
0.9747 -0.2688 0.1965 18
0.9838 -0.2715 -0.0535 21
0.9843 -0.2719 0.2357 18
0.9734 -0.269 -0.0176 16
0.9626 -0.2662 0.2676 18
0.9729 -0.2705 0.0176 17
0.9717 -0.2706 0.0529 19
0.9807 -0.2733 0.0891 17
0.9818 -0.2738 -0.1614 18
0.9656 -0.2694 0.1231 16
0.9751 -0.2723 -0.1243 17
0.9912 -0.2769 0.163 14
0.9902 -0.2766 -0.0899 18
0.9794 -0.2738 0.1977 19
0.9732 -0.2723 -0.053 19
0.9758 -0.2732 0.2339 18
0.9859 -0.2762 -0.0179 19
0.9747 -0.2732 0.2712 17
0.9835 -0.2772 0.0178 17
0.9611 -0.2712 0.0523 19
0.9855 -0.2783 0.0896 16
0.9752 -0.2756 -0.1605 17
0.9837 -0.2782 0.1255 16
0.9627 -0.2724 -0.1228 19
0.994 -0.2815 0.1636 14
0.9949 -0.2817 -0.0905 19
0.9766 -0.2767 0.1973 18
0.9857 -0.2795 -0.0537 19
0.9767 -0.2771 0.2344 18
0.9791 -0.278 -0.0178 13
0.9738 -0.2766 0.2712 17
0.9845 -0.2812 0.0179 17
0.9678 -0.2768 0.0528 16
0.9769 -0.2796 0.0889 16
0.9837 -0.2817 -0.1621 20
0.9847 -0.2822 0.1258 18
0.9655 -0.2769 -0.1233 21
0.9817 -0.2817 0.1618 14
0.9825 -0.2819 -0.0894 16
0.9888 -0.2839 0.2 16
0.9771 -0.2807 -0.0533 19
0.9758 -0.2805 0.2344 18
0.9743 -0.2803 -0.0177 13
0.9728 -0.28 0.2712 17
0.9796 -0.2835 0.0178 16
0.9707 -0.2813 0.053 20
0.9721 -0.2819 0.0886 18
0.9694 -0.2813 -0.1599 18
0.9799 -0.2845 0.1253 18
0.9703 -0.2819 -0.1241 16
0.9769 -0.284 0.1611 14
0.9815 -0.2853 -0.0894 16
0.9953 -0.2895 0.2015 20
0.9895 -0.288 -0.054 17
0.9767 -0.2845 0.2348 16
0.9657 -0.2815 -0.0176 13
0.9644 -0.2813 0.2692 17
0.9787 -0.2869 0.0178 17
0.9678 -0.2841 0.0529 16
0.9807 -0.2881 0.0894 16
0.9741 -0.2863 -0.1608 18
0.9846 -0.2896 0.126 16
0.9845 -0.2898 -0.126 16
0.9816 -0.2891 0.1621 17
0.9747 -0.2871 -0.0889 15
0.9755 -0.2875 0.1977 18
0.9751 -0.2875 -0.0533 19
0.985 -0.2906 0.2371 18
0.9723 -0.2871 -0.0177 11
0.9634 -0.2846 0.2692 18
0.9719 -0.2886 0.0177 16
0.9764 -0.2903 0.0534 17
0.9797 -0.2915 0.0894 17
0.9788 -0.2914 -0.1618 20
0.976 -0.2908 0.125 13
0.9702 -0.2892 -0.1243 17
0.9938 -0.2965 0.1643 14
0.9814 -0.2927 -0.0896 18
0.9726 -0.2903 0.1973 18
0.976 -0.2915 -0.0534 17
0.9746 -0.2913 0.2348 16
0.9771 -0.2922 -0.0178 11
0.9753 -0.2919 0.2728 17
0.9785 -0.2943 0.0178 16
0.9677 -0.2914 0.053 17
0.9786 -0.2949 0.0894 17
0.9702 -0.2926 -0.1605 18
0.9806 -0.2959 0.1258 15
0.9673 -0.292 -0.1241 16
0.9833 -0.2971 0.1627 16
0.9746 -0.2944 -0.0891 13
0.981 -0.2965 0.1992 16
0.9788 -0.2961 -0.0536 17
0.9792 -0.2964 0.2362 18
0.9818 -0.2974 -0.0179 13
0.9743 -0.2953 0.2728 17
0.9813 -0.2989 0.0179 16
0.9647 -0.2942 0.0529 16
0.9814 -0.2995 0.0898 17
0.9881 -0.3017 -0.1636 18
0.9777 -0.2987 0.1255 15
0.9682 -0.296 -0.1243 17
0.9804 -0.2999 0.1624 16
0.9793 -0.2996 -0.0896 15
0.9856 -0.3017 0.2003 18
0.9892 -0.303 -0.0542 17
0.9726 -0.2981 0.2348 18
0.9693 -0.2973 -0.0177 13
0.9714 -0.2981 0.2723 17
0.9803 -0.3023 0.0179 16
0.9675 -0.2988 0.0531 17
0.9689 -0.2994 0.0887 17
0.9833 -0.304 -0.163 18
0.9899 -0.3062 0.1272 15
0.9671 -0.2994 -0.1243 16
0.9906 -0.3068 0.1643 14
0.9744 -0.3018 -0.0892 15
0.9826 -0.3046 0.2 16
0.9843 -0.3053 -0.054 17
0.9771 -0.3032 0.2362 15
0.9682 -0.3006 -0.0177 13
0.963 -0.2992 0.2702 14
0.964 -0.301 0.0176 16
0.9722 -0.3039 0.0534 17
0.9736 -0.3045 0.0892 16
0.9841 -0.308 -0.1633 18
0.9832 -0.3079 0.1265 13
0.9831 -0.3081 -0.1265 19
0.9801 -0.3073 0.1627 13
0.9753 -0.3058 -0.0894 16
0.9718 -0.3051 -0.0534 17
0.9705 -0.3049 0.2348 7
0.9729 -0.3058 -0.0178 13
0.9744 -0.3076 0.0178 15
0.9693 -0.3064 0.0533 13
0.9954 -0.3148 0.0913 7
0.9661 -0.3057 -0.1605 16
0.9746 -0.3088 -0.1255 14
0.9679 -0.3068 0.1608 3
0.9743 -0.3091 -0.0894 10
0.9861 -0.313 0.2011 4
0.9681 -0.3077 -0.0177 5
0.9714 -0.3106 0.0178 2
0.9688 -0.3105 -0.1611 5
0.9659 -0.3099 -0.1246 4
