1.9821 0.229 -0.1046 19
2.0008 0.2276 0.0351 26
1.9826 0.2248 0.1046 33
1.9956 0.2256 0.1757 23
1.9903 0.2247 0.2459 29
2.0081 0.226 0.3201 8
1.9938 0.224 -0.1755 2
1.9808 0.2222 -0.1045 28
2.0231 0.2262 -0.0355 37
2.0075 0.2213 0.0353 39
1.9893 0.2186 0.1049 28
2.0102 0.2205 0.1769 29
1.999 0.2186 0.2469 23
1.9696 0.2147 0.3138 21
1.9945 0.2174 -0.1755 4
1.9737 0.2144 -0.104 26
2 0.2166 -0.0351 41
1.9944 0.2128 0.035 26
1.994 0.212 0.1051 34
1.9951 0.2118 0.1755 26
2.0017 0.2118 0.2472 29
1.9979 0.2107 0.3182 35
1.9992 0.2108 -0.1759 21
1.9943 0.2096 -0.1051 28
1.9868 0.2081 -0.0349 26
1.9891 0.2052 0.0349 33
1.9848 0.2041 0.1046 30
2.0097 0.2063 0.1768 28
2.0005 0.2046 0.2469 31
1.9986 0.2037 0.3182 27
1.9861 0.2024 -0.1747 35
1.999 0.203 -0.1053 28
1.9955 0.202 -0.035 31
1.9938 0.1987 0.035 32
1.9815 0.1967 0.1044 30
2.0104 0.1993 0.1768 28
1.9933 0.1968 0.2459 31
2.0131 0.1981 0.3204 30
1.9907 0.1959 -0.175 40
1.9798 0.1941 -0.1043 31
1.9882 0.1942 -0.0349 31
2.0025 0.1925 0.0351 35
1.9782 0.1894 0.1041 34
2.023 0.1934 0.1778 29
1.9979 0.1903 0.2464 31
2.0137 0.1911 0.3204 29
1.9914 0.1889 -0.175 32
1.9844 0.1876 -0.1045 31
1.9988 0.1882 -0.035 32
2.0011 0.1853 0.0351 32
1.9749 0.1822 0.1039 32
2.0078 0.1848 0.1764 29
2.0064 0.184 0.2474 31
2.0105 0.1837 0.3198 29
1.9881 0.1816 -0.1747 31
1.989 0.181 -0.1047 30
1.9895 0.1804 -0.0349 31
2.0018 0.1783 0.0351 32
1.9715 0.1753 0.1037 32
2.0084 0.1778 0.1764 31
2.0071 0.177 0.2474 30
2.0189 0.1777 0.321 28
1.9847 0.1743 -0.1743 30
1.9936 0.1744 -0.1049 30
1.9921 0.1739 -0.0349 32
1.9924 0.1708 0.0349 31
1.992 0.1701 0.1048 34
2.009 0.1708 0.1764 32
2.0077 0.1704 0.2474 31
2.0195 0.1707 0.321 28
1.9873 0.1676 -0.1745 28
1.9902 0.1675 -0.1047 30
2.0027 0.1678 -0.0351 34
1.999 0.1643 0.035 36
1.9806 0.1621 0.1041 34
2.0096 0.1642 0.1764 33
1.9924 0.1621 0.2454 29
2.0162 0.1633 0.3204 29
1.9918 0.1613 -0.1748 28
1.9808 0.1597 -0.1041 34
2.0112 0.1615 -0.0352 34
1.9935 0.1569 0.0349 37
1.9832 0.1554 0.1043 36
2.0181 0.1578 0.1771 31
1.9969 0.1554 0.2459 31
2.0167 0.1562 0.3204 29
2.0023 0.1551 -0.1757 30
1.9973 0.154 -0.105 33
2.0158 0.1548 -0.0353 41
1.9981 0.1502 0.035 38
1.9877 0.1491 0.1045 43
2.0147 0.1504 0.1768 32
1.9975 0.1484 0.2459 30
2.0074 0.1488 0.3188 31
1.9949 0.1475 -0.175 30
1.9998 0.1472 -0.1051 35
1.9883 0.146 -0.0348 33
1.9985 0.1436 0.035 36
1.9762 0.1417 0.1038 37
1.9953 0.1423 0.175 34
2.0138 0.1429 0.2479 31
2.0079 0.1422 0.3188 32
1.9795 0.1398 -0.1736 36
2.0023 0.1407 -0.1052 34
1.9888 0.1394 -0.0348 33
1.989 0.1363 0.0348 41
1.9926 0.1362 0.1047 38
1.9997 0.136 0.1754 34
1.9944 0.1349 0.2454 30
2.0162 0.136 0.3201 31
1.9799 0.1332 -0.1736 35
2.0008 0.1339 -0.1051 37
1.9893 0.1328 -0.0348 36
1.9895 0.1297 0.0348 40
1.995 0.1297 0.1048 41
2.0081 0.1299 0.1761 33
1.9968 0.1284 0.2457 33
2.0206 0.1296 0.3207 32
1.9963 0.1277 -0.175 32
1.9932 0.1268 -0.1047 37
2.0037 0.1271 -0.035 46
1.998 0.1222 0.0349 39
1.9896 0.1213 0.1045 46
2.0126 0.122 0.1764 32
1.9934 0.1202 0.2452 36
2.0211 0.1215 0.3207 32
1.9928 0.1194 -0.1747 35
1.9838 0.1182 -0.1041 43
2.0002 0.1188 -0.035 46
2.0004 0.1157 0.035 44
1.986 0.1145 0.1043 50
2.007 0.115 0.1759 34
2.0017 0.114 0.2462 34
2.0136 0.1143 0.3194 32
1.9972 0.1131 -0.175 31
1.9941 0.1122 -0.1047 48
1.9926 0.1118 -0.0348 48
2.0027 0.1092 0.035 57
1.9744 0.1069 0.1036 39
1.9975 0.1078 0.175 33
2.006 0.1076 0.2467 35
2.014 0.1073 0.3194 31
1.9776 0.1054 -0.1733 34
1.9925 0.1055 -0.1046 46
1.9989 0.1051 -0.0349 50
1.9931 0.1017 0.0348 51
2.0047 0.1016 0.1052 48
2.0018 0.1011 0.1754 35
2.0024 0.1004 0.2462 37
2.0144 0.1003 0.3194 31
1.974 0.0983 -0.1729 39
1.9928 0.0985 -0.1046 46
1.9973 0.098 -0.0349 75
1.9915 0.0946 0.0348 58
1.9851 0.0936 0.1041 50
2.0021 0.0941 0.1754 37
1.9948 0.093 0.2452 37
2.0186 0.0934 0.3201 32
1.9903 0.0921 -0.1743 37
1.9852 0.0912 -0.1041 55
1.9896 0.0907 -0.0348 71
1.9998 0.088 0.0349 60
1.9774 0.0863 0.1037 50
2.0084 0.0873 0.1759 36
1.9951 0.0861 0.2452 36
2.015 0.0862 0.3194 31
1.9926 0.0853 -0.1745 36
1.9875 0.0843 -0.1043 70
2.0059 0.0844 -0.035 99
2.006 0.0813 0.035 74
1.9777 0.0794 0.1037 53
2.0087 0.0803 0.1759 35
1.9994 0.0793 0.2457 34
2.0074 0.0789 0.3182 31
1.9909 0.0779 -0.1743 36
1.9898 0.0775 -0.1044 72
1.9862 0.0767 -0.0347 82
2.0023 0.0741 0.035 85
1.9859 0.0728 0.1041 59
2.001 0.0727 0.1752 36
2.0116 0.0727 0.2472 44
2.0037 0.0717 0.3176 33
1.9792 0.0705 -0.1733 40
1.994 0.0703 -0.1046 76
1.9885 0.0698 -0.0347 90
1.9886 0.0663 0.0347 99
1.9982 0.0663 0.1048 71
1.9993 0.0656 0.175 38
2.0118 0.0653 0.2472 34
2.0119 0.065 0.3188 33
1.9894 0.0639 -0.1741 56
1.9843 0.0631 -0.104 100
1.9947 0.063 -0.0348 100
1.9908 0.0598 0.0348 100
1.9824 0.0592 0.1039 53
2.0055 0.0592 0.1755 48
1.9962 0.0582 0.2452 36
2.0239 0.0587 0.3207 31
1.9955 0.0575 -0.1747 54
1.9925 0.0567 -0.1045 100
2.0069 0.0568 -0.035 100
2.003 0.0535 0.035 100
1.9826 0.0523 0.1039 71
2.0216 0.0529 0.1769 46
2.0003 0.0517 0.2457 36
2.0162 0.0514 0.3194 32
1.9957 0.0505 -0.1747 68
1.9886 0.05 -0.1043 100
1.9911 0.0494 -0.0348 100
1.9972 0.0464 0.0349 100
1.9868 0.0454 0.1041 71
2.0138 0.0453 0.1762 44
2.0005 0.0447 0.2457 35
2.0164 0.0444 0.3194 31
1.9959 0.0436 -0.1747 100
1.9888 0.0427 -0.1043 100
1.9872 0.0423 -0.0347 100
1.9993 0.0391 0.0349 100
2.0029 0.0388 0.105 85
2.002 0.0381 0.1752 46
2.0046 0.0374 0.2462 39
2.0086 0.0372 0.3182 33
1.9841 0.0364 -0.1736 100
1.9989 0.0359 -0.1048 100
1.9794 0.0352 -0.0346 100
1.9914 0.0323 0.0348 100
1.985 0.0315 0.104 58
2.0101 0.0312 0.1759 45
2.0007 0.0307 0.2457 34
2.0166 0.0303 0.3194 32
1.9922 0.0296 -0.1743 100
1.997 0.0293 -0.1047 100
2.0015 0.0286 -0.0349 100
1.9915 0.0254 0.0348 100
2.0011 0.0248 0.1049 82
2.0201 0.0247 0.1768 40
1.9969 0.0237 0.2452 44
2.0207 0.0233 0.3201 32
1.9863 0.0229 -0.1738 100
1.9891 0.0222 -0.1043 100
2.0236 0.0219 -0.0353 100
1.9956 0.0185 0.0348 100
1.9692 0.0175 0.1032 76
2.0142 0.0176 0.1762 48
1.9989 0.0167 0.2454 42
2.0168 0.0162 0.3194 33
1.9844 0.0159 -0.1736 100
1.9912 0.0153 -0.1044 100
2.0036 0.0147 -0.035 100
1.9957 0.0115 0.0348 100
1.9733 0.0107 0.1034 78
2.0103 0.0105 0.1759 46
2.0009 0.0098 0.2457 33
2.005 0.0091 0.3176 32
1.9884 0.009 -0.174 100
1.9952 0.0084 -0.1046 100
1.9697 0.0076 -0.0344 100
1.9957 0.0045 0.0348 100
1.9753 0.0038 0.1035 74
1.9984 0.0035 0.1748 48
2.0109 0.0028 0.2469 31
2.0129 0.0021 0.3188 32
1.9804 0.0021 -0.1733 100
1.9953 0.0014 -0.1046 100
1.9797 0.0007 -0.0346 100
1.9897 -0.0024 0.0347 100
1.9873 -0.0031 0.1041 81
2.0043 -0.0035 0.1754 51
2.001 -0.0042 0.2457 35
2.0169 -0.0049 0.3194 32
1.9864 -0.0052 -0.1738 100
2.0052 -0.0056 -0.1051 100
1.9697 -0.0062 -0.0344 100
1.9877 -0.0094 0.0347 100
1.9813 -0.01 0.1038 88
2.0103 -0.0109 0.1759 46
1.997 -0.0112 0.2452 35
2.0188 -0.012 0.3198 29
1.9904 -0.0122 -0.1741 100
1.9932 -0.0129 -0.1045 100
1.9837 -0.0132 -0.0346 100
1.9976 -0.0167 0.0349 100
1.9752 -0.0169 0.1035 81
2.0242 -0.018 0.1771 41
1.9929 -0.0184 0.2447 40
2.0128 -0.019 0.3188 32
1.9943 -0.0191 -0.1745 100
1.9912 -0.0198 -0.1044 100
1.9976 -0.0202 -0.0349 100
1.9996 -0.0234 0.0349 100
1.9771 -0.0235 0.1036 78
2.0181 -0.0247 0.1766 45
2.0008 -0.0251 0.2457 40
2.0029 -0.0255 0.3172 33
1.9843 -0.0256 -0.1736 100
1.9911 -0.0264 -0.1044 100
1.9695 -0.0265 -0.0344 100
1.9935 -0.0299 0.0348 100
1.9791 -0.0301 0.1037 68
2.0101 -0.0312 0.1759 43
2.0087 -0.0319 0.2467 36
2.0126 -0.0323 0.3188 32
1.9822 -0.0322 -0.1734 100
2.007 -0.0333 -0.1052 100
1.9714 -0.033 -0.0344 100
1.9894 -0.0365 0.0347 100
1.9849 -0.0367 0.104 78
2.0139 -0.038 0.1762 39
2.0046 -0.0385 0.2462 39
2.0165 -0.0391 0.3194 31
1.994 -0.039 -0.1745 100
1.9989 -0.0398 -0.1048 100
1.9953 -0.0401 -0.0348 100
1.9892 -0.0441 0.0347 100
1.9768 -0.0442 0.1036 58
2.0138 -0.0457 0.1762 41
1.9965 -0.046 0.2452 37
2.0203 -0.0469 0.3201 31
1.9879 -0.0465 -0.174 100
1.9847 -0.0471 -0.104 100
2.0111 -0.0481 -0.0351 100
1.995 -0.0508 0.0348 100
1.9826 -0.0512 0.1039 59
2.0136 -0.0527 0.1762 43
2.0003 -0.0527 0.2457 35
2.0161 -0.0539 0.3194 33
1.9937 -0.0536 -0.1745 100
1.9865 -0.0538 -0.1041 100
1.975 -0.0541 -0.0345 100
2.0009 -0.058 0.0349 100
1.9844 -0.0582 0.104 55
2.0234 -0.0597 0.1771 37
2.0001 -0.0597 0.2457 33
2.0159 -0.0609 0.3194 32
1.9875 -0.06 -0.174 100
1.9923 -0.0609 -0.1045 100
1.9748 -0.061 -0.0345 100
2.0026 -0.065 0.035 100
1.9842 -0.0651 0.104 57
2.0052 -0.0662 0.1755 36
2.0197 -0.0674 0.2481 33
2.0197 -0.0681 0.3201 31
1.9873 -0.067 -0.174 63
1.9981 -0.068 -0.1048 100
1.9825 -0.0682 -0.0346 100
1.9924 -0.0717 0.0348 97
1.998 -0.0722 0.1048 71
2.011 -0.0734 0.1761 34
2.0016 -0.0737 0.2459 32
2.0214 -0.0748 0.3204 29
1.9771 -0.0735 -0.1731 60
1.9959 -0.0749 -0.1047 100
1.9923 -0.0751 -0.0348 100
1.9922 -0.0783 0.0348 89
1.9877 -0.0788 0.1043 55
1.9948 -0.0798 0.1747 36
1.9954 -0.0801 0.2452 33
2.0152 -0.0816 0.3194 32
1.9927 -0.0811 -0.1745 52
1.9916 -0.0814 -0.1045 100
1.992 -0.0821 -0.0348 100
1.9959 -0.0854 0.0349 99
1.9754 -0.0852 0.1036 44
2.0064 -0.0869 0.1757 35
2.007 -0.0876 0.2467 35
2.0268 -0.0892 0.3213 31
1.9905 -0.0876 -0.1743 53
1.9913 -0.0883 -0.1045 85
1.9917 -0.089 -0.0348 90
2.0035 -0.0927 0.035 89
1.9751 -0.0921 0.1036 46
2.0061 -0.0939 0.1757 34
1.9948 -0.0941 0.2452 35
2.0146 -0.0957 0.3194 31
1.9862 -0.0944 -0.174 42
1.997 -0.0956 -0.1048 80
1.9854 -0.0957 -0.0347 94
2.0032 -0.0997 0.035 68
1.9868 -0.0996 0.1043 51
1.9958 -0.1004 0.1748 33
2.0103 -0.1018 0.2472 34
2.0103 -0.1025 0.3188 31
1.9779 -0.1009 -0.1733 40
2.0026 -0.1028 -0.1051 71
1.987 -0.1027 -0.0347 78
1.9949 -0.1063 0.0349 60
1.9824 -0.1063 0.104 48
1.9995 -0.1076 0.1752 32
2.0099 -0.1089 0.2472 32
2.0218 -0.1102 0.3207 31
1.9855 -0.1082 -0.174 37
1.9943 -0.1094 -0.1047 76
1.9927 -0.11 -0.0348 80
1.9985 -0.1135 0.0349 63
1.9801 -0.1128 0.1039 40
2.007 -0.115 0.1759 30
1.9977 -0.1152 0.2457 34
2.0194 -0.1168 0.3204 30
1.989 -0.1154 -0.1743 31
1.9819 -0.1157 -0.104 56
1.9943 -0.1167 -0.0349 78
2.0001 -0.1202 0.035 68
1.9837 -0.1196 0.1041 41
2.0106 -0.1219 0.1762 31
1.9973 -0.1218 0.2457 33
2.021 -0.1236 0.3207 31
1.9906 -0.1221 -0.1745 30
1.9895 -0.1227 -0.1045 47
1.9959 -0.1235 -0.0349 85
2.0077 -0.1274 0.0351 70
1.9852 -0.1266 0.1043 43
2.0102 -0.1286 0.1762 31
2.0028 -0.1288 0.2464 31
2.0127 -0.1302 0.3194 31
1.9882 -0.1289 -0.1743 30
1.999 -0.1303 -0.105 55
1.9815 -0.1295 -0.0347 63
2.0032 -0.1345 0.035 52
1.9808 -0.1336 0.104 37
1.9938 -0.1349 0.1748 33
2.0063 -0.1364 0.2469 30
2.0043 -0.137 0.3182 31
1.9798 -0.1357 -0.1736 24
1.9985 -0.1376 -0.105 59
1.991 -0.1375 -0.0348 51
1.9927 -0.1411 0.0349 48
1.9883 -0.1411 0.1045 38
2.0092 -0.1433 0.1762 30
2.0038 -0.1436 0.2467 32
2.0215 -0.1453 0.321 29
1.9872 -0.1431 -0.1743 24
1.996 -0.1445 -0.1049 66
1.9925 -0.1446 -0.0349 42
1.9922 -0.1477 0.0349 48
1.9838 -0.1474 0.1043 38
2.0008 -0.1494 0.1755 34
2.0013 -0.1501 0.2464 30
2.0269 -0.1524 0.3219 28
1.9947 -0.1503 -0.175 25
1.9776 -0.1497 -0.1039 63
2.0079 -0.1524 -0.0351 50
1.9917 -0.1543 0.0349 40
1.9853 -0.1545 0.1044 41
2.0102 -0.1568 0.1764 34
1.9988 -0.1566 0.2462 31
2.0205 -0.159 0.321 28
1.9922 -0.1568 -0.1748 21
1.995 -0.1577 -0.1049 44
2.0054 -0.1592 -0.0351 46
1.9972 -0.1617 0.035 38
1.9787 -0.1609 0.104 33
2.0116 -0.164 0.1766 31
2.0101 -0.1646 0.2476 31
2.0081 -0.1651 0.3191 28
1.9877 -0.1634 -0.1745 19
1.9945 -0.1647 -0.1049 38
1.9849 -0.1646 -0.0348 38
1.9886 -0.168 0.0348 38
1.9802 -0.168 0.1041 32
2.0071 -0.1707 0.1762 31
2.0095 -0.1716 0.2476 29
2.0272 -0.1738 0.3223 28
1.9831 -0.17 -0.1741 19
1.9979 -0.172 -0.1051 40
1.9863 -0.1717 -0.0348 35
1.986 -0.1748 0.0348 36
1.9895 -0.1758 0.1047 37
2.0025 -0.1773 0.1759 31
2.0089 -0.1786 0.2476 31
2.0226 -0.1805 0.3216 28
1.9885 -0.1775 -0.1747 19
1.9972 -0.179 -0.1051 38
1.9897 -0.179 -0.0349 35
1.9894 -0.1821 0.0349 36
1.9849 -0.182 0.1045 33
2.0078 -0.1848 0.1764 26
2.0043 -0.1852 0.2472 30
2.024 -0.1874 0.3219 28
1.9898 -0.1846 -0.1748 18
1.9847 -0.1848 -0.1045 36
1.991 -0.1858 -0.0349 31
2.0007 -0.1898 0.0351 34
1.9823 -0.1888 0.1044 34
2.0111 -0.1922 0.1768 28
1.9998 -0.1915 0.2467 31
2.0233 -0.1945 0.3219 28
1.9892 -0.1915 -0.1748 20
1.988 -0.1918 -0.1047 39
2.0103 -0.1946 -0.0353 36
1.9961 -0.1964 0.035 33
1.9777 -0.195 0.1041 32
2.0144 -0.1993 0.1771 27
2.0109 -0.1997 0.2481 31
2.0168 -0.2006 0.321 29
1.9965 -0.1989 -0.1755 20
1.9953 -0.1995 -0.1051 37
1.9838 -0.1987 -0.0348 32
1.9914 -0.2026 0.0349 36
1.983 -0.2025 0.1045 32
2.0038 -0.2053 0.1762 29
2.0142 -0.2067 0.2486 31
2.0161 -0.2076 0.321 30
1.9799 -0.2043 -0.1741 20
1.9986 -0.2065 -0.1053 37
2.003 -0.2077 -0.0351 37
1.9907 -0.2099 0.0349 34
1.9842 -0.2099 0.1046 31
2.011 -0.2131 0.1769 28
2.0055 -0.2133 0.2476 30
2.0232 -0.2159 0.3223 28
1.9831 -0.2116 -0.1745 18
1.9998 -0.2141 -0.1054 34
1.9863 -0.2133 -0.0349 33
1.9939 -0.2173 0.035 33
1.9795 -0.2164 0.1044 29
2.0122 -0.2204 0.1771 27
1.989 -0.2185 0.2457 28
2.0204 -0.2227 0.3219 28
1.9883 -0.2192 -0.175 18
1.9911 -0.2202 -0.105 34
1.9955 -0.2214 -0.035 31
1.9931 -0.2243 0.035 32
1.9708 -0.2224 0.1039 30
2.0115 -0.2274 0.1771 28
2.0001 -0.2268 0.2472 30
2.0255 -0.2304 0.3229 28
1.9935 -0.2268 -0.1755 18
1.9864 -0.2267 -0.1048 32
1.9967 -0.2285 -0.0351 31
2.0023 -0.2324 0.0352 31
1.9739 -0.2298 0.1041 32
2.0106 -0.2344 0.1771 26
2.0091 -0.235 0.2484 27
2.0188 -0.2368 0.3219 28
1.9887 -0.2333 -0.1752 22
1.9935 -0.2345 -0.1052 35
1.9939 -0.2353 -0.035 35
1.9935 -0.2384 0.035 32
1.9771 -0.2372 0.1044 28
2.0059 -0.241 0.1768 24
2.0142 -0.2427 0.2491 30
2.0082 -0.2427 0.3204 29
1.98 -0.2393 -0.1745 18
2.0065 -0.2432 -0.1059 36
1.9831 -0.241 -0.0349 31
1.9887 -0.2449 0.035 33
1.9881 -0.2455 0.105 30
2.0129 -0.2489 0.1774 19
2.0094 -0.2492 0.2486 30
2.0152 -0.2506 0.3216 29
1.9791 -0.2462 -0.1745 19
1.9958 -0.2489 -0.1054 34
1.9981 -0.2499 -0.0351 31
1.9938 -0.2526 0.0351 32
1.9912 -0.253 0.1052 31
2.0101 -0.2557 0.1773 23
1.9987 -0.255 0.2474 29
2.028 -0.2594 0.3238 25
1.9921 -0.2552 -0.1757 19
1.987 -0.2549 -0.105 35
2.0032 -0.2577 -0.0353 33
1.9909 -0.2593 0.035 30
1.9785 -0.2584 0.1046 28
2.021 -0.2646 0.1783 26
1.9978 -0.2619 0.2474 20
2.029 -0.2668 0.3241 16
1.9911 -0.2621 -0.1757 17
1.9821 -0.2616 -0.1048 33
1.9963 -0.2639 -0.0351 31
1.9998 -0.2679 0.0352 17
1.9922 -0.2694 -0.1759 11
