1.9973 -0.2039 0.035 33
1.9809 -0.203 0.1044 30
2.0077 -0.2061 0.1766 28
2.0161 -0.2076 0.2489 32
2.0199 -0.2087 0.3216 28
1.9838 -0.205 -0.1745 20
1.9985 -0.2072 -0.1053 36
1.9949 -0.2076 -0.035 34
1.9886 -0.2101 0.0349 34
1.9841 -0.2103 0.1046 29
2.009 -0.2133 0.1768 27
2.0154 -0.2147 0.2489 32
2.0212 -0.216 0.3219 28
1.9831 -0.2119 -0.1745 21
1.9978 -0.2142 -0.1053 38
2.0041 -0.2156 -0.0352 36
1.9899 -0.2172 0.0349 31
1.9914 -0.2177 0.105 30
2.0122 -0.2207 0.1771 27
1.9988 -0.22 0.2469 28
2.0263 -0.2233 0.3229 29
1.9843 -0.2191 -0.1747 19
1.9891 -0.2203 -0.1049 38
2.0074 -0.2227 -0.0353 35
1.9852 -0.2234 0.0349 34
1.9747 -0.2229 0.1041 31
2.0174 -0.2284 0.1776 28
2.0001 -0.2268 0.2472 28
2.0196 -0.2298 0.3219 28
1.9855 -0.2262 -0.1748 18
2.0003 -0.2283 -0.1055 35
2.0046 -0.2295 -0.0352 34
1.9943 -0.2315 0.035 34
1.9739 -0.2298 0.1041 30
2.0106 -0.2344 0.1771 26
2.0052 -0.2345 0.2479 30
2.0129 -0.2361 0.321 28
1.9927 -0.2337 -0.1755 18
1.9895 -0.2341 -0.105 32
1.9899 -0.2348 -0.035 32
1.9875 -0.2377 0.0349 31
1.9731 -0.2367 0.1041 28
2.0059 -0.241 0.1768 26
2.0103 -0.2422 0.2486 28
2.0199 -0.2441 0.3223 28
1.9839 -0.2397 -0.1748 18
2.0006 -0.2425 -0.1056 33
1.991 -0.242 -0.035 29
1.9867 -0.2446 0.0349 35
1.9802 -0.2445 0.1046 29
2.0129 -0.2489 0.1774 26
2.0074 -0.249 0.2484 31
2.021 -0.2514 0.3226 27
1.9851 -0.2469 -0.175 19
1.9997 -0.2494 -0.1056 35
1.9961 -0.2497 -0.0351 32
1.9878 -0.2518 0.035 32
1.9833 -0.252 0.1048 30
2.012 -0.256 0.1774 24
1.9928 -0.2542 0.2467 29
2.028 -0.2594 0.3238 28
1.9921 -0.2548 -0.1757 19
1.989 -0.2551 -0.1051 35
1.9933 -0.2564 -0.0351 29
1.9929 -0.2595 0.0351 31
1.9745 -0.2578 0.1044 30
2.019 -0.264 0.1781 17
1.9997 -0.2622 0.2476 29
2.0232 -0.266 0.3232 28
1.9892 -0.2615 -0.1755 18
1.99 -0.2623 -0.1052 33
2.0062 -0.2652 -0.0353 32
2.0038 -0.2681 0.0353 31
1.9775 -0.2653 0.1046 27
2.0082 -0.2697 0.1773 26
2.0086 -0.2705 0.2489 30
2.0105 -0.2715 0.3213 28
1.9922 -0.269 -0.1759 18
1.9891 -0.2693 -0.1052 33
1.9934 -0.2706 -0.0351 33
2.0029 -0.2751 0.0353 32
1.9945 -0.2743 0.1055 34
1.9994 -0.2757 0.1766 25
2.0116 -0.2781 0.2493 26
2.0252 -0.2803 0.3238 24
1.9794 -0.2743 -0.1748 18
2 -0.2779 -0.1058 33
1.9905 -0.2769 -0.0351 31
1.9861 -0.2795 0.035 28
1.9915 -0.281 0.1054 23
1.9864 -0.2823 -0.1755 16
1.9991 -0.2845 -0.1058 25
1.9935 -0.2844 -0.0351 25
1.9933 0.2187 0.1051 2
2.003 0.2187 0.2474 8
2.0025 0.2175 -0.1762 2
2.0075 0.2174 -0.1058 4
1.9941 0.2156 -0.035 3
1.9944 0.2121 0.035 24
1.9576 0.2071 0.1722 15
2.0097 0.2112 0.3201 4
1.9934 0.2092 -0.1754 2
1.9705 0.2061 -0.1038 19
1.9889 0.2076 -0.0349 29
2.0032 0.2056 0.0351 39
2.0028 0.2048 0.1055 27
1.9722 0.2014 0.1734 23
1.9966 0.2032 0.2464 24
1.9712 0.1999 0.3138 14
1.9862 0.2011 -0.1747 3
1.9852 0.2002 -0.1046 28
2.0175 0.2032 -0.0354 39
1.9879 0.1977 0.0349 27
1.9934 0.1979 0.105 36
2.0065 0.1985 0.1764 30
1.9874 0.1959 0.2452 28
1.9757 0.1944 0.3144 21
2.0205 0.1985 -0.1776 17
1.9719 0.193 -0.1038 24
2.0181 0.1972 -0.0354 41
2.0045 0.1927 0.0351 29
1.9822 0.1898 0.1044 28
2.0032 0.1911 0.1761 27
2.0018 0.1906 0.2469 31
2.0078 0.1905 0.3194 35
1.9954 0.189 -0.1754 35
1.9824 0.1874 -0.1044 31
2.0008 0.1884 -0.0351 29
2.0051 0.1857 0.0351 31
1.9789 0.1825 0.1041 34
2.0138 0.1854 0.1769 30
2.0064 0.184 0.2474 29
1.9967 0.1824 0.3176 26
2.0079 0.1834 -0.1764 38
1.997 0.1817 -0.1051 33
1.9935 0.1807 -0.0349 29
1.9898 0.1772 0.0349 33
1.9835 0.176 0.1044 30
2.0045 0.1775 0.1761 28
2.0051 0.1768 0.2472 29
2.0072 0.1763 0.3191 29
1.9847 0.1743 -0.1743 30
2.0056 0.1755 -0.1055 32
1.9941 0.1738 -0.0349 31
1.9904 0.1703 0.0349 31
1.99 0.1696 0.1047 32
2.0071 0.1707 0.1762 30
1.9998 0.1693 0.2464 33
2.0156 0.17 0.3204 30
1.9853 0.1674 -0.1743 30
1.9942 0.1675 -0.1049 31
1.9967 0.167 -0.035 32
1.995 0.1637 0.0349 38
1.9827 0.162 0.1043 33
2.0116 0.164 0.1766 29
2.0004 0.1624 0.2464 31
2.0202 0.1632 0.321 30
1.9919 0.161 -0.1748 28
1.9928 0.1603 -0.1048 35
2.0093 0.161 -0.0352 32
1.9975 0.1569 0.035 35
1.9752 0.1548 0.1038 33
2.0162 0.1573 0.1769 30
2.0009 0.1554 0.2464 29
2.0207 0.1565 0.321 30
2.0043 0.1549 -0.1759 27
1.9993 0.1538 -0.1051 33
2.0038 0.1538 -0.0351 34
1.9961 0.1501 0.0349 37
1.9718 0.1476 0.1036 33
2.0087 0.1496 0.1762 32
2.0054 0.149 0.2469 32
2.0094 0.1486 0.3191 28
1.9929 0.1471 -0.1748 29
1.9899 0.1465 -0.1046 36
2.0003 0.1465 -0.035 34
1.9986 0.1433 0.035 36
1.9822 0.1414 0.1041 35
1.9953 0.142 0.175 34
2.0019 0.1417 0.2464 31
2.0119 0.1417 0.3194 31
1.9835 0.1397 -0.174 34
1.9884 0.1394 -0.1045 33
2.0048 0.1398 -0.0351 37
1.9931 0.1359 0.0349 37
1.9847 0.1346 0.1043 37
2.0018 0.1354 0.1755 34
2.0024 0.1348 0.2464 30
2.0202 0.1352 0.3207 31
1.9879 0.1331 -0.1743 33
2.0028 0.1334 -0.1052 35
1.9893 0.1318 -0.0348 33
1.9895 0.1287 0.0348 38
1.9911 0.1281 0.1046 41
2.0102 0.1289 0.1762 31
1.9949 0.1273 0.2454 29
2.0227 0.1283 0.321 30
1.9884 0.1261 -0.1743 34
1.9993 0.1261 -0.105 36
1.9978 0.1253 -0.0349 35
1.998 0.1222 0.0349 42
1.9876 0.1209 0.1044 45
2.0146 0.1222 0.1766 31
2.0033 0.1208 0.2464 31
2.0251 0.1214 0.3213 27
1.9948 0.1196 -0.1748 36
1.9917 0.1187 -0.1046 37
1.9902 0.1179 -0.0348 39
1.9984 0.1152 0.0349 42
1.992 0.1142 0.1046 48
2.0011 0.1143 0.1754 35
2.0017 0.1137 0.2462 33
2.0058 0.1132 0.3182 33
1.9892 0.1123 -0.1743 33
1.9921 0.1117 -0.1046 38
1.9886 0.1108 -0.0348 42
1.9968 0.1081 0.0349 41
1.9824 0.1067 0.104 45
1.9915 0.1068 0.1745 35
2.01 0.1071 0.2472 36
2.0101 0.1064 0.3188 32
1.9836 0.105 -0.1738 35
1.9945 0.1049 -0.1047 41
1.999 0.1044 -0.0349 52
1.9931 0.101 0.0348 48
1.9868 0.0999 0.1043 44
2.0058 0.1006 0.1757 34
2.0025 0.0997 0.2462 36
2.0183 0.0998 0.3201 32
1.99 0.0984 -0.1743 32
1.9909 0.0977 -0.1045 46
1.9993 0.0974 -0.0349 43
1.9935 0.094 0.0348 57
1.9851 0.0929 0.1041 43
2.0061 0.0936 0.1757 37
1.9988 0.0925 0.2457 35
2.0246 0.093 0.321 30
1.9943 0.0916 -0.1747 32
1.9892 0.0907 -0.1044 48
2.0096 0.0909 -0.0351 75
1.9978 0.0872 0.0349 57
1.9794 0.0861 0.1038 52
2.0144 0.0869 0.1764 36
2.0011 0.0856 0.2459 38
2.0269 0.0864 0.3213 31
1.9986 0.0848 -0.175 33
1.9815 0.0834 -0.1039 53
1.9979 0.0837 -0.0349 67
1.9981 0.0806 0.0349 64
1.9857 0.0798 0.1041 54
2.0147 0.0802 0.1764 37
2.0074 0.0792 0.2467 39
2.0094 0.0789 0.3185 33
1.9909 0.0779 -0.1743 40
1.9938 0.0773 -0.1046 66
2.0002 0.0772 -0.0349 100
2.0043 0.0742 0.035 70
1.9879 0.0729 0.1043 55
2.011 0.0734 0.1761 37
2.0116 0.0727 0.2472 36
2.0156 0.0721 0.3194 33
1.9792 0.0708 -0.1733 37
1.992 0.0706 -0.1045 74
1.9885 0.0698 -0.0347 86
1.9886 0.0667 0.0347 95
1.9902 0.066 0.1044 59
2.0052 0.0662 0.1755 43
2.0039 0.0654 0.2462 35
2.0237 0.0654 0.3207 31
1.9914 0.0643 -0.1743 50
1.9942 0.0637 -0.1046 96
1.9927 0.063 -0.0348 90
1.9908 0.0598 0.0348 87
1.9964 0.0593 0.1047 62
2.0134 0.0594 0.1762 39
2.0041 0.0584 0.2462 39
2.016 0.0581 0.3194 33
1.9916 0.057 -0.1743 42
1.9785 0.0563 -0.1037 99
2.0029 0.0563 -0.035 100
1.991 0.0528 0.0348 99
1.9886 0.0521 0.1043 74
2.0176 0.0521 0.1766 43
1.9963 0.0512 0.2452 36
2.0142 0.051 0.3191 34
1.9997 0.0503 -0.175 90
1.9747 0.049 -0.1035 100
2.0171 0.0496 -0.0352 100
1.9992 0.0457 0.0349 100
1.9648 0.0442 0.103 61
2.0158 0.045 0.1764 44
2.0005 0.044 0.2457 36
2.0124 0.0436 0.3188 31
1.9959 0.0429 -0.1747 54
1.9868 0.0423 -0.1041 100
1.9833 0.0415 -0.0346 100
1.9953 0.0387 0.0348 100
1.9949 0.038 0.1046 65
2.002 0.0374 0.1752 49
2.0046 0.0371 0.2462 36
2.0106 0.0365 0.3185 33
1.9861 0.0357 -0.1738 58
1.9989 0.0352 -0.1048 100
1.9954 0.0348 -0.0348 100
1.9914 0.032 0.0348 100
2.003 0.0318 0.105 80
2.0021 0.0311 0.1752 49
2.0047 0.0304 0.2462 37
2.0206 0.0303 0.3201 33
1.9962 0.0296 -0.1747 100
1.9811 0.0287 -0.1038 100
2.0115 0.0288 -0.0351 100
1.9895 0.0253 0.0347 100
1.9871 0.0246 0.1041 81
2.0122 0.0242 0.1761 46
1.9929 0.0237 0.2447 36
2.0167 0.0232 0.3194 33
2.0022 0.0227 -0.1752 100
1.9852 0.0222 -0.104 100
1.9896 0.0215 -0.0347 100
1.9916 0.0184 0.0348 100
1.9672 0.0175 0.1031 72
2.0162 0.0176 0.1764 45
1.9969 0.0167 0.2452 39
2.0207 0.0162 0.3201 31
1.9983 0.0157 -0.1748 100
1.9932 0.015 -0.1045 100
2.0176 0.0148 -0.0352 100
1.9957 0.0111 0.0348 100
1.9693 0.0103 0.1032 59
2.0203 0.0102 0.1768 44
2.0069 0.0095 0.2464 38
2.003 0.0087 0.3172 33
2.0063 0.0084 -0.1755 100
1.9972 0.0077 -0.1047 100
1.9857 0.0073 -0.0347 100
1.9897 0.0038 0.0347 100
1.9993 0.0031 0.1048 87
2.0043 0.0028 0.1754 46
2.0129 0.0021 0.2472 40
2.0129 0.0014 0.3188 33
1.9765 0.001 -0.1729 100
2.0013 0.0003 -0.1049 100
2.0037 0 -0.035 100
1.9977 -0.0035 0.0349 100
1.9873 -0.0042 0.1041 72
2.0063 -0.0046 0.1755 49
2.003 -0.0052 0.2459 38
2.0169 -0.006 0.3194 33
1.9844 -0.0062 -0.1736 100
1.9893 -0.0069 -0.1043 100
1.9777 -0.0072 -0.0345 100
1.9937 -0.0094 0.0348 100
1.9872 -0.0101 0.1041 68
2.0123 -0.0105 0.1761 45
1.997 -0.0112 0.2452 32
2.0208 -0.012 0.3201 31
1.9924 -0.0118 -0.1743 100
1.9872 -0.0125 -0.1041 100
1.9957 -0.0132 -0.0348 100
1.9916 -0.0163 0.0348 100
1.9652 -0.0168 0.103 67
2.0222 -0.0176 0.1769 40
1.993 -0.0181 0.2447 35
2.0168 -0.019 0.3194 32
1.9903 -0.0188 -0.1741 100
1.9852 -0.0194 -0.104 100
1.9776 -0.02 -0.0345 100
1.9956 -0.0233 0.0348 100
1.9672 -0.0233 0.1031 74
2.0161 -0.0246 0.1764 44
2.0008 -0.0251 0.2457 37
2.0108 -0.0256 0.3185 29
1.9902 -0.0257 -0.1741 100
1.9971 -0.0265 -0.1047 100
1.9675 -0.0264 -0.0343 100
1.9915 -0.0299 0.0348 100
1.9791 -0.0304 0.1037 68
2.0001 -0.0314 0.175 45
2.0166 -0.032 0.2476 35
2.0186 -0.0328 0.3198 30
1.9822 -0.0325 -0.1734 100
1.995 -0.0331 -0.1046 100
1.9934 -0.0338 -0.0348 100
1.9834 -0.0367 0.0346 100
1.9829 -0.0374 0.1039 83
2.006 -0.0382 0.1755 41
2.0085 -0.0389 0.2467 39
2.0165 -0.0398 0.3194 33
1.986 -0.0392 -0.1738 100
1.9929 -0.04 -0.1045 100
1.9973 -0.0408 -0.0349 100
1.9912 -0.0438 0.0348 100
1.9808 -0.0443 0.1038 56
2.0058 -0.0452 0.1755 41
2.0004 -0.0457 0.2457 37
2.0282 -0.0471 0.3213 31
1.9938 -0.0463 -0.1745 100
1.9887 -0.0469 -0.1043 100
1.9831 -0.0474 -0.0346 100
1.9891 -0.0507 0.0347 100
1.9906 -0.0514 0.1044 80
2.0116 -0.0523 0.1761 38
2.0003 -0.0527 0.2457 33
2.0201 -0.054 0.3201 31
1.9917 -0.0535 -0.1743 100
1.9925 -0.0539 -0.1045 100
1.987 -0.0545 -0.0347 100
1.9969 -0.0579 0.0349 100
1.9724 -0.0579 0.1034 52
2.0194 -0.0599 0.1768 37
2.012 -0.0601 0.2472 36
2.012 -0.0608 0.3188 32
1.9915 -0.0605 -0.1743 100
1.9943 -0.0613 -0.1046 100
1.9768 -0.0611 -0.0345 100
1.9966 -0.0652 0.0349 100
1.9862 -0.0652 0.1041 53
2.0092 -0.0667 0.1759 35
2.0078 -0.0673 0.2467 32
2.0078 -0.0677 0.3182 32
1.9793 -0.067 -0.1733 100
2.0061 -0.0687 -0.1052 100
1.9805 -0.0681 -0.0346 100
1.9864 -0.0714 0.0347 100
1.988 -0.0722 0.1043 52
2.0149 -0.0739 0.1764 37
1.9996 -0.0737 0.2457 33
2.0194 -0.0751 0.3201 31
1.981 -0.074 -0.1734 100
1.9978 -0.075 -0.1048 100
1.9923 -0.0755 -0.0348 100
1.9961 -0.0788 0.0349 99
1.9877 -0.0788 0.1043 57
2.0167 -0.0806 0.1766 35
1.9993 -0.0807 0.2457 33
2.029 -0.0822 0.3216 30
1.9888 -0.0809 -0.1741 57
1.9896 -0.0816 -0.1044 100
2 -0.0824 -0.0349 100
1.9979 -0.0855 0.0349 90
1.9774 -0.0853 0.1037 53
2.0184 -0.0878 0.1768 33
2.0011 -0.0874 0.2459 31
2.0287 -0.0893 0.3216 29
1.9944 -0.0881 -0.1747 49
1.9933 -0.0884 -0.1046 98
1.9897 -0.089 -0.0348 100
1.9996 -0.0925 0.0349 99
1.9811 -0.0924 0.1039 50
2.0081 -0.094 0.1759 34
2.0106 -0.0948 0.2472 32
2.0185 -0.0959 0.3201 31
1.9901 -0.0945 -0.1743 48
1.999 -0.0957 -0.1049 87
1.9874 -0.0958 -0.0347 86
1.9952 -0.0993 0.0349 81
1.9808 -0.0993 0.1039 43
1.9998 -0.1006 0.1752 34
2.0103 -0.1018 0.2472 32
2.0103 -0.1025 0.3188 31
1.9878 -0.1014 -0.1741 44
1.9966 -0.1025 -0.1048 62
1.985 -0.1026 -0.0347 94
1.9869 -0.1059 0.0347 78
1.9984 -0.1072 0.1049 51
1.9995 -0.1076 0.1752 33
2.0099 -0.1089 0.2472 36
2.0158 -0.1099 0.3198 30
1.9874 -0.1083 -0.1741 36
1.9903 -0.1092 -0.1045 61
1.9927 -0.11 -0.0348 91
1.9965 -0.1134 0.0349 66
1.984 -0.1134 0.1041 50
2.007 -0.115 0.1759 33
2.0036 -0.1155 0.2464 31
2.0194 -0.1171 0.3204 30
1.989 -0.1154 -0.1743 34
1.9839 -0.1158 -0.1041 64
2.0003 -0.1174 -0.035 61
1.9961 -0.1203 0.0349 50
1.9757 -0.1198 0.1037 49
2.0046 -0.1219 0.1757 34
2.0012 -0.1224 0.2462 33
2.019 -0.1242 0.3204 29
1.9966 -0.1228 -0.175 36
1.9855 -0.1228 -0.1043 63
1.9958 -0.1242 -0.0349 57
1.9956 -0.1273 0.0349 57
1.9772 -0.1268 0.1038 45
2.0141 -0.1295 0.1766 31
2.0067 -0.1298 0.2469 31
2.0185 -0.1312 0.3204 29
1.9882 -0.1293 -0.1743 33
1.989 -0.13 -0.1045 58
1.9874 -0.1306 -0.0348 67
1.9952 -0.1343 0.0349 58
1.9768 -0.1337 0.1038 35
2.0057 -0.136 0.1759 31
2.0122 -0.1372 0.2476 33
2.0141 -0.138 0.3198 29
1.9917 -0.1365 -0.1747 23
1.9985 -0.1376 -0.105 43
1.9909 -0.1378 -0.0348 59
1.9947 -0.1412 0.0349 60
1.9922 -0.1418 0.1047 38
2.0052 -0.143 0.1759 31
2.0097 -0.1441 0.2474 30
2.0176 -0.1453 0.3204 29
1.9813 -0.1427 -0.1738 23
1.9861 -0.1438 -0.1044 51
1.9884 -0.1446 -0.0348 65
1.9942 -0.1482 0.0349 60
1.9878 -0.1481 0.1045 39
2.0087 -0.1503 0.1762 30
2.0013 -0.1505 0.2464 31
2.0269 -0.1528 0.3219 28
1.9947 -0.1507 -0.175 24
1.9875 -0.1508 -0.1045 55
1.9939 -0.1517 -0.0349 50
1.9937 -0.1548 0.0349 48
1.9733 -0.1536 0.1037 35
2.0122 -0.1573 0.1766 30
1.9968 -0.1568 0.2459 30
2.0244 -0.1593 0.3216 28
1.9962 -0.1575 -0.1752 23
1.991 -0.1577 -0.1047 58
2.0054 -0.1592 -0.0351 37
2.0011 -0.1621 0.035 44
1.9768 -0.1608 0.1039 35
2.0176 -0.1645 0.1771 28
2.0121 -0.1647 0.2479 30
2.012 -0.1654 0.3198 29
1.9916 -0.1637 -0.1748 23
1.9965 -0.1648 -0.105 53
1.9889 -0.1649 -0.0348 42
1.9926 -0.1684 0.0349 41
1.9802 -0.168 0.1041 35
1.9991 -0.17 0.1755 33
2.0036 -0.1711 0.2469 30
2.0193 -0.1731 0.321 29
1.9851 -0.1702 -0.1743 25
2.0038 -0.1725 -0.1054 42
1.9883 -0.1719 -0.0348 40
1.986 -0.1748 0.0348 37
1.9875 -0.1756 0.1046 34
2.0065 -0.1777 0.1762 31
2.007 -0.1784 0.2474 30
2.0226 -0.1805 0.3216 28
1.9865 -0.1773 -0.1745 18
1.9913 -0.1784 -0.1048 36
1.9897 -0.179 -0.0349 36
1.9854 -0.1817 0.0348 37
1.9869 -0.1826 0.1046 31
2.0118 -0.1852 0.1768 27
2.0024 -0.185 0.2469 30
2.0279 -0.1881 0.3226 25
1.9859 -0.1842 -0.1745 19
1.9827 -0.1846 -0.1044 36
1.993 -0.1863 -0.0349 35
1.9947 -0.1896 0.035 39
1.9763 -0.1882 0.104 32
2.0111 -0.1922 0.1768 28
2.0017 -0.192 0.2469 29
2.0174 -0.1939 0.321 29
1.9892 -0.1915 -0.1748 19
1.986 -0.1919 -0.1046 36
1.9944 -0.1931 -0.035 32
1.998 -0.1966 0.035 35
1.9757 -0.1951 0.104 33
2.0144 -0.1996 0.1771 28
2.005 -0.1991 0.2474 30
2.0089 -0.2002 0.3198 29
1.9925 -0.1989 -0.1752 19
1.9973 -0.1997 -0.1052 36
1.9917 -0.1999 -0.0349 34
1.9973 -0.2036 0.035 34
1.9809 -0.2026 0.1044 30
2.0058 -0.2055 0.1764 28
2.0083 -0.2065 0.2479 31
2.0239 -0.2088 0.3223 28
1.9878 -0.2054 -0.1748 21
1.9966 -0.2067 -0.1052 37
2.0049 -0.2082 -0.0352 36
1.9847 -0.2093 0.0348 35
1.9842 -0.2099 0.1046 31
2.009 -0.2133 0.1768 28
2.0115 -0.2139 0.2484 30
2.0251 -0.2161 0.3226 27
1.9851 -0.2121 -0.1747 22
1.9918 -0.2136 -0.105 38
2.0002 -0.2148 -0.0351 33
1.9859 -0.2168 0.0349 31
1.9834 -0.2169 0.1046 30
2.0162 -0.2212 0.1774 27
1.9949 -0.2195 0.2464 31
2.0302 -0.2238 0.3235 28
1.9863 -0.2193 -0.1748 18
1.9831 -0.2196 -0.1046 38
2.0074 -0.2227 -0.0353 35
1.9931 -0.2243 0.035 35
1.9747 -0.2229 0.1041 31
2.0134 -0.228 0.1773 29
2.006 -0.2275 0.2479 28
2.0255 -0.2304 0.3229 29
1.9934 -0.2271 -0.1755 18
1.9883 -0.2269 -0.1049 35
2.0026 -0.2292 -0.0352 33
1.9983 -0.2319 0.0351 34
1.9779 -0.2303 0.1044 30
2.0146 -0.2349 0.1774 26
2.0032 -0.2343 0.2476 29
2.0188 -0.2368 0.3219 28
1.9947 -0.234 -0.1757 18
1.9994 -0.2352 -0.1055 33
1.9998 -0.236 -0.0351 34
1.9955 -0.2387 0.0351 31
1.985 -0.2381 0.1048 28
2.0059 -0.241 0.1768 26
2.0043 -0.2415 0.2479 30
2.016 -0.2436 0.3216 28
1.98 -0.2393 -0.1745 18
1.9986 -0.2422 -0.1055 32
1.9891 -0.2418 -0.035 32
1.9827 -0.2442 0.0349 33
1.9881 -0.2455 0.105 29
2.0129 -0.2489 0.1774 28
2.0094 -0.2492 0.2486 28
2.021 -0.2514 0.3226 27
1.9791 -0.2462 -0.1745 19
1.9938 -0.2487 -0.1053 35
1.9922 -0.2492 -0.035 32
1.9938 -0.2526 0.0351 34
1.9833 -0.252 0.1048 31
2.012 -0.256 0.1774 24
2.0026 -0.2555 0.2479 30
2.0221 -0.2587 0.3229 28
1.9842 -0.2538 -0.175 19
1.987 -0.2549 -0.105 36
2.0091 -0.2584 -0.0354 31
1.9988 -0.2603 0.0352 32
1.9745 -0.2578 0.1044 31
2.0151 -0.2635 0.1778 18
2.0056 -0.263 0.2484 30
2.0232 -0.266 0.3232 28
1.9892 -0.2615 -0.1755 18
1.9861 -0.2618 -0.105 35
1.9963 -0.2639 -0.0351 31
1.9959 -0.267 0.0351 31
1.9736 -0.2647 0.1044 28
2.0043 -0.2692 0.1769 22
2.0027 -0.2697 0.2481 28
2.0144 -0.272 0.3219 28
1.9903 -0.2687 -0.1757 19
1.9911 -0.2696 -0.1053 33
1.9934 -0.2706 -0.0351 32
1.995 -0.274 0.0351 30
1.9806 -0.2724 0.1048 30
1.9994 -0.2757 0.1766 25
2.0116 -0.2781 0.2493 26
2.0135 -0.2787 0.3219 25
1.9834 -0.2749 -0.1752 18
1.998 -0.2776 -0.1057 33
1.9905 -0.2769 -0.0351 31
1.994 -0.2806 0.0351 28
1.9816 -0.2796 0.1049 21
1.9864 -0.2823 -0.1755 17
1.9951 -0.2839 -0.1056 26
1.9915 -0.2841 -0.0351 23
