0.4854 0.2177 0.1228 10
0.5059 0.2245 0.1278 10
0.4486 0.1989 0.1315 10
0.4996 0.2195 0.126 10
0.4652 0.2043 0.1361 10
0.4585 0.2 0.0614 21
0.5164 0.2248 0.13 10
0.4783 0.2081 0.1398 10
0.4737 0.2048 0.0634 20
0.5118 0.2207 0.1287 10
0.4613 0.1988 0.1346 10
0.4866 0.2085 -0.0838 14
0.4672 0.2 0.0624 21
0.5054 0.2159 0.1269 10
0.4548 0.1942 0.1325 10
0.4764 0.2022 -0.082 14
0.4751 0.2016 0.0634 20
0.5169 0.2188 0.1296 10
0.4662 0.1971 0.1356 10
0.4771 0.2006 -0.082 14
0.4758 0.1999 0.0634 20
0.4562 0.1914 0.0962 14
0.5014 0.2102 0.1255 10
0.4776 0.2 0.1387 10
0.4746 0.1975 0.045 11
0.4961 0.2064 -0.0851 13
0.4765 0.1983 0.0634 20
0.4696 0.195 0.0988 14
0.513 0.2128 0.1282 10
0.4818 0.1998 0.1398 10
0.4537 0.1871 -0.0954 16
0.4968 0.2047 -0.0851 13
0.4809 0.198 0.0639 20
0.483 0.1986 0.1015 14
0.4729 0.1943 -0.0268 10
0.5155 0.2118 0.1287 15
0.4682 0.1922 0.1356 10
0.4544 0.1855 -0.0954 16
0.487 0.1987 0.046 11
0.4792 0.1956 -0.082 14
0.4705 0.1919 0.0624 21
0.48 0.1955 0.1007 14
0.5144 0.2093 0.1282 10
0.4689 0.1906 0.1356 10
0.4856 0.1966 0.0091 7
0.455 0.184 -0.0954 16
0.4803 0.1941 0.0453 11
0.4799 0.1939 -0.082 14
0.4896 0.1977 0.0648 20
0.4625 0.1865 0.0969 14
0.5152 0.2075 0.1282 10
0.4839 0.1947 0.1398 10
0.4685 0.1877 -0.1165 13
0.4666 0.1868 -0.0977 15
0.4735 0.1895 0.0446 12
0.4879 0.1951 -0.0832 14
0.4719 0.1886 0.0624 21
0.5014 0.2001 0.1049 13
0.4675 0.1865 -0.0264 10
0.5249 0.2093 0.1305 10
0.4917 0.1959 0.1418 10
0.5019 0.1991 0.0094 7
0.4529 0.1796 -0.1125 14
0.4599 0.1823 -0.0962 16
0.4964 0.1967 0.0467 11
0.5069 0.2007 -0.0864 13
0.491 0.1943 0.0648 20
0.4784 0.189 0.1 14
0.5094 0.2011 0.1264 10
0.4834 0.1906 0.1392 10
0.4821 0.1893 0.009 7
0.4771 0.1873 -0.1183 13
0.4704 0.1845 0.0265 11
0.4825 0.1893 -0.1007 15
0.4897 0.192 0.046 11
0.5003 0.196 -0.0851 13
0.4917 0.1926 0.0648 20
0.4658 0.1824 -0.0614 17
0.4973 0.1945 0.1038 13
0.4967 0.1941 -0.0279 9
0.5101 0.1993 0.1264 10
0.4715 0.184 0.1356 10
0.4687 0.1821 -0.1161 13
0.4748 0.1843 0.0267 11
0.4832 0.1876 -0.1007 15
0.5052 0.1961 0.0474 11
0.512 0.1986 -0.087 13
0.4923 0.1909 0.0648 20
0.4826 0.1869 0.082 14
0.4687 0.1814 0.0977 14
0.488 0.1888 -0.0274 9
0.5144 0.1989 0.1273 10
0.4721 0.1824 0.1356 10
0.4652 0.179 -0.1336 12
0.4853 0.1867 0.0091 7
0.4693 0.1804 -0.1161 13
0.4847 0.1863 0.0272 11
0.4911 0.1887 -0.1023 15
0.4873 0.1872 0.0457 11
0.5016 0.1926 -0.0851 13
0.4948 0.1899 0.0651 20
0.4782 0.1834 -0.0629 8
0.4759 0.1824 0.0807 14
0.4688 0.1797 -0.0439 10
0.4895 0.1875 0.1019 14
0.4794 0.1835 -0.0269 10
0.5205 0.1992 0.1287 10
0.48 0.1835 0.1377 10
0.4874 0.1856 -0.1398 11
0.484 0.1843 0.009 7
0.4736 0.1802 -0.117 13
0.4854 0.1846 0.0272 11
0.4991 0.1898 -0.1038 14
0.4954 0.1883 0.0464 11
0.5097 0.1936 -0.0864 13
0.5011 0.1902 0.0658 20
0.4677 0.1775 -0.0614 17
0.4691 0.1779 0.0795 14
0.4788 0.1816 -0.0448 10
0.492 0.1865 0.1023 14
0.5024 0.1903 -0.0282 9
0.5012 0.1898 0.1237 10
0.477 0.1804 0.1367 10
0.4881 0.1839 -0.1398 11
0.494 0.1861 0.0092 7
0.4687 0.1765 -0.1156 13
0.4711 0.1772 0.0264 11
0.4924 0.1853 -0.1023 15
0.4998 0.188 0.0467 11
0.5103 0.1918 -0.0864 13
0.5166 0.1941 0.0678 19
0.4772 0.1791 0.0807 14
0.5055 0.1896 0.1049 13
0.4956 0.1858 -0.0277 9
0.5146 0.1928 0.1269 10
0.4849 0.1815 0.1387 10
0.4706 0.1755 -0.1346 12
0.5209 0.1941 0.0097 7
0.4821 0.1796 -0.1188 13
0.4922 0.1834 0.0275 11
0.4931 0.1836 -0.1023 15
0.493 0.1834 0.046 11
0.4925 0.1832 -0.0832 14
0.5117 0.1902 0.067 19
0.4689 0.1742 -0.0614 17
0.4703 0.1747 0.0795 14
0.4841 0.1796 0.1004 14
0.4962 0.1841 -0.0277 9
0.5116 0.1897 0.126 10
0.4637 0.1718 0.1325 10
0.4859 0.1793 0.009 7
0.4772 0.176 -0.1174 13
0.4816 0.1775 0.0269 5
0.5121 0.1886 -0.1061 14
0.5086 0.1872 0.0474 11
0.5042 0.1856 -0.0851 13
0.4993 0.1837 0.0653 20
0.4919 0.1809 -0.0643 17
0.4784 0.1758 0.0807 14
0.4713 0.1731 -0.0439 10
0.5031 0.1848 0.1042 13
0.5081 0.1865 -0.0284 9
0.5177 0.19 0.1273 10
0.4825 0.1768 0.1377 10
0.5045 0.1842 -0.1439 11
0.4771 0.1741 0.0089 7
0.4851 0.177 -0.1192 13
0.4935 0.1799 0.0275 11
0.5054 0.1842 -0.1046 14
0.5092 0.1855 0.0474 11
0.4937 0.1798 -0.0832 14
0.4999 0.182 0.0653 20
0.4813 0.1751 -0.0629 17
0.4715 0.1714 0.0795 14
0.5056 0.1838 -0.0471 9
0.4834 0.1757 0.1 14
0.505 0.1834 -0.0282 9
0.5202 0.1888 0.1278 10
0.4813 0.1745 0.1372 10
0.4724 0.1706 -0.1346 12
0.5154 0.186 0.0096 7
0.4986 0.1799 -0.1224 13
0.4735 0.1707 0.0264 11
0.495 0.1785 -0.1023 15
0.5098 0.1838 0.0474 11
0.5129 0.1848 -0.0864 13
0.5043 0.1816 0.0658 20
0.4894 0.1761 -0.0639 17
0.4982 0.1792 0.0838 13
0.4762 0.1713 -0.0443 10
0.521 0.1873 0.1076 13
0.4943 0.1776 -0.0275 9
0.5062 0.1817 0.1242 10
0.491 0.1761 0.1398 10
0.4584 0.1638 -0.1304 12
0.5085 0.1816 0.0094 7
0.5084 0.1814 -0.1246 12
0.4872 0.1738 0.0271 11
0.503 0.1794 -0.1038 14
0.4955 0.1766 0.046 11
0.5061 0.1803 -0.0851 13
0.5124 0.1825 0.0668 19
0.4825 0.1717 -0.0629 8
0.4876 0.1734 0.082 14
0.4918 0.1749 -0.0457 9
0.5106 0.1815 0.1053 13
0.4931 0.1752 -0.0274 9
0.5197 0.1845 0.1273 10
0.477 0.1692 0.1356 10
0.459 0.1622 -0.1304 12
0.511 0.1805 0.0095 7
0.5201 0.1835 -0.1273 12
0.4841 0.1708 0.0269 11
0.4962 0.175 -0.1023 15
0.4961 0.1749 0.046 11
0.5254 0.1851 -0.0882 13
0.5018 0.1767 0.0653 20
0.4943 0.174 -0.0643 17
0.4882 0.1717 0.082 14
0.4943 0.1739 -0.0458 9
0.513 0.1804 0.1057 13
0.5088 0.1788 -0.0283 9
0.5203 0.1827 0.1273 10
0.474 0.1663 0.1346 10
0.4924 0.1721 -0.1398 11
0.5097 0.1781 0.0094 7
0.5207 0.1818 -0.1273 12
0.4959 0.1732 0.0275 11
0.5413 0.1889 -0.1114 13
0.5042 0.1759 0.0467 11
0.5148 0.1795 -0.0864 13
0.5024 0.175 0.0653 20
0.5137 0.1789 -0.0668 16
0.4925 0.1715 0.0826 14
0.4723 0.1644 -0.0438 10
0.4969 0.1729 0.1023 14
0.5131 0.1784 -0.0285 9
0.5154 0.1791 0.126 10
0.4854 0.1686 0.1377 10
0.4747 0.1641 -0.1346 12
0.4914 0.1699 0.0091 7
0.4881 0.1686 -0.1192 13
0.5078 0.1754 0.0282 11
0.5196 0.1793 -0.1069 14
0.5048 0.1741 0.0467 11
0.5191 0.1791 -0.087 13
0.4992 0.1721 0.0648 20
0.5067 0.1746 -0.0658 8
0.5043 0.1736 0.0845 13
0.4879 0.1679 -0.0451 9
0.5087 0.175 0.1046 13
0.5062 0.1741 -0.0281 9
0.516 0.1774 0.126 10
0.486 0.1669 0.1377 10
0.5045 0.1725 -0.1429 11
0.5298 0.1811 0.0098 7
0.5145 0.1758 -0.1255 12
0.499 0.1704 0.0276 11
0.524 0.1788 -0.1076 14
0.5016 0.1711 0.0464 11
0.4898 0.167 -0.082 14
0.4998 0.1703 0.0648 20
0.4923 0.1677 -0.0639 17
0.5049 0.1719 0.0845 13
0.5167 0.1757 0.1061 13
0.503 0.1709 -0.0278 9
0.5166 0.1756 0.126 10
0.4756 0.1615 0.1346 10
0.4942 0.167 -0.1398 11
0.5267 0.1779 0.0097 7
0.5004 0.1689 -0.1219 13
0.5053 0.1704 0.0279 11
0.5246 0.1769 -0.1076 14
0.4984 0.168 0.046 11
0.4979 0.1678 -0.0832 14
0.508 0.171 0.0658 20
0.4967 0.1672 -0.0643 8
0.4943 0.1663 0.0826 14
0.4778 0.1606 -0.0441 10
0.5118 0.1719 0.1049 13
0.515 0.1729 -0.0285 9
0.5228 0.1755 0.1273 10
0.4945 0.1659 0.1398 10
0.4618 0.1542 -0.1304 12
0.5103 0.1702 0.0094 7
0.5139 0.1714 -0.1251 12
0.4926 0.1643 0.0272 11
0.5178 0.1725 -0.1061 14
0.499 0.1662 0.046 11
0.5173 0.1722 -0.0864 13
0.5218 0.1736 0.0675 19
0.5048 0.1678 -0.0653 16
0.4836 0.1608 0.0807 14
0.4803 0.1596 -0.0443 10
0.5254 0.1745 0.1076 13
0.5232 0.1736 -0.0289 9
0.5235 0.1736 0.1273 10
0.4821 0.1599 -0.0089 8
0.4731 0.1568 0.1336 10
0.51 0.1683 -0.1439 11
0.4937 0.1629 0.0091 7
0.5052 0.1666 -0.1228 12
0.5046 0.1663 0.0278 11
0.5035 0.1658 -0.103 15
0.4883 0.1607 0.045 11
0.4916 0.1618 -0.082 14
0.511 0.1681 0.0661 19
0.5356 0.1761 -0.0692 16
0.4917 0.1616 0.082 14
0.4808 0.1579 -0.0443 10
0.498 0.1635 0.1019 14
0.5162 0.1694 -0.0285 9
0.5148 0.1688 0.1251 10
0.4773 0.1564 0.1346 10
0.4959 0.1618 -0.1398 11
0.5095 0.1661 0.0094 7
0.5003 0.163 -0.1215 13
0.4862 0.1583 0.0268 11
0.5115 0.1666 -0.1046 14
0.5077 0.1653 0.0467 11
0.5297 0.1723 -0.0882 13
0.5059 0.1645 0.0653 20
0.5286 0.1718 -0.0682 16
0.4922 0.1598 0.082 14
0.5154 0.1673 0.1053 13
0.5187 0.1682 -0.0286 9
0.5283 0.1713 0.1282 10
0.4832 0.1565 -0.0089 8
0.4779 0.1547 0.1346 10
0.4817 0.1553 -0.1356 12
0.5177 0.1668 0.0095 7
0.4953 0.1595 -0.1201 13
0.5195 0.1672 -0.1061 14
0.5007 0.1611 0.046 11
0.5266 0.1693 -0.0876 13
0.5065 0.1627 0.0653 20
0.4876 0.1566 -0.0629 17
0.489 0.1569 0.0813 14
0.4914 0.1577 -0.0451 9
0.4992 0.1601 0.1019 14
0.4983 0.1597 -0.0274 9
0.5104 0.1635 0.1237 10
0.4913 0.1572 0.1382 10
0.5264 0.1677 -0.148 11
0.524 0.1668 0.0096 7
0.4977 0.1584 -0.1206 13
0.4873 0.1549 0.0268 11
0.5201 0.1654 -0.1061 14
0.5013 0.1593 0.046 11
0.5309 0.1686 -0.0882 13
0.4995 0.1585 0.0643 20
0.5109 0.1621 -0.0658 16
0.4858 0.154 0.0807 14
0.4824 0.1529 -0.0443 10
0.524 0.166 0.1069 13
0.497 0.1574 -0.0273 10
0.5109 0.1617 0.1237 10
0.4863 0.1537 0.1367 10
0.4828 0.1519 -0.1356 12
0.5112 0.1608 0.0094 7
0.5094 0.1601 -0.1233 12
0.4973 0.1562 0.0273 11
0.5207 0.1636 -0.1061 14
0.5132 0.1611 0.0471 11
0.4938 0.1549 -0.082 14
0.5038 0.158 0.0648 20
0.4887 0.1532 -0.0629 17
0.4864 0.1523 0.0807 14
0.5152 0.1613 0.1049 13
0.5185 0.1622 -0.0285 9
0.5338 0.1669 0.1291 10
0.4848 0.1515 -0.0089 8
0.4795 0.1497 0.1346 10
0.5165 0.1606 -0.1449 11
0.485 0.1507 0.0089 7
0.4969 0.1543 -0.1201 13
0.5036 0.1564 0.0276 11
0.51 0.1583 -0.1038 14
0.5024 0.1558 0.046 11
0.5132 0.1591 -0.0851 13
0.5082 0.1574 0.0653 20
0.5196 0.1608 -0.0668 16
0.5057 0.1565 0.0838 13
0.4797 0.1484 -0.0439 10
0.5121 0.1583 0.1042 13
0.5114 0.158 -0.0281 9
0.54 0.1667 0.1305 10
0.4968 0.1534 -0.0091 8
0.4836 0.1492 0.1356 10
0.4838 0.1486 -0.1356 12
0.5142 0.1579 0.0094 7
0.5105 0.1566 -0.1233 12
0.4888 0.1499 0.0268 11
0.5218 0.1599 -0.1061 14
0.4915 0.1505 0.045 11
0.476 0.1458 -0.0788 14
0.4973 0.1522 0.0639 20
0.4784 0.1463 -0.0614 17
0.5063 0.1548 0.0838 13
0.4802 0.1467 -0.0439 10
0.5238 0.1601 0.1065 13
0.4928 0.1505 -0.027 10
0.5182 0.1581 0.1251 10
0.4858 0.1482 -0.0089 8
0.4823 0.147 0.1351 10
0.5139 0.1559 -0.1439 11
0.5033 0.1526 0.0092 7
0.4942 0.1498 -0.1192 13
0.497 0.1505 0.0272 11
0.5073 0.1537 -0.103 15
0.5301 0.1605 0.0485 11
0.5029 0.1521 -0.0832 14
0.494 0.1493 0.0634 20
0.5017 0.1516 -0.0643 8
0.5106 0.1542 0.0845 13
0.5016 0.1515 -0.0458 9
0.5131 0.1548 0.1042 13
0.501 0.1511 -0.0274 9
0.5318 0.1602 0.1282 10
0.4825 0.1453 -0.0088 8
0.4736 0.1425 0.1325 10
0.4997 0.1497 -0.1398 11
0.5421 0.1623 0.0099 7
0.5134 0.1536 -0.1237 12
0.4899 0.1465 0.0268 11
0.4928 0.1474 -0.1 15
0.5078 0.1518 0.0464 11
0.5035 0.1504 -0.0832 14
0.5098 0.1522 0.0653 20
0.5098 0.1521 -0.0653 8
0.4922 0.1467 0.0813 14
0.485 0.1446 -0.0443 10
0.5099 0.1519 0.1034 13
0.5149 0.1533 -0.0282 9
0.5118 0.1523 0.1233 10
0.4889 0.1453 0.1367 10
0.5002 0.148 -0.1398 11
0.5139 0.1519 0.0094 7
0.5195 0.1535 -0.1251 12
0.4865 0.1437 0.0266 11
0.5234 0.1546 -0.1061 14
0.493 0.1455 0.045 11
0.5192 0.1531 -0.0857 13
0.5141 0.1515 0.0658 20
0.5218 0.1537 -0.0668 16
0.5003 0.1472 0.0826 14
0.4797 0.1412 -0.0438 10
0.5255 0.1546 0.1065 13
0.5078 0.1493 -0.0277 9
0.5366 0.1576 0.1291 10
0.4746 0.1392 0.1325 10
0.5007 0.1462 -0.1398 11
0.4857 0.1417 0.0088 7
0.5276 0.1539 -0.1269 12
0.51 0.1487 0.0278 11
0.5164 0.1505 -0.1046 14
0.4897 0.1426 0.0446 12
0.5045 0.1469 -0.0832 14
0.5242 0.1525 0.067 19
0.5223 0.1518 -0.0668 8
0.5084 0.1477 0.0838 13
0.4783 0.139 -0.0436 10
0.5091 0.1478 0.103 14
0.5198 0.1508 -0.0284 9
0.5278 0.153 0.1269 10
0.5032 0.1458 -0.0091 7
0.4825 0.1397 0.1346 10
0.5309 0.153 -0.148 11
0.5073 0.1461 0.0092 7
0.5056 0.1456 -0.1215 13
0.5029 0.1448 0.0274 11
0.517 0.1487 -0.1046 14
0.5017 0.1442 0.0457 11
0.4974 0.1429 -0.082 14
0.4961 0.1424 0.0634 20
0.5343 0.1533 -0.0682 16
0.5241 0.1504 0.0864 13
0.4903 0.1406 -0.0446 10
0.5228 0.1498 0.1057 13
0.5011 0.1435 -0.0273 10
0.5265 0.1507 0.1264 10
0.4979 0.1425 -0.009 8
0.4829 0.1381 0.1346 10
0.5017 0.1427 -0.1398 11
0.5058 0.1439 0.0092 7
0.5061 0.1439 -0.1215 13
0.4803 0.1365 0.0262 12
0.5024 0.1426 -0.1015 15
0.5137 0.1457 0.0467 11
0.5131 0.1456 -0.0845 14
0.5004 0.1419 0.0639 20
0.4928 0.1396 -0.0629 8
0.5132 0.1453 0.0845 13
0.5082 0.1438 0.1027 14
0.517 0.1462 -0.0282 9
0.5176 0.1463 0.1242 10
0.4888 0.138 -0.0089 8
0.4797 0.1354 0.1336 10
0.4836 0.1358 -0.1346 12
0.5429 0.1524 0.0098 7
0.5066 0.1421 -0.1215 13
0.4923 0.138 0.0268 11
0.5066 0.142 -0.1023 15
0.5065 0.1419 0.046 11
0.5136 0.1438 -0.0845 14
0.5066 0.1417 0.0646 20
0.5124 0.1432 -0.0653 16
0.5023 0.1403 0.0826 14
0.5389 0.1505 0.1088 13
0.5002 0.1396 -0.0272 10
0.5106 0.1424 0.1224 10
0.4727 0.1316 0.1315 10
0.4691 0.13 -0.1304 12
0.5088 0.1409 0.0092 7
0.5015 0.1388 -0.1201 13
0.5005 0.1384 0.0272 11
0.5185 0.1434 -0.1046 14
0.4955 0.1369 0.045 11
0.4913 0.1357 -0.0807 14
0.509 0.1405 0.0648 20
0.5511 0.152 -0.0702 7
0.5028 0.1386 0.0826 14
0.5205 0.1434 0.1049 13
0.5026 0.1383 -0.0273 10
0.5054 0.139 0.121 11
0.4732 0.13 0.1315 10
0.4882 0.1335 -0.1356 12
0.49 0.1339 0.0089 7
0.5095 0.1391 -0.1219 13
0.5048 0.1378 0.0274 11
0.5303 0.1447 -0.1069 14
0.5152 0.1404 0.0467 11
0.4917 0.134 -0.0807 14
0.5076 0.1382 0.0646 20
0.5248 0.1428 -0.0668 8
0.4994 0.1359 0.082 14
0.4864 0.1322 -0.0441 10
0.5115 0.139 0.103 14
0.5089 0.1382 -0.0276 9
0.5228 0.1419 0.1251 10
0.4736 0.1284 0.1315 10
0.5036 0.1358 -0.1398 11
0.5116 0.138 0.0092 7
0.4949 0.1333 -0.1183 13
0.5169 0.1392 0.0281 11
0.5195 0.1398 -0.1046 14
0.5156 0.1386 0.0467 11
0.5074 0.1364 -0.0832 14
0.4908 0.1319 0.0624 21
0.5061 0.1359 -0.0643 8
0.5189 0.1392 0.0851 13
0.5139 0.1378 0.1034 13
0.4939 0.1323 -0.0268 10
0.5195 0.1391 0.1242 10
0.4829 0.1292 -0.0087 8
0.4815 0.1287 0.1336 10
0.5041 0.1341 -0.1398 11
0.5102 0.1357 0.0092 7
0.516 0.1371 -0.1233 12
0.5019 0.1334 0.0272 11
0.5123 0.136 -0.103 15
0.5065 0.1344 0.0458 11
0.527 0.1397 -0.0864 13
0.5123 0.1357 0.0651 20
0.4836 0.128 -0.0614 17
0.5041 0.1335 0.0826 14
0.4873 0.1289 -0.0441 10
0.522 0.138 0.1049 13
0.5021 0.1326 -0.0272 10
0.505 0.1333 0.1206 11
0.4988 0.1317 -0.009 8
0.4838 0.1276 0.1341 10
0.4746 0.1245 -0.1315 12
0.5087 0.1335 0.0092 7
0.4958 0.13 -0.1183 13
0.5062 0.1326 0.0274 11
0.5014 0.1313 -0.1007 15
0.5262 0.1377 0.0476 11
0.5275 0.138 -0.0864 13
0.507 0.1325 0.0643 20
0.484 0.1264 -0.0614 17
0.4969 0.1297 0.0813 14
0.549 0.1432 0.1103 13
0.5141 0.134 -0.0278 9
0.5148 0.1341 0.1228 10
0.4749 0.1235 0.1315 10
0.4863 0.1258 -0.1346 12
0.5324 0.1376 0.0096 7
0.5208 0.1345 -0.1242 12
0.5067 0.1308 0.0274 11
0.5209 0.1344 -0.1046 14
0.4862 0.1254 0.0439 12
0.482 0.1242 -0.0788 14
0.5133 0.1322 0.0651 20
0.5191 0.1336 -0.0658 16
0.5012 0.129 0.082 14
0.4882 0.1255 -0.0441 10
0.5153 0.1324 0.1034 13
0.5126 0.1316 -0.0277 9
0.5134 0.1317 0.1224 10
0.4881 0.1252 -0.0088 8
0.4753 0.1219 0.1315 10
0.4905 0.125 -0.1356 12
0.5019 0.1279 0.009 7
0.5099 0.1299 -0.1215 13
0.4955 0.1261 0.0268 11
0.5099 0.1297 -0.1023 15
0.4885 0.1242 0.0441 12
0.5016 0.1275 -0.082 14
0.5156 0.131 0.0653 20
0.508 0.1289 -0.0643 8
0.4978 0.1263 0.0813 14
0.4891 0.1239 0.0981 14
0.5131 0.1299 -0.0277 9
0.5328 0.1348 0.1269 10
0.4682 0.1183 0.1294 11
0.5059 0.1272 -0.1398 11
0.512 0.1286 0.0092 7
0.4744 0.1191 -0.1129 13
0.5017 0.1258 0.0271 11
0.5218 0.1309 -0.1046 14
0.5044 0.1264 0.0455 11
0.4905 0.1229 -0.0801 14
0.4891 0.1224 0.0619 21
0.5046 0.1262 -0.0639 17
0.5136 0.1283 0.0838 13
0.4832 0.1208 -0.0436 10
0.4933 0.1232 0.0988 14
0.5271 0.1315 -0.0285 9
0.5143 0.1282 0.1224 10
0.4762 0.1185 0.1315 10
0.5176 0.1282 -0.1429 11
0.5202 0.1287 0.0094 7
0.5032 0.1244 -0.1197 13
0.5032 0.1243 -0.1007 15
0.5049 0.1247 0.0455 11
0.5025 0.124 -0.082 14
0.4953 0.1221 0.0626 20
0.4857 0.1197 -0.0614 8
0.5102 0.1256 0.0832 14
0.5281 0.1299 0.1057 13
0.5217 0.1282 -0.0282 9
0.5072 0.1246 0.1206 11
0.4855 0.1192 -0.0087 8
0.4803 0.1178 0.1325 10
0.488 0.119 -0.1346 12
0.5129 0.125 0.0092 7
0.5036 0.1227 -0.1197 13
0.489 0.119 0.0264 11
0.5189 0.1263 -0.1038 14
0.5092 0.1238 0.0458 11
0.4914 0.1194 -0.0801 14
0.515 0.1251 0.0651 20
0.4977 0.1208 -0.0629 8
0.503 0.122 0.082 14
0.486 0.1178 -0.0438 10
0.5247 0.1271 0.1049 13
0.5066 0.1227 -0.0273 10
0.5133 0.1242 0.1219 10
0.4845 0.117 0.1336 10
0.4809 0.1155 -0.1325 12
0.5133 0.1232 0.0092 7
0.4965 0.1191 -0.1179 13
0.5089 0.122 0.0274 11
0.504 0.1208 -0.1007 15
0.4941 0.1183 0.0444 12
0.5033 0.1205 -0.082 14
0.5155 0.1233 0.0651 20
0.5174 0.1237 -0.0653 16
0.5034 0.1202 0.082 14
0.5061 0.1207 0.1011 14
0.4993 0.119 -0.0269 10
0.5118 0.1219 0.1215 11
0.4774 0.1135 0.1315 10
0.4813 0.1139 -0.1325 12
0.5138 0.1214 0.0092 7
0.4969 0.1174 -0.1179 13
0.5093 0.1203 0.0274 11
0.5312 0.1254 -0.1061 14
0.5061 0.1194 0.0455 11
0.4922 0.116 -0.0801 14
0.5159 0.1215 0.0651 20
0.5294 0.1247 -0.0668 8
0.5038 0.1185 0.082 14
0.495 0.1163 0.0988 14
0.5211 0.1223 -0.0281 9
0.5274 0.1238 0.1251 10
0.5062 0.1187 -0.0091 8
0.4777 0.112 0.1315 10
0.508 0.1184 -0.1398 11
0.4986 0.1161 0.0089 7
0.5125 0.1193 -0.1215 13
0.498 0.1159 0.0268 5
0.5316 0.1236 -0.1061 14
0.5143 0.1195 0.0462 11
0.5157 0.1197 -0.0838 14
0.5105 0.1184 0.0643 20
0.4989 0.1157 -0.0629 17
0.508 0.1178 0.0826 14
0.4911 0.1137 -0.0441 10
0.5336 0.1235 0.1065 13
0.504 0.1165 -0.0271 10
0.524 0.1212 0.1242 10
0.4871 0.1125 -0.0087 8
0.4856 0.1121 0.1336 10
0.5234 0.1202 -0.1439 11
0.4931 0.1131 0.0088 7
0.4939 0.1132 -0.117 13
0.5244 0.1201 -0.1046 14
0.503 0.1151 0.0451 11
0.5276 0.1207 -0.0857 13
0.507 0.1158 0.0639 20
0.4993 0.114 -0.0629 17
0.5007 0.1142 0.0813 14
0.4996 0.1139 0.0996 14
0.5083 0.1158 -0.0273 10
0.4997 0.1137 0.1183 11
0.4823 0.1096 0.1325 10
0.5239 0.1183 -0.1439 11
0.5364 0.1211 0.0096 7
0.5133 0.1158 -0.1215 13
0.4988 0.1124 0.0268 11
0.498 0.1122 -0.0992 15
0.4956 0.1116 0.0444 12
0.4934 0.111 -0.0801 14
0.5074 0.1141 0.0639 20
0.5011 0.1125 0.0813 14
0.4957 0.1113 -0.0444 10
0.5191 0.1164 0.1034 13
0.497 0.1114 -0.0267 10
0.5039 0.1128 0.1192 11
0.4864 0.1087 0.1336 10
0.5092 0.1132 -0.1398 11
0.5134 0.114 0.0092 7
0.5194 0.1152 -0.1228 12
0.4914 0.1089 0.0264 5
0.5175 0.1147 -0.103 15
0.5038 0.1116 0.0451 11
0.5053 0.1118 -0.082 14
0.5117 0.1132 0.0643 20
0.5195 0.1148 -0.0653 16
0.5092 0.1124 0.0826 14
0.5157 0.1138 0.1027 14
0.5091 0.1122 -0.0273 10
0.5138 0.1132 0.1215 11
0.5 0.11 -0.0089 8
0.4792 0.1054 0.1315 10
0.5096 0.1113 -0.1398 11
0.5138 0.1122 0.0092 7
0.5217 0.1138 -0.1233 12
0.5256 0.1145 -0.1046 14
0.5042 0.1098 0.0451 11
0.4864 0.1058 -0.0788 14
0.5063 0.1101 0.0636 20
0.5121 0.1113 -0.0643 8
0.498 0.1081 0.0807 14
0.5085 0.1102 0.1011 14
0.5095 0.1103 -0.0273 10
0.539 0.1166 0.1273 10
0.51 0.1095 -0.1398 11
0.4888 0.1049 0.0087 7
0.5088 0.1091 -0.1201 13
0.4902 0.105 0.0263 11
0.526 0.1127 -0.1046 14
0.5007 0.1072 0.0448 11
0.4945 0.1057 -0.0801 14
0.5125 0.1095 0.0643 20
0.5125 0.1094 -0.0643 17
0.5139 0.1096 0.0832 14
0.5165 0.1101 0.1027 14
0.502 0.1069 -0.0269 10
0.5223 0.1111 0.1233 10
0.4724 0.1003 0.1294 11
0.5104 0.1077 -0.1398 11
0.5068 0.1069 0.009 7
0.4882 0.1029 -0.1152 13
0.5187 0.1092 -0.103 15
0.5167 0.1087 0.0462 11
0.4949 0.104 -0.0801 14
0.5129 0.1077 0.0643 20
0.5246 0.1101 -0.0658 16
0.4911 0.1029 0.0795 14
0.54 0.1131 0.1072 13
0.4887 0.1023 -0.0262 10
0.5207 0.1089 0.1228 10
0.4841 0.101 0.1325 10
0.4767 0.0989 -0.1304 12
0.5287 0.1096 0.0094 7
0.5076 0.1051 -0.1197 13
0.4929 0.1021 0.0264 11
0.5152 0.1066 -0.1023 15
0.5131 0.1061 0.0458 11
0.5069 0.1047 -0.082 14
0.5055 0.1043 0.0634 20
0.4899 0.1011 -0.0614 8
0.4972 0.1025 0.0804 14
0.4898 0.1009 -0.0438 10
0.5288 0.1088 0.1049 13
0.495 0.1018 -0.0265 10
0.5058 0.104 0.1192 11
0.4882 0.1002 0.1336 10
0.477 0.0973 -0.1304 12
0.5055 0.103 0.009 7
0.5156 0.105 -0.1215 13
0.4932 0.1004 0.0264 11
0.5079 0.1033 -0.1007 15
0.5018 0.102 0.0448 11
0.5072 0.103 -0.082 7
0.5117 0.1038 0.0641 20
0.515 0.1044 0.0832 14
0.5138 0.104 0.1019 14
0.5188 0.1049 -0.0277 9
0.5176 0.1047 0.1219 10
0.481 0.0971 0.1315 10
0.4961 0.0994 0.0088 7
0.4968 0.0995 -0.117 13
0.4955 0.0991 0.0265 5
0.5352 0.107 -0.1061 14
0.506 0.1011 0.0451 11
0.5075 0.1013 -0.082 14
0.5198 0.1037 0.0651 20
0.514 0.1024 -0.0643 8
0.5018 0.0999 0.081 14
0.5218 0.1038 0.1034 13
0.5093 0.1012 -0.0272 10
0.5333 0.1059 0.1255 10
0.4775 0.0946 0.1304 10
0.516 0.1015 0.0092 7
0.5125 0.1007 -0.1206 13
0.4998 0.0981 0.0267 5
0.5279 0.1036 -0.1046 14
0.4986 0.0977 0.0444 12
0.4963 0.0972 -0.0801 14
0.4948 0.0969 0.0619 21
0.5182 0.1014 -0.0648 17
0.5138 0.1004 0.0829 14
0.5376 0.1049 0.1065 13
0.5107 0.0995 0.1201 11
0.4817 0.0937 0.1315 10
0.5121 0.0989 -0.1398 11
0.5105 0.0985 0.0091 7
0.4899 0.0944 -0.1152 13
0.4923 0.0949 0.0263 11
0.5167 0.0995 -0.1023 15
0.5028 0.0967 0.0448 11
0.503 0.0966 0.0629 20
0.503 0.0965 -0.0629 17
0.5122 0.0983 0.0826 14
0.4951 0.0949 -0.0441 10
0.5187 0.0993 0.1027 14
0.4963 0.0949 -0.0265 10
0.5034 0.0962 0.1183 11
0.4782 0.0913 0.1304 10
0.4935 0.0935 -0.1346 12
0.5148 0.0975 0.0091 7
0.4997 0.0946 -0.1174 13
0.4926 0.0932 0.0263 11
0.5209 0.0984 -0.103 15
0.509 0.0961 0.0453 5
0.5086 0.096 -0.082 14
0.5111 0.0964 0.0639 20
0.515 0.097 -0.0643 8
0.497 0.0935 0.0801 14
0.519 0.0976 0.1027 14
0.5182 0.0974 -0.0276 9
0.5152 0.0967 0.121 11
0.4899 0.0918 0.1336 10
0.4786 0.0891 -0.1304 12
0.5171 0.0961 0.0092 7
0.5097 0.0946 -0.1197 13
0.4929 0.0914 0.0263 11
0.5212 0.0967 -0.103 15
0.5074 0.094 0.0451 11
0.5089 0.0942 -0.082 14
0.4978 0.0921 0.0622 21
0.5036 0.0931 -0.0629 17
0.4973 0.0918 0.0801 14
0.5271 0.0972 0.1042 13
0.5048 0.093 -0.0269 10
0.529 0.0974 0.1242 10
0.4826 0.0887 0.1315 10
0.4979 0.0908 -0.1356 12
0.4985 0.0908 -0.117 13
0.4971 0.0904 0.0265 5
0.4906 0.0892 -0.0969 15
0.496 0.09 0.0441 12
0.4976 0.0902 -0.0801 14
0.5117 0.0928 0.0639 20
0.5391 0.0977 -0.0673 16
0.5054 0.0915 0.0813 14
0.5004 0.0904 0.0988 14
0.4992 0.0901 -0.0266 10
0.5312 0.0958 0.1246 10
0.4753 0.0856 0.1294 11
0.5135 0.0917 -0.1398 11
0.5 0.0892 0.0089 7
0.5122 0.0913 -0.1201 13
0.4994 0.089 0.0266 11
0.5219 0.093 -0.103 15
0.5002 0.089 0.0444 6
0.4979 0.0885 -0.0801 7
0.516 0.0916 0.0643 20
0.5043 0.0895 -0.0629 8
0.5096 0.0903 0.082 14
0.5278 0.0934 0.1042 13
0.5335 0.0943 0.1251 10
0.4832 0.0852 0.1315 10
0.529 0.0925 -0.1439 11
0.4964 0.0868 0.0088 7
0.5202 0.0909 -0.1219 13
0.4978 0.0869 0.0265 5
0.5183 0.0904 -0.1023 15
0.5182 0.0903 0.046 5
0.528 0.0919 0.0658 20
0.5124 0.0891 -0.0639 17
0.5138 0.0892 0.0826 14
0.5204 0.0902 0.1027 14
0.5058 0.0875 -0.0269 10
0.5069 0.0877 0.1188 11
0.4873 0.0842 0.1325 10
0.495 0.0851 -0.1346 12
0.5183 0.089 0.0092 7
0.5051 0.0866 -0.1183 13
0.5031 0.0862 -0.0992 15
0.5008 0.0857 0.0444 12
0.5101 0.0872 -0.082 14
0.5166 0.0882 0.0643 20
0.5049 0.0861 -0.0629 8
0.5063 0.0863 0.0813 14
0.4989 0.085 -0.0443 10
0.5206 0.0886 0.1027 14
0.5198 0.0884 -0.0276 9
0.4995 0.0848 0.117 11
0.4838 0.082 0.1315 10
0.4839 0.0814 -0.1315 12
0.5206 0.0875 0.0092 7
0.5189 0.0871 -0.1215 13
0.4964 0.0832 0.0264 11
0.515 0.0864 -0.1015 15
0.4991 0.0836 0.0443 12
0.5105 0.0854 -0.082 14
0.5189 0.0867 0.0646 20
0.5287 0.0883 -0.0658 8
0.5008 0.0835 0.0804 7
0.5287 0.0881 0.1042 13
0.5122 0.0853 -0.0272 10
0.5229 0.0869 0.1224 10
0.4803 0.0797 0.1304 10
0.488 0.0803 -0.1325 12
0.5192 0.0853 -0.1215 13
0.4947 0.0812 0.0263 11
0.4921 0.0808 -0.0969 15
0.5092 0.0835 0.0451 11
0.5107 0.0836 -0.082 14
0.527 0.0862 0.0656 20
0.525 0.0858 -0.0653 8
0.503 0.0821 0.0807 14
0.5329 0.0869 0.1049 13
0.5224 0.0851 -0.0277 9
0.5232 0.0851 0.1224 10
0.534 0.086 -0.1449 11
0.5099 0.0819 -0.1192 13
0.5234 0.084 -0.103 15
0.5174 0.083 0.0458 11
0.4993 0.08 -0.0801 14
0.494 0.079 0.0614 21
0.5057 0.0808 -0.0629 17
0.5072 0.081 0.0813 14
0.5099 0.0813 0.1004 14
0.4965 0.079 0.1161 11
0.4808 0.0763 0.1304 10
0.5305 0.0836 -0.1439 11
0.5116 0.0805 0.009 7
0.5005 0.0786 -0.117 13
0.5314 0.0834 -0.1046 14
0.5078 0.0796 0.045 11
0.4879 0.0764 -0.0782 15
0.5099 0.0798 0.0634 20
0.5296 0.0827 -0.0658 16
0.5036 0.0786 0.0807 14
0.5141 0.0801 0.1011 14
0.5013 0.078 -0.0266 10
0.5199 0.0809 0.1215 11
0.4811 0.0746 0.1304 10
0.5155 0.0793 -0.1398 11
0.5198 0.0799 0.0092 7
0.5143 0.079 -0.1201 13
0.5054 0.0775 0.0268 11
0.5201 0.0798 -0.1023 15
0.5101 0.0781 0.0451 11
0.4882 0.0747 -0.0782 15
0.518 0.0792 0.0643 20
0.5063 0.0773 -0.0629 8
0.4921 0.075 0.0788 14
0.5003 0.0763 -0.0443 10
0.5415 0.0825 0.1065 13
0.4996 0.076 -0.0265 10
0.5009 0.0761 0.117 11
0.489 0.0741 0.1325 10
0.5005 0.0753 -0.1356 12
0.5003 0.0751 0.0088 7
0.5223 0.0783 -0.1219 13
0.5017 0.0752 0.0266 11
0.5242 0.0785 -0.103 15
0.4985 0.0746 0.0441 12
0.5001 0.0747 -0.0801 14
0.5281 0.0788 0.0656 20
0.5144 0.0767 -0.0639 17
0.5002 0.0745 0.0801 7
0.5263 0.0783 0.1034 13
0.5314 0.0789 -0.0282 9
0.5205 0.0772 0.1215 11
0.4816 0.0713 0.1304 10
0.497 0.0729 -0.1346 12
0.4955 0.0726 -0.1156 13
0.5128 0.075 -0.1007 15
0.5068 0.0738 0.0629 20
0.5382 0.0783 -0.0668 16
0.5024 0.073 0.0804 14
0.5032 0.0731 0.0988 14
0.5179 0.0751 -0.0274 9
0.5188 0.0751 0.121 11
0.478 0.0691 0.1294 11
0.4819 0.069 -0.1304 12
0.5008 0.0716 0.0088 7
0.5016 0.0717 -0.117 13
0.5042 0.072 0.0267 5
0.5325 0.076 -0.1046 14
0.5168 0.0736 0.0457 11
0.513 0.0729 0.0636 20
0.5071 0.072 -0.0629 8
0.4909 0.0697 0.0785 14
0.5151 0.0729 0.1011 14
0.5161 0.073 -0.0273 10
0.521 0.0736 0.1215 11
0.495 0.0699 -0.0087 8
0.4821 0.0673 -0.1304 12
0.4883 0.0681 -0.1138 13
0.525 0.073 -0.103 15
0.5131 0.0713 0.0453 11
0.5205 0.0723 -0.0832 7
0.5171 0.0718 0.0641 20
0.5073 0.0703 -0.0629 17
0.5087 0.0704 0.0813 14
0.5154 0.0712 0.1011 14
0.5065 0.0699 -0.0268 10
0.5058 0.0697 0.1179 11
0.4823 0.0663 0.1304 10
0.5152 0.0701 0.0091 7
0.504 0.0685 -0.1174 13
0.5058 0.0687 -0.0992 15
0.5173 0.0701 0.0457 11
0.5129 0.0694 -0.082 7
0.5213 0.0705 0.0646 20
0.5075 0.0685 -0.0629 8
0.4972 0.0671 0.0795 14
0.5117 0.0689 0.1004 14
0.5067 0.0682 -0.0268 10
0.5138 0.069 0.1197 11
0.4825 0.0646 0.1304 10
0.5114 0.0678 0.009 7
0.5081 0.0673 -0.1183 13
0.5029 0.0665 0.0266 11
0.5216 0.0689 -0.1023 15
0.5057 0.0667 0.0446 12
0.5014 0.066 -0.0801 14
0.5215 0.0687 0.0646 20
0.5196 0.0683 -0.0643 8
0.4896 0.0643 0.0782 7
0.5042 0.066 0.0988 14
0.509 0.0666 -0.0269 10
0.5217 0.0681 0.1215 11
0.5006 0.0644 -0.1165 13
0.5091 0.0655 0.0269 5
0.5258 0.0675 -0.103 15
0.5059 0.0649 0.0446 12
0.5016 0.0643 -0.0801 14
0.5159 0.066 0.0639 20
0.5159 0.0659 -0.0639 17
0.5134 0.0656 0.082 14
0.5044 0.0643 0.0988 14
0.5013 0.0638 -0.0265 10
0.5297 0.0673 0.1233 10
0.483 0.0613 0.1304 10
0.4969 0.0623 -0.1156 13
0.5034 0.063 0.0266 11
0.5143 0.0642 -0.1007 15
0.5239 0.0654 0.0462 11
0.5018 0.0626 -0.0801 7
0.5102 0.0635 0.0631 20
0.5161 0.0642 -0.0639 17
0.5214 0.0648 0.0832 14
0.528 0.0655 0.1034 13
0.5074 0.0628 -0.0268 10
0.5183 0.0641 0.1206 11
0.487 0.0601 0.1315 10
0.4871 0.0595 -0.1315 12
0.5141 0.0627 0.009 7
0.5146 0.0626 -0.1197 13
0.534 0.0649 -0.1046 14
0.5222 0.0634 0.046 11
0.5025 0.0608 0.0622 21
0.5085 0.0614 -0.0629 17
0.5021 0.0606 0.0801 14
0.5064 0.0611 -0.0446 10
0.5048 0.0608 0.0988 14
0.5255 0.0632 -0.0277 9
0.5147 0.0618 0.1197 11
0.4834 0.0579 0.1304 7
0.5243 0.0621 0.0092 7
0.4877 0.0576 -0.1134 13
0.5225 0.0617 -0.1023 15
0.5085 0.0599 0.0448 11
0.5022 0.0591 -0.0801 14
0.5185 0.0609 0.0641 20
0.5087 0.0597 -0.0629 8
0.5042 0.0591 0.0804 7
0.5323 0.0623 0.1042 13
0.4979 0.0581 -0.0263 10
0.511 0.0596 0.1188 11
0.4836 0.0562 0.1304 10
0.4937 0.0566 -0.1147 13
0.4981 0.057 0.0263 5
0.5227 0.0598 -0.1023 15
0.4946 0.0564 -0.0788 7
0.5227 0.0596 0.0646 20
0.5207 0.0592 -0.0643 8
0.5025 0.0571 0.0801 14
0.513 0.0582 0.1004 14
0.5081 0.0575 -0.0268 10
0.5112 0.0578 0.1188 11
0.48 0.0535 -0.1294 12
0.5249 0.0583 -0.1219 13
0.4983 0.0553 0.0263 11
0.4995 0.0554 -0.0977 15
0.5089 0.0564 0.0448 11
0.511 0.0564 0.0631 20
0.4972 0.0548 -0.0614 8
0.5125 0.0564 0.0817 14
0.5054 0.0555 0.0988 14
0.5182 0.0568 -0.0273 10
0.5308 0.0581 0.1233 10
0.5186 0.056 -0.1398 11
0.501 0.054 0.0088 7
0.4941 0.0532 -0.1147 13
0.5153 0.0553 -0.1007 15
0.5032 0.054 0.0443 12
0.5093 0.0544 0.0629 20
0.5093 0.0543 -0.0629 8
0.5107 0.0544 0.0813 14
0.5056 0.0538 0.0988 14
0.5283 0.0561 -0.0278 9
0.5039 0.0534 0.117 11
0.5188 0.0542 -0.1398 11
0.5131 0.0535 0.009 7
0.502 0.0522 -0.1165 13
0.5272 0.0548 -0.103 15
0.5232 0.0543 0.046 11
0.5148 0.0533 -0.082 7
0.5035 0.052 0.0622 21
0.5095 0.0526 -0.0629 8
0.4932 0.0508 0.0785 7
0.5253 0.054 0.1027 14
0.5086 0.0522 -0.0268 10
0.5079 0.052 0.1179 11
0.5233 0.0527 0.0092 7
0.5022 0.0505 -0.1165 13
0.5431 0.0545 -0.1061 14
0.5154 0.0516 0.0453 11
0.515 0.0515 -0.082 14
0.5234 0.0522 0.0646 20
0.5138 0.051 0.1004 14
0.5207 0.0516 -0.0274 9
0.512 0.0507 0.1188 11
0.4845 0.0473 -0.1304 12
0.5024 0.0488 -0.1165 13
0.5432 0.0527 -0.1061 14
0.5057 0.049 0.0444 12
0.5034 0.0486 -0.0801 14
0.5039 0.0486 0.0622 21
0.4979 0.048 -0.0614 8
0.5053 0.0487 0.0804 14
0.5257 0.0504 0.1027 14
0.5189 0.0497 -0.0273 10
0.516 0.0494 0.1197 11
0.518 0.0486 -0.1201 13
0.5111 0.0479 0.0269 5
0.5082 0.0476 -0.0992 15
0.5118 0.0478 0.045 11
0.5238 0.0488 0.0646 20
0.5099 0.0475 -0.0629 17
0.5075 0.0472 0.0807 14
0.5063 0.0469 0.0988 14
0.535 0.0494 -0.0282 9
0.5084 0.047 0.1179 11
0.4978 0.0459 -0.0087 8
0.5041 0.0458 -0.1356 12
0.4949 0.0448 -0.1147 13
0.5358 0.0484 -0.1046 14
0.508 0.0458 0.0446 12
0.4919 0.0442 -0.0782 15
0.5002 0.0449 0.0617 21
0.4938 0.0442 0.0785 7
0.5221 0.0466 0.1019 14
0.5192 0.0462 -0.0273 10
0.526 0.0469 0.1219 10
0.4849 0.043 0.1304 7
0.5196 0.0453 -0.1398 11
0.5184 0.045 -0.1201 13
0.4975 0.0431 0.0262 12
0.4968 0.043 -0.0969 15
0.524 0.0453 0.046 11
0.5038 0.0435 -0.0801 14
0.5122 0.0441 0.0631 20
0.4945 0.0425 -0.0609 9
0.5379 0.046 0.1049 13
0.5035 0.043 -0.0265 10
0.5087 0.0433 0.1179 11
0.4812 0.0408 0.1294 11
0.5161 0.0431 0.009 7
0.4972 0.0414 -0.1152 13
0.5165 0.0429 -0.1007 15
0.5103 0.0423 0.0448 11
0.4922 0.0407 -0.0782 15
0.5223 0.0431 0.0643 20
0.5104 0.0421 -0.0629 8
0.4942 0.0406 0.0785 14
0.5224 0.0429 0.1019 14
0.5355 0.0438 -0.0282 9
0.505 0.0413 0.117 11
0.5103 0.0408 0.0089 7
0.5031 0.0401 -0.1165 13
0.5284 0.0421 -0.103 15
0.5164 0.041 0.0453 11
0.5041 0.0399 -0.0801 14
0.5205 0.0411 0.0641 20
0.4923 0.0388 0.0782 14
0.5265 0.0413 0.1027 14
0.5058 0.0396 -0.0266 10
0.509 0.0398 0.1179 11
0.5008 0.0384 -0.1346 12
0.5044 0.0386 0.0088 7
0.511 0.0391 -0.1183 13
0.5058 0.0386 0.0266 11
0.5168 0.0393 -0.1007 15
0.5127 0.0388 0.0631 20
0.5107 0.0386 -0.0629 8
0.5062 0.0382 0.0804 14
0.5149 0.0387 0.1004 14
0.5119 0.0384 -0.0269 10
0.5325 0.0398 0.1233 10
0.5034 0.0367 -0.1165 13
0.5239 0.0381 0.0275 11
0.4974 0.0362 -0.0969 15
0.4968 0.036 0.0436 12
0.5227 0.0377 0.0643 20
0.5227 0.0377 -0.0643 8
0.5103 0.0367 0.081 7
0.5008 0.036 -0.0439 10
0.5072 0.0364 0.0988 14
0.518 0.037 -0.0272 10
0.5268 0.0376 0.1219 10
0.4818 0.0342 0.1294 11
0.5011 0.035 -0.1346 12
0.5047 0.0351 0.0088 7
0.4957 0.0344 -0.1147 13
0.5171 0.0358 -0.1007 15
0.507 0.0348 0.0624 21
0.5006 0.0342 0.0795 14
0.5269 0.0359 0.1027 14
0.5055 0.0343 0.117 11
0.4819 0.0325 0.1294 11
0.5359 0.0355 -0.1439 11
0.4978 0.0328 -0.1152 13
0.5062 0.0333 0.0266 11
0.5368 0.0353 -0.1046 14
0.5046 0.033 -0.0801 14
0.5269 0.0344 0.0648 20
0.4992 0.0325 -0.0614 8
0.4928 0.032 0.0782 14
0.527 0.0341 0.1027 14
0.5082 0.0328 -0.0267 10
0.5251 0.0338 0.1215 11
0.5052 0.0317 -0.1356 12
0.5115 0.0319 -0.1183 13
0.5095 0.0317 -0.0992 15
0.5011 0.0311 0.0439 12
0.531 0.0328 0.0653 20
0.5231 0.0322 -0.0643 8
0.5047 0.031 0.0801 14
0.5193 0.0318 0.1011 14
0.5123 0.0312 -0.0269 10
0.5174 0.0315 0.1197 11
0.5116 0.0301 -0.1183 13
0.5005 0.0294 0.0263 11
0.5056 0.0297 -0.0985 15
0.5092 0.0298 0.0446 12
0.5113 0.0297 0.0629 20
0.5311 0.0308 -0.0653 8
0.5009 0.029 0.0795 14
0.5037 0.029 0.0981 14
0.5284 0.0304 -0.0277 9
0.5292 0.0303 0.1224 10
0.4992 0.0277 0.0087 7
0.4923 0.0273 -0.1138 13
0.5293 0.0292 -0.103 15
0.5212 0.0287 0.0457 11
0.4931 0.0271 -0.0782 15
0.5054 0.0276 0.0622 21
0.5233 0.0285 -0.0643 8
0.503 0.0273 0.0798 14
0.5117 0.0277 0.0996 14
0.5006 0.027 -0.0263 10
0.5098 0.0274 0.1179 11
0.5209 0.0272 -0.1398 11
0.5192 0.027 0.0091 7
0.4924 0.0255 -0.1138 13
0.5372 0.0278 -0.1046 14
0.5014 0.0258 0.0439 12
0.5169 0.0265 -0.082 14
0.5036 0.0258 0.0619 21
0.4996 0.0255 -0.0614 8
0.507 0.0258 0.0804 14
0.5014 0.0255 -0.0439 10
0.5078 0.0257 0.0988 14
0.5099 0.0257 0.1179 11
0.5017 0.0244 -0.1346 12
0.4925 0.0238 -0.1138 13
0.5491 0.0265 -0.1069 14
0.5055 0.0243 0.0443 12
0.5076 0.0242 0.0624 21
0.5236 0.0247 0.1019 14
0.5087 0.0239 -0.0267 10
0.5061 0.0237 0.117 11
0.4825 0.0218 -0.1294 12
0.5042 0.0226 -0.1165 13
0.5088 0.0228 0.0267 11
0.5099 0.0228 -0.0992 15
0.4976 0.0222 0.0436 12
0.5052 0.0224 -0.0801 14
0.5117 0.0226 0.0629 20
0.4998 0.022 -0.0614 8
0.5111 0.0225 0.081 14
0.5041 0.022 0.0981 14
0.5088 0.0221 -0.0267 10
0.4984 0.0216 0.1152 11
0.4825 0.0208 0.1294 11
0.5018 0.0209 -0.1346 12
0.5199 0.0216 -0.1201 13
0.5089 0.0211 0.0267 11
0.5296 0.0218 -0.103 15
0.4977 0.0204 0.0436 12
0.5053 0.0207 -0.0801 14
0.5137 0.021 0.0631 20
0.4998 0.0203 -0.0614 8
0.5191 0.021 0.0823 7
0.5209 0.0209 -0.0273 10
0.5102 0.0204 0.1179 11
0.4865 0.0187 -0.1304 12
0.5005 0.0191 -0.1156 13
0.501 0.019 0.0263 11
0.5336 0.0202 -0.1038 14
0.5137 0.0194 0.045 11
0.4959 0.0185 0.0609 21
0.5356 0.0199 -0.0658 8
0.5034 0.0186 0.0798 7
0.5317 0.0196 0.1034 13
0.511 0.0187 -0.0268 10
0.5336 0.0195 0.1233 10
0.4865 0.017 -0.1304 12
0.5136 0.0178 0.009 7
0.5044 0.0174 -0.1165 13
0.4984 0.0171 -0.0969 15
0.5177 0.0177 0.0453 11
0.5019 0.017 0.0617 21
0.4975 0.0167 0.0788 14
0.4964 0.0166 0.0965 14
0.515 0.0171 -0.027 10
0.5064 0.0167 0.117 11
0.4866 0.0159 0.1304 10
0.5213 0.0164 -0.1398 11
0.5123 0.0159 -0.1183 13
0.5494 0.017 -0.1069 14
0.5058 0.0155 0.0443 12
0.5173 0.0158 -0.082 14
0.5139 0.0156 0.0631 20
0.4936 0.0148 0.0782 14
0.5279 0.0158 0.1027 14
0.5151 0.0153 -0.027 10
0.5181 0.0153 0.1197 11
0.5057 0.014 0.0088 7
0.5045 0.0139 -0.1165 13
0.5071 0.0139 0.0266 11
0.5103 0.014 -0.0992 15
0.5059 0.0138 0.0443 12
0.5055 0.0137 -0.0801 14
0.5199 0.014 0.0639 20
0.512 0.0137 -0.0629 17
0.524 0.0138 0.1019 14
0.5151 0.0135 -0.027 10
0.5065 0.0132 0.117 11
0.5021 0.0123 -0.1346 12
0.5058 0.0123 0.0088 7
0.5202 0.0125 -0.1201 13
0.5182 0.0124 -0.1007 15
0.5059 0.012 0.0443 12
0.5056 0.0119 -0.0801 14
0.518 0.0121 0.0636 20
0.512 0.0119 -0.0629 8
0.5095 0.0117 0.0807 14
0.4926 0.0113 0.0958 14
0.5012 0.0114 -0.0263 10
0.5104 0.0115 0.1179 11
0.4828 0.0107 0.1294 7
0.4906 0.0103 -0.1315 12
0.5066 0.0104 -0.117 13
0.5032 0.0103 0.0264 11
0.4986 0.0102 -0.0969 15
0.4977 0.01 -0.0788 14
0.5021 0.01 0.0617 21
0.5001 0.0099 -0.0614 8
0.5115 0.01 0.081 14
0.4927 0.0095 0.0958 14
0.53 0.0101 0.1224 10
0.5022 0.0088 -0.1346 12
0.5124 0.0088 -0.1183 13
0.5182 0.0088 -0.1007 15
0.506 0.0085 0.0443 12
0.5081 0.0083 0.0624 21
0.5017 0.0081 0.0795 14
0.528 0.0084 0.1027 14
0.5112 0.008 -0.0268 20
0.5066 0.0079 0.117 11
0.5022 0.007 -0.1346 12
0.5239 0.0072 0.0091 15
0.532 0.0072 -0.1228 12
0.4947 0.0066 -0.0962 16
0.502 0.0067 0.0439 12
0.5121 0.0066 0.0629 20
0.5183 0.0064 0.1007 14
0.5232 0.0064 -0.0274 19
0.5047 0.0061 0.1165 11
0.5023 0.0053 -0.1346 12
0.5239 0.0054 0.0091 15
0.5086 0.0051 -0.1174 13
0.5065 0.005 -0.0985 15
0.5121 0.0048 0.0629 20
0.5121 0.0047 -0.0629 17
0.5057 0.0046 0.0801 14
0.5104 0.0045 0.0992 14
0.5352 0.0047 -0.0281 19
0.5144 0.0044 0.1188 11
0.4907 0.0034 -0.1315 12
0.5079 0.0035 0.0089 15
0.5047 0.0033 -0.1165 13
0.5104 0.0033 -0.0992 15
0.5082 0.003 0.0624 21
0.5241 0.003 -0.0643 17
0.4908 0.0027 0.0954 15
0.5153 0.0027 -0.027 20
0.5203 0.0026 0.1201 11
0.5023 -0.0017 -0.1346 12
0.5059 -0.0018 0.0088 23
0.5145 -0.0019 -0.1188 13
0.5183 -0.002 -0.1007 15
0.4978 -0.0021 -0.0788 14
0.5161 -0.0023 0.0634 20
0.4963 -0.0023 -0.0609 18
0.4938 -0.0023 0.0782 14
0.5046 -0.0025 0.0981 14
0.5093 -0.0026 -0.0267 20
0.4891 -0.0026 0.1129 11
0.5179 -0.0036 0.009 22
0.5067 -0.0036 -0.117 13
0.4987 -0.0037 -0.0969 15
0.5001 -0.0038 0.0438 12
0.5121 -0.004 0.0629 20
0.4978 -0.0041 0.0788 14
0.4928 -0.0041 0.0958 14
0.5173 -0.0044 -0.0271 30
0.5086 -0.0044 0.1174 11
0.5164 -0.0055 -0.1192 13
0.53 -0.0057 -0.103 15
0.5001 -0.0055 0.0438 12
0.5121 -0.0058 0.0629 20
0.5057 -0.0059 0.0801 14
0.5113 -0.0062 -0.0268 30
0.5222 -0.0064 0.1206 11
0.4868 -0.0067 -0.1304 12
0.5013 -0.0072 0.0263 17
0.5182 -0.0074 -0.1007 15
0.5 -0.0072 0.0438 12
0.5056 -0.0077 0.0801 14
0.5202 -0.008 0.1011 14
0.5112 -0.0079 -0.0268 30
0.5105 -0.008 0.1179 11
0.4999 -0.0079 -0.0087 33
0.4868 -0.0084 -0.1304 12
0.5078 -0.0089 0.0089 31
0.5144 -0.0091 -0.1188 13
0.4992 -0.0089 0.0262 18
0.5104 -0.0091 -0.0992 15
0.508 -0.0091 0.0444 12
0.4962 -0.0091 0.0609 21
0.5135 -0.0096 0.0813 14
0.5 -0.0093 -0.0438 20
0.5084 -0.0096 0.0988 14
0.5012 -0.0095 -0.0263 30
0.5163 -0.0099 0.1192 11
0.5038 -0.0098 -0.0088 40
0.4829 -0.0094 0.1294 11
0.5022 -0.0104 -0.1346 12
0.5158 -0.0108 0.009 30
0.5046 -0.0107 -0.1165 13
0.5052 -0.0108 0.0265 17
0.5182 -0.011 -0.1007 15
0.5119 -0.011 0.0448 11
0.5056 -0.0109 -0.0801 14
0.5041 -0.011 0.0619 21
0.5239 -0.0115 -0.0643 17
0.4937 -0.0109 0.0782 14
0.5358 -0.012 0.1042 13
0.5172 -0.0116 -0.0271 30
0.5007 -0.0114 0.1156 11
0.4828 -0.0117 -0.1294 12
0.5138 -0.0126 0.009 30
0.5046 -0.0124 -0.1165 13
0.5131 -0.0127 0.0269 17
0.5299 -0.0131 -0.103 15
0.5041 -0.0128 0.0619 21
0.4976 -0.0128 0.0788 14
0.5083 -0.0131 0.0988 14
0.5091 -0.0132 -0.0267 30
0.5123 -0.0134 0.1183 11
0.4866 -0.0135 -0.1304 12
0.5037 -0.0141 0.0088 31
0.5182 -0.0146 -0.1197 13
0.5131 -0.0145 0.0269 23
0.5259 -0.0149 -0.1023 15
0.4936 -0.0141 -0.0782 15
0.5119 -0.0147 0.0629 20
0.4956 -0.0144 0.0785 14
0.5024 -0.0147 0.0977 14
0.4991 -0.0147 -0.0262 31
0.5006 -0.0149 0.1156 11
0.502 -0.0157 -0.1346 12
0.5037 -0.0158 0.0088 46
0.5064 -0.016 -0.117 13
0.5011 -0.0158 0.0263 23
0.518 -0.0165 -0.1007 15
0.5058 -0.0162 0.0443 18
0.4936 -0.0159 -0.0782 15
0.5079 -0.0164 0.0624 21
0.496 -0.0161 -0.0609 18
0.5133 -0.0167 0.0813 14
0.5062 -0.0166 0.0985 14
0.503 -0.0166 -0.0264 41
0.5064 -0.0168 0.117 11
0.5016 -0.0166 -0.0088 65
0.4865 -0.0169 -0.1304 12
0.5076 -0.0176 0.0089 38
0.5064 -0.0177 -0.117 13
0.501 -0.0176 0.0263 23
0.5101 -0.018 -0.0992 15
0.5137 -0.0182 0.045 17
0.4935 -0.0175 -0.0782 15
0.4935 -0.0178 0.0782 14
0.518 -0.0187 0.1007 14
0.515 -0.0187 -0.027 40
0.4908 -0.0179 0.1134 11
0.5096 -0.0187 -0.0089 65
0.4903 -0.0187 -0.1315 12
0.5115 -0.0196 0.0089 45
0.4985 -0.0192 -0.1152 13
0.5109 -0.0197 0.0268 29
0.5179 -0.02 -0.1007 15
0.4959 -0.0194 0.0609 21
0.5058 -0.0199 -0.0622 17
0.5159 -0.0205 0.1004 14
0.5089 -0.0203 -0.0267 40
0.4907 -0.0196 0.1134 11
0.5055 -0.0203 -0.0088 73
0.4826 -0.0195 0.1294 11
0.5215 -0.0218 0.0091 52
0.514 -0.0215 -0.1188 13
0.5128 -0.0216 0.0269 23
0.5375 -0.0226 -0.1046 14
0.5038 -0.0215 0.0619 21
0.5013 -0.0215 0.0795 14
0.4962 -0.0214 0.0965 14
0.5108 -0.0221 -0.0268 50
0.5042 -0.0219 0.1165 11
0.5114 -0.0223 -0.0089 80
0.5174 -0.0234 0.009 53
0.4945 -0.0225 -0.1143 13
0.5187 -0.0236 0.0272 34
0.5295 -0.0241 -0.103 15
0.5136 -0.0237 0.0631 20
0.5037 -0.0233 -0.0619 17
0.5012 -0.0233 0.0795 14
0.5079 -0.0237 0.0988 14
0.5207 -0.0244 -0.0273 50
0.5275 -0.0248 0.1219 10
0.4994 -0.0235 -0.0087 90
0.5213 -0.0254 0.0091 60
0.4983 -0.0244 -0.1152 13
0.5246 -0.0258 0.0275 40
0.5373 -0.0264 -0.1046 14
0.4995 -0.0246 0.0438 18
0.4976 -0.0247 0.0612 21
0.5051 -0.0252 0.0801 14
0.5196 -0.026 0.1011 14
0.5107 -0.0257 -0.0268 70
0.508 -0.0256 0.1174 11
0.5173 -0.0262 -0.009 96
0.5209 -0.0271 -0.1398 11
0.5232 -0.0273 0.0091 67
0.4962 -0.026 -0.1147 13
0.5146 -0.027 0.027 46
0.5176 -0.0272 -0.1007 15
0.4932 -0.0261 -0.0782 15
0.5035 -0.0267 0.0619 21
0.501 -0.0267 0.0795 14
0.496 -0.0266 0.0965 14
0.5086 -0.0274 -0.0267 81
0.5152 -0.0278 -0.009 100
0.4823 -0.0261 0.1294 11
0.4861 -0.0269 -0.1304 12
0.5311 -0.0295 0.0093 73
0.4981 -0.0278 -0.1152 13
0.5085 -0.0283 0.0267 52
0.5293 -0.0296 -0.103 15
0.4973 -0.0279 0.0436 18
0.499 -0.0281 -0.0792 14
0.4955 -0.028 0.0609 21
0.4931 -0.0279 0.0782 14
0.5116 -0.0291 0.0996 14
0.5125 -0.0293 -0.0269 81
0.5097 -0.0291 0.1179 11
0.5071 -0.0291 -0.0089 100
0.507 -0.0299 0.0089 85
0.5175 -0.0306 -0.1197 13
0.5064 -0.03 0.0266 47
0.5174 -0.0306 -0.1007 15
0.4969 -0.0296 -0.0788 14
0.5033 -0.0301 0.0619 21
0.5008 -0.0301 0.0795 14
0.5154 -0.0311 0.1004 14
0.5163 -0.0312 -0.0271 90
0.5194 -0.0315 0.1201 11
0.503 -0.0306 -0.0088 100
0.4897 -0.0305 -0.1315 12
0.5029 -0.0314 0.0088 100
0.4862 -0.0304 -0.1125 14
0.5203 -0.0326 0.0273 51
0.5173 -0.0325 -0.1007 15
0.5071 -0.0319 0.0444 18
0.4968 -0.0313 -0.0788 14
0.4953 -0.0314 -0.0609 18
0.4968 -0.0316 0.0788 14
0.4957 -0.0316 0.0965 14
0.492 -0.0316 0.1138 11
0.5029 -0.0323 -0.0088 100
0.5051 -0.0332 -0.1356 12
0.4988 -0.0329 0.0087 100
0.4861 -0.0321 -0.1125 14
0.5122 -0.0339 0.0269 51
0.5093 -0.0338 -0.0992 15
0.5089 -0.0338 0.0446 24
0.5006 -0.0336 0.0795 14
0.5073 -0.0342 0.0988 14
0.5172 -0.035 0.1197 11
0.5068 -0.0344 -0.0089 100
0.5011 -0.0348 -0.1346 12
0.5067 -0.0353 0.0089 100
0.5152 -0.0359 -0.1192 13
0.517 -0.0362 -0.1007 15
0.5048 -0.0354 0.0443 24
0.5044 -0.0357 0.0801 14
0.5008 -0.0355 -0.0439 30
0.4955 -0.0353 0.0965 14
0.5034 -0.0359 0.1165 11
0.5106 -0.0365 -0.0089 100
0.5009 -0.0366 -0.1346 12
0.5006 -0.0367 0.0088 100
0.4995 -0.0367 -0.1156 13
0.498 -0.0367 0.0262 54
0.5091 -0.0376 -0.0992 15
0.5047 -0.0372 0.0443 24
0.5004 -0.037 -0.0795 14
0.5028 -0.0373 0.0619 21
0.4969 -0.0369 -0.0612 26
0.4953 -0.0371 0.0965 14
0.5033 -0.0378 0.1165 11
0.4985 -0.0375 -0.0087 44
0.5084 -0.0391 0.0089 100
0.5052 -0.039 -0.117 13
0.5168 -0.04 -0.1007 15
0.4963 -0.0385 -0.0788 14
0.5067 -0.0394 0.0624 21
0.5042 -0.0394 0.0801 14
0.503 -0.0395 0.0981 14
0.4915 -0.0387 0.1138 11
0.4814 -0.0385 -0.1294 12
0.4915 -0.0395 -0.1138 13
0.5245 -0.0422 -0.1023 15
0.4947 -0.0401 0.0609 21
0.4986 -0.0404 -0.0614 26
0.504 -0.0409 0.0801 14
0.5068 -0.0413 0.0988 14
0.5186 -0.0424 0.1201 11
0.5042 -0.0413 -0.0088 100
0.4851 -0.0404 -0.1304 12
0.5107 -0.0427 -0.1183 13
0.5243 -0.0439 -0.1023 15
0.5003 -0.042 0.0439 18
0.5 -0.0422 0.0795 14
0.4949 -0.042 0.0965 14
0.5223 -0.0444 0.121 11
0.5121 -0.0436 -0.009 43
0.4889 -0.0423 -0.1315 12
0.502 -0.0436 0.0088 100
0.4951 -0.0431 -0.1147 13
0.5163 -0.045 -0.1007 15
0.5141 -0.0449 0.0451 17
0.5037 -0.0443 0.0801 14
0.5143 -0.0454 0.1004 14
0.4989 -0.0442 0.1156 11
0.4849 -0.0438 -0.1304 12
0.4979 -0.045 0.0087 100
0.4852 -0.0439 -0.1125 14
0.5084 -0.0462 -0.0992 15
0.5 -0.0455 0.0439 24
0.4997 -0.0456 -0.0795 14
0.4942 -0.0451 0.0609 21
0.4997 -0.0457 0.0795 14
0.5259 -0.0483 0.1027 14
0.4987 -0.046 0.1156 11
0.4809 -0.0444 0.1294 11
0.5025 -0.0473 -0.1165 13
0.5004 -0.0472 -0.0977 15
0.4979 -0.0471 0.0438 18
0.5059 -0.048 0.0624 21
0.498 -0.0473 -0.0614 17
0.4995 -0.0475 0.0795 14
0.497 -0.0475 -0.0262 93
0.4869 -0.0466 0.1129 11
0.5179 -0.0505 -0.1201 13
0.5029 -0.0491 0.0265 41
0.508 -0.0497 -0.0992 15
0.4978 -0.0489 0.0614 21
0.4959 -0.0488 -0.0612 17
0.5072 -0.05 0.0807 14
0.5217 -0.0517 0.121 11
0.4806 -0.0478 0.1294 7
0.4983 -0.0504 -0.1156 13
0.5157 -0.0522 -0.1007 15
0.4956 -0.0502 0.0436 18
0.507 -0.0518 0.0807 14
0.5137 -0.0525 0.1004 14
0.5312 -0.0545 0.1233 10
0.4804 -0.0495 0.1294 11
0.5188 -0.0541 -0.1398 11
0.4972 -0.0519 0.0087 100
0.502 -0.0525 -0.1165 13
0.5155 -0.054 -0.1007 15
0.4974 -0.0522 0.0438 18
0.4951 -0.052 -0.0788 14
0.5252 -0.0556 0.1027 14
0.4985 -0.0528 -0.0263 82
0.5038 -0.0535 0.117 11
0.499 -0.0539 0.0088 93
0.525 -0.0568 -0.1219 13
0.5036 -0.0545 -0.0985 15
0.4953 -0.0539 0.0612 21
0.5133 -0.0561 0.1004 14
0.4963 -0.0544 -0.0262 62
0.492 -0.054 0.1143 11
0.4877 -0.0543 -0.1315 12
0.4988 -0.0556 0.0088 69
0.5094 -0.0569 -0.1183 13
0.5229 -0.0585 -0.1023 15
0.5011 -0.0563 0.0619 21
0.4907 -0.0553 0.0782 14
0.5014 -0.0566 0.0981 14
0.5015 -0.0568 0.1165 11
0.4798 -0.0551 -0.1294 12
0.4937 -0.0569 -0.1147 13
0.5266 -0.0607 -0.103 15
0.5102 -0.0593 0.0813 14
0.5051 -0.0588 0.0988 14
0.4999 -0.0583 -0.0264 51
0.4994 -0.0583 0.1161 11
0.4988 -0.059 -0.1346 12
0.5044 -0.0598 0.0089 54
0.4935 -0.0586 -0.1147 13
0.4998 -0.0594 0.0264 23
0.503 -0.0598 -0.0985 15
0.4966 -0.0591 0.0438 12
0.5021 -0.0601 0.0801 14
0.5049 -0.0606 0.0988 14
0.5205 -0.0626 0.121 11
0.4983 -0.06 -0.0088 65
0.4986 -0.0608 -0.1346 12
0.4933 -0.0603 -0.1147 13
0.4989 -0.0611 -0.0977 15
0.4964 -0.0609 0.0438 12
0.4941 -0.0607 -0.0788 14
0.5044 -0.062 0.0624 21
0.498 -0.0614 0.0795 14
0.5202 -0.0642 0.1019 14
0.4912 -0.0608 0.1143 11
0.4984 -0.0625 -0.1346 12
0.504 -0.0633 0.0089 38
0.4969 -0.0625 -0.1156 13
0.522 -0.0658 -0.1023 15
0.4963 -0.0628 0.0614 21
0.5002 -0.0634 -0.0619 17
0.5122 -0.0651 0.1004 14
0.491 -0.0626 0.1143 11
0.479 -0.0618 -0.1294 12
0.5097 -0.0658 0.009 30
0.5044 -0.0652 -0.1174 13
0.5257 -0.0681 -0.103 15
0.5 -0.065 0.0619 21
0.5015 -0.0653 0.0801 14
0.5237 -0.0684 0.1027 14
0.4951 -0.0647 -0.0262 31
0.5101 -0.0668 0.1188 11
0.4979 -0.066 -0.1346 12
0.51 -0.0677 -0.1188 13
0.5254 -0.0699 -0.103 15
0.4919 -0.0656 0.0609 21
0.4954 -0.0663 0.0792 14
0.5157 -0.0691 0.1011 14
0.4983 -0.0669 0.1161 11
0.4977 -0.0676 -0.1346 12
0.5136 -0.07 -0.1197 13
0.5135 -0.0701 -0.1007 15
0.4917 -0.0674 -0.0609 18
0.503 -0.0691 0.0804 14
0.4981 -0.0687 0.1161 11
0.4975 -0.0694 -0.1346 12
0.4971 -0.0694 0.0088 23
0.4844 -0.0677 -0.1129 13
0.5055 -0.0708 -0.0992 15
0.4954 -0.0696 0.0614 21
0.5047 -0.0711 0.0807 14
0.5113 -0.0721 0.1004 14
0.5017 -0.071 0.117 11
0.5163 -0.0739 -0.1398 11
0.515 -0.0739 -0.1201 13
0.4858 -0.0697 -0.0954 16
0.5049 -0.0726 0.0446 12
0.5005 -0.072 -0.0801 14
0.5128 -0.0739 0.0636 20
0.4927 -0.0711 0.0788 14
0.5149 -0.0745 0.1011 14
0.5091 -0.0738 0.1188 11
0.5161 -0.0757 -0.1398 11
0.5148 -0.0756 -0.1201 13
0.5128 -0.0754 -0.1007 15
0.4987 -0.0735 0.0441 12
0.5106 -0.0753 0.0634 20
0.5067 -0.0748 -0.0629 17
0.5061 -0.0748 0.081 14
0.5108 -0.0756 0.1004 14
0.4939 -0.0732 -0.0262 20
0.5012 -0.0744 0.117 11
0.4967 -0.0745 -0.1346 12
0.4983 -0.0748 0.0088 15
0.5165 -0.0776 -0.1206 13
0.5242 -0.0789 -0.103 15
0.5 -0.0754 -0.0801 14
0.5162 -0.078 0.0641 20
0.5064 -0.0766 -0.0629 17
0.4911 -0.0744 0.0965 14
0.5174 -0.0785 -0.0274 19
0.5009 -0.0761 0.117 11
0.4775 -0.0727 0.1294 7
0.4774 -0.0733 -0.1294 12
0.5027 -0.0774 -0.1174 13
0.4955 -0.0763 0.0263 11
0.5317 -0.0819 -0.1046 14
0.4962 -0.0766 0.0439 12
0.4904 -0.0759 -0.0609 18
0.5017 -0.0778 0.0804 14
0.5102 -0.0792 0.1004 14
0.4934 -0.0766 -0.0262 20
0.5122 -0.0797 0.1197 11
0.4848 -0.0756 0.1315 7
0.4962 -0.078 -0.1346 12
0.4978 -0.0783 0.0088 15
0.5063 -0.0797 -0.1183 13
0.5081 -0.0801 -0.1 15
0.492 -0.0777 0.0436 12
0.4995 -0.0789 -0.0801 14
0.4961 -0.0785 0.0617 21
0.4941 -0.0783 -0.0614 8
0.4956 -0.0786 0.0795 14
0.4983 -0.0791 0.0981 14
0.4931 -0.0784 -0.0262 10
0.4965 -0.079 0.1161 11
0.4808 -0.0767 0.1304 7
0.4768 -0.0766 -0.1294 12
0.4995 -0.0804 0.0088 15
0.5252 -0.0846 -0.1228 12
0.5349 -0.0863 -0.1053 14
0.4957 -0.08 0.0439 12
0.5109 -0.0826 -0.082 14
0.5115 -0.0827 0.0636 20
0.4875 -0.079 0.0782 14
0.4903 -0.0796 0.0965 14
0.5086 -0.0827 -0.027 10
0.5078 -0.0826 0.1188 11
0.4766 -0.0783 -0.1294 12
0.5134 -0.0845 -0.1201 13
0.5037 -0.083 -0.0992 15
0.4954 -0.0817 0.0439 12
0.5053 -0.0836 0.0629 20
0.4935 -0.0817 -0.0614 8
0.4989 -0.0826 0.0801 7
0.5094 -0.0845 0.1004 14
0.5083 -0.0844 -0.027 10
0.5037 -0.0837 0.1179 11
0.4953 -0.0832 -0.1346 12
0.493 -0.0828 0.0087 7
0.4977 -0.0837 -0.1165 13
0.4924 -0.0828 0.0262 12
0.5227 -0.088 -0.103 15
0.4951 -0.0835 0.0439 12
0.5109 -0.0862 0.0636 20
0.5064 -0.0857 0.0813 14
0.4859 -0.0823 0.0958 14
0.4923 -0.0834 -0.0262 10
0.4918 -0.0835 0.1152 11
0.4859 -0.0834 -0.1138 13
0.5147 -0.0884 -0.1015 15
0.4987 -0.0858 0.0443 12
0.489 -0.0844 -0.0609 9
0.4905 -0.0847 0.0788 14
0.501 -0.0866 0.0988 14
0.5038 -0.0872 -0.0268 10
0.4992 -0.0865 0.117 11
0.5138 -0.0899 -0.1398 11
0.4983 -0.0872 0.0088 15
0.4971 -0.0871 -0.1165 13
0.5337 -0.0937 -0.1053 14
0.4927 -0.0868 -0.0614 8
0.5019 -0.0885 0.0807 7
0.5007 -0.0885 0.0988 14
0.4937 -0.0873 -0.0263 10
0.4989 -0.0883 0.117 11
0.4756 -0.0843 0.1294 7
0.5287 -0.0945 -0.1439 11
0.5039 -0.0901 0.0089 7
0.4968 -0.0889 -0.1165 13
0.5218 -0.0935 -0.103 15
0.502 -0.0901 0.0446 12
0.4977 -0.0894 -0.0801 14
0.5021 -0.0903 0.0626 20
0.4977 -0.0896 0.0801 14
0.5197 -0.0937 0.1027 14
0.5012 -0.0905 -0.0267 10
0.4986 -0.0901 0.117 11
0.4866 -0.0881 0.1325 7
0.4941 -0.0901 -0.1346 12
0.4918 -0.0897 0.0087 7
0.4927 -0.09 -0.1156 13
0.4944 -0.0904 -0.0977 15
0.5096 -0.0934 0.0636 20
0.5155 -0.0946 -0.0643 8
0.4885 -0.0898 0.0965 14
0.5098 -0.0939 0.1197 11
0.4938 -0.0918 -0.1346 12
0.4915 -0.0914 0.0087 7
0.4962 -0.0924 -0.1165 13
0.4948 -0.0922 0.0264 11
0.5288 -0.0986 -0.1046 14
0.4936 -0.0921 0.0439 12
0.4854 -0.0907 -0.0782 15
0.4976 -0.093 0.0622 21
0.4917 -0.092 -0.0614 8
0.5126 -0.0959 0.0826 7
0.4843 -0.0908 0.0958 14
0.5025 -0.0943 -0.0268 10
0.5056 -0.095 0.1188 11
0.4784 -0.09 0.1304 7
0.5125 -0.0971 -0.1398 11
0.5108 -0.0968 0.0091 7
0.5035 -0.0955 -0.1183 13
0.5092 -0.0968 -0.1007 15
0.4932 -0.0938 0.0439 12
0.4973 -0.0947 0.0622 21
0.4914 -0.0937 -0.0614 8
0.487 -0.0929 0.0785 7
0.4879 -0.0932 0.0965 14
0.4924 -0.0941 -0.0263 10
0.5053 -0.0967 0.1188 11
0.4743 -0.0909 0.1294 7
0.478 -0.0922 -0.1304 12
0.5183 -0.1001 0.0092 7
0.5032 -0.0973 -0.1183 13
0.5089 -0.0985 -0.1007 15
0.4968 -0.0962 0.0443 12
0.493 -0.0957 0.0617 21
0.4867 -0.0946 0.0785 14
0.5145 -0.1001 0.1019 14
0.5215 -0.1016 -0.0278 9
0.5088 -0.0992 0.1197 11
0.4816 -0.094 0.1315 7
0.5082 -0.1 0.009 7
0.5029 -0.099 -0.1183 13
0.497 -0.0979 -0.0985 15
0.4961 -0.098 -0.0801 7
0.5122 -0.1012 0.0641 20
0.4868 -0.0963 -0.0609 9
0.4864 -0.0963 0.0785 7
0.5065 -0.1004 0.1004 14
0.4956 -0.0983 -0.0265 10
0.4912 -0.0975 0.1156 11
0.4736 -0.0948 -0.1294 12
0.4961 -0.0994 0.0088 7
0.4834 -0.0969 -0.1138 13
0.5274 -0.1059 -0.1046 14
0.488 -0.0981 -0.0788 14
0.5001 -0.1007 0.0626 20
0.4996 -0.1007 0.0807 7
0.5215 -0.1053 0.1034 13
0.5081 -0.1027 0.1197 11
0.4898 -0.0999 0.0087 7
0.4945 -0.101 -0.1165 13
0.5107 -0.1044 0.0273 5
0.5193 -0.1061 -0.103 15
0.488 -0.0998 0.0436 12
0.5115 -0.1048 0.0641 20
0.5134 -0.1053 -0.0643 8
0.4973 -0.1021 0.0804 14
0.4865 -0.1 0.0965 14
0.5067 -0.1042 -0.0271 10
0.5115 -0.1053 0.1206 11
0.4767 -0.0989 -0.1304 12
0.5094 -0.1059 -0.1201 13
0.519 -0.1079 -0.103 15
0.4974 -0.1035 0.0444 12
0.5014 -0.1046 0.0629 20
0.4897 -0.1022 -0.0614 8
0.4931 -0.1029 0.0798 7
0.5054 -0.1057 0.1004 14
0.4907 -0.1027 -0.0263 10
0.4997 -0.1047 0.1179 11
0.4803 -0.1007 0.1315 7
0.4801 -0.1013 -0.1315 12
0.5165 -0.109 0.0092 7
0.4976 -0.1051 -0.1174 13
0.5186 -0.1098 -0.103 15
0.5009 -0.1061 0.0448 11
0.4952 -0.105 0.0622 21
0.5101 -0.1083 0.0826 7
0.4935 -0.1049 0.0981 14
0.4942 -0.1051 -0.0265 10
0.4956 -0.1055 0.117 11
0.4761 -0.1015 0.1304 7
0.4911 -0.1054 -0.1346 12
0.524 -0.1125 0.0094 7
0.5011 -0.1077 -0.1183 13
0.5182 -0.1115 -0.103 15
0.4908 -0.1057 0.0439 12
0.4828 -0.104 -0.0782 15
0.4909 -0.1059 0.0617 21
0.489 -0.1055 -0.0614 8
0.5392 -0.1166 0.1072 13
0.5075 -0.1098 -0.0272 10
0.5066 -0.1097 0.1197 11
0.472 -0.1023 0.1294 7
0.4893 -0.1069 -0.1156 13
0.4987 -0.1091 -0.0992 15
0.4924 -0.1078 0.0441 12
0.4863 -0.1065 -0.0788 14
0.4945 -0.1084 0.0622 21
0.4959 -0.1088 0.0804 14
0.5235 -0.115 0.1042 13
0.4994 -0.1098 -0.0268 10
0.5024 -0.1106 0.1188 11
0.4775 -0.106 -0.1129 13
0.4894 -0.1088 0.0263 11
0.506 -0.1124 -0.1007 15
0.5096 -0.1135 0.0641 20
0.4999 -0.1115 -0.0629 8
0.5051 -0.1127 0.082 7
0.5039 -0.1125 0.1004 14
0.5087 -0.1137 -0.0273 10
0.5002 -0.1119 0.1183 11
0.49 -0.1104 -0.1346 12
0.5247 -0.1185 -0.1046 14
0.4956 -0.112 0.0444 12
0.5048 -0.1142 -0.082 7
0.4995 -0.1132 -0.0629 8
0.4912 -0.1114 0.0798 14
0.4959 -0.1126 0.0988 14
0.4927 -0.1119 -0.0265 10
0.5055 -0.1149 0.1197 11
0.4747 -0.1081 0.1304 7
0.4896 -0.1121 -0.1346 12
0.5071 -0.1163 -0.1201 13
0.5052 -0.116 -0.1007 15
0.4971 -0.1142 0.0446 12
0.4813 -0.1107 -0.0782 15
0.4894 -0.1126 0.0617 21
0.5107 -0.1176 -0.0643 8
0.4955 -0.1143 0.0988 14
0.5138 -0.1186 -0.0276 9
0.4937 -0.1141 0.117 11
0.4705 -0.1089 0.1294 7
0.4704 -0.1095 -0.1294 12
0.4947 -0.1152 0.0089 7
0.4991 -0.1163 -0.1183 13
0.4971 -0.116 -0.0992 15
0.4948 -0.1155 0.0444 12
0.4809 -0.1124 -0.0782 15
0.4929 -0.1152 0.0622 21
0.4832 -0.1131 -0.0609 9
0.4951 -0.116 0.0988 14
0.4895 -0.1149 0.1161 11
0.4739 -0.1114 0.1304 10
0.4888 -0.1155 -0.1346 12
0.5118 -0.1211 0.0092 7
0.4898 -0.116 0.0264 5
0.5196 -0.1231 -0.1038 14
0.4805 -0.114 -0.0782 15
0.4886 -0.116 0.0617 21
0.4978 -0.1183 0.081 14
0.5099 -0.1214 0.1019 14
0.4993 -0.119 -0.0269 10
0.4966 -0.1184 0.1179 11
0.4945 -0.1188 -0.1174 13
0.523 -0.1259 -0.1046 14
0.492 -0.1185 0.0443 12
0.4979 -0.12 0.0629 20
0.5133 -0.1238 -0.0648 8
0.4877 -0.1177 0.0795 7
0.4943 -0.1194 0.0988 14
0.5047 -0.122 -0.0272 10
0.4963 -0.1201 0.1179 11
0.4694 -0.1137 0.1294 11
0.5068 -0.1234 -0.1398 11
0.4866 -0.1187 -0.1156 13
0.5006 -0.1221 0.027 5
0.515 -0.1257 -0.103 15
0.4993 -0.122 0.045 11
0.4955 -0.1213 0.0626 20
0.4859 -0.119 -0.0614 8
0.4989 -0.1222 0.0813 7
0.4824 -0.1183 0.0965 14
0.4888 -0.12 -0.0264 10
0.4845 -0.119 0.1152 11
0.5063 -0.1252 -0.1398 11
0.497 -0.1229 0.0089 7
0.4994 -0.1236 -0.1188 13
0.5145 -0.1275 -0.103 15
0.5067 -0.1257 0.0457 11
0.4908 -0.1217 -0.0801 14
0.4932 -0.1224 0.0624 21
0.4908 -0.122 0.0801 7
0.5125 -0.1275 0.1027 14
0.5194 -0.1293 -0.0281 9
0.4992 -0.1244 0.1188 11
0.4761 -0.1188 0.1315 7
0.4684 -0.1177 -0.1294 12
0.5042 -0.1267 0.0091 7
0.4781 -0.1203 -0.1138 13
0.5026 -0.1265 -0.1007 15
0.4907 -0.1236 0.0443 6
0.4789 -0.1207 -0.0782 15
0.4985 -0.1258 0.0631 20
0.4807 -0.1214 0.0785 14
0.512 -0.1295 0.1027 14
0.4836 -0.1225 0.1152 11
0.5174 -0.1319 0.0093 7
0.4891 -0.1248 -0.1165 13
0.5098 -0.1302 -0.1023 15
0.5091 -0.1301 -0.0832 14
0.5019 -0.1284 0.0636 20
0.4846 -0.1241 -0.0614 8
0.488 -0.125 0.0798 7
0.5078 -0.1302 0.1019 14
0.4972 -0.1276 -0.0269 10
0.5096 -0.1309 0.1215 11
0.4917 -0.1272 0.0089 7
0.5037 -0.1304 -0.1201 13
0.5017 -0.1299 -0.1007 15
0.486 -0.126 0.0439 12
0.4976 -0.1292 0.0631 20
0.5188 -0.1347 -0.0658 8
0.4875 -0.1267 0.0798 7
0.4997 -0.13 0.1004 14
0.5025 -0.1308 -0.0272 10
0.4979 -0.1297 0.1188 11
0.5045 -0.1323 -0.1398 11
0.4836 -0.1269 0.0087 7
0.4957 -0.1301 -0.1183 13
0.5127 -0.1347 -0.103 15
0.4914 -0.1292 0.0444 12
0.4953 -0.1305 -0.0629 8
0.5024 -0.1324 0.0823 7
0.5106 -0.1347 0.1027 14
0.4924 -0.13 -0.0267 10
0.5012 -0.1324 0.1197 11
0.4706 -0.1245 0.1304 7
0.5041 -0.134 -0.1398 11
0.4947 -0.1316 0.0089 7
0.5028 -0.1339 -0.1201 13
0.5084 -0.1355 -0.1023 15
0.4832 -0.1288 0.0438 6
0.4886 -0.1304 -0.0801 14
0.4929 -0.1316 0.0626 20
0.4771 -0.1276 0.0782 7
0.4912 -0.1314 0.0988 14
0.5055 -0.1353 -0.0274 9
0.4932 -0.1321 0.1179 11
0.4777 -0.1282 0.1325 7
0.5223 -0.1408 -0.1449 11
0.4873 -0.1316 -0.1165 13
0.5193 -0.1403 -0.1046 14
0.5001 -0.1354 0.0636 20
0.5058 -0.1371 -0.0643 8
0.4862 -0.1318 0.0798 14
0.5135 -0.1393 0.1034 13
0.5031 -0.1366 -0.0273 10
0.4889 -0.1328 0.117 11
0.4735 -0.1288 0.1315 7
0.4868 -0.1333 -0.1165 13
0.4999 -0.1369 -0.1007 15
0.4801 -0.1317 -0.0788 14
0.5035 -0.1382 0.0641 20
0.4785 -0.1315 -0.0609 9
0.4978 -0.1369 0.1004 14
0.5026 -0.1383 -0.0273 10
0.4904 -0.1351 0.1174 11
0.473 -0.1304 0.1315 7
0.4729 -0.131 -0.1315 12
0.5165 -0.1431 0.0094 7
0.4901 -0.1359 -0.1174 13
0.5032 -0.1397 -0.1015 15
0.4914 -0.1366 0.0446 12
0.4953 -0.1377 0.0631 20
0.4967 -0.1383 0.0817 14
0.4837 -0.1348 -0.0439 10
0.4898 -0.1365 0.0988 14
0.4867 -0.1357 -0.0265 10
0.5049 -0.1409 0.121 11
0.4687 -0.1316 -0.1304 12
0.4746 -0.1334 -0.1138 13
0.5178 -0.1457 -0.1046 14
0.4833 -0.136 0.0439 12
0.4796 -0.1352 0.0612 21
0.4929 -0.139 -0.0629 17
0.4848 -0.1368 0.0798 7
0.478 -0.135 0.0965 14
0.4744 -0.1342 0.1138 11
0.4647 -0.1316 0.1294 7
0.5017 -0.1428 -0.1398 11
0.4817 -0.1372 -0.1156 13
0.5173 -0.1476 -0.1046 14
0.4885 -0.1394 0.0444 12
0.4787 -0.1367 -0.0788 14
0.4848 -0.1385 0.0619 21
0.481 -0.1375 -0.0614 8
0.4805 -0.1374 0.0792 14
0.4999 -0.1431 -0.0455 9
0.5077 -0.1454 0.1027 14
0.4858 -0.1392 -0.0265 10
0.4852 -0.1391 0.1165 11
0.4642 -0.1332 0.1294 7
0.4826 -0.1392 -0.1346 12
0.4976 -0.1436 0.009 7
0.4924 -0.1422 -0.1183 13
0.4791 -0.1385 -0.0969 15
0.4823 -0.1395 0.0439 12
0.4782 -0.1384 -0.0788 14
0.4938 -0.143 0.0631 20
0.4805 -0.1391 -0.0614 8
0.4952 -0.1435 0.0817 7
0.4959 -0.1439 0.1004 14
0.5121 -0.1487 -0.0279 9
0.4847 -0.1407 0.1165 11
0.4712 -0.137 0.1315 7
0.4914 -0.1436 0.0089 7
0.4919 -0.1438 -0.1183 13
0.5163 -0.1511 -0.1046 14
0.4777 -0.14 -0.0788 14
0.4915 -0.1441 0.0629 20
0.4871 -0.1429 0.0804 7
0.4992 -0.1466 0.1011 14
0.4848 -0.1425 -0.0265 10
0.5029 -0.1478 0.121 11
0.4706 -0.1391 -0.1315 12
0.4989 -0.1477 -0.1201 13
0.497 -0.1472 -0.1007 15
0.4796 -0.1423 0.0614 21
0.4986 -0.1481 -0.0639 17
0.4829 -0.1435 0.0798 14
0.4836 -0.1438 0.0981 14
0.5073 -0.1509 -0.0277 9
0.5099 -0.1518 0.1228 10
0.4665 -0.1391 0.1304 7
0.4997 -0.1496 -0.1398 11
0.4789 -0.1435 0.0087 7
0.4797 -0.1438 -0.1156 13
0.5002 -0.1501 -0.1015 15
0.4904 -0.1472 0.0448 11
0.4829 -0.1451 0.0619 21
0.479 -0.1441 -0.0614 8
0.488 -0.1469 0.0807 7
0.4944 -0.1489 0.1004 14
0.5094 -0.1536 0.1228 10
0.4786 -0.1444 -0.0087 8
0.4623 -0.1396 0.1294 7
0.4844 -0.1469 -0.1356 12
0.5128 -0.1556 0.0094 7
0.4904 -0.1489 -0.1183 13
0.4959 -0.1507 -0.1007 15
0.488 -0.1484 0.0446 12
0.4838 -0.1472 -0.0801 14
0.4862 -0.148 0.0624 21
0.4785 -0.1458 -0.0614 8
0.5045 -0.1538 0.0835 13
0.5127 -0.1563 0.1042 13
0.4833 -0.1475 -0.0265 10
0.5051 -0.1542 0.1219 10
0.4619 -0.1412 0.1294 7
0.4986 -0.1532 -0.1398 11
0.5046 -0.1551 0.0092 7
0.4973 -0.1529 -0.1201 13
0.4803 -0.1479 -0.0977 15
0.4798 -0.1478 0.0439 12
0.497 -0.1532 0.0639 20
0.4894 -0.1509 -0.0629 8
0.4794 -0.148 0.0795 14
0.4858 -0.1501 0.0988 14
0.4885 -0.151 -0.0268 10
0.4971 -0.1538 0.1201 11
0.4614 -0.1428 0.1294 11
0.4968 -0.1547 -0.1201 13
0.4767 -0.1486 0.0262 12
0.4948 -0.1542 -0.1007 15
0.5021 -0.1566 0.046 11
0.4752 -0.1483 -0.0788 14
0.4965 -0.155 0.0639 20
0.5002 -0.1563 -0.0643 8
0.4921 -0.1538 0.0817 14
0.5228 -0.1635 0.1065 13
0.4899 -0.1533 -0.0269 10
0.4891 -0.1532 0.1183 11
0.4608 -0.1445 0.1294 7
0.468 -0.1474 -0.1315 12
0.4883 -0.1539 0.0089 7
0.4962 -0.1565 -0.1201 13
0.4943 -0.1559 -0.1007 15
0.4769 -0.1505 0.0438 12
0.5035 -0.1591 0.0648 20
0.5186 -0.164 -0.0668 16
0.4765 -0.1508 0.0792 14
0.496 -0.1571 0.1011 14
0.4893 -0.155 -0.0269 10
0.4886 -0.1549 0.1183 11
0.464 -0.1473 0.1304 7
0.4822 -0.1537 -0.1356 12
0.5031 -0.1606 -0.1219 13
0.5087 -0.1624 -0.1038 14
0.4934 -0.1577 0.0453 11
0.4704 -0.1504 -0.0782 15
0.4746 -0.1518 0.0612 21
0.4967 -0.159 0.0826 7
0.488 -0.1564 0.0996 14
0.4945 -0.1586 -0.0272 10
0.4992 -0.1601 0.121 11
0.4672 -0.15 0.1315 7
0.5111 -0.1648 -0.1439 11
0.4834 -0.1559 0.0089 7
0.5007 -0.1616 -0.1215 13
0.4969 -0.1605 -0.1015 15
0.4872 -0.1575 0.0448 5
0.4699 -0.152 -0.0782 15
0.4986 -0.1613 0.0643 20
0.4759 -0.154 -0.0614 8
0.4886 -0.1582 0.0813 7
0.4986 -0.1616 0.1019 14
0.4883 -0.1584 -0.0269 10
0.4801 -0.1557 0.1165 11
0.4741 -0.1539 0.1336 10
0.4775 -0.1557 -0.1346 12
0.4867 -0.1588 0.0089 7
0.5002 -0.1633 -0.1215 13
0.5001 -0.1634 -0.1023 15
0.4848 -0.1585 0.0446 12
0.4886 -0.1599 0.0631 20
0.498 -0.1631 -0.0643 17
0.4731 -0.155 0.0788 14
0.4981 -0.1633 0.1019 14
0.4953 -0.1625 -0.0273 10
0.4796 -0.1574 0.1165 11
0.4698 -0.1544 0.1325 10
0.477 -0.1574 -0.1346 12
0.4861 -0.1605 0.0089 7
0.4996 -0.165 -0.1215 13
0.4836 -0.1598 0.0267 11
0.4996 -0.1651 -0.1023 15
0.4786 -0.1583 0.0441 12
0.4688 -0.1551 -0.0782 15
0.5013 -0.166 0.0648 20
0.4975 -0.1648 -0.0643 8
0.4894 -0.1622 0.0817 7
0.4938 -0.1638 0.1011 14
0.4872 -0.1617 -0.0269 10
0.4901 -0.1627 0.1192 11
0.4693 -0.156 0.1325 7
0.4618 -0.1541 -0.1304 12
0.4787 -0.16 -0.1165 13
0.5064 -0.1694 -0.1038 14
0.4837 -0.1618 0.0446 12
0.4758 -0.1593 -0.0795 14
0.48 -0.1608 0.0622 21
0.5082 -0.1703 -0.0658 8
0.4963 -0.1664 0.0829 14
0.4895 -0.1643 0.1004 14
0.4828 -0.1621 -0.0267 10
0.5006 -0.1682 0.1219 10
0.4614 -0.1552 0.1304 7
0.5088 -0.1718 -0.1439 11
0.5001 -0.169 0.0092 7
0.4708 -0.1592 -0.1147 13
0.4749 -0.1606 0.0263 11
0.5096 -0.1724 -0.1046 14
0.4869 -0.1648 0.045 11
0.4677 -0.1584 -0.0782 15
0.5001 -0.1695 0.0648 20
0.485 -0.1645 -0.0629 8
0.4864 -0.165 0.0813 14
0.4815 -0.1634 0.0988 14
0.4936 -0.1676 -0.0273 10
0.5 -0.1699 0.1219 10
0.4885 -0.1661 -0.009 8
0.4682 -0.1593 0.1325 10
0.4936 -0.1686 -0.1398 11
0.4995 -0.1707 0.0092 7
0.4628 -0.1583 -0.1129 13
0.4978 -0.1703 -0.1023 15
0.4826 -0.1652 0.0446 12
0.4971 -0.1703 -0.0832 14
0.4845 -0.1661 0.0629 20
0.4845 -0.1661 -0.0629 17
0.4858 -0.1666 0.0813 14
0.4884 -0.1677 0.1004 14
0.493 -0.1694 -0.0273 10
0.4921 -0.1691 0.1201 11
0.4713 -0.1621 0.1336 7
0.5113 -0.1766 -0.1449 11
0.499 -0.1724 0.0092 7
0.4862 -0.1681 -0.1188 13
0.4972 -0.1721 -0.1023 15
0.4744 -0.1643 0.0439 12
0.4704 -0.1629 -0.0788 14
0.4858 -0.1683 0.0631 20
0.474 -0.1644 0.0795 14
0.4743 -0.1646 -0.0439 10
0.5063 -0.1757 0.1042 13
0.4849 -0.1684 -0.0269 10
0.497 -0.1727 0.1215 11
0.4635 -0.1612 0.1315 7
0.4596 -0.1605 -0.1304 12
0.5059 -0.1768 0.0094 7
0.4764 -0.1666 -0.1165 13
0.4892 -0.1711 -0.1007 15
0.4814 -0.1685 0.0446 12
0.4852 -0.17 0.0631 20
0.466 -0.1635 0.0782 7
0.4872 -0.171 0.1004 14
0.5031 -0.1767 -0.0279 9
0.4946 -0.1738 0.121 11
0.4556 -0.1603 0.1294 11
0.4918 -0.1738 -0.1398 11
0.4714 -0.1665 0.0087 7
0.4648 -0.1643 -0.1138 13
0.482 -0.1705 0.0268 11
0.5034 -0.1782 -0.1038 14
0.4846 -0.1716 0.045 11
0.5015 -0.1777 0.0653 20
0.4827 -0.1711 -0.0629 17
0.4673 -0.1658 0.0785 14
0.4792 -0.1702 0.0988 14
0.4799 -0.1705 -0.0267 10
0.5013 -0.1782 0.1228 10
0.455 -0.1619 0.1294 7
0.4766 -0.1703 -0.1356 12
0.482 -0.1723 0.0089 7
0.4954 -0.1772 -0.1215 13
0.5028 -0.1799 -0.1038 14
0.4764 -0.1706 0.0443 12
0.4709 -0.1688 0.0614 21
0.4896 -0.1756 -0.0639 17
0.489 -0.1755 0.0823 7
0.5044 -0.1811 0.1042 13
0.4906 -0.1762 -0.0273 10
0.4713 -0.1694 0.1156 11
0.4653 -0.1674 0.1325 10
0.5051 -0.1824 -0.1439 11
0.4965 -0.1794 0.0092 7
0.4765 -0.1723 -0.117 13
0.4874 -0.1763 -0.1007 15
0.5021 -0.1817 0.0467 11
0.4927 -0.1786 0.0643 20
0.4815 -0.1746 -0.0629 17
0.4884 -0.1772 0.0823 7
0.4854 -0.1762 0.1004 14
0.4693 -0.1704 -0.0262 10
0.4927 -0.179 0.121 11
0.472 -0.1717 0.1346 10
0.4754 -0.1736 -0.1356 12
0.4808 -0.1757 0.0089 7
0.4777 -0.1746 -0.1174 13
0.5015 -0.1834 -0.1038 14
0.4827 -0.1767 0.045 11
0.4934 -0.1807 -0.0832 14
0.5051 -0.1851 0.0661 19
0.5069 -0.186 0.1049 13
0.4875 -0.179 -0.0272 10
0.4811 -0.1767 0.1183 11
0.4569 -0.1679 0.1304 10
0.4748 -0.1753 -0.1356 12
0.4859 -0.1793 0.009 7
0.4954 -0.183 -0.1219 13
0.474 -0.1751 0.0265 11
0.4861 -0.1797 -0.1007 15
0.4724 -0.1748 -0.0798 14
0.4915 -0.1819 0.0643 20
0.4803 -0.1779 -0.0629 8
0.4779 -0.1771 0.0807 14
0.4989 -0.1849 0.1034 13
0.4775 -0.1771 -0.0267 10
0.5079 -0.1885 0.1251 10
0.4525 -0.1687 -0.1294 12
0.4871 -0.1817 0.0091 7
0.4929 -0.184 -0.1215 13
0.4678 -0.1746 0.0262 12
0.4782 -0.1786 -0.0992 15
0.4778 -0.1785 0.0446 12
0.4718 -0.1764 -0.0798 14
0.4797 -0.1794 0.0629 20
0.4685 -0.1754 -0.0614 8
0.4921 -0.1842 0.0832 14
0.4909 -0.1839 0.1019 14
0.5031 -0.1886 -0.0282 9
0.5054 -0.1896 0.1246 10
0.4703 -0.1765 0.1346 7
0.4881 -0.1839 -0.1398 11
0.479 -0.1805 0.0089 7
0.4796 -0.1808 -0.1183 13
0.4886 -0.1844 -0.1015 15
0.4809 -0.1816 0.045 11
0.4712 -0.178 -0.0798 14
0.4902 -0.1852 0.0643 20
0.4902 -0.1853 -0.0643 8
0.4822 -0.1824 0.0817 7
0.4756 -0.18 0.0988 14
0.4931 -0.1867 -0.0276 9
0.4793 -0.1816 0.1183 11
0.4675 -0.1772 -0.0087 8
0.4624 -0.1754 0.1325 10
0.473 -0.1801 -0.1356 12
0.4784 -0.1822 0.0089 7
0.499 -0.1901 -0.1233 12
0.4953 -0.1888 -0.103 15
0.4877 -0.186 0.0457 11
0.4706 -0.1796 -0.0798 14
0.4933 -0.1884 0.0648 20
0.4858 -0.1856 -0.0639 17
0.4797 -0.1834 0.0813 14
0.4859 -0.1859 0.1011 14
0.4869 -0.1863 -0.0273 10
0.4823 -0.1846 0.1192 11
0.4868 -0.1873 -0.1398 11
0.5002 -0.1925 0.0094 7
0.4928 -0.1898 -0.1219 13
0.4808 -0.1853 0.027 11
0.4946 -0.1907 -0.103 15
0.4626 -0.1785 -0.0785 14
0.4741 -0.1829 0.0624 21
0.4667 -0.1802 -0.0614 17
0.4846 -0.1872 0.0823 14
0.4999 -0.1933 0.1042 13
0.4769 -0.1845 -0.0268 10
0.4852 -0.1878 0.1201 11
0.4648 -0.18 0.1336 10
0.4501 -0.175 -0.1294 12
0.4845 -0.1885 0.0091 7
0.4722 -0.1838 -0.117 13
0.4653 -0.1812 0.0262 12
0.4903 -0.191 -0.1023 15
0.479 -0.1866 0.045 11
0.4804 -0.1873 -0.0817 14
0.4901 -0.1912 0.0646 20
0.4882 -0.1905 -0.0643 8
0.4784 -0.1868 0.0813 14
0.5065 -0.1979 0.1057 13
0.493 -0.1927 -0.0277 9
0.4991 -0.1952 0.1237 10
0.4497 -0.1761 0.1294 11
0.4603 -0.1809 -0.1325 12
0.4839 -0.1902 0.0091 7
0.477 -0.1876 -0.1183 13
0.4814 -0.1894 0.0271 11
0.5006 -0.197 -0.1046 14
0.482 -0.1898 0.0453 11
0.4687 -0.1846 -0.0798 14
0.4709 -0.1856 0.0622 21
0.4875 -0.1922 -0.0643 8
0.4961 -0.1957 0.0845 13
0.5131 -0.2025 0.1072 13
0.5016 -0.1981 -0.0283 9
0.4948 -0.1955 0.1228 10
0.4527 -0.1791 0.1304 7
0.4704 -0.1867 -0.1356 12
0.4721 -0.1875 0.0089 7
0.4763 -0.1893 -0.1183 13
0.4752 -0.1888 0.0268 11
0.4889 -0.1944 -0.1023 15
0.4887 -0.1944 0.046 11
0.4717 -0.1877 -0.0804 14
0.4832 -0.1924 0.0639 20
0.4758 -0.1895 -0.0629 17
0.4698 -0.1871 0.0801 14
0.4978 -0.1985 0.1042 13
0.4768 -0.1902 -0.0269 10
0.4887 -0.1951 0.1215 11
0.4736 -0.189 -0.0089 8
0.4557 -0.182 0.1315 10
0.5128 -0.2056 -0.148 11
0.4826 -0.1935 0.0091 7
0.4811 -0.193 -0.1197 13
0.4671 -0.1875 0.0264 11
0.4992 -0.2005 -0.1046 14
0.4844 -0.1946 0.0457 11
0.4674 -0.1878 -0.0798 14
0.4752 -0.191 0.0629 20
0.4752 -0.1911 -0.0629 17
0.4856 -0.1954 0.0829 14
0.4713 -0.1897 -0.0444 10
0.479 -0.1928 0.1004 14
0.4798 -0.1933 -0.0271 10
0.488 -0.1967 0.1215 11
0.4622 -0.1865 0.1336 10
0.4835 -0.1957 -0.1398 11
0.5041 -0.2042 0.0095 7
0.4967 -0.2013 -0.1237 12
0.4627 -0.1876 0.0262 12
0.5022 -0.2036 -0.1053 14
0.48 -0.1947 0.0453 11
0.4777 -0.1939 -0.0817 14
0.4782 -0.1942 0.0634 20
0.5039 -0.2047 -0.0668 16
0.4685 -0.1904 0.0801 14
0.511 -0.2078 0.1072 13
0.4828 -0.1965 -0.0273 10
0.4909 -0.1998 0.1224 10
0.458 -0.1866 0.1325 10
0.4649 -0.1901 -0.1346 12
0.4815 -0.1971 -0.1201 13
0.4905 -0.2009 -0.103 15
0.4793 -0.1964 0.0453 11
0.477 -0.1956 -0.0817 14
0.4922 -0.2019 0.0653 20
0.4922 -0.202 -0.0653 16
0.4715 -0.1936 0.0807 14
0.4958 -0.2036 0.1042 13
0.5006 -0.2057 -0.0284 9
0.4902 -0.2016 0.1224 10
0.4681 -0.1926 0.1356 10
0.4678 -0.1932 -0.1356 12
0.4805 -0.1985 0.0091 7
0.4664 -0.1928 -0.1165 13
0.478 -0.1977 0.0271 11
0.4826 -0.1996 -0.1015 15
0.4971 -0.2057 0.0471 11
0.491 -0.2033 -0.0842 14
0.4805 -0.199 0.0639 20
0.4841 -0.2006 -0.0643 8
0.4817 -0.1997 0.0826 14
0.5059 -0.2099 0.1065 13
0.4815 -0.1998 -0.0273 10
0.5111 -0.2122 0.1278 10
0.4638 -0.1928 0.1346 10
0.4493 -0.1874 -0.1304 12
0.4687 -0.1956 0.0089 7
0.4766 -0.199 -0.1192 13
0.4644 -0.194 0.0264 11
0.4964 -0.2073 -0.1046 14
0.4743 -0.1982 0.045 11
0.4757 -0.1989 -0.0817 14
0.4761 -0.1992 0.0634 20
0.5017 -0.21 -0.0668 16
0.4883 -0.2045 0.0838 13
0.4871 -0.2041 0.1027 14
0.4789 -0.2007 -0.0272 10
0.4888 -0.205 0.1224 10
0.461 -0.1934 -0.0087 8
0.4489 -0.1884 0.1304 10
0.4949 -0.2085 -0.1439 11
0.4865 -0.205 0.0092 7
0.4848 -0.2044 -0.1215 13
0.4675 -0.1971 0.0266 11
0.4884 -0.206 -0.103 15
0.4809 -0.203 0.0457 11
0.4968 -0.2098 -0.0854 13
0.4718 -0.1993 0.0629 20
0.4608 -0.1947 -0.0614 17
0.4767 -0.2015 0.082 14
0.4643 -0.1963 -0.0441 10
0.4936 -0.2088 0.1042 13
0.4727 -0.2001 -0.0269 10
0.4881 -0.2066 0.1224 10
0.4659 -0.1973 -0.0088 8
0.4625 -0.1959 0.1346 10
0.4858 -0.2066 0.0092 7
0.4537 -0.193 -0.1138 13
0.4705 -0.2002 0.0268 11
0.4949 -0.2107 -0.1046 14
0.4913 -0.2092 0.0467 11
0.4816 -0.2052 -0.0829 14
0.4857 -0.2071 0.0648 20
0.4784 -0.204 -0.0639 17
0.4688 -0.2 0.0807 14
0.46 -0.1963 -0.0438 10
0.4785 -0.2043 0.1011 14
0.4867 -0.2079 -0.0277 9
0.491 -0.2097 0.1233 10
0.4597 -0.1965 -0.0087 8
0.4583 -0.1959 0.1336 10
0.4474 -0.1919 -0.1304 12
0.4851 -0.2082 0.0092 7
0.4656 -0.1999 -0.117 13
0.4661 -0.2002 0.0266 11
0.487 -0.2092 -0.103 15
0.4796 -0.2061 0.0457 11
0.4923 -0.2118 0.0658 20
0.4814 -0.2071 -0.0643 8
0.4736 -0.2039 0.0817 14
0.4958 -0.2136 0.1049 13
0.4787 -0.2064 -0.0273 10
0.4957 -0.2137 0.1246 10
0.4576 -0.1975 0.1336 10
0.4787 -0.2072 -0.1398 11
0.4661 -0.2019 0.0089 7
0.4792 -0.2077 -0.1206 13
0.471 -0.2041 0.0269 11
0.4791 -0.2077 -0.1015 15
0.4752 -0.2061 0.0453 11
0.473 -0.2053 -0.0817 14
0.4953 -0.215 0.0663 19
0.488 -0.2119 -0.0653 16
0.4711 -0.2046 0.0813 14
0.4807 -0.209 0.1019 14
0.4982 -0.2167 -0.0285 9
0.4968 -0.2161 0.1251 10
0.4712 -0.2051 -0.009 8
0.457 -0.199 0.1336 10
0.4602 -0.2012 -0.1346 12
0.4745 -0.2076 0.009 7
0.4552 -0.1993 -0.1147 13
0.4684 -0.2051 0.0268 11
0.4999 -0.2189 -0.1061 14
0.4818 -0.2111 0.046 11
0.4722 -0.207 -0.0817 14
0.4654 -0.2041 0.0624 21
0.469 -0.2058 -0.0629 17
0.4848 -0.2128 0.0838 13
0.5069 -0.2226 0.1076 13
0.4699 -0.2065 -0.0269 10
0.4888 -0.2149 0.1233 10
0.4832 -0.2125 -0.0092 7
0.4739 -0.2085 0.1387 10
0.4595 -0.2029 -0.1346 12
0.4683 -0.2068 0.0089 7
0.4724 -0.2087 -0.1192 13
0.4676 -0.2067 0.0268 11
0.4848 -0.2143 -0.103 15
0.4847 -0.2144 0.0464 11
0.4606 -0.2038 -0.0798 14
0.4683 -0.2073 0.0629 20
0.4755 -0.2106 -0.0639 17
0.4804 -0.2129 0.0832 14
0.5115 -0.2268 0.1088 13
0.4765 -0.2114 -0.0273 10
0.472 -0.2095 0.1192 11
0.4642 -0.2061 -0.0089 8
0.4626 -0.2055 0.1356 10
0.4588 -0.2045 -0.1346 12
0.5096 -0.2272 0.0097 7
0.4752 -0.212 -0.1201 13
0.4633 -0.2067 0.0266 11
0.4661 -0.208 -0.0992 15
0.4876 -0.2177 0.0467 11
0.4707 -0.2103 -0.0817 14
0.4748 -0.2122 0.0639 20
0.482 -0.2155 -0.0648 17
0.4688 -0.2097 0.0813 14
0.4964 -0.2221 0.1057 13
0.4648 -0.2081 -0.0267 10
0.4944 -0.2215 0.1251 10
0.4618 -0.2071 0.1356 10
0.4581 -0.2061 -0.1346 12
0.4905 -0.2208 0.0094 7
0.4922 -0.2216 -0.1246 12
0.4644 -0.2092 0.0267 11
0.4654 -0.2096 -0.0992 15
0.4832 -0.2178 0.0464 11
0.4952 -0.2233 -0.086 13
0.4777 -0.2155 0.0643 20
0.503 -0.227 -0.0678 16
0.4681 -0.2114 0.0813 14
0.4992 -0.2255 0.1065 13
0.4841 -0.2188 -0.0278 9
0.4883 -0.2208 0.1237 10
0.4646 -0.2102 -0.0089 8
0.4506 -0.2039 0.1325 10
0.4609 -0.2093 -0.1356 12
0.4716 -0.2142 0.009 7
0.4737 -0.2153 -0.1201 13
0.4873 -0.2215 0.0281 11
0.4897 -0.2226 -0.1046 14
0.4679 -0.2128 0.045 11
0.4872 -0.2217 -0.0848 13
0.4878 -0.2221 0.0658 20
0.4733 -0.2156 -0.0639 17
0.4817 -0.2195 0.0838 13
0.4587 -0.209 -0.0441 10
0.4912 -0.224 0.1049 13
0.4743 -0.2163 -0.0273 10
0.4946 -0.2257 0.1255 10
0.4584 -0.2093 -0.0088 8
0.4569 -0.2087 0.1346 10
0.4882 -0.2237 -0.1439 11
0.4708 -0.2158 0.009 7
0.4765 -0.2186 -0.121 13
0.4829 -0.2216 0.0278 11
0.4782 -0.2194 -0.1023 15
0.4816 -0.2211 0.0464 11
0.4613 -0.2119 -0.0804 14
0.4852 -0.223 0.0656 20
0.4906 -0.2255 -0.0663 16
0.4684 -0.2154 0.0817 7
0.4598 -0.2115 -0.0443 10
0.4833 -0.2224 0.1034 13
0.4699 -0.2163 -0.0271 10
0.4956 -0.2283 0.126 10
0.4577 -0.2109 -0.0088 8
0.4561 -0.2103 0.1346 10
0.4734 -0.219 -0.1398 11
0.4864 -0.225 0.0094 7
0.4846 -0.2243 -0.1233 12
0.4953 -0.2294 -0.1061 14
0.4881 -0.2262 0.0471 11
0.4678 -0.2168 -0.0817 14
0.4934 -0.2288 0.0668 19
0.4718 -0.2189 -0.0639 17
0.4766 -0.2212 0.0832 14
0.4753 -0.2206 -0.0458 9
0.5039 -0.234 0.108 13
0.4746 -0.2205 -0.0274 9
0.4877 -0.2267 0.1242 10
0.4625 -0.2151 0.1367 10
0.4586 -0.2141 -0.1356 12
0.4711 -0.2199 0.0091 7
0.4891 -0.2284 -0.1246 12
0.4705 -0.2198 0.0272 11
0.4873 -0.2278 -0.1046 14
0.4765 -0.2228 0.046 11
0.4814 -0.2251 -0.0842 14
0.4819 -0.2254 0.0653 20
0.4926 -0.2306 -0.0668 16
0.4616 -0.2161 0.0807 14
0.4925 -0.2307 0.1057 13
0.4764 -0.2234 0.1215 11
0.4582 -0.215 0.1356 10
0.4631 -0.2181 0.0089 7
0.4583 -0.216 -0.117 13
0.4625 -0.218 0.0268 11
0.4759 -0.2244 -0.1023 15
0.4721 -0.2227 0.0457 11
0.4663 -0.22 -0.0817 14
0.4811 -0.2271 0.0653 20
0.4703 -0.2221 -0.0639 17
0.4822 -0.2278 0.0845 13
0.4666 -0.2204 -0.0451 9
0.4917 -0.2324 0.1057 13
0.4731 -0.2237 -0.0274 9
0.4862 -0.23 0.1242 10
0.4591 -0.2173 -0.0089 8
0.447 -0.2117 0.1325 10
0.4711 -0.2238 -0.1398 11
0.4768 -0.2266 0.0092 7
0.4699 -0.2234 -0.1201 13
0.4725 -0.2248 0.0274 11
0.4858 -0.2311 -0.1046 14
0.4714 -0.2243 0.0457 11
0.4726 -0.225 -0.0829 14
0.4803 -0.2288 0.0653 20
0.4731 -0.2255 -0.0643 8
0.4636 -0.221 0.0813 14
0.4532 -0.2161 -0.0439 10
0.4873 -0.2324 0.1049 13
0.5011 -0.2391 -0.0291 9
0.51 -0.2435 0.1305 10
0.4462 -0.2132 0.1325 10
0.4704 -0.2255 -0.1398 11
0.4688 -0.2248 0.0091 7
0.4638 -0.2225 -0.1188 13
0.4772 -0.229 0.0277 11
0.4991 -0.2396 -0.1076 14
0.4777 -0.2294 0.0464 11
0.4647 -0.2233 -0.0817 14
0.4706 -0.2262 0.0641 20
0.4687 -0.2254 -0.0639 8
0.4789 -0.2304 0.0842 13
0.4722 -0.2272 -0.0458 9
0.4829 -0.2324 0.1042 13
0.4697 -0.2261 -0.0273 10
0.4846 -0.2334 0.1242 10
0.4612 -0.2222 -0.0089 8
0.4629 -0.2232 0.1377 10
0.4835 -0.2338 -0.1439 11
0.486 -0.2352 0.0094 7
0.4578 -0.2216 -0.1174 13
0.4602 -0.2229 0.0268 11
0.4806 -0.2328 -0.1038 14
0.4805 -0.2328 0.0467 11
0.4782 -0.2318 -0.0842 14
0.4715 -0.2287 0.0643 20
0.4501 -0.2184 -0.0614 17
0.4763 -0.2312 0.0838 13
0.4768 -0.2314 -0.0464 9
0.4892 -0.2375 0.1057 13
0.4743 -0.2304 -0.0276 9
0.4873 -0.2368 0.1251 10
0.4621 -0.2248 0.1377 10
0.4688 -0.2287 -0.1398 11
0.4852 -0.2369 0.0094 7
0.4833 -0.236 -0.1242 12
0.454 -0.2218 0.0265 11
0.4833 -0.2362 -0.1046 14
0.4833 -0.2362 0.0471 11
0.4916 -0.2404 -0.0867 13
0.4886 -0.239 0.0668 19
0.4671 -0.2286 -0.0639 17
0.4755 -0.2328 0.0838 13
0.4581 -0.2243 -0.0446 10
0.5166 -0.2531 0.1118 12
0.4735 -0.2321 -0.0276 9
0.4812 -0.2359 0.1237 10
0.4544 -0.223 0.1356 10
0.4506 -0.2218 -0.1346 12
0.4736 -0.2332 0.0092 7
0.486 -0.2394 -0.1251 12
0.4801 -0.2367 0.0281 11
0.4966 -0.2448 -0.1076 14
0.4789 -0.2362 0.0467 11
0.4801 -0.2369 -0.0848 13
0.4806 -0.2372 0.0658 20
0.4877 -0.2408 -0.0668 16
0.4746 -0.2345 0.0838 13
0.4981 -0.2462 0.108 13
0.4601 -0.2275 -0.0269 10
0.4996 -0.2471 0.1287 10
0.4588 -0.2271 -0.0089 8
0.464 -0.2297 0.1387 10
0.436 -0.2165 -0.1304 12
0.4728 -0.2349 0.0092 7
0.4781 -0.2377 -0.1233 12
0.4703 -0.2339 0.0275 11
0.4746 -0.236 -0.103 15
0.4709 -0.2343 0.046 11
0.4616 -0.2297 -0.0817 14
0.4816 -0.2398 0.0661 19
0.4904 -0.2443 -0.0673 16
0.4809 -0.2397 0.0851 13
0.4547 -0.2266 -0.0444 10
0.492 -0.2453 0.1069 13
0.4736 -0.2362 -0.0277 9
0.4917 -0.2454 0.1269 10
0.4616 -0.2304 -0.009 8
0.4494 -0.2244 0.1346 10
0.4664 -0.2336 -0.1398 11
0.472 -0.2365 0.0092 7
0.4599 -0.2306 -0.1188 13
0.4731 -0.2373 0.0277 11
0.4914 -0.2465 -0.1069 14
0.4844 -0.2431 0.0474 11
0.4449 -0.2234 -0.0788 14
0.4754 -0.2388 0.0653 20
0.5073 -0.2549 -0.0697 15
0.4695 -0.236 0.0832 14
0.4557 -0.2291 -0.0446 10
0.4823 -0.2426 0.1049 13
0.4764 -0.2397 -0.0279 9
0.4978 -0.2506 0.1287 10
0.4608 -0.2321 -0.009 8
0.4606 -0.2321 0.1382 10
0.4483 -0.2265 -0.1346 12
0.4801 -0.2427 0.0094 7
0.4573 -0.2313 -0.1183 13
0.4562 -0.2309 0.0268 11
0.494 -0.25 -0.1076 14
0.4657 -0.2358 0.0457 11
0.4688 -0.2374 -0.0832 14
0.4781 -0.2422 0.0658 20
0.4745 -0.2405 -0.0653 8
0.4722 -0.2394 0.0838 13
0.4673 -0.237 -0.0458 9
0.4955 -0.2514 0.108 13
0.4791 -0.2432 -0.0282 9
0.49 -0.2488 0.1269 10
0.4742 -0.2409 -0.0093 7
0.4616 -0.2346 0.1387 10
0.4647 -0.2369 -0.1398 11
0.4614 -0.2353 0.009 7
0.4513 -0.2303 -0.117 13
0.475 -0.2424 0.0279 11
0.4756 -0.2428 -0.1038 14
0.4826 -0.2465 0.0474 11
0.4679 -0.239 -0.0832 14
0.4843 -0.2475 0.0668 19
0.502 -0.2566 -0.0692 16
0.4784 -0.2447 0.0851 13
0.4435 -0.2268 -0.0436 10
0.4911 -0.2513 0.1072 13
0.4818 -0.2467 -0.0284 9
0.4891 -0.2505 0.1269 10
0.4642 -0.2379 0.1398 10
0.4295 -0.2208 -0.1294 12
0.4837 -0.2488 0.0095 7
0.4696 -0.2416 -0.1219 13
0.4653 -0.2394 0.0274 11
0.5027 -0.2588 -0.1099 14
0.4676 -0.2408 0.046 11
0.4706 -0.2425 -0.0838 14
0.4852 -0.2501 0.067 19
0.5011 -0.2584 -0.0692 16
0.46 -0.2372 0.082 14
0.448 -0.2311 -0.0441 10
0.4937 -0.2548 0.108 13
0.4809 -0.2483 -0.0284 9
0.4882 -0.2522 0.1269 10
0.4548 -0.235 -0.0089 8
0.4428 -0.2288 0.1336 10
0.463 -0.2401 -0.1398 11
0.4491 -0.2329 0.0088 7
0.4584 -0.2378 -0.1192 13
0.4662 -0.242 0.0275 11
0.4844 -0.2515 -0.1061 14
0.4703 -0.2443 0.0464 11
0.4593 -0.2386 -0.082 14
0.4879 -0.2536 0.0675 19
0.4861 -0.2527 -0.0673 16
0.4767 -0.2479 0.0851 13
0.456 -0.2373 -0.045 9
0.4859 -0.2528 0.1065 13
0.4925 -0.2564 -0.0291 9
0.4943 -0.2574 0.1287 10
0.4664 -0.243 -0.0092 7
0.4591 -0.2393 0.1387 10
0.428 -0.2238 -0.1294 12
0.4767 -0.2493 0.0094 7
0.4403 -0.2304 -0.1147 13
0.4565 -0.239 0.027 5
0.4766 -0.2495 -0.1046 14
0.4766 -0.2496 0.0471 11
0.4794 -0.2512 -0.0857 13
0.473 -0.2479 0.0656 20
0.4923 -0.2581 -0.0682 16
0.4828 -0.2533 0.0864 13
0.4552 -0.2388 -0.045 9
0.4989 -0.2618 0.1095 13
0.4686 -0.246 -0.0277 9
0.4865 -0.2555 0.1269 10
0.4549 -0.2391 -0.009 8
0.448 -0.2355 0.1356 10
0.4443 -0.2343 -0.1346 12
0.4829 -0.2547 0.0095 7
0.4722 -0.2492 -0.1233 12
0.4698 -0.248 0.0278 5
0.4688 -0.2475 -0.103 15
0.4933 -0.2605 0.0488 11
0.4646 -0.2455 -0.0832 14
0.4668 -0.2468 0.0648 20
0.4738 -0.2506 -0.0658 16
0.4819 -0.2549 0.0864 13
0.5015 -0.2654 0.1103 13
0.4713 -0.2495 -0.0279 9
0.4908 -0.26 0.1282 10
0.4559 -0.2416 -0.009 8
0.4574 -0.2425 0.1387 10
0.4776 -0.2539 -0.1449 11
0.4837 -0.2573 0.0096 7
0.449 -0.2389 -0.1174 13
0.4725 -0.2515 0.0281 5
0.4644 -0.2473 -0.1023 15
0.4678 -0.2491 0.0464 11
0.4916 -0.262 -0.0882 13
0.4852 -0.2587 0.0675 19
0.4904 -0.2615 -0.0682 16
0.4619 -0.2464 0.0829 7
0.45 -0.2401 -0.0446 10
0.5005 -0.2672 0.1103 13
0.4898 -0.2615 -0.0291 9
0.4985 -0.2663 0.1305 10
0.4634 -0.2477 0.1408 10
0.4256 -0.2282 -0.1294 12
0.4723 -0.2533 0.0094 7
0.4413 -0.2368 -0.1156 13
0.454 -0.2437 0.027 5
0.4739 -0.2544 -0.1046 14
0.4722 -0.2536 0.0469 11
0.4837 -0.2599 -0.087 13
0.4896 -0.2632 0.0682 19
0.4686 -0.252 -0.0653 8
0.4767 -0.2564 0.0857 13
0.4386 -0.236 -0.0436 10
0.4892 -0.2633 0.108 13
0.4836 -0.2604 -0.0288 9
0.4907 -0.2643 0.1287 10
0.4507 -0.2429 -0.0089 8
0.4489 -0.242 0.1367 10
0.4588 -0.2481 -0.1398 11
0.4837 -0.2616 0.0096 7
0.4782 -0.2588 -0.1255 12
0.4848 -0.2624 0.0289 5
0.4834 -0.2617 -0.1069 14
0.4608 -0.2495 0.0458 5
0.4724 -0.256 -0.0851 13
0.4817 -0.2611 0.0673 19
0.4851 -0.2631 -0.0678 8
0.4584 -0.2487 0.0826 7
0.4448 -0.2413 -0.0443 10
0.4849 -0.2632 0.1072 13
0.4809 -0.2611 -0.0287 9
0.4932 -0.2679 0.1296 10
0.4498 -0.2444 -0.0089 8
0.4515 -0.2454 0.1377 10
0.458 -0.2497 -0.1398 11
0.4775 -0.2605 0.0095 7
0.4328 -0.2362 -0.1138 13
0.4663 -0.2546 0.0278 5
0.4928 -0.269 -0.1091 14
0.4616 -0.2521 0.046 5
0.4715 -0.2576 -0.0851 13
0.4633 -0.2533 0.0648 20
0.4772 -0.261 -0.0668 8
0.4818 -0.2635 0.087 6
0.4545 -0.2486 -0.0453 9
0.4943 -0.2705 0.1095 13
0.487 -0.2666 -0.0291 9
0.4991 -0.2733 0.1314 10
0.4489 -0.246 -0.0089 8
0.4506 -0.247 0.1377 10
0.4368 -0.2401 -0.1336 12
0.4731 -0.2602 0.0094 7
0.4654 -0.2562 0.0278 5
0.4816 -0.2651 -0.1069 14
0.4817 -0.2653 0.0481 11
0.4741 -0.2612 -0.0857 13
0.4764 -0.2625 0.0668 9
0.4728 -0.2607 -0.0663 8
0.4636 -0.2557 0.0838 6
0.4536 -0.2502 -0.0453 9
0.4933 -0.2722 0.1095 13
0.4931 -0.2722 -0.0295 9
0.4981 -0.2751 0.1314 10
0.4621 -0.2553 -0.0092 7
0.4599 -0.2542 0.1408 10
0.4562 -0.2529 -0.1398 11
0.4757 -0.2638 0.0095 7
0.455 -0.2524 -0.1201 13
0.461 -0.2559 0.0276 5
0.4635 -0.2572 -0.103 15
0.4773 -0.265 0.0478 5
0.4801 -0.2667 -0.087 13
0.4754 -0.2642 0.0668 9
0.4997 -0.2778 -0.0702 7
0.4523 -0.2515 0.082 7
0.4527 -0.2518 -0.0453 9
0.5061 -0.2816 0.1126 12
0.4938 -0.2749 0.1305 10
0.459 -0.2558 0.1408 10
0.4782 -0.2674 0.0096 7
0.4371 -0.2445 -0.1156 13
0.4532 -0.2536 0.0272 5
0.49 -0.2742 -0.1091 14
0.459 -0.2569 0.046 5
0.4895 -0.2741 -0.0889 13
0.4832 -0.2707 0.068 9
0.4987 -0.2795 -0.0702 7
0.479 -0.2686 0.087 6
0.4811 -0.2699 0.1072 13
0.5051 -0.2835 -0.0304 9
0.4928 -0.2767 0.1305 10
0.4463 -0.2507 -0.0089 8
0.4446 -0.2498 0.1367 7
0.4773 -0.2691 0.0096 7
0.4766 -0.2689 0.0287 5
0.4822 -0.272 -0.1076 14
0.4667 -0.2634 0.0469 5
0.4816 -0.2719 -0.0876 6
0.477 -0.2695 0.0673 19
0.4735 -0.2676 -0.0668 8
0.4609 -0.2605 0.0838 6
0.4475 -0.253 -0.045 9
0.4905 -0.2774 0.1095 13
0.4902 -0.2773 -0.0295 9
0.4986 -0.2822 0.1323 10
0.4455 -0.2522 -0.0089 8
0.4538 -0.2571 0.1398 7
0.4535 -0.2576 -0.1398 11
0.4868 -0.2767 0.0098 7
0.4489 -0.2552 -0.1192 13
0.4757 -0.2705 0.0287 5
0.4847 -0.2757 -0.1084 14
0.4537 -0.2582 0.0457 5
0.4944 -0.2814 -0.0901 6
0.4882 -0.278 0.069 9
0.4726 -0.2692 -0.0668 8
0.4566 -0.2601 0.0832 7
0.4861 -0.2771 0.1088 13
0.4892 -0.2791 -0.0295 9
0.4993 -0.2849 0.1327 10
0.4429 -0.2528 0.1367 7
0.4828 -0.2765 -0.1491 11
0.4755 -0.2723 0.0096 7
0.4548 -0.2606 -0.121 13
0.4644 -0.2662 0.0281 5
0.4973 -0.2852 -0.1114 13
0.4718 -0.2706 0.0476 5
0.4695 -0.2693 -0.0857 6
0.4631 -0.2658 0.0656 10
0.4579 -0.2629 -0.0648 8
0.4694 -0.2696 0.0857 6
0.4353 -0.2501 -0.0439 10
0.4971 -0.2856 0.1114 12
0.471 -0.2707 -0.0285 9
0.4815 -0.2769 0.1282 5
0.4437 -0.2553 -0.0089 8
0.4571 -0.2631 0.1413 3
0.4814 -0.278 0.0097 7
0.4404 -0.2544 -0.1174 13
0.4427 -0.2558 0.0268 5
0.4828 -0.279 -0.1084 14
0.445 -0.2573 0.045 5
0.4822 -0.2789 -0.0882 6
0.4364 -0.2525 0.0619 10
0.4605 -0.2665 -0.0653 8
0.4376 -0.2534 0.0801 7
0.4759 -0.2755 -0.0481 9
0.4587 -0.2657 0.103 7
0.4361 -0.253 0.1351 3
0.4459 -0.2595 0.009 7
0.4441 -0.2588 0.045 5
0.4642 -0.2706 -0.0851 6
0.4733 -0.276 0.0673 9
0.4595 -0.2681 -0.0653 8
0.4265 -0.2489 0.0782 7
0.434 -0.2534 0.0977 7
0.4484 -0.2619 -0.0272 10
0.445 -0.2611 0.009 7
0.4353 -0.2555 -0.1165 13
0.4571 -0.2684 -0.103 15
0.4462 -0.2622 -0.082 7
0.4381 -0.2575 0.0624 10
0.4256 -0.2504 0.0782 7
0.4853 -0.2858 -0.0295 9
0.4798 -0.284 -0.1084 14
0.4636 -0.2765 -0.1246 12
0.4552 -0.2716 -0.103 15
