0.6667 0.1235 -0.1817 8
0.6548 0.1211 0.0116 5
0.6611 0.1222 -0.1552 9
0.6403 0.1182 0.0341 9
0.6912 0.1276 -0.1366 10
0.6564 0.1211 0.0584 9
0.6489 0.1196 -0.1045 10
0.6482 0.1193 0.0809 15
0.6228 0.1145 -0.0778 7
0.6625 0.1217 0.1067 10
0.6545 0.1201 -0.0582 7
0.6604 0.1212 0.1305 10
0.6503 0.1192 -0.0346 7
0.6383 0.1169 0.1498 8
0.6137 0.1123 -0.0109 6
0.6271 0.1146 0.1708 8
0.6178 0.112 -0.1682 9
0.667 0.121 0.0118 5
0.6481 0.1174 -0.1521 10
0.6446 0.1167 0.0343 9
0.6607 0.1195 -0.1305 11
0.6568 0.1187 0.0584 9
0.6571 0.1186 -0.1057 10
0.6486 0.117 0.0809 15
0.6388 0.1152 -0.0797 6
0.6357 0.1145 0.1023 11
0.6942 0.1249 -0.0617 6
0.6512 0.117 0.1286 10
0.6782 0.1218 -0.0361 7
0.6407 0.1149 0.1503 12
0.622 0.1116 -0.011 6
0.6256 0.1121 0.1703 8
0.6106 0.1085 -0.1662 9
0.6714 0.1192 0.0119 5
0.6697 0.1188 -0.157 9
0.6411 0.1137 0.0341 9
0.6379 0.1131 -0.1259 11
0.6376 0.1129 0.0567 9
0.6497 0.1149 -0.1045 10
0.6568 0.1161 0.0819 15
0.6392 0.1128 -0.0797 6
0.6244 0.1102 0.1004 11
0.6436 0.1135 -0.0572 7
0.6787 0.1195 0.1339 9
0.659 0.116 -0.0351 7
0.6372 0.112 0.1494 8
0.5869 0.1032 -0.0104 7
0.6146 0.1079 0.1672 8
0.6452 0.1124 -0.1755 9
0.6304 0.1098 0.0112 6
0.6643 0.1156 -0.1557 9
0.6513 0.1132 0.0346 9
0.6731 0.1169 -0.1328 10
0.638 0.1107 0.0567 9
0.6423 0.1114 -0.1032 11
0.6435 0.1115 0.0802 15
0.6357 0.11 -0.0792 6
0.6423 0.1111 0.1032 11
0.6243 0.1078 -0.0554 7
0.6404 0.1106 0.1263 10
0.6515 0.1124 -0.0346 7
0.6318 0.1089 0.148 8
0.6109 0.1052 -0.0108 6
0.6207 0.1068 0.1688 8
0.6303 0.1076 -0.1713 9
0.6387 0.1089 0.0113 5
0.6301 0.1074 -0.1476 10
0.632 0.1076 0.0336 9
0.6697 0.114 -0.132 10
0.6344 0.1079 0.0563 9
0.6271 0.1065 -0.1007 11
0.6458 0.1096 0.0804 15
0.6243 0.1058 -0.0778 7
0.6349 0.1075 0.102 5
0.6286 0.1063 -0.0558 7
0.6291 0.1064 0.124 11
0.6519 0.1101 -0.0346 7
0.6514 0.1099 0.1525 8
0.6152 0.1037 -0.0109 6
0.6172 0.104 0.1677 8
0.6307 0.1053 -0.1713 9
0.6529 0.109 0.0116 5
0.6439 0.1074 -0.1507 10
0.6048 0.1008 0.0321 4
0.6546 0.109 -0.129 11
0.6388 0.1062 0.0567 9
0.6353 0.1055 -0.102 11
0.6423 0.1067 0.0799 15
0.6247 0.1036 -0.0778 7
0.6334 0.105 0.1017 11
0.6447 0.1067 -0.0572 7
0.6373 0.1054 0.1256 11
0.6523 0.1077 -0.0346 7
0.6268 0.1034 0.1467 8
0.6294 0.1039 -0.0111 6
0.61 0.1005 0.1656 9
0.6196 0.1012 -0.1682 9
0.669 0.1092 0.0118 5
0.6232 0.1016 -0.1458 10
0.6209 0.1012 0.033 9
0.6356 0.1035 -0.1252 11
0.6234 0.1014 0.0553 9
0.6434 0.1046 -0.1032 11
0.6349 0.1031 0.079 16
0.6251 0.1015 -0.0778 7
0.6376 0.1034 0.1023 11
0.6569 0.1064 -0.0582 7
0.6299 0.1019 0.124 11
0.6605 0.1067 -0.0351 7
0.631 0.102 0.1476 8
0.5982 0.0966 -0.0106 7
0.6065 0.0978 0.1646 9
0.6123 0.098 -0.1662 9
0.6477 0.1035 0.0114 5
0.6504 0.1038 -0.1521 10
0.637 0.1017 0.0338 4
0.632 0.1008 -0.1244 12
0.6277 0.1 0.0556 9
0.6282 0.0999 -0.1007 11
0.6352 0.1009 0.079 16
0.6332 0.1006 -0.0787 6
0.6419 0.1019 0.1029 11
0.6179 0.098 -0.0547 8
0.6418 0.1017 0.1263 10
0.6688 0.1058 -0.0355 7
0.6256 0.099 0.1462 8
0.6005 0.0949 -0.0106 7
0.603 0.0952 0.1636 9
0.6317 0.0989 -0.1713 9
0.652 0.102 0.0115 5
0.6431 0.1005 -0.1503 10
0.6335 0.0989 0.0336 4
0.644 0.1005 -0.1267 11
0.6122 0.0954 0.0542 9
0.6051 0.0942 -0.097 12
0.6355 0.0988 0.079 16
0.614 0.0954 -0.0763 7
0.6285 0.0975 0.1007 11
0.6222 0.0964 -0.0551 7
0.6189 0.0959 0.1217 11
0.6533 0.1011 -0.0346 7
0.6413 0.0992 0.1498 8
0.579 0.0894 -0.0102 7
0.5957 0.0919 0.1615 9
0.5939 0.0908 -0.161 10
0.6345 0.097 0.0112 6
0.6087 0.0929 -0.1422 11
0.616 0.0939 0.0327 9
0.6327 0.0964 -0.1244 12
0.6086 0.0926 0.0539 10
0.6171 0.0938 -0.0989 11
0.6378 0.0969 0.0792 16
0.6064 0.092 -0.0753 7
0.625 0.0947 0.1001 11
0.6186 0.0937 -0.0547 8
0.6231 0.0942 0.1225 11
0.6616 0.0999 -0.0351 7
0.6263 0.0945 0.1462 8
0.5873 0.0886 -0.0104 7
0.6113 0.0921 0.1656 9
0.6057 0.0904 -0.1641 9
0.6408 0.0955 0.0113 5
0.6168 0.0919 -0.144 10
0.6045 0.0899 0.032 9
0.6408 0.0953 -0.1259 11
0.6129 0.0911 0.0542 9
0.6136 0.091 -0.0982 11
0.6264 0.0928 0.0778 16
0.5989 0.0887 -0.0743 7
0.6253 0.0925 0.1001 11
0.6228 0.0921 -0.0551 7
0.6234 0.0921 0.1225 11
0.6461 0.0953 -0.0342 7
0.6266 0.0923 0.1462 8
0.5856 0.0862 -0.0103 7
0.5963 0.0876 0.1615 9
0.6213 0.0905 -0.1682 9
0.6609 0.0962 0.0117 5
0.6229 0.0905 -0.1453 10
0.6108 0.0887 0.0323 9
0.6178 0.0897 -0.1214 12
0.6093 0.0883 0.0539 10
0.6295 0.0912 -0.1007 11
0.6346 0.0918 0.0787 16
0.6267 0.0905 -0.0778 7
0.612 0.0883 0.0979 11
0.6271 0.0905 -0.0554 7
0.6315 0.091 0.124 11
0.6306 0.0908 -0.0334 8
0.6115 0.0879 0.1426 9
0.5641 0.081 -0.0099 7
0.5966 0.0856 0.1615 9
0.5948 0.0846 -0.161 10
0.6632 0.0942 0.0117 5
0.6174 0.0875 -0.144 10
0.6031 0.0855 0.0319 10
0.6298 0.0892 -0.1236 12
0.6293 0.089 0.0556 9
0.6181 0.0873 -0.0989 11
0.6211 0.0876 0.077 16
0.6349 0.0895 -0.0787 6
0.622 0.0876 0.0995 5
0.58 0.0816 -0.0512 8
0.6241 0.0877 0.1225 11
0.627 0.088 -0.0332 8
0.604 0.0847 0.1408 9
0.5921 0.083 -0.0104 7
0.5893 0.0825 0.1594 9
0.6219 0.0862 -0.1682 9
0.6418 0.0889 0.0113 5
0.6119 0.0847 -0.1426 11
0.6153 0.0851 0.0326 4
0.6301 0.087 -0.1236 12
0.6099 0.0841 0.0539 10
0.5988 0.0826 -0.0957 12
0.6293 0.0866 0.078 16
0.6273 0.0863 -0.0778 7
0.6067 0.0833 0.097 6
0.608 0.0834 -0.0537 8
0.6244 0.0856 0.1225 11
0.655 0.0897 -0.0346 7
0.6159 0.0843 0.1435 9
0.5567 0.0761 -0.0098 7
0.5934 0.081 0.1605 9
0.6222 0.0841 -0.1682 9
0.6064 0.0819 0.0107 6
0.6122 0.0826 -0.1426 11
0.6077 0.0818 0.0321 4
0.6304 0.0849 -0.1236 12
0.6161 0.0829 0.0544 4
0.6069 0.0815 -0.097 12
0.6139 0.0823 0.076 16
0.5962 0.0799 -0.0739 7
0.6226 0.0833 0.0995 5
0.5806 0.0777 -0.0512 8
0.6169 0.0824 0.121 11
0.6474 0.0864 -0.0342 7
0.6123 0.0816 0.1426 9
0.5649 0.0752 -0.0099 7
0.5898 0.0784 0.1594 9
0.5918 0.0779 -0.16 10
0.6067 0.0798 0.0107 6
0.597 0.0784 -0.139 11
0.5882 0.0771 0.0311 5
0.6424 0.0842 -0.1259 11
0.5946 0.0779 0.0525 10
0.5876 0.0768 -0.0939 12
0.62 0.081 0.0768 16
0.6082 0.0793 -0.0753 7
0.6131 0.0798 0.0979 5
0.6164 0.0803 -0.0544 8
0.6133 0.0798 0.1202 11
0.6477 0.0841 -0.0342 7
0.5991 0.0777 0.1395 9
0.589 0.0763 -0.0104 7
0.5939 0.0768 0.1605 9
0.5653 0.0724 -0.1527 10
0.6228 0.0797 0.011 6
0.605 0.0773 -0.1408 11
0.6082 0.0776 0.0321 4
0.5998 0.0765 -0.1175 13
0.6147 0.0783 0.0542 9
0.6036 0.0768 -0.0964 6
0.6164 0.0783 0.0763 16
0.6006 0.0762 -0.0743 7
0.6154 0.078 0.0982 11
0.5732 0.0726 -0.0506 8
0.6213 0.0786 0.1217 11
0.6202 0.0784 -0.0328 8
0.5974 0.0754 0.139 9
0.5456 0.0687 -0.0096 7
0.5789 0.0728 0.1563 9
0.6154 0.0766 -0.1662 9
0.6033 0.075 0.0106 6
0.6053 0.0752 -0.1408 11
0.5966 0.074 0.0315 5
0.6157 0.0764 -0.1206 12
0.5971 0.074 0.0526 5
0.6156 0.0761 -0.0982 11
0.6226 0.0769 0.077 16
0.6285 0.0775 -0.0778 7
0.5882 0.0724 0.0939 6
0.6051 0.0745 -0.0533 8
0.6255 0.0769 0.1225 11
0.6165 0.0757 -0.0326 8
0.5977 0.0733 0.139 9
0.5498 0.0673 -0.0097 7
0.5714 0.0699 0.1543 9
0.5811 0.0703 -0.1568 10
0.6273 0.0758 0.011 6
0.6094 0.0735 -0.1417 11
0.6048 0.0729 0.0319 5
0.6315 0.0761 -0.1236 12
0.5855 0.0704 0.0516 5
0.6119 0.0735 -0.0976 5
0.6011 0.0721 0.0743 17
0.609 0.0729 -0.0753 7
0.6002 0.0718 0.0957 6
0.5618 0.0672 -0.0495 9
0.5946 0.071 0.1164 12
0.6366 0.0759 -0.0336 7
0.5941 0.0707 0.1381 9
0.5818 0.0692 -0.0102 7
0.5832 0.0692 0.1574 6
0.5737 0.0674 -0.1548 10
0.6077 0.0713 0.0107 6
0.6019 0.0705 -0.1399 11
0.5971 0.0698 0.0315 5
0.6318 0.0739 -0.1236 12
0.6036 0.0705 0.0532 5
0.5965 0.0695 -0.0951 6
0.6014 0.07 0.0743 17
0.5975 0.0694 -0.0739 7
0.6044 0.0701 0.0964 6
0.5779 0.0671 -0.0509 8
0.5948 0.0689 0.1164 12
0.617 0.0714 -0.0326 8
0.5808 0.0671 0.135 9
0.5741 0.0662 -0.0101 7
0.5873 0.0676 0.1584 9
0.5816 0.0663 -0.1568 10
0.604 0.0687 0.0106 6
0.6099 0.0693 -0.1417 11
0.5854 0.0665 0.0309 5
0.6437 0.073 -0.1259 11
0.5999 0.0679 0.0528 5
0.5928 0.067 -0.0945 6
0.5859 0.0661 0.0724 18
0.574 0.0647 -0.0709 7
0.5869 0.0661 0.0935 6
0.5979 0.0673 -0.0526 8
0.6068 0.0682 0.1187 11
0.6212 0.0697 -0.0328 8
0.5926 0.0664 0.1377 9
0.5584 0.0625 -0.0098 7
0.5875 0.0657 0.1584 9
0.5741 0.0634 -0.1548 10
0.6122 0.0676 0.0108 6
0.5985 0.066 -0.139 11
0.5936 0.0653 0.0313 5
0.6128 0.0673 -0.1198 12
0.5862 0.0643 0.0516 5
0.6048 0.0663 -0.0964 6
0.594 0.065 0.0734 17
0.5861 0.0641 -0.0724 7
0.5911 0.0645 0.0942 6
0.5625 0.0613 -0.0495 9
0.6148 0.067 0.1202 11
0.6056 0.0659 -0.0319 8
0.5909 0.0642 0.1372 9
0.5348 0.058 -0.0094 7
0.58 0.0628 0.1563 9
0.5628 0.0602 -0.1517 10
0.5886 0.0629 0.0103 6
0.5716 0.061 -0.1327 11
0.5938 0.0634 0.0313 5
0.6208 0.0661 -0.1214 12
0.5726 0.0609 0.0504 5
0.605 0.0642 -0.0964 6
0.606 0.0642 0.0748 17
0.61 0.0645 -0.0753 7
0.5854 0.0619 0.0932 6
0.5746 0.0607 -0.0506 8
0.6111 0.0644 0.1194 11
0.5939 0.0625 -0.0313 8
0.5872 0.0617 0.1363 9
0.5469 0.0575 -0.0096 7
0.561 0.0589 0.1512 9
0.5515 0.0571 -0.1486 11
0.6007 0.0622 0.0105 6
0.5912 0.0611 -0.1372 11
0.5861 0.0605 0.0309 5
0.6406 0.066 -0.1252 11
0.5787 0.0595 0.0509 5
0.5934 0.061 -0.0945 6
0.5983 0.0614 0.0739 17
0.5984 0.0613 -0.0739 7
0.5935 0.0607 0.0945 12
0.555 0.0567 -0.0488 9
0.5957 0.0608 0.1164 12
0.6378 0.065 -0.0336 7
0.5894 0.06 0.1368 9
0.5352 0.0544 -0.0094 7
0.5612 0.0569 0.1512 6
0.5824 0.0582 -0.1568 10
0.6009 0.06 0.0105 6
0.607 0.0605 -0.1408 11
0.5863 0.0583 0.0309 5
0.5978 0.0595 -0.1168 13
0.5948 0.0591 0.0523 5
0.5897 0.0584 -0.0939 6
0.5946 0.0588 0.0734 8
0.5749 0.0568 -0.0709 7
0.5721 0.0564 0.091 6
0.5631 0.0555 -0.0495 9
0.5881 0.0579 0.1149 12
0.6182 0.0607 -0.0326 8
0.5818 0.057 0.135 9
0.5393 0.0528 -0.0095 7
0.5614 0.0549 0.1512 6
0.5826 0.0562 -0.1568 10
0.5971 0.0575 0.0105 6
0.5722 0.055 -0.1327 11
0.5785 0.0555 0.0305 5
0.6058 0.0581 -0.1183 12
0.5672 0.0543 0.0499 5
0.6057 0.0579 -0.0964 6
0.5948 0.0568 0.0734 17
0.5909 0.0563 -0.0729 7
0.59 0.0561 0.0939 6
0.5831 0.0554 -0.0512 8
0.5883 0.0558 0.1149 12
0.6144 0.0582 -0.0323 8
0.5665 0.0536 0.1314 10
0.5196 0.049 -0.0091 8
0.5616 0.0529 0.1512 6
0.5751 0.0535 -0.1548 10
0.6173 0.0573 0.0108 6
0.5763 0.0534 -0.1336 11
0.5708 0.0528 0.03 5
0.5708 0.0528 -0.1114 13
0.5793 0.0534 0.0509 5
0.5941 0.0547 -0.0945 6
0.599 0.055 0.0739 17
0.5752 0.0529 -0.0709 7
0.5921 0.0543 0.0942 6
0.5754 0.0527 -0.0506 8
0.6002 0.0548 0.1172 12
0.6186 0.0564 -0.0326 8
0.5667 0.0517 0.1314 10
0.5317 0.0484 -0.0093 7
0.5618 0.051 0.1512 9
0.583 0.0522 -0.1568 10
0.6015 0.0538 0.0105 6
0.5959 0.0532 -0.1381 11
0.5789 0.0517 0.0305 5
0.5906 0.0526 -0.1152 13
0.5596 0.0498 0.0492 5
0.5706 0.0506 -0.0907 6
0.5991 0.053 0.0739 17
0.5912 0.0523 -0.0729 7
0.5824 0.0515 0.0926 6
0.5517 0.0487 -0.0485 9
0.5926 0.0522 0.1156 12
0.5949 0.0523 -0.0313 8
0.5668 0.0498 0.1314 10
0.5279 0.0463 -0.0092 7
0.5543 0.0485 0.1491 9
0.6063 0.0523 -0.1631 10
0.6176 0.0532 0.0108 6
0.5805 0.0499 -0.1345 11
0.587 0.0503 0.0309 5
0.5829 0.05 -0.1137 13
0.5658 0.0484 0.0497 5
0.555 0.0474 -0.0882 6
0.6033 0.0514 0.0743 17
0.5835 0.0496 -0.0719 7
0.5826 0.0494 0.0926 12
0.5479 0.0465 -0.0481 9
0.583 0.0494 0.1137 12
0.607 0.0513 -0.0319 8
0.5884 0.0496 0.1363 9
0.5201 0.0438 -0.0091 8
0.5429 0.0456 0.146 10
0.5718 0.0473 -0.1537 10
0.574 0.0474 0.0101 6
0.5574 0.0459 -0.1291 12
0.5713 0.047 0.03 5
0.6418 0.0528 -0.1252 11
0.5639 0.0463 0.0495 5
0.5749 0.0471 -0.0914 6
0.5837 0.0477 0.0719 18
0.5639 0.046 -0.0695 7
0.5828 0.0474 0.0926 6
0.5441 0.0443 -0.0478 9
0.587 0.0476 0.1145 12
0.5952 0.0482 -0.0313 8
0.5594 0.0452 0.1296 10
0.5202 0.0419 -0.0091 8
0.5584 0.0449 0.1501 6
0.5758 0.0456 -0.1548 10
0.626 0.0495 0.011 6
0.5537 0.0437 -0.1282 12
0.5794 0.0456 0.0305 5
0.5754 0.0453 -0.1122 13
0.5641 0.0443 0.0495 5
0.5829 0.0457 -0.0926 6
0.5719 0.0447 0.0704 18
0.5759 0.0449 -0.0709 7
0.5829 0.0454 0.0926 6
0.5681 0.0441 -0.0499 9
0.5715 0.0444 0.1114 12
0.5954 0.0461 -0.0313 8
0.5596 0.0433 0.1296 10
0.5124 0.0395 -0.009 8
0.5586 0.043 0.1501 9
0.5837 0.0441 -0.1568 10
0.5902 0.0446 0.0103 6
0.5577 0.042 -0.1291 12
0.5517 0.0415 0.029 5
0.5991 0.0449 -0.1168 13
0.5523 0.0413 0.0485 5
0.5713 0.0427 -0.0907 6
0.5959 0.0445 0.0734 17
0.5721 0.0426 -0.0704 7
0.5496 0.0408 0.0873 6
0.5404 0.0401 -0.0474 9
0.5835 0.0432 0.1137 12
0.5796 0.0428 -0.0305 8
0.5714 0.0421 0.1323 10
0.5125 0.0377 -0.009 8
0.5395 0.0396 0.1449 10
0.5414 0.039 -0.1455 11
0.5824 0.0418 0.0102 6
0.5812 0.0417 -0.1345 11
0.5598 0.04 0.0294 5
0.5875 0.042 -0.1145 13
0.5545 0.0396 0.0486 5
0.5832 0.0415 -0.0926 6
0.5921 0.042 0.0729 17
0.5643 0.04 -0.0695 7
0.5734 0.0405 0.091 6
0.5565 0.0393 -0.0488 9
0.5797 0.0408 0.113 12
0.6156 0.0433 -0.0323 8
0.5638 0.0395 0.1305 10
0.5167 0.0361 -0.009 8
0.5512 0.0384 0.148 6
0.53 0.0363 -0.1424 11
0.5706 0.039 0.01 6
0.5813 0.0396 -0.1345 11
0.5599 0.0381 0.0294 5
0.5876 0.04 -0.1145 13
0.5645 0.0383 0.0495 5
0.5794 0.0392 -0.092 6
0.5803 0.0392 0.0714 18
0.5566 0.0375 -0.0685 8
0.5735 0.0385 0.091 6
0.5328 0.0358 -0.0467 9
0.5602 0.0375 0.1091 13
0.5959 0.0398 -0.0313 8
0.5794 0.0386 0.1341 9
0.5248 0.0349 -0.0092 7
0.5513 0.0365 0.148 9
0.5918 0.0385 -0.1589 10
0.5987 0.0388 0.0105 6
0.5542 0.0358 -0.1282 12
0.5481 0.0354 0.0288 5
0.5799 0.0374 -0.113 13
0.5647 0.0363 0.0495 5
0.5875 0.0377 -0.0932 6
0.5686 0.0364 0.07 18
0.5844 0.0374 -0.0719 7
0.5816 0.0371 0.0923 6
0.5528 0.0352 -0.0485 9
0.58 0.0368 0.113 12
0.5721 0.0362 -0.03 9
0.5679 0.0359 0.1314 10
0.5249 0.0331 -0.0092 7
0.5437 0.0342 0.146 10
0.5842 0.036 -0.1568 10
0.5629 0.0346 0.0098 7
0.5699 0.035 -0.1318 12
0.5482 0.0336 0.0288 5
0.5879 0.036 -0.1145 13
0.5509 0.0336 0.0483 5
0.5521 0.0336 -0.0876 6
0.5845 0.0354 0.0719 18
0.5647 0.0342 -0.0695 7
0.5698 0.0345 0.0904 6
0.5489 0.0331 -0.0481 9
0.5722 0.0344 0.1114 12
0.5881 0.0353 -0.0309 8
0.5525 0.0331 0.1278 10
0.517 0.0309 -0.009 8
0.5477 0.0326 0.147 6
0.5689 0.0332 -0.1527 10
0.567 0.033 0.0099 6
0.5583 0.0324 -0.1291 12
0.5563 0.0322 0.0292 5
0.5723 0.0331 -0.1114 13
0.5609 0.0323 0.0492 5
0.564 0.0324 -0.0895 6
0.5609 0.0321 0.069 9
0.5926 0.0339 -0.0729 7
0.5345 0.0304 0.0848 6
0.5331 0.0304 -0.0467 9
0.5723 0.0325 0.1114 12
0.5843 0.0331 -0.0307 8
0.5487 0.031 0.1269 10
0.5091 0.0286 -0.0089 8
0.5324 0.0299 0.1429 6
0.5382 0.0295 -0.1444 11
0.5751 0.0314 0.0101 6
0.5701 0.0311 -0.1318 12
0.5444 0.0296 0.0286 5
0.5607 0.0305 -0.1091 14
0.5491 0.0297 0.0481 5
0.572 0.0309 -0.0907 6
0.5689 0.0306 0.07 18
0.5967 0.032 -0.0734 7
0.5365 0.0287 0.0851 6
0.5053 0.027 -0.0443 10
0.5803 0.0309 0.113 12
0.5764 0.0306 -0.0303 9
0.5527 0.0293 0.1278 10
0.5247 0.0276 0.1408 7
0.5537 0.0284 -0.1486 11
0.5871 0.0301 0.0103 6
0.5586 0.0285 -0.1291 12
0.5366 0.0273 0.0282 5
0.5843 0.0297 -0.1137 13
0.5691 0.0288 0.0499 5
0.5445 0.0275 -0.0864 6
0.569 0.0286 0.07 18
0.6047 0.0303 -0.0743 7
0.5504 0.0275 0.0873 6
0.5572 0.0278 -0.0488 9
0.5451 0.0271 0.1061 13
0.5805 0.0288 -0.0305 8
0.5606 0.0277 0.1296 10
0.5293 0.0261 -0.0092 7
0.5287 0.0259 0.1418 6
0.5885 0.0282 -0.1579 10
0.5713 0.0272 0.01 6
0.5587 0.0265 -0.1291 12
0.5486 0.026 0.0288 5
0.5726 0.0271 -0.1114 13
0.5393 0.0254 0.0472 5
0.5722 0.0269 -0.0907 6
0.5612 0.0263 0.069 19
0.5532 0.0258 -0.068 8
0.5663 0.0263 0.0898 6
0.5214 0.0242 -0.0457 9
0.5609 0.026 0.1091 13
0.5846 0.027 -0.0307 8
0.5451 0.025 0.126 10
0.5214 0.0239 -0.0091 8
0.5404 0.0246 0.1449 6
0.5732 0.0254 -0.1537 10
0.5594 0.0247 0.0098 7
0.5587 0.0246 -0.1291 12
0.5288 0.0232 0.0277 5
0.561 0.0246 -0.1091 14
0.5534 0.0242 0.0485 5
0.5684 0.0247 -0.0901 6
0.5593 0.0242 0.0687 9
0.5851 0.0252 -0.0719 7
0.5743 0.0247 0.091 6
0.5335 0.0229 -0.0467 9
0.5571 0.0238 0.1084 13
0.5647 0.0241 -0.0296 9
0.5374 0.0228 0.1242 10
0.5215 0.022 -0.0091 8
0.5173 0.0218 0.1387 7
0.5887 0.0241 -0.1579 10
0.5714 0.0233 0.01 6
0.5783 0.0234 -0.1336 11
0.5328 0.0215 0.0279 5
0.5414 0.0218 -0.1053 14
0.5435 0.0218 0.0476 5
0.5645 0.0226 -0.0895 6
0.5455 0.0217 0.067 19
0.5574 0.0221 -0.0685 8
0.5329 0.021 0.0845 6
0.5176 0.0204 -0.0453 9
0.5611 0.022 0.1091 13
0.5608 0.0219 -0.0294 9
0.5491 0.0214 0.1269 10
0.5175 0.0201 -0.009 8
0.5328 0.0206 0.1429 6
0.5077 0.019 -0.1361 12
0.5555 0.0207 0.0097 7
0.5628 0.0208 -0.13 12
0.5529 0.0204 0.029 5
0.5886 0.0217 -0.1145 13
0.5475 0.0201 0.0479 5
0.5488 0.02 -0.087 6
0.5555 0.0202 0.0682 9
0.5693 0.0206 -0.07 7
0.5488 0.0197 0.087 6
0.5057 0.0182 -0.0443 10
0.5611 0.0201 0.1091 13
0.5729 0.0204 -0.03 9
0.5453 0.0193 0.126 10
0.5176 0.0183 -0.009 8
0.5251 0.0184 0.1408 7
0.5734 0.0194 -0.1537 10
0.5636 0.019 0.0098 7
0.5746 0.0193 -0.1327 11
0.5609 0.0187 0.0294 5
0.5612 0.0187 -0.1091 14
0.5376 0.0178 0.0471 5
0.5489 0.0181 -0.087 6
0.5595 0.0184 0.0687 9
0.5575 0.0182 -0.0685 8
0.5508 0.0179 0.0873 6
0.5217 0.0169 -0.0457 9
0.5612 0.0181 0.1091 13
0.5689 0.0183 -0.0298 9
0.5493 0.0175 0.1269 10
0.5177 0.0164 -0.009 8
0.5291 0.0167 0.1418 6
0.5426 0.0165 -0.1455 11
0.5597 0.0169 0.0098 7
0.5396 0.0162 -0.1246 12
0.537 0.016 0.0282 5
0.5612 0.0168 -0.1091 14
0.5457 0.0162 0.0478 5
0.5371 0.0158 -0.0851 6
0.5496 0.0161 0.0675 9
0.5615 0.0164 -0.069 8
0.5391 0.0156 0.0854 6
0.5218 0.015 -0.0457 9
0.5436 0.0157 0.1057 13
0.561 0.0161 -0.0294 9
0.5493 0.0156 0.1269 10
0.5097 0.0144 -0.0089 8
0.5214 0.0147 0.1398 7
0.5736 0.0153 -0.1537 10
0.5677 0.0152 0.0099 6
0.5591 0.0148 -0.1291 12
0.5211 0.0137 0.0273 5
0.5888 0.0154 -0.1145 13
0.5298 0.0138 0.0464 5
0.5569 0.0144 -0.0882 6
0.5537 0.0143 0.068 9
0.5735 0.0147 -0.0704 7
0.549 0.014 0.087 6
0.5418 0.0137 -0.0474 9
0.5594 0.0141 0.1088 13
0.5531 0.0138 -0.029 9
0.526 0.013 0.1215 11
0.5058 0.0125 -0.0088 8
0.533 0.0131 0.1429 6
0.5195 0.0121 -0.1392 11
0.5798 0.0134 0.0101 6
0.528 0.0121 -0.1219 13
0.5212 0.0118 0.0273 5
0.5339 0.0121 -0.1038 14
0.5378 0.0121 0.0471 5
0.5767 0.0129 -0.0914 6
0.5279 0.0117 0.0648 10
0.5577 0.0123 -0.0685 8
0.5451 0.0119 0.0864 6
0.5594 0.0121 0.1088 13
0.5771 0.0124 -0.0303 9
0.5299 0.0113 0.1224 10
0.5138 0.0108 0.1377 7
0.5737 0.0112 -0.1537 10
0.5718 0.0112 0.01 6
0.5514 0.0107 -0.1273 12
0.5252 0.0101 0.0275 5
0.5418 0.0103 -0.1053 14
0.5259 0.0099 0.046 5
0.5491 0.0103 -0.087 6
0.5577 0.0104 0.0685 9
0.5696 0.0105 -0.07 7
0.5175 0.0095 0.082 7
0.502 0.0091 -0.0439 10
0.5634 0.0101 0.1095 13
0.5731 0.0102 -0.03 9
0.5417 0.0095 0.1251 10
0.5058 0.0089 -0.0088 8
0.5061 0.0088 0.1356 7
0.5428 0.009 -0.1455 11
0.5438 0.0089 0.0095 7
0.5709 0.0093 -0.1318 12
0.5412 0.0087 0.0284 5
0.5614 0.009 -0.1091 14
0.5379 0.0085 0.0471 5
0.5293 0.0083 -0.0838 7
0.5498 0.0085 0.0675 19
0.5657 0.0087 -0.0695 7
0.5432 0.0082 0.086 6
0.5219 0.0078 -0.0457 9
0.5555 0.0083 0.108 13
0.5532 0.0082 -0.029 9
0.5242 0.0077 0.121 11
0.5179 0.0075 -0.009 8
0.5138 0.0074 0.1377 7
0.5274 0.0068 -0.1413 11
0.5439 0.007 0.0095 7
0.5476 0.007 -0.1264 12
0.5133 0.0065 0.0269 5
0.5418 0.0067 -0.1053 14
0.518 0.0063 0.0453 5
0.5412 0.0065 -0.0857 6
0.5379 0.0065 0.0661 9
0.5538 0.0066 -0.068 8
0.5274 0.0062 0.0835 6
0.5556 0.0063 0.108 13
0.5532 0.0062 -0.029 9
0.5359 0.0059 0.1237 10
0.5059 0.0056 -0.0088 8
0.5061 0.0055 0.1356 7
0.5428 0.0051 -0.1455 11
0.5599 0.0052 0.0098 7
0.5164 0.0047 -0.1192 13
0.5332 0.0048 0.0279 5
0.5615 0.005 -0.1091 14
0.522 0.0046 0.0457 5
0.557 0.0048 -0.0882 6
0.53 0.0044 0.0651 20
0.5578 0.0046 -0.0685 8
0.557 0.0046 0.0882 6
0.5634 0.0044 0.1095 13
0.5412 0.0042 -0.0284 9
0.5125 0.0038 0.1183 11
0.5059 0.0038 -0.0088 8
0.5139 0.0038 0.1377 7
0.5583 0.0033 -0.1496 11
0.5439 0.0032 0.0095 7
0.5398 0.0031 -0.1246 12
0.5253 0.0029 0.0275 5
0.5261 0.0028 -0.1023 15
0.526 0.0028 0.046 5
0.5294 0.0028 -0.0838 7
0.5538 0.0028 0.068 9
0.5459 0.0027 -0.067 8
0.5096 0.0024 0.0807 7
0.5061 0.0023 -0.0443 10
0.5517 0.0025 0.1072 13
0.5333 0.0023 -0.0279 9
0.5281 0.0022 0.1219 10
0.5139 0.002 0.1377 7
0.4965 0.0013 -0.133 12
0.5639 0.0014 0.0098 7
0.5398 0.0012 -0.1246 12
0.5173 0.0012 0.0271 5
0.5497 0.0012 -0.1069 14
0.534 0.001 0.0467 5
0.5254 0.0009 -0.0832 7
0.5499 0.0009 0.0675 9
0.5459 0.0008 -0.067 8
0.5294 0.0007 0.0838 6
0.522 0.0006 -0.0457 9
0.5517 0.0006 0.1072 13
0.5652 0.0005 -0.0296 9
0.5281 0.0004 0.1219 10
0.5061 0.0003 0.1356 7
0.5197 -0.0005 -0.1392 11
0.5319 -0.0005 0.0093 7
0.5281 -0.0006 -0.1219 13
0.5053 -0.0006 0.0265 5
0.5615 -0.0008 -0.1091 14
0.514 -0.0008 0.045 5
0.5017 -0.0008 -0.0795 7
0.53 -0.0009 0.0651 10
0.5618 -0.0011 -0.069 8
0.5373 -0.0011 0.0851 6
0.5101 -0.0012 -0.0446 10
0.5556 -0.0013 0.108 13
0.5612 -0.0014 -0.0294 9
0.5242 -0.0014 0.121 11
0.5019 -0.0014 -0.0088 8
0.4984 -0.0015 0.1336 7
0.5197 -0.0024 -0.1392 11
0.5439 -0.0026 0.0095 7
0.5281 -0.0026 -0.1219 13
0.5013 -0.0025 0.0263 5
0.534 -0.0027 -0.1038 14
0.53 -0.0028 0.0464 5
0.5491 -0.003 -0.087 6
0.5181 -0.0029 0.0636 10
0.5578 -0.0032 -0.0685 8
0.5215 -0.0031 0.0826 7
0.5281 -0.0032 0.1027 14
0.5293 -0.0033 -0.0277 9
0.5398 -0.0035 0.1246 10
0.4945 -0.0034 0.1325 7
0.5583 -0.0045 -0.1496 11
0.5239 -0.0043 0.0091 7
0.5281 -0.0044 -0.1219 13
0.5213 -0.0045 0.0273 5
0.5379 -0.0046 -0.1046 14
0.524 -0.0046 0.0458 5
0.5057 -0.0045 -0.0801 7
0.536 -0.0049 0.0658 10
0.5459 -0.005 -0.067 8
0.5353 -0.005 0.0848 6
0.5477 -0.0053 0.1065 13
0.5532 -0.0054 -0.029 9
0.5281 -0.0053 0.1219 10
0.4945 -0.0051 0.1325 7
0.5274 -0.0061 -0.1413 11
0.5479 -0.0064 0.0096 7
0.5281 -0.0063 -0.1219 13
0.5053 -0.006 0.0265 5
0.5222 -0.0063 -0.1015 15
0.504 -0.0062 0.0441 6
0.5373 -0.0067 -0.0851 6
0.526 -0.0066 0.0646 20
0.5141 -0.0066 -0.0631 8
0.5215 -0.0066 0.0826 7
0.5556 -0.0073 0.108 13
0.5532 -0.0073 -0.029 9
0.5047 -0.0068 0.1165 11
0.4945 -0.0067 0.1325 7
0.5003 -0.0075 -0.1341 12
0.5239 -0.0079 0.0091 7
0.528 -0.008 -0.1219 13
0.5252 -0.0081 0.0275 5
0.5065 -0.0079 -0.0985 15
0.502 -0.0079 0.0439 6
0.5491 -0.0086 -0.087 6
0.5498 -0.0087 0.0675 19
0.5736 -0.0092 -0.0704 7
0.5175 -0.0084 0.082 7
0.5437 -0.0089 0.1057 13
0.5292 -0.0088 -0.0277 9
0.5163 -0.0087 0.1192 11
0.4983 -0.0085 0.1336 7
0.5196 -0.0095 -0.1392 11
0.5438 -0.0101 0.0095 7
0.5202 -0.0097 -0.1201 13
0.5172 -0.0097 0.0271 5
0.5221 -0.0098 -0.1015 15
0.5096 -0.0098 -0.0807 7
0.5418 -0.0105 0.0665 9
0.5696 -0.0111 -0.07 7
0.5115 -0.01 0.081 7
0.5398 -0.0107 0.1049 13
0.5451 -0.0109 -0.0286 9
0.5241 -0.0106 0.121 11
0.4906 -0.01 0.1315 7
0.5427 -0.0118 -0.1455 11
0.5238 -0.0114 0.0091 7
0.5163 -0.0114 -0.1192 13
0.5052 -0.0112 0.0265 5
0.5064 -0.0113 -0.0985 15
0.5179 -0.0117 0.0453 5
0.5095 -0.0115 -0.0807 7
0.516 -0.0117 0.0634 10
0.5418 -0.0124 -0.0665 8
0.5075 -0.0117 0.0804 7
0.5059 -0.0117 -0.0443 10
0.524 -0.0122 0.1019 14
0.5411 -0.0127 -0.0284 9
0.5124 -0.0121 0.1183 11
0.4867 -0.0116 0.1304 7
0.5311 -0.0134 -0.1424 11
0.5118 -0.013 0.0089 7
0.5201 -0.0133 -0.1201 13
0.5142 -0.0132 -0.1 15
0.5178 -0.0134 0.0453 5
0.5371 -0.014 -0.0851 6
0.5338 -0.014 0.0656 20
0.5457 -0.0144 -0.067 8
0.5035 -0.0134 0.0798 7
0.5279 -0.0141 0.1027 14
0.5331 -0.0143 -0.0279 9
0.5162 -0.014 0.1192 11
0.4963 -0.0142 -0.133 12
0.5237 -0.0151 0.0091 7
0.5201 -0.0151 -0.1201 13
0.5051 -0.0147 0.0265 5
0.522 -0.0152 -0.1015 15
0.5371 -0.0158 -0.0851 6
0.5218 -0.0155 0.0641 10
0.5457 -0.0163 -0.067 8
0.5055 -0.0152 0.0801 7
0.5279 -0.0159 0.1027 14
0.533 -0.0162 -0.0279 9
0.5045 -0.0154 0.1165 11
0.4943 -0.0153 0.1325 7
0.4962 -0.0159 -0.133 12
0.5276 -0.017 0.0092 7
0.5161 -0.0168 -0.1192 13
0.505 -0.0165 0.0265 5
0.5337 -0.0174 -0.1038 14
0.5138 -0.0169 0.045 5
0.537 -0.0177 -0.0851 6
0.5377 -0.0178 0.0661 19
0.5575 -0.0186 -0.0685 8
0.5113 -0.0171 0.081 7
0.52 -0.0175 0.1011 14
0.5409 -0.0183 -0.0284 9
0.5005 -0.017 0.1156 11
0.4904 -0.0169 0.1315 7
0.5078 -0.0181 -0.1361 12
0.5278 -0.019 -0.1219 13
0.509 -0.0184 0.0267 5
0.518 -0.0187 -0.1007 15
0.5014 -0.0183 -0.0795 7
0.5178 -0.019 0.0636 10
0.5336 -0.0197 -0.0656 8
0.5113 -0.0189 0.081 7
0.5238 -0.0195 0.1019 14
0.5289 -0.0198 -0.0277 9
0.5122 -0.0192 0.1183 11
0.4903 -0.0186 0.1315 7
0.4995 -0.0196 0.0087 7
0.5004 -0.0197 -0.1156 13
0.514 -0.0204 -0.1 15
0.5037 -0.0201 0.0441 6
0.5369 -0.0215 -0.0851 6
0.5256 -0.0211 0.0646 10
0.5455 -0.0219 -0.067 8
0.527 -0.0213 0.0835 6
0.5316 -0.0216 0.1034 13
0.5208 -0.0213 -0.0273 10
0.5238 -0.0214 0.121 11
0.5076 -0.0215 -0.1361 12
0.5004 -0.0214 -0.1156 13
0.5048 -0.0216 0.0265 5
0.5217 -0.0224 -0.1015 15
0.5016 -0.0216 0.0439 6
0.5052 -0.0219 -0.0801 7
0.5137 -0.0223 0.0631 10
0.4978 -0.0216 -0.0612 8
0.4993 -0.0218 0.0792 7
0.5001 -0.022 0.0973 14
0.5208 -0.023 -0.0273 10
0.5159 -0.0228 0.1192 11
0.5114 -0.0234 -0.1372 11
0.5034 -0.0231 0.0088 7
0.5081 -0.0234 -0.1174 13
0.5048 -0.0234 0.0265 5
0.5138 -0.0238 -0.1 15
0.5135 -0.0239 0.045 5
0.5328 -0.0248 -0.0845 7
0.5156 -0.0241 0.0634 10
0.5453 -0.0256 -0.067 8
0.5135 -0.0242 -0.045 9
0.5354 -0.0253 0.1042 13
0.5087 -0.0242 -0.0267 10
0.4925 -0.0235 0.1138 11
0.4863 -0.0234 0.1304 7
0.4944 -0.0245 -0.1143 13
0.5047 -0.0251 0.0265 5
0.5098 -0.0254 -0.0992 15
0.4975 -0.0249 0.0436 6
0.5051 -0.0253 -0.0801 7
0.5155 -0.0259 0.0634 10
0.5571 -0.0281 -0.0685 8
0.4972 -0.0252 0.0788 7
0.5196 -0.0264 0.1011 14
0.5286 -0.027 -0.0277 9
0.5118 -0.0262 0.1183 11
0.4982 -0.0265 -0.1152 13
0.5006 -0.0267 0.0263 5
0.5332 -0.0284 -0.1038 14
0.5213 -0.0281 0.0641 20
0.561 -0.0303 -0.069 8
0.5109 -0.0277 0.081 7
0.5038 -0.0274 0.0981 14
0.5125 -0.0279 -0.0269 10
0.5079 -0.0278 0.1174 11
0.488 -0.0275 -0.131 12
0.5231 -0.0295 0.0091 7
0.5059 -0.0286 -0.117 13
0.5112 -0.0291 0.0448 5
0.497 -0.0284 -0.0788 7
0.5609 -0.0322 -0.069 8
0.5037 -0.0291 0.0981 14
0.5045 -0.0293 -0.0265 10
0.5117 -0.0298 0.1183 11
0.503 -0.0301 0.0088 7
0.4863 -0.0292 -0.1125 14
0.5056 -0.0305 -0.0985 15
0.5051 -0.0305 0.0443 6
0.5072 -0.0308 0.0624 10
0.533 -0.0325 -0.0656 8
0.5067 -0.031 0.0804 7
0.5154 -0.0316 0.1004 14
0.4902 -0.0302 0.1134 11
0.4955 -0.0313 -0.133 12
0.4977 -0.0317 -0.0969 15
0.503 -0.0322 0.0441 6
0.5052 -0.0325 0.0622 21
0.521 -0.0336 -0.0641 8
0.5066 -0.0328 0.0804 7
0.5231 -0.0339 0.1019 14
0.492 -0.0321 0.1138 11
0.5055 -0.0339 -0.117 13
0.5082 -0.0342 0.0267 5
0.4975 -0.0335 -0.0969 15
0.5164 -0.0349 -0.082 7
0.5248 -0.0356 0.0646 10
0.505 -0.0343 -0.0622 8
0.5347 -0.0365 0.1042 13
0.528 -0.0362 -0.0277 9
0.5074 -0.0349 0.1174 11
0.5146 -0.0363 0.009 7
0.5013 -0.0355 -0.0977 15
0.5109 -0.0364 0.0629 10
0.5168 -0.037 -0.0636 8
0.5111 -0.0367 0.0996 14
0.516 -0.0372 -0.0271 10
0.5073 -0.0366 0.1174 11
0.4874 -0.036 -0.131 12
0.5225 -0.0386 0.0091 7
0.4897 -0.0363 -0.1134 13
0.5079 -0.0377 0.0267 5
0.4895 -0.0364 -0.0954 16
0.5007 -0.0373 0.0439 6
0.5068 -0.0379 0.0624 10
0.5048 -0.0379 -0.0622 8
0.5161 -0.0387 0.082 7
0.511 -0.0385 0.0996 14
0.5111 -0.0387 0.1183 11
0.4972 -0.0387 -0.0969 15
0.5006 -0.039 0.0439 6
0.5002 -0.039 -0.0795 7
0.5047 -0.0395 -0.0622 8
0.4982 -0.0391 0.0792 7
0.5147 -0.0405 0.1004 14
0.4998 -0.0394 -0.0263 10
0.4931 -0.04 -0.0962 16
0.5001 -0.0408 -0.0795 7
0.5085 -0.0415 0.0626 20
0.5441 -0.0445 -0.067 8
0.5185 -0.0426 0.1011 14
0.5036 -0.0415 -0.0265 10
0.496 -0.0422 -0.0788 7
0.4965 -0.0423 0.0612 10
0.5439 -0.0464 -0.067 8
0.5058 -0.0433 0.0804 7
0.5144 -0.0441 0.1004 14
0.5273 -0.0453 -0.0277 9
0.4873 -0.042 0.1129 11
0.4931 -0.0434 -0.1143 13
0.4967 -0.0438 -0.0969 15
0.5319 -0.0473 -0.0656 8
0.5033 -0.045 -0.0265 10
0.4949 -0.0443 0.1147 11
0.5044 -0.0463 -0.0985 15
0.5001 -0.0461 0.0617 10
0.5317 -0.0491 -0.0656 8
0.4937 -0.0457 0.0785 7
0.5024 -0.0466 0.0981 14
0.5111 -0.0475 -0.0269 10
0.487 -0.0454 0.1129 11
0.4981 -0.0472 -0.1341 12
0.4889 -0.0465 -0.1134 13
0.494 -0.0473 0.0609 10
0.5157 -0.0495 -0.0636 8
0.4944 -0.0476 0.0965 14
0.5095 -0.0501 0.0089 7
0.4848 -0.0478 -0.1125 14
0.4954 -0.0491 -0.0788 7
0.5017 -0.0498 0.0619 10
0.5156 -0.0513 -0.0636 8
0.4903 -0.0489 0.0958 14
0.5028 -0.0503 -0.0265 10
0.4883 -0.0499 -0.0954 16
0.5035 -0.0519 -0.0622 8
0.5214 -0.0539 0.1019 14
0.4982 -0.0517 0.1156 11
0.5283 -0.0556 -0.1424 11
0.5037 -0.0533 -0.0985 15
0.4955 -0.0527 0.0612 10
0.5112 -0.0545 -0.0631 8
0.493 -0.0526 0.0785 7
0.5017 -0.0536 0.0981 14
0.4957 -0.0542 -0.0969 15
0.5308 -0.0584 -0.0656 8
0.4988 -0.056 0.0088 7
0.4986 -0.0564 -0.0795 7
0.503 -0.057 -0.0622 8
0.4935 -0.0561 0.0965 14
0.5047 -0.0584 -0.1361 12
0.5062 -0.059 -0.0807 7
0.5343 -0.0625 -0.0661 8
0.4894 -0.0574 0.0958 14
0.4858 -0.0572 0.1129 11
0.5104 -0.0615 -0.0631 8
0.5126 -0.0619 0.1004 14
0.4856 -0.0588 0.1129 11
0.4984 -0.0617 0.0617 10
0.5023 -0.0623 -0.0622 8
0.5094 -0.0634 -0.0269 10
0.5139 -0.0656 -0.0636 8
0.5197 -0.0683 0.1019 14
0.5017 -0.0676 -0.0622 8
0.4942 -0.0679 -0.1152 13
0.4936 -0.0681 0.0612 10
0.5014 -0.0693 -0.0622 8
0.4901 -0.0679 0.0962 14
0.4938 -0.0697 -0.0969 15
0.5169 -0.0733 -0.0641 8
0.4963 -0.0706 -0.0263 10
0.4914 -0.0708 -0.133 12
0.5009 -0.0728 -0.0622 8
0.4933 -0.0731 -0.0969 15
0.5007 -0.0746 -0.0622 8
0.4854 -0.0725 0.0954 15
0.485 -0.0753 -0.0954 16
0.5276 -0.0822 -0.0656 8
0.4916 -0.0782 -0.0788 7
0.5156 -0.0822 -0.0641 8
0.4918 -0.0802 -0.0612 8
0.4883 -0.0798 0.0962 14
0.4842 -0.0803 -0.0954 16
0.4917 -0.0833 -0.0969 15
0.4981 -0.0851 -0.0265 10
0.4909 -0.0853 -0.0612 8
0.4913 -0.0856 0.0969 14
0.4833 -0.0854 -0.0954 16
0.4823 -0.091 0.0954 15
0.4821 -0.0921 -0.0954 16
0.5013 -0.0963 0.0992 14
0.5041 -0.0969 -0.0269 10
0.4804 -0.1005 -0.0954 16
0.617 0.1681 -0.1713 9
0.6175 0.1659 -0.1713 9
0.6187 0.1616 -0.1713 9
0.6198 0.1572 -0.1713 9
0.6691 0.1673 -0.1848 8
0.6696 0.1651 -0.1848 8
0.6665 0.1617 -0.1838 8
0.6783 0.1621 -0.1869 8
0.6789 0.1597 -0.1869 8
0.6606 0.1531 -0.1817 8
0.695 0.1585 -0.191 8
0.6239 0.14 -0.1713 9
0.6132 0.1366 0.1221 5
0.6772 0.1506 0.1602 3
0.6129 0.1361 0.1682 2
0.6735 0.1487 -0.1848 8
0.6263 0.1376 0.0787 8
0.6155 0.135 0.0998 5
0.6597 0.1446 0.1313 5
0.7139 0.1562 0.1687 3
0.6417 0.1401 0.176 2
0.6249 0.1358 -0.1713 9
0.7427 0.1611 -0.1755 7
0.6539 0.1417 0.0351 4
0.6893 0.1493 0.0617 4
0.6636 0.1435 0.0834 7
0.6816 0.1471 0.1104 5
0.6717 0.1449 0.1336 10
0.7361 0.1586 -0.0395 6
0.6687 0.144 0.1579 8
0.7233 0.1556 -0.0129 5
0.6724 0.1445 0.1843 5
0.6971 0.1489 -0.191 8
0.7236 0.1545 0.0129 4
0.728 0.1553 -0.1719 8
0.6583 0.1403 0.0353 4
0.7181 0.153 -0.1427 9
0.6704 0.1427 0.06 8
0.6685 0.1422 -0.1083 5
0.6932 0.1473 0.087 13
0.6583 0.1398 -0.0826 6
0.6589 0.1398 0.1067 10
0.7094 0.1505 -0.0634 6
0.6933 0.147 0.1378 9
0.7366 0.156 -0.0395 6
0.6635 0.1404 0.1566 12
0.6495 0.1374 -0.0116 6
0.6502 0.1374 0.1781 8
0.6409 0.1346 -0.1755 9
0.6811 0.1429 0.0121 5
0.6809 0.1427 -0.1606 9
0.6627 0.1388 0.0355 4
0.6956 0.1457 -0.1381 10
0.6708 0.1404 0.06 8
0.6729 0.1407 -0.1089 5
0.6801 0.1421 0.0853 14
0.6277 0.131 -0.0787 6
0.6614 0.1379 0.107 10
0.6866 0.1432 -0.0614 6
0.6804 0.1418 0.1351 9
0.6902 0.1437 -0.0369 6
0.6563 0.1365 0.1548 12
0.6618 0.1375 -0.0118 6
0.6431 0.1335 0.176 8
0.6414 0.1324 -0.1755 9
0.6953 0.1434 0.0124 5
0.6871 0.1415 -0.162 9
0.6671 0.1373 0.0357 4
0.673 0.1385 -0.1336 10
0.6518 0.134 0.0582 9
0.6463 0.1328 -0.1045 10
0.6495 0.1333 0.0814 15
0.6514 0.1336 -0.0817 6
0.6541 0.134 0.1057 10
0.73 0.1496 -0.0652 5
0.6655 0.1362 0.132 10
0.6907 0.1413 -0.0369 6
0.6721 0.1373 0.1584 11
0.6387 0.1304 -0.0114 6
0.6474 0.1321 0.177 8
0.657 0.1332 -0.1796 8
0.6487 0.1314 0.0116 5
0.6609 0.1337 -0.1557 9
0.6695 0.1354 0.0358 8
0.7081 0.1432 -0.1404 9
0.6484 0.131 0.0579 9
0.6855 0.1383 -0.1108 9
0.6499 0.1311 0.0814 15
0.6675 0.1345 -0.0836 6
0.6584 0.1325 0.1064 10
0.668 0.1345 -0.0596 7
0.6698 0.1347 0.1328 10
0.6736 0.1353 -0.036 7
0.6573 0.1319 0.1548 12
0.6607 0.1325 -0.0118 6
0.6478 0.1298 0.177 8
0.6461 0.1286 -0.1765 9
0.6649 0.1323 0.0118 5
0.6671 0.1326 -0.157 9
0.6621 0.1315 0.0354 8
0.6778 0.1346 -0.1343 10
0.6566 0.1303 0.0586 8
0.6627 0.1313 -0.107 10
0.6484 0.1284 0.0812 15
0.6446 0.1275 -0.0807 13
0.6744 0.1333 0.1089 10
0.6802 0.1344 -0.0607 6
0.6587 0.1301 0.1305 10
0.6858 0.1353 -0.0366 6
0.6539 0.1289 0.1539 12
0.6278 0.1236 -0.0112 6
0.6445 0.1268 0.176 8
0.6352 0.1242 -0.1734 9
0.6869 0.1341 0.0122 5
0.6541 0.1276 -0.1539 9
0.6528 0.1272 0.0349 9
0.6976 0.136 -0.1381 10
0.6571 0.128 0.0586 8
0.6748 0.1313 -0.1089 10
0.6645 0.1292 0.0831 14
0.6489 0.126 -0.0812 6
0.6593 0.1279 0.1064 10
0.6533 0.1267 -0.0582 7
0.6707 0.13 0.1328 10
0.6745 0.1306 -0.036 7
0.6582 0.1273 0.1548 12
0.6224 0.1203 -0.0111 6
0.6411 0.1238 0.175 8
0.647 0.1241 -0.1765 9
0.656 0.1257 0.0117 5
0.6737 0.129 -0.1584 9
0.6493 0.1242 0.0346 9
0.6788 0.1298 -0.1343 10
0.6419 0.1227 0.0572 9
0.6442 0.123 -0.1039 10
0.6513 0.1242 0.0814 15
0.6298 0.12 -0.0787 6
0.6365 0.1212 0.1026 11
0.6694 0.1274 -0.0596 7
0.6615 0.1258 0.1309 10
0.6789 0.129 -0.0362 7
0.6509 0.1236 0.153 12
0.6189 0.1174 -0.011 6
0.6302 0.1194 0.1719 8
0.6398 0.1204 -0.1744 9
0.6898 0.1297 0.0123 5
0.6608 0.1241 -0.1552 9
0.6537 0.1228 0.0349 9
0.6908 0.1297 -0.1366 10
0.6423 0.1204 0.0572 9
0.6407 0.12 -0.1032 11
0.6576 0.1231 0.0821 15
0.6459 0.1208 -0.0807 6
0.6757 0.1263 0.1089 10
0.6698 0.1251 -0.0596 7
0.6542 0.1221 0.1294 10
0.6636 0.1237 -0.0354 7
0.6399 0.1192 0.1503 8
0.633 0.1179 -0.0112 6
0.6382 0.1187 0.1739 8
0.6554 0.121 -0.1786 8
0.6371 0.1176 0.0113 5
0.6439 0.1188 -0.1512 10
0.6325 0.1165 0.0337 9
0.6719 0.1237 -0.1328 10
0.6427 0.1182 0.0572 9
0.645 0.1186 -0.1039 10
0.656 0.1205 0.0819 15
0.6541 0.12 -0.0817 6
0.6528 0.1197 0.1051 10
0.6585 0.1206 -0.0586 7
0.6547 0.1199 0.1294 10
0.6739 0.1233 -0.0359 7
0.6364 0.1163 0.1494 12
0.6433 0.1175 -0.0114 6
0.6234 0.1137 0.1698 8
0.614 0.1112 -0.1672 9
0.673 0.1218 0.0119 5
0.6443 0.1165 -0.1512 10
0.623 0.1127 0.0332 9
0.6376 0.1152 -0.1259 11
0.6392 0.1154 0.0568 9
0.626 0.1129 -0.1007 11
0.6525 0.1175 0.0814 15
0.6115 0.11 -0.0763 7
0.6416 0.1154 0.1032 11
0.655 0.1177 -0.0582 7
0.6609 0.1187 0.1305 10
0.6625 0.1188 -0.0353 7
0.6445 0.1155 0.1512 12
0.6181 0.1108 -0.011 6
0.6275 0.1123 0.1708 8
0.6372 0.1132 -0.1734 9
0.6379 0.1133 0.0113 5
0.6524 0.1157 -0.153 9
0.6372 0.1129 0.0339 9
0.665 0.1177 -0.1313 11
0.6474 0.1145 0.0575 9
0.6536 0.1156 -0.1051 10
0.6412 0.1133 0.0799 15
0.6314 0.1115 -0.0787 6
0.6459 0.1139 0.1039 11
0.6357 0.112 -0.0565 7
0.6439 0.1134 0.1271 10
0.659 0.116 -0.0351 7
0.6449 0.1134 0.1512 8
0.6165 0.1083 -0.0109 6
0.6279 0.1102 0.1708 8
0.6109 0.1064 -0.1662 9
0.6304 0.1097 0.0112 6
0.6528 0.1135 -0.153 9
0.6218 0.108 0.0331 9
0.6615 0.1149 -0.1305 11
0.6243 0.1083 0.0554 9
0.6501 0.1126 -0.1045 10
0.6533 0.1131 0.0814 15
0.6318 0.1092 -0.0787 13
0.6385 0.1103 0.1026 11
0.644 0.1111 -0.0572 7
0.6675 0.1152 0.1317 10
0.679 0.117 -0.0361 7
0.628 0.1081 0.1471 8
0.5932 0.102 -0.0105 7
0.6131 0.1053 0.1667 8
0.6189 0.1055 -0.1682 9
0.6426 0.1095 0.0114 5
0.6397 0.1089 -0.1498 10
0.632 0.1075 0.0336 4
0.6271 0.1065 -0.1236 12
0.6522 0.1107 0.0579 9
0.6427 0.1089 -0.1032 11
0.638 0.1081 0.0795 15
0.6322 0.107 -0.0787 6
0.6389 0.1081 0.1026 11
0.6444 0.1089 -0.0572 7
0.6582 0.1111 0.1298 10
0.6558 0.1106 -0.0349 7
0.6457 0.1087 0.1512 8
0.6212 0.1046 -0.011 6
0.6115 0.1029 0.1662 9
0.6307 0.1052 -0.1713 9
0.6509 0.1085 0.0115 5
0.642 0.1069 -0.1503 10
0.6364 0.1059 0.0338 9
0.6546 0.1088 -0.129 11
0.625 0.1038 0.0554 9
0.6119 0.1015 -0.0982 11
0.6423 0.1065 0.0799 15
0.6326 0.1047 -0.0787 6
0.6451 0.1068 0.1036 11
0.6447 0.1066 -0.0572 7
0.6411 0.1059 0.1263 10
0.6444 0.1063 -0.0342 7
0.6441 0.1062 0.1507 8
0.6057 0.0998 -0.0107 7
0.61 0.1004 0.1656 9
0.612 0.0999 -0.1662 9
0.6513 0.1063 0.0115 5
0.627 0.1022 -0.1467 10
0.6269 0.1021 0.0333 9
0.6511 0.1059 -0.1282 11
0.6175 0.1003 0.0547 9
0.6356 0.1033 -0.102 11
0.6427 0.1043 0.0799 15
0.6251 0.1014 -0.0778 7
0.624 0.1011 0.1001 11
0.6569 0.1063 -0.0582 7
0.6473 0.1047 0.1275 10
0.6447 0.1042 -0.0342 7
0.6272 0.1012 0.1467 8
0.6021 0.0971 -0.0106 7
0.618 0.0995 0.1677 8
0.6085 0.0973 -0.1651 9
0.6516 0.104 0.0115 5
0.662 0.1056 -0.1548 9
0.5976 0.0952 0.0317 5
0.6321 0.1007 -0.1244 12
0.6296 0.1002 0.0558 9
0.6438 0.1023 -0.1032 11
0.6391 0.1015 0.0795 15
0.6176 0.0979 -0.0768 7
0.636 0.1007 0.102 11
0.6573 0.104 -0.0582 7
0.6535 0.1034 0.1286 10
0.6451 0.1019 -0.0342 7
0.6237 0.0984 0.1458 9
0.5788 0.0913 -0.0102 7
0.6107 0.0962 0.1656 9
0.5974 0.0932 -0.162 10
0.6402 0.0999 0.0113 5
0.6335 0.0987 -0.148 10
0.6216 0.0968 0.033 4
0.6557 0.102 -0.129 11
0.6221 0.0966 0.0551 9
0.6364 0.0987 -0.102 11
0.6356 0.0986 0.079 16
0.6258 0.097 -0.0778 7
0.6286 0.0973 0.1007 11
0.6261 0.0968 -0.0554 7
0.6383 0.0986 0.1256 11
0.6534 0.1008 -0.0346 7
0.6356 0.0979 0.1485 8
0.6028 0.0929 -0.0106 7
0.6072 0.0935 0.1646 9
0.6092 0.0929 -0.1651 9
0.6326 0.0964 0.0112 6
0.6415 0.0976 -0.1498 10
0.6161 0.0937 0.0327 9
0.6289 0.0956 -0.1236 12
0.6185 0.0939 0.0547 9
0.6172 0.0936 -0.0989 11
0.634 0.096 0.0787 16
0.6458 0.0977 -0.0802 6
0.6133 0.0928 0.0982 5
0.6383 0.0964 -0.0565 7
0.6309 0.0952 0.124 11
0.6458 0.0973 -0.0342 7
0.6224 0.0937 0.1453 9
0.5873 0.0884 -0.0104 7
0.6037 0.0908 0.1636 9
0.6134 0.0913 -0.1662 9
0.6329 0.0943 0.0112 6
0.6284 0.0935 -0.1467 10
0.6342 0.0942 0.0336 4
0.6525 0.0968 -0.1282 11
0.6346 0.0941 0.0561 9
0.6097 0.0904 -0.0976 11
0.6166 0.0913 0.0765 16
0.6068 0.0897 -0.0753 7
0.6351 0.0938 0.1017 11
0.6071 0.0895 -0.0537 8
0.6273 0.0925 0.1233 11
0.6264 0.0923 -0.0332 8
0.6227 0.0916 0.1453 9
0.5757 0.0846 -0.0102 7
0.5963 0.0875 0.1615 9
0.6098 0.0887 -0.1651 9
0.6214 0.0903 0.011 6
0.6017 0.0873 -0.1404 11
0.6029 0.0874 0.0319 5
0.6528 0.0947 -0.1282 11
0.6093 0.0882 0.0539 10
0.6295 0.0911 -0.1007 11
0.615 0.0888 0.0763 16
0.6071 0.0876 -0.0753 7
0.6217 0.0896 0.0995 11
0.6153 0.0886 -0.0544 8
0.6238 0.0898 0.1225 11
0.6346 0.0912 -0.0336 7
0.6153 0.0883 0.1435 9
0.6018 0.0863 -0.0106 7
0.6005 0.086 0.1625 9
0.6063 0.086 -0.1641 9
0.6534 0.0926 0.0115 5
0.6136 0.0869 -0.1431 10
0.6032 0.0853 0.0319 10
0.6104 0.0862 -0.1198 12
0.6234 0.0879 0.0551 9
0.6181 0.0871 -0.0989 11
0.6192 0.0872 0.0768 16
0.5995 0.0844 -0.0743 7
0.6045 0.085 0.0967 6
0.659 0.0925 -0.0582 7
0.6241 0.0875 0.1225 11
0.6389 0.0894 -0.0338 7
0.6118 0.0855 0.1426 9
0.5842 0.0817 -0.0103 7
0.6046 0.0844 0.1636 9
0.6105 0.0844 -0.1651 9
0.6418 0.0886 0.0113 5
0.6158 0.0849 -0.1435 10
0.5956 0.082 0.0315 5
0.6301 0.0868 -0.1236 12
0.5961 0.082 0.0526 5
0.6302 0.0865 -0.1007 11
0.6411 0.0879 0.0795 15
0.6156 0.0843 -0.0763 7
0.6048 0.0827 0.0967 6
0.5883 0.0804 -0.0519 8
0.6283 0.0858 0.1233 11
0.6392 0.0872 -0.0338 7
0.6121 0.0834 0.1426 9
0.5627 0.0766 -0.0099 7
0.5819 0.0791 0.1574 9
0.5954 0.0801 -0.161 10
0.6223 0.0837 0.011 6
0.6161 0.0828 -0.1435 10
0.5998 0.0805 0.0317 5
0.6188 0.0829 -0.1214 12
0.6102 0.0816 0.0539 10
0.6148 0.0821 -0.0982 11
0.6473 0.0865 0.0802 15
0.608 0.0811 -0.0753 7
0.5874 0.0783 0.0939 6
0.5846 0.0778 -0.0516 8
0.6053 0.0804 0.1187 11
0.6474 0.0859 -0.0342 7
0.6124 0.0812 0.1426 9
0.565 0.0749 -0.0099 7
0.586 0.0776 0.1584 9
