0.739104 0.0092 -0.0515532 100
0.7409 0.0196 -0.0516792 0
0.741598 0.03 -0.0517277 100
0.742097 0.0405 -0.0517627 100
0.742496 0.0509 -0.0517897 100
0.741698 0.0613 -0.0517345 100
0.741698 0.0718 -0.0517345 100
0.742696 0.0824 -0.0518042 100
0.743394 0.0931 -0.0518527 100
0.742995 0.1036 -0.0518246 100
0.743494 0.1143 -0.0518595 0
0.743793 0.125 -0.0518809 100
0.746885 0.1364 -0.0520962 100
0.750776 0.148 -0.0523678 100
0.752572 0.1593 -0.0524928 100
0.754167 0.1707 -0.0526044 100
0.753569 0.1817 -0.0525627 100
0.751973 0.1925 -0.0524511 100
0.751174 0.2036 -0.0523959 100
0.74918 0.2143 -0.0522562 100
0.750875 0.2263 -0.0523746 100
0.729029 -0.205 -0.050851 38
0.730825 -0.1945 -0.050976 100
0.731523 -0.1837 -0.0510246 100
0.731124 -0.1728 -0.0509964 100
0.73252 -0.1623 -0.0510945 100
0.733718 -0.1518 -0.0511777 100
0.734815 -0.1413 -0.0512544 100
0.734715 -0.1307 -0.0512476 100
0.734515 -0.1201 -0.0512331 0
0.734117 -0.1095 -0.0512059 100
0.734615 -0.099 -0.0512408 100
0.735912 -0.0887 -0.0513311 0
0.735114 -0.0782 -0.0512748 0
0.736111 -0.0679 -0.0513447 0
0.73701 -0.0576 -0.0514076 0
0.73671 -0.0472 -0.0513862 0
0.736311 -0.0368 -0.0513592 0
0.73671 -0.0265 -0.0513862 0
0.73701 -0.0161 -0.0514076 0
0.740238 0.0012 -0.0511136 0
0.741135 0.0115 -0.0511757 100
0.741934 0.0219 -0.0512308 0
0.742532 0.0324 -0.0512716 100
0.744029 0.0429 -0.0513753 100
0.74333 0.0533 -0.0513269 100
0.743529 0.0638 -0.0513405 100
0.743529 0.0743 -0.0513405 100
0.744427 0.0849 -0.0514024 0
0.745125 0.0956 -0.051451 100
0.745725 0.1063 -0.0514925 100
0.747121 0.1171 -0.0515886 100
0.750314 0.1284 -0.0518095 100
0.753407 0.1398 -0.0520227 100
0.755301 0.1511 -0.0521537 100
0.756 0.1623 -0.052202 100
0.752209 0.1837 -0.0519404 100
0.751511 0.1947 -0.0518918 100
0.750613 0.2057 -0.0518299 100
0.748617 0.2165 -0.0516923 100
0.749315 0.2281 -0.0517398 100
0.733953 -0.1984 -0.0506794 100
0.732755 -0.1871 -0.0505971 100
0.731458 -0.1759 -0.050507 100
0.731858 -0.1652 -0.0505349 100
0.733154 -0.1547 -0.0506242 100
0.734252 -0.1443 -0.0506997 100
0.734252 -0.1336 -0.0506997 100
0.73505 -0.1232 -0.0507551 100
0.735648 -0.1127 -0.0507968 100
0.736147 -0.1023 -0.0508306 100
0.735548 -0.0917 -0.05079 100
0.734751 -0.0812 -0.0507347 0
0.73485 -0.0708 -0.0507415 0
0.734751 -0.0604 -0.0507347 0
0.735548 -0.0501 -0.05079 0
0.736147 -0.0398 -0.0508306 100
0.736646 -0.0295 -0.0508655 100
0.737943 -0.0192 -0.0509546 100
0.739727 0.0057 -0.0434296 0
0.741523 0.0161 -0.0435352 100
0.74322 0.0265 -0.0436351 100
0.743819 0.0369 -0.0436696 100
0.744219 0.0474 -0.0436936 100
0.744518 0.0578 -0.0437108 100
0.743619 0.0682 -0.0436581 100
0.744518 0.0788 -0.0437108 100
0.745416 0.0894 -0.0437637 100
0.747014 0.1002 -0.0438578 100
0.746515 0.1108 -0.0438279 100
0.745116 0.1319 -0.0437465 100
0.748111 0.1433 -0.0439221 100
0.751007 0.1547 -0.0440919 100
0.752604 0.166 -0.0441859 100
0.753203 0.1772 -0.0442205 100
0.751606 0.188 -0.0441273 100
0.750807 0.199 -0.0440804 100
0.750907 0.2102 -0.0440861 100
0.74881 0.221 -0.0439634 100
0.733637 -0.2014 -0.0430716 42
0.733437 -0.1904 -0.0430602 100
0.733137 -0.1794 -0.043043 100
0.733637 -0.1687 -0.0430716 0
0.735932 -0.1584 -0.0432071 100
0.737031 -0.148 -0.0432713 100
0.736132 -0.1371 -0.0432185 0
0.735932 -0.1265 -0.0432071 100
0.735634 -0.1159 -0.0431897 100
0.736232 -0.1054 -0.0432244 100
0.736632 -0.095 -0.0432482 0
0.735932 -0.0845 -0.0432071 100
0.737031 -0.0742 -0.0432713 0
0.737929 -0.0639 -0.0433242 100
0.736831 -0.0535 -0.0432598 0
0.73743 -0.0432 -0.0432943 100
0.739028 -0.0329 -0.0433883 0
0.739427 -0.0226 -0.0434124 0
0.739626 -0.0123 -0.043424 0
0.74085 0.0019 -0.04129 100
0.741749 0.0123 -0.0413408 100
0.74155 0.0226 -0.0413291 0
0.742148 0.033 -0.0413627 100
0.742547 0.0434 -0.0413847 100
0.742947 0.0538 -0.0414066 100
0.744045 0.0643 -0.0414678 100
0.745043 0.0749 -0.0415244 100
0.744944 0.0854 -0.0415186 100
0.744744 0.0959 -0.0415072 0
0.745243 0.1066 -0.0415349 100
0.745743 0.1173 -0.0415626 100
0.746941 0.1281 -0.0416296 100
0.750036 0.1395 -0.0418027 100
0.752932 0.1509 -0.0419633 100
0.75363 0.162 -0.0420026 100
0.75423 0.1731 -0.042036 100
0.75373 0.1841 -0.0420083 100
0.752033 0.1949 -0.0419135 100
0.751134 0.2058 -0.0418639 100
0.753031 0.2177 -0.0419691 100
0.732763 -0.2013 -0.0408395 0
0.731564 -0.1901 -0.0407726 0
0.732264 -0.1794 -0.0408118 100
0.733661 -0.169 -0.0408892 100
0.733961 -0.1583 -0.0409065 100
0.734161 -0.1477 -0.0409169 100
0.734161 -0.137 -0.0409169 100
0.735059 -0.1266 -0.0409677 100
0.735759 -0.1162 -0.0410068 100
0.736257 -0.1058 -0.0410347 100
0.735759 -0.0953 -0.0410068 100
0.735957 -0.0849 -0.0410175 100
0.736058 -0.0745 -0.0410231 100
0.737056 -0.0643 -0.0410787 0
0.737855 -0.054 -0.0411236 100
0.738055 -0.0333 -0.0411341 0
0.738454 -0.023 -0.0411571 0
0.739752 -0.0128 -0.0412288 0
0.741283 0.004 -0.0326242 100
0.742181 0.0144 -0.0326638 0
0.74288 0.0247 -0.0326949 100
0.74348 0.0351 -0.0327211 100
0.744879 0.0456 -0.0327822 100
0.74418 0.0559 -0.0327521 100
0.743381 0.0663 -0.0327163 100
0.743381 0.0767 -0.0327163 100
0.74418 0.0873 -0.0327521 0
0.744879 0.0979 -0.0327822 100
0.745378 0.1086 -0.0328048 100
0.747776 0.1196 -0.03291 100
0.750973 0.1308 -0.033051 100
0.752971 0.142 -0.0331384 100
0.75387 0.1531 -0.0331778 100
0.753671 0.164 -0.0331694 100
0.753271 0.1749 -0.0331516 100
0.753671 0.1861 -0.0331694 100
0.752971 0.1971 -0.0331384 100
0.752971 0.2083 -0.0331384 100
0.755769 0.2205 -0.0332615 100
0.734789 -0.203 -0.0323386 100
0.73369 -0.1918 -0.0322907 100
0.73339 -0.1808 -0.0322776 100
0.733889 -0.1701 -0.0322992 100
0.735189 -0.1597 -0.0323564 100
0.735388 -0.149 -0.0323649 100
0.736387 -0.1386 -0.0324091 100
0.736287 -0.128 -0.0324044 100
0.737986 -0.1177 -0.0324796 100
0.738585 -0.1073 -0.0325058 0
0.738984 -0.0969 -0.0325228 0
0.739284 -0.0865 -0.0325369 0
0.738385 -0.076 -0.0324965 0
0.737386 -0.0655 -0.0324533 100
0.737186 -0.0552 -0.0324438 100
0.737885 -0.0449 -0.0324749 0
0.738485 -0.0346 -0.0325012 0
0.739884 -0.0244 -0.0325632 0
0.741183 -0.0141 -0.0326196 100
0.742496 0.003 -0.0273554 100
0.743396 0.0134 -0.0273888 100
0.743095 0.0237 -0.0273778 100
0.743695 0.0342 -0.0273999 100
0.743196 0.0445 -0.0273814 100
0.743496 0.055 -0.0273924 100
0.744595 0.0655 -0.0274332 0
0.745594 0.0761 -0.0274702 100
0.745494 0.0867 -0.0274666 100
0.746193 0.0973 -0.0274926 100
0.745695 0.1079 -0.0274739 100
0.748092 0.1189 -0.0275619 100
0.75229 0.1303 -0.0277163 100
0.75229 0.1521 -0.0277163 100
0.753989 0.1634 -0.0277793 100
0.753589 0.1744 -0.0277645 100
0.75209 0.1851 -0.027709 100
0.75129 0.1961 -0.0276803 100
0.750491 0.2071 -0.0276507 100
0.75129 0.2187 -0.0276803 100
0.735801 -0.2001 -0.0271094 100
0.734701 -0.1888 -0.0270687 100
0.734302 -0.1778 -0.0270539 100
0.734801 -0.1671 -0.0270724 100
0.736 -0.1566 -0.0271169 100
0.736201 -0.1459 -0.0271242 100
0.7372 -0.1354 -0.0271612 100
0.738999 -0.1251 -0.0272268 100
0.738698 -0.1145 -0.0272158 100
0.739198 -0.104 -0.0272343 100
0.738599 -0.0934 -0.027212 0
0.738899 -0.083 -0.0272232 100
0.737999 -0.0725 -0.0271898 100
0.737899 -0.0621 -0.0271862 0
0.738698 -0.0518 -0.0272158 100
0.739298 -0.0415 -0.027238 0
0.738799 -0.0311 -0.0272195 100
0.739198 -0.0208 -0.0272343 100
0.741711 0.0062 -0.020718 0
0.74351 0.0166 -0.0207684 0
0.74421 0.027 -0.0207881 100
0.74381 0.0374 -0.0207764 100
0.74421 0.0479 -0.0207881 100
0.74341 0.0583 -0.0207657 100
0.74351 0.0687 -0.0207684 100
0.74451 0.0793 -0.0207961 100
0.745309 0.09 -0.0208187 100
0.74451 0.111 -0.0207961 100
0.74481 0.1217 -0.0208042 100
0.747009 0.1328 -0.0208662 100
0.750007 0.1442 -0.0209499 100
0.751807 0.1555 -0.0210001 100
0.753506 0.1668 -0.0210478 100
0.754006 0.178 -0.0210612 100
0.754305 0.1892 -0.0210693 100
0.753506 0.2003 -0.0210478 100
0.752606 0.2113 -0.0210226 100
0.751507 0.2224 -0.0209911 100
0.742411 -0.2068 -0.0207377 23
0.734614 -0.1936 -0.0205194 100
0.733414 -0.1824 -0.0204863 100
0.734914 -0.1719 -0.0205275 100
0.736213 -0.1614 -0.0205644 100
0.737413 -0.1509 -0.0205975 100
0.737513 -0.1402 -0.0206002 100
0.738412 -0.1297 -0.0206255 100
0.738212 -0.1191 -0.0206202 100
0.738812 -0.1086 -0.0206372 100
0.739212 -0.0981 -0.0206479 100
0.739512 -0.0877 -0.0206559 0
0.738712 -0.0771 -0.0206345 100
0.738712 -0.0667 -0.0206345 100
0.738612 -0.0563 -0.0206309 0
0.738312 -0.0459 -0.0206228 100
0.738812 -0.0356 -0.0206372 0
0.741311 -0.0254 -0.0207063 100
0.742511 -0.015 -0.0207404 100
0.741738 0.01 -0.0155367 100
0.742537 0.0204 -0.0155541 0
0.743237 0.0308 -0.0155688 0
0.744736 0.0412 -0.0155999 0
0.745037 0.0517 -0.0156058 100
0.746236 0.0622 -0.0156319 0
0.746336 0.0728 -0.0156336 100
0.746236 0.0833 -0.0156319 100
0.745937 0.0938 -0.0156248 100
0.746536 0.1045 -0.0156379 100
0.746037 0.115 -0.0156275 100
0.748336 0.1261 -0.015675 100
0.753335 0.1378 -0.0157805 100
0.756235 0.1493 -0.0158409 100
0.757034 0.1604 -0.0158574 100
0.756634 0.1714 -0.0158496 100
0.756134 0.1824 -0.0158384 100
0.755434 0.1935 -0.0158236 100
0.750735 0.2147 -0.0157261 100
0.750535 0.2261 -0.0157217 100
0.735238 -0.2034 -0.0154012 100
0.733139 -0.1918 -0.0153571 100
0.732839 -0.1809 -0.015351 100
0.736639 -0.1601 -0.0154305 100
0.737838 -0.1496 -0.0154555 100
0.737838 -0.139 -0.0154555 100
0.738738 -0.1285 -0.0154745 100
0.739437 -0.118 -0.0154894 100
0.738138 -0.1072 -0.0154616 100
0.738538 -0.0968 -0.0154702 100
0.738838 -0.0864 -0.0154762 100
0.738938 -0.0759 -0.0154789 0
0.737938 -0.0654 -0.0154572 100
0.737738 -0.0551 -0.0154538 0
0.738437 -0.0448 -0.0154677 0
0.739038 -0.0345 -0.0154806 0
0.739437 -0.0241 -0.0154894 100
0.741738 -0.0138 -0.0155367 100
0.742882 0.0079 -0.0132269 0
0.742283 0.0286 -0.0132157 100
0.742882 0.039 -0.0132269 100
0.744282 0.0495 -0.013251 100
0.745482 0.0601 -0.013273 0
0.745582 0.0706 -0.0132747 100
0.746482 0.0812 -0.0132907 100
0.746282 0.0917 -0.0132874 100
0.745882 0.1022 -0.0132798 100
0.745382 0.1128 -0.0132715 100
0.745682 0.1235 -0.0132764 100
0.747881 0.1346 -0.0133151 100
0.751781 0.1461 -0.013385 100
0.754581 0.1576 -0.0134345 100
0.75528 0.1688 -0.0134472 100
0.75478 0.1798 -0.0134379 100
0.754081 0.1908 -0.0134263 100
0.75428 0.2021 -0.0134296 100
0.753281 0.2131 -0.0134119 100
0.755081 0.225 -0.0134438 100
0.742882 -0.2096 -0.0132269 22
0.735083 -0.1964 -0.013088 100
0.733883 -0.1851 -0.013066 100
0.734483 -0.1744 -0.013077 100
0.734883 -0.1637 -0.0130836 100
0.736084 -0.1532 -0.0131055 100
0.737184 -0.1428 -0.0131248 100
0.738083 -0.1323 -0.0131409 100
0.739883 -0.122 -0.0131728 100
0.739582 -0.1114 -0.0131679 100
0.738083 -0.1006 -0.0131409 100
0.737383 -0.0901 -0.0131282 100
0.738583 -0.0798 -0.0131501 100
0.738583 -0.0694 -0.0131501 100
0.737583 -0.0589 -0.0131326 0
0.737283 -0.0485 -0.0131265 0
0.737883 -0.0383 -0.0131375 0
0.740383 -0.028 -0.0131821 0
0.741683 -0.0177 -0.0132047 0
0.741988 0.0001 -0.00414407 100
0.742889 0.0105 -0.00414878 100
0.742688 0.0209 -0.00414753 100
0.742288 0.0312 -0.00414602 0
0.742788 0.0416 -0.00414823 100
0.743188 0.0521 -0.00415073 100
0.744389 0.0626 -0.00415739 100
0.744389 0.0731 -0.00415739 100
0.745288 0.0837 -0.00416227 0
0.746088 0.0943 -0.00416742 100
0.746588 0.105 -0.00416963 100
0.746088 0.1156 -0.00416742 100
0.748389 0.1267 -0.00418019 0
0.752388 0.1382 -0.00420201 100
0.755288 0.1496 -0.0042187 100
0.756088 0.1608 -0.00422285 100
0.755688 0.1718 -0.00422019 100
0.755188 0.1828 -0.00421798 100
0.754488 0.1938 -0.00421353 100
0.753688 0.2048 -0.00420937 100
0.753589 0.2162 -0.00420867 100
0.757188 0.2287 -0.00422896 100
0.737788 -0.202 -0.00412102 100
0.733789 -0.19 -0.00409822 100
0.734388 -0.1792 -0.00410213 100
0.734888 -0.1685 -0.00410433 100
0.735188 -0.1578 -0.00410628 100
0.736389 -0.1474 -0.00411294 100
0.736389 -0.1367 -0.00411294 100
0.737288 -0.1262 -0.00411782 100
0.737988 -0.1158 -0.00412127 100
0.739489 -0.1055 -0.00412989 0
0.740188 -0.0846 -0.00413449 0
0.739288 -0.074 -0.00412865 100
0.738288 -0.0635 -0.00412323 100
0.739088 -0.0532 -0.00412837 100
0.738788 -0.0428 -0.00412641 0
0.739288 -0.0325 -0.00412865 100
0.739689 -0.0222 -0.00413112 0
0.740888 -0.0119 -0.00413795 0
0.740898 0.0105 -0.00129299 0
0.741699 0.0208 -0.001295 100
0.742299 0.0312 -0.00129578 0
0.742799 0.0417 -0.00129601 0
0.744199 0.0522 -0.00129899 100
0.744399 0.0626 -0.00129925 0
0.744399 0.0731 -0.00129925 0
0.745299 0.0837 -0.00130102 100
0.745099 0.0942 -0.00130074 100
0.745699 0.1049 -0.00130153 100
0.747098 0.1158 -0.00130351 100
0.749299 0.1269 -0.00130753 100
0.752399 0.1382 -0.00131328 100
0.753399 0.1493 -0.00131458 100
0.754099 0.1604 -0.00131607 100
0.754699 0.1716 -0.00131685 100
0.755199 0.1828 -0.00131808 100
0.754499 0.1938 -0.00131659 100
0.753599 0.2049 -0.00131483 100
0.753599 0.2162 -0.00131483 100
0.757199 0.2287 -0.00132184 100
0.745899 -0.203 -0.00130178 31
0.737999 -0.1899 -0.00128846 100
0.736698 -0.1786 -0.00128618 100
0.735199 -0.1674 -0.0012835 100
0.735499 -0.1567 -0.00128347 100
0.736599 -0.1462 -0.00128549 100
0.737599 -0.1358 -0.00128679 100
0.739399 -0.1254 -0.00129028 100
0.739099 -0.1148 -0.00129047 100
0.738698 -0.1042 -0.00128897 100
0.739099 -0.0937 -0.00129047 100
0.739299 -0.0833 -0.00129072 0
0.739399 -0.0729 -0.00129028 100
0.739399 -0.0625 -0.00129028 0
0.739199 -0.0521 -0.00129002 0
0.737798 -0.0416 -0.00128819 0
0.738299 -0.0313 -0.00128828 100
0.739899 -0.0107 -0.0012915 100
0.739983 0.0053 0.00503728 0
0.741783 0.0157 0.0050489 0
0.742482 0.0262 0.0050535 0
0.742482 0.047 0.0050535 0
0.742783 0.0575 0.00505565 0
0.743883 0.0681 0.00506385 100
0.744783 0.0788 0.00506917 100
0.745683 0.0894 0.00507564 0
0.745283 0.1 0.00507303 0
0.744783 0.1106 0.00506917 100
0.746183 0.1215 0.00507951 100
0.749283 0.1329 0.00510005 100
0.752283 0.1443 0.00512033 100
0.753083 0.1554 0.00512634 100
0.753783 0.1666 0.00513095 100
0.754283 0.1779 0.00513482 100
0.754583 0.1892 0.00513598 100
0.754783 0.2005 0.00513769 100
0.752882 0.2114 0.00512447 100
0.755583 0.2236 0.00514374 100
0.738683 -0.1951 0.00502837 100
0.735483 -0.1833 0.0050064 100
0.736083 -0.1725 0.00501054 100
0.736483 -0.1617 0.00501315 100
0.736683 -0.151 0.00501485 100
0.737783 -0.1404 0.00502189 100
0.738683 -0.1299 0.00502837 100
0.738383 -0.1192 0.00502621 100
0.738983 -0.1087 0.00503052 100
0.738483 -0.0981 0.00502665 100
0.737783 -0.0875 0.00502189 0
0.736983 -0.0769 0.00501702 0
0.735983 -0.0664 0.00501027 0
0.735883 -0.056 0.00500883 0
0.735583 -0.0456 0.00500668 0
0.737183 -0.0353 0.00501774 0
0.738583 -0.025 0.00502792 0
0.739883 -0.0146 0.00503585 0
0.739971 0.0074 0.00645781 0
0.741772 0.0177 0.00647371 100
0.742472 0.0281 0.00647929 100
0.742971 0.0385 0.00648414 100
0.743372 0.0489 0.00648776 0
0.744571 0.0594 0.00649818 100
0.743672 0.0698 0.00648991 100
0.743672 0.0803 0.00648991 100
0.744472 0.0909 0.00649691 100
0.747072 0.1018 0.00651967 100
0.746572 0.1123 0.00651482 100
0.745871 0.1229 0.00650905 100
0.748071 0.134 0.00652838 100
0.751071 0.1454 0.00655475 100
0.753872 0.1568 0.00657938 100
0.754471 0.168 0.0065845 100
0.754972 0.1792 0.00658855 100
0.755371 0.1904 0.00659195 100
0.754571 0.2014 0.00658495 100
0.753571 0.2125 0.00657622 100
0.757271 0.225 0.00660816 100
0.744072 -0.202 0.00649332 14
0.737072 -0.1891 0.0064319 100
0.737772 -0.1783 0.00643865 100
0.737172 -0.1674 0.00643334 100
0.736572 -0.1564 0.00642803 100
0.737672 -0.146 0.0064372 100
0.737672 -0.1353 0.0064372 100
0.738472 -0.1248 0.00644422 100
0.739172 -0.1144 0.0064508 100
0.739671 -0.1039 0.00645466 0
0.739072 -0.0934 0.00644952 100
0.739372 -0.0829 0.00645267 100
0.739472 -0.0725 0.00645296 0
0.737372 -0.062 0.00643505 0
0.736171 -0.0515 0.00642444 0
0.735772 -0.0412 0.00642103 0
0.736372 -0.0309 0.00642633 0
0.737672 -0.0207 0.0064372 0
0.738872 -0.0104 0.00644764 100
0.740817 0.0105 0.0111204 0
0.742616 0.0209 0.0111473 0
0.743216 0.0313 0.0111566 100
0.743716 0.0417 0.0111636 100
0.744116 0.0522 0.0111701 100
0.743316 0.0626 0.011158 100
0.744316 0.0732 0.0111728 0
0.745216 0.0838 0.0111864 0
0.746915 0.0946 0.0112118 100
0.747516 0.1053 0.0112212 100
0.748015 0.116 0.0112281 100
0.749215 0.127 0.0112467 100
0.752315 0.1383 0.0112928 100
0.752016 0.1602 0.0112886 100
0.753615 0.1715 0.0113127 100
0.754115 0.1828 0.0113197 100
0.753415 0.1938 0.01131 100
0.753515 0.2051 0.0113114 100
0.751515 0.2159 0.0112807 100
0.752315 0.2275 0.0112928 100
0.737417 -0.1957 0.0110693 21
0.735217 -0.1842 0.0110368 100
0.735717 -0.1734 0.0110438 100
0.736117 -0.1627 0.0110503 100
0.736417 -0.152 0.0110545 100
0.737517 -0.1415 0.0110707 100
0.738416 -0.131 0.0110841 100
0.738217 -0.1203 0.0110814 100
0.738816 -0.1099 0.0110906 100
0.738317 -0.0993 0.0110828 100
0.737617 -0.0887 0.0110721 100
0.737817 -0.0783 0.0110758 100
0.737817 -0.0679 0.0110758 0
0.736717 -0.0574 0.0110586 0
0.735417 -0.047 0.0110395 0
0.736017 -0.0367 0.0110479 0
0.737417 -0.0264 0.0110693 0
0.737717 -0.0161 0.0110734 0
0.739663 0.0097 0.0187226 100
0.743462 0.0201 0.0188187 100
0.743162 0.0305 0.0188115 100
0.742662 0.0409 0.0187986 100
0.743961 0.0514 0.0188316 0
0.745161 0.0619 0.0188624 0
0.745261 0.0724 0.0188649 100
0.745161 0.0829 0.0188624 100
0.745961 0.0935 0.0188826 100
0.74656 0.1042 0.018897 100
0.746961 0.1149 0.0189076 100
0.74926 0.126 0.0189657 100
0.751359 0.1372 0.0190191 100
0.753259 0.1484 0.0190667 100
0.754058 0.1595 0.0190869 100
0.755657 0.1709 0.0191282 100
0.756158 0.1821 0.0191403 100
0.756457 0.1934 0.0191483 100
0.753658 0.204 0.0190772 100
0.753658 0.2153 0.0190772 100
0.740663 -0.1946 0.0187486 30
0.735465 -0.1823 0.0186169 100
0.736064 -0.1716 0.0186313 100
0.736364 -0.1609 0.0186395 100
0.738563 -0.1506 0.0186952 100
0.739663 -0.1401 0.0187226 100
0.738563 -0.1292 0.0186952 100
0.738264 -0.1186 0.0186871 100
0.738863 -0.1081 0.0187024 100
0.739363 -0.0977 0.0187153 100
0.737663 -0.087 0.0186726 0
0.737763 -0.0766 0.018675 0
0.738763 -0.0663 0.0187 0
0.738663 -0.0559 0.0186976 100
0.738364 -0.0455 0.0186905 0
0.737964 -0.0352 0.0186798 100
0.738364 -0.0249 0.0186905 0
0.739663 -0.0146 0.0187226 0
0.741673 0.0069 0.0220126 0
0.742473 0.0172 0.0220359 100
0.743172 0.0276 0.0220566 0
0.742673 0.0379 0.0220417 100
0.743072 0.0483 0.0220542 0
0.743372 0.0587 0.0220625 100
0.744472 0.0693 0.0220959 100
0.744372 0.0797 0.0220925 100
0.744272 0.0902 0.0220891 100
0.744872 0.1008 0.0221076 100
0.745371 0.1115 0.0221225 0
0.745771 0.1222 0.0221341 100
0.746871 0.1331 0.0221666 100
0.75087 0.1446 0.0222857 100
0.753668 0.156 0.0223678 100
0.755368 0.1674 0.0224188 100
0.755867 0.1786 0.0224337 100
0.755268 0.1895 0.0224154 100
0.754468 0.2006 0.0223921 100
0.752569 0.2113 0.0223355 100
0.753369 0.2229 0.0223598 100
0.736476 -0.1984 0.0218578 33
0.735276 -0.1871 0.0218229 100
0.735876 -0.1764 0.0218403 100
0.734277 -0.1653 0.0217929 100
0.736576 -0.155 0.0218612 100
0.737675 -0.1446 0.0218936 100
0.738575 -0.1341 0.0219203 100
0.738475 -0.1235 0.0219178 0
0.738075 -0.1129 0.0219052 100
0.738974 -0.0921 0.0219317 0
0.738175 -0.0815 0.0219086 100
0.737275 -0.0711 0.0218819 0
0.737175 -0.0607 0.0218785 0
0.737975 -0.0504 0.0219028 0
0.737575 -0.0401 0.0218911 0
0.739074 -0.0299 0.0219351 0
0.740374 -0.0196 0.0219735 0
0.742477 0.0016 0.0278742 100
0.743376 0.0119 0.0279079 0
0.743177 0.0223 0.0279002 0
0.743776 0.0327 0.0279225 0
0.744275 0.0431 0.0279415 0
0.745574 0.0536 0.0279909 100
0.746674 0.0642 0.0280314 0
0.746774 0.0747 0.0280358 100
0.745674 0.0851 0.0279943 100
0.746374 0.0957 0.0280203 100
0.746974 0.1064 0.0280426 100
0.748373 0.1173 0.0280954 100
0.75257 0.1287 0.0282537 100
0.755568 0.1401 0.028366 100
0.756467 0.1512 0.0283996 100
0.757267 0.1624 0.0284299 100
0.757866 0.1736 0.0284523 100
0.757267 0.1846 0.0284299 100
0.756567 0.1957 0.028403 100
0.755768 0.2067 0.0283728 100
0.759465 0.2192 0.0285119 100
0.744175 -0.1995 0.0279381 10
0.737181 -0.1867 0.0276755 100
0.735881 -0.1755 0.0276262 100
0.736281 -0.1648 0.0276418 100
0.73748 -0.1543 0.0276867 100
0.73858 -0.1438 0.0277283 100
0.739579 -0.1333 0.0277654 100
0.740378 -0.1228 0.0277956 100
0.740079 -0.1122 0.0277844 100
0.739579 -0.1016 0.0277654 100
0.73788 -0.0909 0.0277013 0
0.737081 -0.0804 0.0276721 0
0.737181 -0.07 0.0276755 0
0.73808 -0.0597 0.0277093 0
0.739779 -0.0495 0.0277732 100
0.740478 -0.0392 0.027799 0
0.739879 -0.0288 0.0277766 100
0.740279 -0.0185 0.0277912 0
0.74318 0.0008 0.0349175 0
0.74308 0.0111 0.0349129 100
0.743879 0.0215 0.0349503 0
0.74348 0.0319 0.0349317 0
0.743979 0.0423 0.0349549 100
0.744279 0.0528 0.0349691 100
0.745477 0.0633 0.0350254 0
0.746576 0.0739 0.035077 100
0.746377 0.0844 0.0350677 100
0.746177 0.0949 0.0350583 100
0.747776 0.1057 0.0351334 100
0.751171 0.1169 0.0352929 0
0.754368 0.1282 0.0354432 100
0.757365 0.1396 0.0355841 100
0.757365 0.1506 0.0355841 100
0.754867 0.1721 0.0354667 100
0.753369 0.1828 0.0353962 100
0.75267 0.1938 0.0353634 100
0.75277 0.2051 0.0353681 100
0.75267 0.2164 0.0353634 100
0.760162 0.23 0.0357154 100
0.738485 -0.2005 0.0346968 10
0.735388 -0.1887 0.0345514 100
0.735988 -0.178 0.0345795 100
0.735489 -0.167 0.0345562 100
0.737687 -0.1568 0.0346594 100
0.738885 -0.1463 0.0347157 100
0.738885 -0.1356 0.0347157 100
0.738686 -0.1249 0.0347064 100
0.739385 -0.1145 0.0347391 100
0.738885 -0.1039 0.0347157 100
0.738286 -0.0933 0.0346876 0
0.738585 -0.0829 0.0347015 0
0.738686 -0.0725 0.0347064 0
0.739584 -0.0622 0.0347485 0
0.739385 -0.0518 0.0347391 0
0.739984 -0.0415 0.0347673 100
0.739484 -0.0311 0.0347438 0
0.738885 -0.0208 0.0347157 0
0.741955 0 0.0394036 0
0.741855 0.0104 0.0393984 0
0.742654 0.0208 0.0394408 0
0.742254 0.0311 0.0394196 0
0.742753 0.0416 0.039446 100
0.74515 0.0522 0.0395733 0
0.747347 0.0628 0.03969 100
0.748346 0.0734 0.0397431 100
0.747247 0.0839 0.0396847 100
0.747047 0.0945 0.0396741 100
0.748545 0.1053 0.0397536 100
0.75194 0.1165 0.0399339 100
0.753239 0.1275 0.0400029 100
0.754337 0.1386 0.0400612 100
0.755236 0.1497 0.040109 100
0.756035 0.1609 0.0401514 100
0.755635 0.1719 0.0401302 100
0.756134 0.1831 0.0401566 100
0.757332 0.1946 0.0402202 100
0.756534 0.2057 0.0401779 100
0.762226 0.2188 0.0404802 100
0.744251 -0.1934 0.0395256 7
0.741055 -0.1815 0.0393558 100
0.741555 -0.1707 0.0393824 100
0.739958 -0.1595 0.0392976 100
0.740157 -0.1487 0.0393082 100
0.741156 -0.1382 0.0393612 100
0.741055 -0.1275 0.0393558 100
0.741855 -0.1169 0.0393984 100
0.740357 -0.1061 0.0393188 100
0.739857 -0.0955 0.0392922 0
0.740057 -0.0851 0.0393029 0
0.739258 -0.0745 0.0392605 0
0.739158 -0.0641 0.039255 0
0.740057 -0.0537 0.0393029 0
0.741655 -0.0435 0.0393877 0
0.741255 -0.033 0.0393665 0
0.741655 -0.0227 0.0393877 0
0.741855 -0.0123 0.0393984 100
0.742589 0.0079 0.0458091 0
0.742389 0.0183 0.0457967 100
0.742988 0.0287 0.0458336 0
0.743586 0.0392 0.0458705 0
0.744884 0.0497 0.0459506 0
0.746182 0.0603 0.0460307 0
0.746281 0.0708 0.0460367 100
0.74718 0.0815 0.0460921 100
0.74698 0.0921 0.0460798 100
0.747579 0.1028 0.0461169 100
0.748977 0.1137 0.046203 100
0.75227 0.125 0.0464062 100
0.753368 0.136 0.046474 0
0.754366 0.1471 0.0465354 100
0.755164 0.1583 0.0465847 100
0.755863 0.1695 0.0466279 100
0.756262 0.1808 0.0466524 100
0.755663 0.1918 0.0466155 100
0.754865 0.2029 0.0465663 100
0.755763 0.2145 0.0466217 100
0.742489 -0.191 0.0458027 10
0.741191 -0.1796 0.0457226 100
0.742589 -0.169 0.0458091 100
0.739993 -0.1575 0.0456488 100
0.739195 -0.1466 0.0455996 100
0.739195 -0.1359 0.0455996 100
0.740093 -0.1253 0.045655 100
0.738796 -0.1145 0.0455751 100
0.738297 -0.1039 0.0455442 0
0.738696 -0.0934 0.0455687 0
0.738995 -0.083 0.0455872 0
0.740093 -0.0726 0.045655 0
0.740992 -0.0622 0.0457105 0
0.74179 -0.0519 0.0457597 100
0.742389 -0.0415 0.0457967 100
0.741989 -0.031 0.045772 0
0.740293 -0.0206 0.0456673 0
0.741332 0.0058 0.0497591 0
0.741132 0.0162 0.0497456 100
0.742828 0.0266 0.0498594 0
0.743427 0.037 0.0498997 100
0.743827 0.0475 0.0499266 100
0.745024 0.058 0.0500069 100
0.746221 0.0686 0.0500873 100
0.746121 0.0792 0.0500805 100
0.745921 0.0897 0.0500671 100
0.74662 0.1004 0.050114 100
0.747118 0.1111 0.0501474 100
0.748416 0.122 0.0502345 0
0.750611 0.1331 0.0503818 100
0.753604 0.1446 0.0505828 100
0.756398 0.1561 0.0507704 100
0.757097 0.1673 0.0508172 100
0.756598 0.1783 0.0507838 100
0.756996 0.1896 0.0508105 100
0.757196 0.2009 0.0508238 100
0.756199 0.212 0.0507569 100
0.758892 0.2243 0.0509377 100
0.743028 -0.1919 0.0498729 29
0.738837 -0.1798 0.0495915 100
0.738338 -0.1688 0.0495581 100
0.73764 -0.1579 0.0495112 100
0.738837 -0.1473 0.0495915 100
0.739836 -0.1368 0.0496586 100
0.739636 -0.1261 0.0496453 100
0.739436 -0.1155 0.0496319 100
0.73794 -0.1047 0.0495314 100
0.737341 -0.0941 0.0494912 0
0.736642 -0.0836 0.0494443 100
0.736743 -0.0732 0.0494511 100
0.73764 -0.0629 0.0495112 0
0.740434 -0.0527 0.0496988 0
0.74213 -0.0424 0.0498125 100
0.741631 -0.032 0.0497791 100
0.741033 -0.0216 0.0497391 0
0.741233 -0.0113 0.0497524 0
0.741737 0.0012 0.0579851 0
0.742634 0.0116 0.0580553 100
0.743431 0.022 0.0581176 0
0.74403 0.0324 0.0581646 100
0.744528 0.0429 0.0582034 0
0.745824 0.0534 0.0583047 100
0.745027 0.0638 0.0582424 100
0.746024 0.0745 0.0583203 100
0.745924 0.085 0.0583126 0
0.746623 0.0957 0.0583672 100
0.748217 0.1065 0.0584918 100
0.751607 0.1177 0.0587568 100
0.754797 0.1291 0.0590061 100
0.755893 0.1402 0.0590919 100
0.756791 0.1513 0.0591621 100
0.756492 0.1623 0.0591388 100
0.756193 0.1733 0.0591153 100
0.755595 0.1843 0.0590686 100
0.754897 0.1954 0.059014 100
0.754996 0.2067 0.0590217 100
0.758785 0.2192 0.0593179 100
0.740939 -0.1854 0.0579229 100
0.737649 -0.1737 0.0576656 100
0.737051 -0.1627 0.0576188 100
0.738248 -0.1522 0.0577125 100
0.739345 -0.1417 0.0577983 100
0.740241 -0.1311 0.0578683 100
0.740042 -0.1205 0.0578526 100
0.738647 -0.1097 0.0577436 100
0.737151 -0.0989 0.0576267 0
0.736453 -0.0884 0.0575721 0
0.736652 -0.0779 0.0575877 0
0.737649 -0.0676 0.0576656 0
0.740541 -0.0575 0.0578916 0
0.742235 -0.0472 0.0580242 100
0.741837 -0.0367 0.0579931 100
0.741239 -0.0263 0.0579463 0
0.742535 -0.016 0.0580476 0
0.742333 0.0047 0.0629879 0
0.742133 0.0151 0.0629709 100
0.741934 0.0255 0.062954 0
0.742432 0.0359 0.0629962 100
0.743927 0.0465 0.0631231 100
0.745122 0.057 0.0632245 0
0.745321 0.0676 0.0632414 100
0.746219 0.0782 0.0633176 100
0.747016 0.0889 0.0633853 0
0.746717 0.0995 0.0633598 100
0.746318 0.1101 0.063326 100
0.747613 0.121 0.0634359 100
0.750802 0.1323 0.0637064 100
0.753791 0.1438 0.0639601 100
0.754589 0.1549 0.0640278 100
0.755286 0.1661 0.0640869 100
0.754888 0.1772 0.0640532 100
0.754289 0.1882 0.0640023 100
0.754489 0.1995 0.0640193 100
0.754489 0.2109 0.0640193 100
0.759073 0.2237 0.0644083 100
0.742532 -0.1857 0.0630048 22
0.74024 -0.1741 0.0628103 100
0.741536 -0.1635 0.0629202 100
0.742831 -0.1529 0.0630302 100
0.740937 -0.1417 0.0628695 100
0.739941 -0.1308 0.0627848 100
0.740638 -0.1203 0.062844 100
0.74034 -0.1096 0.0628188 100
0.739742 -0.0989 0.062768 0
0.738147 -0.0882 0.0626326 0
0.736254 -0.0775 0.0624721 0
0.737351 -0.0672 0.0625651 0
0.74014 -0.057 0.0628018 100
0.741835 -0.0467 0.0629456 100
0.742432 -0.0363 0.0629962 0
0.742831 -0.0259 0.0630302 0
0.742133 -0.0155 0.0629709 0
0.743978 0.0094 0.0660057 0
0.744775 0.0198 0.0660763 100
0.745472 0.0303 0.0661382 0
0.746966 0.0408 0.0662707 0
0.748261 0.0514 0.0663856 100
0.747564 0.0619 0.0663239 100
0.747564 0.0725 0.0663239 100
0.749456 0.0832 0.0664916 100
0.752145 0.0942 0.0667302 100
0.755731 0.1054 0.0670484 0
0.757126 0.1165 0.0671722 100
0.758421 0.1276 0.0672871 100
0.759517 0.1387 0.0673842 100
0.759417 0.1497 0.0673753 100
0.759218 0.1607 0.0673577 100
0.758919 0.1718 0.0673312 100
0.757425 0.1826 0.0671987 100
0.756727 0.1937 0.0671367 100
0.755831 0.2048 0.0670573 100
0.75872 0.217 0.0673136 100
0.749058 -0.1996 0.0664564 100
0.743978 -0.1871 0.0660057 100
0.744576 -0.1762 0.0660587 100
0.744974 -0.1654 0.0660939 100
0.745273 -0.1545 0.0661205 100
0.744376 -0.1435 0.0660409 100
0.742384 -0.1324 0.0658643 100
0.742184 -0.1216 0.0658464 100
0.741886 -0.1109 0.0658201 100
0.742384 -0.1004 0.0658643 0
0.742683 -0.0899 0.0658908 0
0.742882 -0.0794 0.0659084 0
0.743878 -0.0689 0.0659968 0
0.745771 -0.0586 0.0661647 100
0.745572 -0.0481 0.0661471 0
0.744177 -0.0375 0.0660233 100
0.744576 -0.0271 0.0660587 100
0.744875 -0.0167 0.0660852 100
0.745152 0.002 0.0758212 100
0.745053 0.0124 0.0758111 100
0.744854 0.0229 0.0757909 100
0.744456 0.0333 0.0757504 0
0.744854 0.0438 0.0757909 100
0.745152 0.0543 0.0758212 0
0.745352 0.0648 0.0758416 100
0.746346 0.0755 0.0759427 100
0.746247 0.086 0.0759325 100
0.746943 0.0967 0.0760033 0
0.748435 0.1076 0.0761553 100
0.752813 0.119 0.0766008 100
0.755996 0.1304 0.0769247 100
0.756991 0.1416 0.0770258 100
0.757887 0.1528 0.0771169 100
0.756693 0.1636 0.0769954 100
0.756295 0.1746 0.0769549 100
0.755698 0.1857 0.0768943 100
0.755002 0.1968 0.0768234 100
0.754106 0.2079 0.0767323 100
0.758783 0.2206 0.0772082 100
0.744257 -0.2063 0.07573 41
0.742267 -0.1945 0.0755277 45
0.742964 -0.1836 0.0755985 100
0.742466 -0.1725 0.0755478 0
0.74386 -0.1619 0.0756896 100
0.745053 -0.1512 0.0758111 100
0.742168 -0.1399 0.0755176 100
0.740079 -0.1288 0.075305 100
0.738885 -0.1179 0.0751835 100
0.738487 -0.1073 0.075143 0
0.738885 -0.0968 0.0751835 0
0.740178 -0.0864 0.075315 0
0.741273 -0.076 0.0754265 0
0.743262 -0.0657 0.0756289 100
0.744158 -0.0553 0.07572 100
0.744356 -0.0343 0.0757402 100
0.74376 -0.0239 0.0756796 0
0.744058 -0.0134 0.0757098 0
0.74372 0.0098 0.0789556 0
0.744517 0.0202 0.0790403 100
0.745212 0.0307 0.0791141 0
0.74571 0.0412 0.0791669 0
0.746008 0.0517 0.0791985 0
0.746206 0.0622 0.0792196 0
0.747301 0.0729 0.0793358 100
0.747201 0.0834 0.0793252 100
0.747897 0.0941 0.079399 100
0.751477 0.1053 0.0797792 100
0.754858 0.1166 0.0801381 100
0.756151 0.1276 0.0802754 100
0.757244 0.1387 0.0803914 100
0.757145 0.1497 0.0803808 100
0.757941 0.1609 0.0804655 100
0.757543 0.172 0.0804232 100
0.757046 0.183 0.0803704 100
0.755454 0.1939 0.0802013 100
0.755554 0.2052 0.080212 100
0.759333 0.2177 0.0806131 100
0.748096 -0.1944 0.0794202 100
0.74392 -0.1822 0.0789768 100
0.744417 -0.1713 0.0790297 100
0.745808 -0.1607 0.0791774 100
0.745013 -0.1496 0.0790929 100
0.742129 -0.1382 0.0787868 100
0.741036 -0.1273 0.0786707 100
0.740737 -0.1166 0.0786389 0
0.739345 -0.1058 0.0784913 0
0.739743 -0.0953 0.0785335 0
0.740041 -0.0848 0.0785651 0
0.740141 -0.0744 0.0785757 100
0.742129 -0.0641 0.0787868 100
0.74392 -0.0538 0.0789768 0
0.744517 -0.0433 0.0790403 0
0.744118 -0.0329 0.0789979 100
0.743522 -0.0224 0.0789346 0
0.74372 -0.012 0.0789556 0
0.744615 0.0016 0.0897128 100
0.744516 0.012 0.0897007 0
0.74531 0.0225 0.0897964 100
0.745905 0.033 0.0898682 0
0.747296 0.0435 0.0900357 100
0.747692 0.0541 0.0900835 0
0.747792 0.0646 0.0900954 0
0.748785 0.0753 0.0902151 100
0.750671 0.0861 0.0904424 100
0.751366 0.0969 0.0905262 100
0.752955 0.1079 0.0907176 100
0.756231 0.1192 0.0911123 100
0.756529 0.1301 0.0911481 100
0.756628 0.1411 0.0911601 100
0.756529 0.152 0.0911481 100
0.756231 0.1631 0.0911123 100
0.755933 0.1741 0.0910764 100
0.756331 0.1854 0.0911243 100
0.757522 0.197 0.0912678 100
0.7605 0.2091 0.0916265 100
0.759408 0.2203 0.0914951 100
0.741736 -0.1944 0.0893659 22
0.743424 -0.1837 0.0895692 25
0.745905 -0.1733 0.0898682 100
0.746303 -0.1624 0.0899161 100
0.746501 -0.1515 0.08994 100
0.747494 -0.1409 0.0900597 100
0.746501 -0.1299 0.08994 100
0.743324 -0.1186 0.0895573 100
0.740942 -0.1076 0.0892702 100
0.741339 -0.0971 0.0893181 0
0.741637 -0.0866 0.089354 0
0.742729 -0.0762 0.0894855 100
0.744714 -0.0658 0.0897247 100
0.746601 -0.0554 0.089952 100
0.746303 -0.0449 0.0899161 100
0.744814 -0.0344 0.0897368 100
0.743225 -0.0239 0.0895452 0
0.74253 -0.0134 0.0894615 0
0.744086 0.0012 0.094 100
0.744978 0.0117 0.0941126 0
0.745773 0.0222 0.094213 100
0.746368 0.0327 0.0942882 100
0.746864 0.0432 0.0943508 0
0.746169 0.0537 0.0942631 0
0.746368 0.0643 0.0942882 100
0.74736 0.075 0.0944136 0
0.749145 0.0858 0.094639 0
0.751824 0.0968 0.0949774 100
0.754404 0.108 0.0953033 100
0.755792 0.119 0.0954787 100
0.755991 0.13 0.0955039 100
0.757083 0.1411 0.0956417 100
0.757976 0.1523 0.0957546 100
0.757678 0.1634 0.0957169 100
0.756289 0.1743 0.0955415 100
0.754801 0.1851 0.0953536 100
0.755991 0.1967 0.0955039 100
0.758968 0.2089 0.09588 100
0.759762 0.2207 0.0959802 100
0.745674 -0.197 0.0942005 27
0.744483 -0.1855 0.09405 29
0.745078 -0.1746 0.0941252 100
0.745475 -0.1636 0.0941754 100
0.745674 -0.1528 0.0942005 100
0.745773 -0.1419 0.094213 100
0.747657 -0.1314 0.0944511 100
0.746467 -0.1204 0.0943007 100
0.742201 -0.109 0.0937618 100
0.740713 -0.0982 0.0935739 0
0.74101 -0.0876 0.0936113 100
0.743094 -0.0773 0.0938746 100
0.744086 -0.0669 0.094 100
0.744978 -0.0564 0.0941126 100
0.746665 -0.046 0.0943257 100
0.746269 -0.0354 0.0942757 100
0.743689 -0.0248 0.0939498 0
0.742995 -0.0144 0.0938621 0
0.743962 0.0031 0.102572 0
0.744854 0.0136 0.102695 100
0.745547 0.0241 0.10279 0
0.746142 0.0347 0.102872 0
0.746538 0.0452 0.102927 100
0.746835 0.0558 0.102968 100
0.747033 0.0664 0.102995 0
0.747033 0.077 0.102995 0
0.748817 0.0879 0.103241 0
0.752481 0.0991 0.103746 100
0.754958 0.1102 0.104088 100
0.755255 0.1211 0.104129 100
0.755454 0.1321 0.104156 100
0.755553 0.1431 0.10417 100
0.755454 0.1541 0.104156 100
0.756148 0.1654 0.104252 100
0.754761 0.1762 0.10406 100
0.754166 0.1873 0.103978 100
0.757237 0.1994 0.104402 100
0.755354 0.2103 0.104142 100
0.757138 0.2223 0.104388 100
0.743467 -0.1851 0.102503 10
0.744061 -0.1741 0.102585 100
0.745448 -0.1634 0.102777 100
0.746637 -0.1527 0.10294 100
0.745745 -0.1416 0.102817 100
0.742773 -0.1303 0.102408 100
0.741486 -0.1193 0.10223 0
0.741188 -0.1086 0.102189 100
0.741585 -0.098 0.102244 0
0.742873 -0.0876 0.102421 0
0.744061 -0.0771 0.102585 0
0.745053 -0.0666 0.102722 100
0.744854 -0.0561 0.102695 100
0.745547 -0.0456 0.10279 100
0.745151 -0.035 0.102735 100
0.744557 -0.0245 0.102654 0
0.743863 -0.014 0.102558 0
0.744293 0.008 0.107387 0
0.744689 0.0291 0.107444 0
0.745283 0.0397 0.10753 100
0.745579 0.0503 0.107572 100
0.745777 0.0609 0.107601 100
0.747856 0.0718 0.107901 0
0.750727 0.0828 0.108315 100
0.752409 0.0938 0.108558 100
0.751123 0.1044 0.108372 100
0.751518 0.1153 0.108429 100
0.753695 0.1266 0.108743 100
0.755774 0.138 0.109043 100
0.756764 0.1492 0.109186 100
0.756566 0.1603 0.109158 100
0.755181 0.1713 0.108958 100
0.754685 0.1824 0.108886 100
0.754982 0.1938 0.108929 100
0.755082 0.2052 0.108943 100
0.757852 0.2175 0.109343 100
0.747955 -0.1806 0.107915 100
0.74459 -0.1687 0.10743 100
0.745876 -0.158 0.107615 100
0.746074 -0.147 0.107644 100
0.744095 -0.1357 0.107358 100
0.741027 -0.1243 0.106916 100
0.74073 -0.1135 0.106873 100
0.740334 -0.1028 0.106816 100
0.740631 -0.0922 0.106859 0
0.741917 -0.0817 0.107044 0
0.742908 -0.0712 0.107187 100
0.743897 -0.0606 0.10733 100
0.74459 -0.0501 0.10743 100
0.744293 -0.0395 0.107387 100
0.74271 -0.0289 0.107158 0
0.742115 -0.0184 0.107073 0
0.743359 0.008 0.106855 0
0.744151 0.0185 0.106969 100
0.745735 0.029 0.107196 100
0.746329 0.0396 0.107282 100
0.746625 0.0502 0.107324 100
0.746922 0.0608 0.107367 0
0.748902 0.0716 0.107652 100
0.751773 0.0825 0.108064 0
0.753555 0.0935 0.10832 100
0.754149 0.1044 0.108406 100
0.753555 0.1151 0.10832 100
0.754841 0.1262 0.108505 100
0.75593 0.1374 0.108662 100
0.75692 0.1486 0.108804 100
0.756722 0.1596 0.108776 100
0.757316 0.1709 0.108861 100
0.75593 0.1818 0.108662 100
0.755237 0.1929 0.108562 0
0.754445 0.2041 0.108448 100
0.755336 0.2158 0.108576 100
0.746032 -0.1806 0.107239 47
0.744547 -0.1692 0.107026 100
0.745834 -0.1584 0.107211 100
0.746032 -0.1475 0.107239 100
0.744052 -0.1363 0.106955 100
0.740983 -0.125 0.106513 100
0.740686 -0.1142 0.106471 100
0.74128 -0.1036 0.106556 100
0.740588 -0.0929 0.106457 0
0.741875 -0.0825 0.106641 0
0.743854 -0.0721 0.106926 100
0.745834 -0.0617 0.107211 100
0.745636 -0.0512 0.107182 100
0.74524 -0.0406 0.107125 100
0.743755 -0.03 0.106912 100
0.742073 -0.0195 0.10667 100
0.743418 0.0008 0.119742 0
0.743319 0.0112 0.119726 100
0.744109 0.0217 0.119853 100
0.745689 0.0323 0.120108 100
0.746183 0.0428 0.120187 0
0.746479 0.0534 0.120235 100
0.747664 0.0641 0.120426 100
0.751612 0.0751 0.121062 100
0.753489 0.086 0.121364 100
0.753192 0.0967 0.121316 100
0.753785 0.1076 0.121412 100
0.75418 0.1185 0.121475 100
0.755365 0.1296 0.121666 100
0.756451 0.1407 0.121841 100
0.756352 0.1517 0.121825 100
0.757142 0.163 0.121952 100
0.756747 0.1741 0.121889 100
0.755266 0.1849 0.12165 100
0.756451 0.1965 0.121841 100
0.755562 0.2077 0.121698 0
0.756451 0.2194 0.121841 100
0.746183 -0.1845 0.120187 10
0.744801 -0.1731 0.119964 100
0.747072 -0.1626 0.12033 100
0.74638 -0.1515 0.120219 100
0.74638 -0.1406 0.120219 100
0.746282 -0.1298 0.120203 100
0.745097 -0.1188 0.120012 100
0.74174 -0.1076 0.119471 0
0.739272 -0.0966 0.119074 0
0.740555 -0.0862 0.119281 0
0.742628 -0.0759 0.119615 100
0.743616 -0.0654 0.119774 100
0.744406 -0.055 0.119901 100
0.745097 -0.0445 0.120012 100
0.745591 -0.034 0.120092 100
0.744998 -0.0235 0.119996 0
0.745294 -0.013 0.120044 0
0.744174 0.0028 0.12133 100
0.745062 0.0133 0.121475 100
0.744766 0.0238 0.121426 100
0.745358 0.0344 0.121523 0
0.745852 0.045 0.121603 100
0.748122 0.0557 0.121973 100
0.751182 0.0666 0.122472 0
0.753155 0.0775 0.122794 100
0.753945 0.0884 0.122923 100
0.753649 0.0991 0.122875 100
0.753155 0.1099 0.122794 100
0.754537 0.121 0.123019 100
0.755722 0.1322 0.123212 100
0.754734 0.143 0.123052 100
0.754636 0.154 0.123035 100
0.755327 0.1653 0.123148 100
0.755919 0.1766 0.123245 100
0.755327 0.1878 0.123148 100
0.755524 0.1992 0.12318 100
0.762236 0.2125 0.124275 100
0.746049 -0.1884 0.121636 10
0.743779 -0.1767 0.121265 100
0.745161 -0.166 0.121491 100
0.745457 -0.155 0.121539 100
0.746543 -0.1443 0.121716 100
0.745457 -0.1332 0.121539 100
0.742397 -0.1219 0.12104 100
0.740127 -0.1108 0.12067 0
0.739536 -0.1001 0.120574 100
0.740917 -0.0896 0.120799 0
0.742002 -0.0792 0.120976 100
0.743088 -0.0687 0.121153 0
0.743977 -0.0582 0.121298 100
0.744668 -0.0477 0.12141 100
0.744273 -0.0371 0.121346 100
0.74368 -0.0265 0.121249 100
0.743977 -0.016 0.121298 0
0.744606 0.0063 0.130758 100
0.745394 0.0169 0.130897 0
0.745099 0.0275 0.130845 100
0.746576 0.0381 0.131104 100
0.75091 0.049 0.131865 0
0.753175 0.0599 0.132263 100
0.75416 0.0707 0.132436 100
0.755145 0.0816 0.132609 0
0.755835 0.0925 0.13273 0
0.755539 0.1033 0.132678 0
0.755933 0.1143 0.132747 100
0.757213 0.1255 0.132972 100
0.75741 0.1365 0.133007 100
0.75741 0.1476 0.133007 100
0.756228 0.1585 0.132799 100
0.757804 0.1701 0.133076 100
0.762138 0.1824 0.133837 100
0.76332 0.1942 0.134044 100
0.762532 0.2055 0.133906 100
0.764403 0.2176 0.134235 100
0.747955 -0.1825 0.131346 100
0.745591 -0.1708 0.130931 100
0.746872 -0.16 0.131156 100
0.747069 -0.1491 0.131191 100
0.747069 -0.1381 0.131191 100
0.745985 -0.127 0.131 100
0.743818 -0.1158 0.13062 0
0.741356 -0.1047 0.130187 100
0.739879 -0.0939 0.129928 0
0.74106 -0.0834 0.130136 100
0.744114 -0.0731 0.130672 0
0.745985 -0.0626 0.131 100
0.746773 -0.052 0.131139 100
0.747463 -0.0415 0.13126 100
0.745985 -0.0308 0.131 100
0.743326 -0.0201 0.130533 0
0.743458 0.0099 0.136584 100
0.743261 0.0204 0.136548 0
0.744934 0.031 0.136855 0
0.747391 0.0417 0.137307 0
0.750637 0.0526 0.137903 100
0.752801 0.0635 0.138301 0
0.752801 0.0742 0.138301 0
0.752703 0.085 0.138283 100
0.752408 0.0958 0.138228 0
0.753981 0.1068 0.138518 100
0.754375 0.1178 0.13859 100
0.755555 0.129 0.138807 100
0.755653 0.14 0.138825 100
0.755653 0.1511 0.138825 100
0.755457 0.1622 0.138789 100
0.755948 0.1736 0.138879 100
0.759293 0.1857 0.139493 100
0.760473 0.1974 0.13971 100
0.758604 0.2084 0.139367 100
0.759489 0.2202 0.139529 100
0.743163 -0.1937 0.13653 9
0.741884 -0.1822 0.136295 100
0.74336 -0.1715 0.136566 100
0.744638 -0.1607 0.136801 100
0.744835 -0.1498 0.136837 100
0.74395 -0.1387 0.136675 0
0.742868 -0.1276 0.136476 100
0.740606 -0.1165 0.13606 100
0.738245 -0.1054 0.135627 0
0.739622 -0.095 0.13588 0
0.741884 -0.0846 0.136295 0
0.743852 -0.0635 0.136657 0
0.744638 -0.053 0.136801 0
0.744343 -0.0424 0.136747 100
0.742868 -0.0317 0.136476 100
0.741294 -0.0212 0.136187 0
0.745875 0.0091 0.134473 100
0.745678 0.0197 0.134437 100
0.747351 0.0303 0.134739 0
0.750795 0.0411 0.13536 100
0.754043 0.0519 0.135945 0
0.75424 0.0627 0.135981 100
0.755322 0.0735 0.136176 100
0.756208 0.0844 0.136336 100
0.756897 0.0953 0.13646 0
0.756503 0.1061 0.136389 100
0.756897 0.1171 0.13646 100
0.757192 0.1281 0.136513 100
0.757291 0.1392 0.136531 100
0.758176 0.1505 0.136691 100
0.760932 0.1622 0.137188 100
0.763392 0.174 0.137631 100
0.7629 0.1852 0.137542 0
0.762211 0.1965 0.137418 100
0.761326 0.2078 0.137258 100
0.762211 0.2196 0.137418 100
0.74489 -0.1923 0.134295 23
0.744595 -0.1811 0.134242 100
0.746071 -0.1703 0.134508 100
0.745481 -0.1592 0.134402 100
0.744694 -0.148 0.13426 100
0.744694 -0.1371 0.13426 0
0.745481 -0.1264 0.134402 100
0.744201 -0.1154 0.134171 0
0.740855 -0.1042 0.133568 0
0.739281 -0.0934 0.133284 0
0.741544 -0.0724 0.133692 0
0.745481 -0.0622 0.134402 0
0.748138 -0.0518 0.134881 100
0.746859 -0.0411 0.13465 0
0.744398 -0.0304 0.134207 100
0.743709 -0.0199 0.134082 0
0.744575 0.0107 0.146755 0
0.750266 0.0215 0.147876 100
0.750855 0.0322 0.147992 100
0.752327 0.043 0.148282 100
0.754583 0.0539 0.148727 100
0.75576 0.0648 0.148959 0
0.75576 0.0757 0.148959 100
0.755662 0.0865 0.14894 100
0.756349 0.0975 0.149075 100
0.755858 0.1084 0.148979 100
0.75527 0.1193 0.148863 100
0.756447 0.1306 0.149095 100
0.758507 0.142 0.149501 100
0.762236 0.154 0.150236 100
0.762922 0.1655 0.150371 100
0.762529 0.1767 0.150294 100
0.761942 0.188 0.150178 100
0.761156 0.1994 0.150023 100
0.761058 0.2226 0.150004 100
0.743397 -0.1935 0.146523 13
0.743103 -0.1822 0.146465 100
0.744575 -0.1713 0.146755 100
0.744968 -0.1603 0.146832 100
0.745164 -0.1493 0.146871 100
0.744182 -0.1381 0.146677 100
0.745066 -0.1274 0.146851 100
0.74379 -0.1163 0.1466 0
0.741436 -0.1052 0.146136 0
0.739866 -0.0942 0.145826 0
0.741141 -0.0837 0.146078 0
0.743201 -0.0732 0.146484 100
0.745066 -0.0627 0.146851 100
0.742907 -0.0519 0.146426 0
0.741632 -0.0412 0.146175 0
0.742123 -0.0306 0.146271 0
0.742417 -0.0201 0.146329 0
0.741961 0.0001 0.150145 0
0.741863 0.0107 0.150125 0
0.743626 0.0213 0.150482 100
0.747155 0.0321 0.151196 100
0.750586 0.0429 0.15189 100
0.75186 0.0538 0.152148 100
0.753036 0.0646 0.152386 100
0.754016 0.0755 0.152584 100
0.753918 0.0864 0.152564 0
0.753624 0.0972 0.152505 100
0.754114 0.1082 0.152604 0
0.754506 0.1193 0.152683 100
0.754702 0.1303 0.152723 0
0.75578 0.1416 0.152941 100
0.757643 0.1531 0.153318 100
0.761172 0.1652 0.154032 100
0.76176 0.1767 0.154151 100
0.761172 0.188 0.154032 100
0.761368 0.1995 0.154072 100
0.759505 0.2106 0.153695 100
0.76127 0.2228 0.154052 100
0.740099 -0.1954 0.149768 11
0.744215 -0.174 0.150601 100
0.746567 -0.1634 0.151077 100
0.746763 -0.1523 0.151116 100
0.746861 -0.1413 0.151136 100
0.745783 -0.1302 0.150918 100
0.745587 -0.1192 0.150879 100
0.744215 -0.1082 0.150601 0
0.740784 -0.0969 0.149907 0
0.740099 -0.0861 0.149768 0
0.740197 -0.0755 0.149788 0
0.740197 -0.0649 0.149788 0
0.741961 -0.0544 0.150145 100
0.742647 -0.0438 0.150284 100
0.742255 -0.0332 0.150204 0
0.741667 -0.0226 0.150085 100
0.742843 -0.012 0.150323 0
0.7454 0.0044 0.162932 0
0.749211 0.0151 0.163765 0
0.748917 0.0258 0.163701 100
0.750383 0.0366 0.164022 0
0.750774 0.0473 0.164107 0
0.751066 0.0581 0.164171 100
0.753119 0.0691 0.16462 0
0.754095 0.08 0.164833 100
0.754877 0.091 0.165004 100
0.754486 0.1019 0.164918 100
0.754974 0.113 0.165025 100
0.754291 0.1239 0.164876 100
0.75644 0.1353 0.165346 100
0.758198 0.158 0.16573 100
0.759761 0.1697 0.166072 100
0.759273 0.181 0.165965 100
0.758687 0.1923 0.165837 100
0.759761 0.2041 0.166072 100
0.76064 0.216 0.166264 100
0.760445 0.2276 0.166221 100
0.741883 -0.199 0.162164 100
0.742568 -0.1879 0.162313 100
0.743154 -0.1768 0.162441 100
0.743642 -0.1658 0.162548 100
0.74286 -0.1546 0.162377 100
0.743056 -0.1436 0.16242 100
0.743935 -0.1328 0.162612 0
0.74374 -0.1219 0.16257 0
0.743447 -0.111 0.162505 0
0.741981 -0.0999 0.162185 0
0.739343 -0.0889 0.161609 0
0.738562 -0.0781 0.161438 0
0.739539 -0.0676 0.161651 0
0.740418 -0.057 0.161843 0
0.740125 -0.0464 0.161779 100
0.739734 -0.0358 0.161694 0
0.741102 -0.0253 0.161993 0
0.743349 -0.0147 0.162484 0
0.744421 0.0065 0.167353 100
0.746177 0.0171 0.167748 0
0.747835 0.0278 0.168121 100
0.749299 0.0385 0.16845 0
0.749689 0.0492 0.168537 0
0.749007 0.0599 0.168384 0
0.749103 0.0706 0.168406 0
0.749982 0.0815 0.168603 100
0.749787 0.0922 0.168559 100
0.751348 0.1033 0.16891 100
0.751835 0.1142 0.16902 0
0.753104 0.1254 0.169305 100
0.753201 0.1364 0.169327 100
0.756129 0.1481 0.169985 100
0.758861 0.1598 0.170599 100
0.759446 0.1712 0.170731 100
0.758958 0.1824 0.170621 100
0.75925 0.1939 0.170687 100
0.759348 0.2055 0.170709 100
0.759348 0.217 0.170709 100
0.758177 0.2284 0.170445 100
0.74325 -0.2014 0.16709 100
0.743054 -0.1901 0.167046 100
0.743737 -0.179 0.167199 100
0.744128 -0.168 0.167287 0
0.744421 -0.157 0.167353 100
0.744519 -0.1461 0.167375 100
0.744519 -0.1351 0.167375 0
0.743445 -0.124 0.167134 0
0.743054 -0.1132 0.167046 100
0.742567 -0.1023 0.166936 100
0.741006 -0.0914 0.166585 0
0.738274 -0.0805 0.165971 0
0.738371 -0.0699 0.165993 0
0.738274 -0.0593 0.165971 0
0.738957 -0.0488 0.166125 0
0.739542 -0.0383 0.166256 0
0.740031 -0.0278 0.166366 0
0.740323 -0.0173 0.166432 0
0.746697 0.008 0.170879 100
0.748451 0.0188 0.171281 0
0.749037 0.0295 0.171415 0
0.750499 0.0404 0.171749 100
0.751863 0.0513 0.172062 0
0.752059 0.0621 0.172106 100
0.752156 0.073 0.172129 100
0.752059 0.0838 0.172106 100
0.752741 0.0949 0.172262 100
0.754301 0.106 0.172619 100
0.755665 0.1173 0.172932 100
0.75586 0.1284 0.172976 100
0.756932 0.1398 0.173222 100
0.759759 0.1516 0.173869 100
0.761417 0.1633 0.174248 100
0.762001 0.1748 0.174382 100
0.762391 0.1864 0.174471 100
0.762586 0.1981 0.174515 100
0.761709 0.2095 0.174315 100
0.761611 0.2212 0.174292 100
0.74582 -0.2084 0.170679 100
0.744845 -0.1967 0.170455 100
0.743675 -0.1851 0.170188 100
0.743285 -0.1737 0.170098 100
0.743675 -0.1626 0.170188 0
0.744845 -0.1518 0.170455 100
0.744845 -0.1407 0.170455 100
0.744845 -0.1297 0.170455 0
0.744553 -0.1187 0.170389 100
0.744162 -0.1078 0.170299 0
0.743675 -0.0968 0.170188 0
0.742993 -0.0859 0.170032 0
0.742116 -0.0751 0.169831 0
0.74309 -0.0644 0.170054 0
0.742895 -0.0537 0.170009 0
0.740653 -0.0429 0.169496 0
0.740165 -0.0322 0.169385 0
0.74153 -0.0217 0.169697 0
0.745624 -0.0111 0.170634 0
0.745589 0.0044 0.179964 0
0.746463 0.0151 0.180175 0
0.746171 0.0259 0.180104 0
0.74763 0.0367 0.180456 100
0.748991 0.0475 0.180785 0
0.750254 0.0584 0.18109 100
0.750352 0.0693 0.181113 0
0.749379 0.0801 0.180879 0
0.75006 0.091 0.181043 100
0.75074 0.1021 0.181207 100
0.751226 0.1131 0.181324 100
0.75249 0.1244 0.18163 100
0.751616 0.1354 0.181418 100
0.751616 0.1465 0.181418 100
0.753365 0.1581 0.181841 100
0.756864 0.1702 0.182685 100
0.759197 0.1822 0.183248 100
0.760461 0.194 0.183554 100
0.759683 0.2054 0.183366 100
0.759587 0.2171 0.183342 100
0.757448 0.2283 0.182826 100
0.743936 -0.2038 0.179565 100
0.741992 -0.1918 0.179096 100
0.740728 -0.1802 0.17879 100
0.742089 -0.1694 0.179119 100
0.741506 -0.1581 0.178978 100
0.7417 -0.147 0.179025 100
0.743547 -0.1364 0.179471 100
0.74345 -0.1254 0.179447 100
0.743158 -0.1144 0.179377 100
0.743644 -0.1036 0.179494 0
0.743061 -0.0926 0.179354 0
0.742283 -0.0817 0.179166 0
0.74238 -0.071 0.179189 0
0.742283 -0.0602 0.179166 0
0.742089 -0.0495 0.179119 0
0.740728 -0.0387 0.17879 100
0.740242 -0.0281 0.178673 0
0.742478 -0.0175 0.179213 0
0.74551 0.0101 0.184081 0
0.747257 0.0208 0.184512 100
0.747936 0.0315 0.18468 100
0.749296 0.0424 0.185016 100
0.749684 0.0532 0.185112 0
0.749879 0.064 0.18516 100
0.749879 0.0748 0.18516 0
0.749781 0.0857 0.185136 0
0.750461 0.0967 0.185303 100
0.750946 0.1077 0.185423 100
0.751334 0.1187 0.185519 100
0.753568 0.1302 0.18607 100
0.75648 0.1418 0.18679 100
0.758325 0.1534 0.187245 100
0.759975 0.1651 0.187653 100
0.760461 0.1766 0.187773 100
0.760849 0.1882 0.187868 100
0.76017 0.1996 0.187701 100
0.758325 0.2107 0.187245 100
0.757256 0.2221 0.186981 100
0.740364 -0.2023 0.18281 100
0.74017 -0.191 0.182762 100
0.739879 -0.1797 0.18269 100
0.740364 -0.1686 0.18281 100
0.740655 -0.1576 0.182882 100
0.741723 -0.1468 0.183146 100
0.741723 -0.1358 0.183146 100
0.740655 -0.1246 0.182882 0
0.740364 -0.1137 0.18281 0
0.739879 -0.1028 0.18269 0
0.739297 -0.092 0.182547 0
0.73949 -0.0813 0.182594 0
0.740461 -0.0707 0.182834 0
0.741335 -0.06 0.18305 0
0.74017 -0.0493 0.182762 0
0.73784 -0.0385 0.182187 100
0.738326 -0.0279 0.182307 100
0.7425 -0.0175 0.183338 0
0.746311 0.0093 0.193148 0
0.746118 0.0201 0.193098 0
0.747763 0.0309 0.193524 0
0.748248 0.0417 0.193649 0
0.749506 0.0527 0.193975 100
0.749699 0.0635 0.194025 100
0.749699 0.0745 0.194025 100
0.750571 0.0855 0.194251 100
0.751248 0.0965 0.194426 100
0.751829 0.1076 0.194576 100
0.751248 0.1186 0.194426 100
0.751443 0.1298 0.194476 100
0.752507 0.1412 0.194752 100
0.755218 0.153 0.195453 100
0.757832 0.1649 0.19613 100
0.758412 0.1764 0.19628 100
0.7588 0.1881 0.19638 100
0.759865 0.2 0.196656 100
0.758993 0.2114 0.19643 100
0.757929 0.2229 0.196155 100
0.747377 -0.2099 0.193424 100
0.747279 -0.1984 0.193399 100
0.746118 -0.1867 0.193098 100
0.744859 -0.175 0.192772 100
0.743311 -0.1634 0.192372 100
0.742633 -0.1521 0.192196 100
0.742729 -0.141 0.192221 100
0.742633 -0.1299 0.192196 100
0.743311 -0.119 0.192372 0
0.742923 -0.108 0.192271 0
0.74147 -0.0969 0.191895 0
0.740793 -0.086 0.19172 0
0.741858 -0.0753 0.191996 0
0.741858 -0.0645 0.191996 0
0.742633 -0.0538 0.192196 0
0.743311 -0.0431 0.192372 0
0.743794 -0.0323 0.192497 0
0.744182 -0.0216 0.192597 100
