0.862116 0.0084 -0.221033 100
0.860954 0.0207 -0.220735 100
0.862504 0.0332 -0.221132 100
0.86386 0.0456 -0.22148 100
0.865119 0.0582 -0.221803 100
0.865216 0.0706 -0.221828 100
0.866088 0.0832 -0.222051 100
0.867831 0.096 -0.222498 100
0.869284 0.1088 -0.222871 100
0.869672 0.1215 -0.22297 100
0.868897 0.1341 -0.222772 100
0.869866 0.1471 -0.22302 100
0.873546 0.1606 -0.223964 100
0.875096 0.1739 -0.224361 100
0.875581 0.187 -0.224485 100
0.876743 0.2004 -0.224783 100
0.874903 0.2132 -0.224311 100
0.876646 0.227 -0.224758 100
0.854948 -0.2559 -0.219195 100
0.847102 -0.2405 -0.217184 100
0.846521 -0.2273 -0.217035 100
0.847683 -0.2146 -0.217333 100
0.849523 -0.2022 -0.217805 100
0.85117 -0.1898 -0.218227 100
0.851751 -0.1772 -0.218376 100
0.851267 -0.1644 -0.218252 100
0.85243 -0.152 -0.21855 100
0.854367 -0.1397 -0.219046 100
0.855239 -0.1273 -0.21927 0
0.855917 -0.1149 -0.219444 100
0.856401 -0.1025 -0.219568 100
0.856692 -0.0901 -0.219642 100
0.856885 -0.0777 -0.219692 100
0.855917 -0.0652 -0.219444 100
0.854754 -0.0528 -0.219146 0
0.85737 -0.0406 -0.219816 100
0.860663 -0.0284 -0.220661 100
0.862019 -0.0161 -0.221008 100
0.863072 0.0009 -0.217269 100
0.863945 0.0134 -0.217489 100
0.864624 0.0258 -0.21766 100
0.865206 0.0383 -0.217806 100
0.866563 0.0508 -0.218148 100
0.867727 0.0634 -0.218441 100
0.867727 0.076 -0.218441 100
0.868503 0.0887 -0.218636 100
0.869182 0.1014 -0.218807 100
0.869667 0.1141 -0.218929 100
0.868988 0.1268 -0.218758 100
0.869085 0.1395 -0.218783 100
0.869958 0.1525 -0.219003 100
0.872576 0.1659 -0.219662 100
0.874031 0.1792 -0.220028 100
0.874418 0.1924 -0.220126 100
0.874515 0.2057 -0.22015 100
0.872673 0.2184 -0.219686 100
0.873352 0.232 -0.219857 100
0.845035 -0.2552 -0.212729 100
0.845617 -0.2422 -0.212875 36
0.847847 -0.2298 -0.213437 100
0.849011 -0.2171 -0.21373 100
0.850951 -0.2046 -0.214218 100
0.851726 -0.1919 -0.214413 100
0.852308 -0.1793 -0.21456 100
0.852793 -0.1666 -0.214682 100
0.853957 -0.1542 -0.214975 100
0.855024 -0.1417 -0.215243 100
0.854927 -0.1291 -0.215219 100
0.855605 -0.1167 -0.21539 100
0.856187 -0.1042 -0.215536 0
0.857448 -0.0919 -0.215853 100
0.857642 -0.0795 -0.215902 0
0.856769 -0.067 -0.215682 0
0.858515 -0.0547 -0.216122 100
0.860163 -0.0424 -0.216537 100
0.861618 -0.0301 -0.216903 100
0.861909 -0.0177 -0.216976 100
0.867558 0.0094 -0.215824 100
0.869207 0.0219 -0.216234 100
0.869789 0.0345 -0.216379 100
0.870469 0.0596 -0.216548 100
0.871536 0.0723 -0.216814 100
0.871439 0.085 -0.21679 100
0.872118 0.0977 -0.216959 100
0.872604 0.1105 -0.217079 100
0.872992 0.1234 -0.217176 100
0.874059 0.1364 -0.217441 100
0.877941 0.1499 -0.218407 100
0.880561 0.1634 -0.219059 100
0.881143 0.1767 -0.219204 100
0.881435 0.19 -0.219276 100
0.880755 0.2031 -0.219107 100
0.879785 0.2162 -0.218866 100
0.879591 0.2296 -0.218817 100
0.88289 0.2441 -0.219638 100
0.855524 -0.2631 -0.21283 100
0.85436 -0.2494 -0.212541 40
0.854845 -0.2363 -0.212661 100
0.855136 -0.2232 -0.212734 100
0.856204 -0.2104 -0.212999 100
0.85795 -0.1978 -0.213434 100
0.857756 -0.1849 -0.213386 100
0.859212 -0.1723 -0.213748 100
0.860473 -0.1597 -0.214062 100
0.861638 -0.1471 -0.214351 100
0.862608 -0.1346 -0.214593 100
0.862414 -0.1219 -0.214544 100
0.862026 -0.1092 -0.214448 100
0.861541 -0.0965 -0.214327 100
0.861735 -0.084 -0.214375 100
0.862802 -0.0716 -0.214641 0
0.864646 -0.0592 -0.2151 100
0.865423 -0.0468 -0.215293 0
0.865908 -0.0343 -0.215414 100
0.867266 -0.0219 -0.215752 100
0.868896 0.0014 -0.210369 100
0.870743 0.0139 -0.210816 0
0.871423 0.0264 -0.210981 100
0.871035 0.0389 -0.210886 100
0.871326 0.0514 -0.210957 100
0.872493 0.064 -0.211239 100
0.873464 0.0767 -0.211475 100
0.874339 0.0894 -0.211686 100
0.87395 0.102 -0.211592 100
0.87638 0.1151 -0.212181 100
0.877741 0.1409 -0.21251 100
0.879588 0.1541 -0.212957 100
0.880268 0.1673 -0.213122 100
0.880754 0.1805 -0.21324 100
0.880171 0.1935 -0.213098 100
0.880268 0.2067 -0.213122 100
0.880268 0.22 -0.213122 100
0.879004 0.2331 -0.212816 100
0.883281 0.2478 -0.213851 100
0.860635 -0.2533 -0.208369 100
0.855484 -0.2386 -0.207121 100
0.854901 -0.2253 -0.20698 100
0.854998 -0.2123 -0.207004 100
0.856845 -0.1998 -0.207451 100
0.858594 -0.1873 -0.207874 100
0.85908 -0.1746 -0.207992 100
0.859469 -0.1619 -0.208086 100
0.859663 -0.1493 -0.208133 100
0.859663 -0.1366 -0.208133 100
0.860441 -0.1241 -0.208321 100
0.863065 -0.1119 -0.208957 100
0.863551 -0.0994 -0.209074 100
0.864814 -0.0871 -0.20938 100
0.865884 -0.0747 -0.209639 100
0.866758 -0.0622 -0.209851 100
0.866564 -0.0498 -0.209804 0
0.867147 -0.0373 -0.209945 100
0.868605 -0.0249 -0.210298 100
0.869189 0.008 -0.209155 100
0.871912 0.0205 -0.20981 100
0.871523 0.033 -0.209717 100
0.871912 0.0456 -0.20981 100
0.872203 0.0582 -0.209881 100
0.873273 0.0709 -0.210138 100
0.873176 0.0835 -0.210115 100
0.873953 0.0962 -0.210302 100
0.875412 0.1091 -0.210653 100
0.876773 0.1221 -0.21098 100
0.880759 0.1356 -0.211939 100
0.881731 0.1487 -0.212173 100
0.882509 0.1619 -0.21236 100
0.883092 0.1751 -0.212501 100
0.882509 0.1882 -0.21236 100
0.882704 0.2015 -0.212407 100
0.881829 0.2146 -0.212197 100
0.886301 0.2292 -0.213273 100
0.860731 -0.2574 -0.20712 40
0.8548 -0.2424 -0.205693 52
0.855189 -0.2293 -0.205786 100
0.855383 -0.2163 -0.205833 100
0.856356 -0.2036 -0.206067 100
0.858106 -0.191 -0.206488 100
0.858689 -0.1783 -0.206629 100
0.859078 -0.1656 -0.206722 100
0.860342 -0.153 -0.207026 100
0.860342 -0.1403 -0.207026 100
0.861217 -0.1278 -0.207237 100
0.861897 -0.1153 -0.207401 100
0.863453 -0.1029 -0.207775 100
0.863745 -0.0904 -0.207845 100
0.864911 -0.078 -0.208126 100
0.864911 -0.0655 -0.208126 100
0.865689 -0.0531 -0.208313 100
0.867342 -0.0407 -0.208711 100
0.8688 -0.0282 -0.209062 100
0.869092 -0.0158 -0.209132 100
0.8776 0.0057 -0.199547 100
0.87838 0.0183 -0.199724 100
0.880037 0.0309 -0.200101 100
0.881403 0.0436 -0.200412 100
0.88072 0.0563 -0.200256 100
0.880915 0.069 -0.200301 100
0.880817 0.0817 -0.200278 100
0.883548 0.0948 -0.200899 100
0.884035 0.1077 -0.20101 100
0.88345 0.1205 -0.200877 100
0.88462 0.1336 -0.201143 100
0.888521 0.1472 -0.20203 100
0.889301 0.1604 -0.202207 100
0.887936 0.1734 -0.201897 100
0.887448 0.1865 -0.201786 100
0.887643 0.1999 -0.201831 100
0.888618 0.2135 -0.202052 100
0.888521 0.2269 -0.20203 100
0.891934 0.2414 -0.202806 100
0.865996 -0.2513 -0.196908 39
0.866581 -0.2381 -0.197041 41
0.868726 -0.2254 -0.197529 100
0.868921 -0.2122 -0.197574 100
0.865996 -0.1984 -0.196908 100
0.865801 -0.1853 -0.196864 100
0.867263 -0.1727 -0.197197 100
0.867556 -0.1599 -0.197263 100
0.868726 -0.1473 -0.197529 100
0.869701 -0.1346 -0.197751 100
0.871456 -0.1222 -0.19815 100
0.872041 -0.1095 -0.198283 100
0.871554 -0.0968 -0.198172 100
0.871749 -0.0842 -0.198217 100
0.871846 -0.0716 -0.198239 0
0.871846 -0.059 -0.198239 100
0.873504 -0.0465 -0.198616 100
0.874089 -0.034 -0.198749 100
0.874382 -0.0215 -0.198815 100
0.877524 0.0104 -0.194864 0
0.877329 0.0229 -0.194821 100
0.877915 0.0355 -0.194951 100
0.879282 0.0482 -0.195254 100
0.878598 0.0607 -0.195102 100
0.879575 0.0735 -0.195319 100
0.881429 0.0863 -0.195731 100
0.885041 0.0995 -0.196533 100
0.886506 0.1125 -0.196858 100
0.886799 0.1254 -0.196923 100
0.887872 0.1386 -0.197162 100
0.889727 0.1519 -0.197574 100
0.889532 0.165 -0.19753 100
0.889141 0.1781 -0.197444 100
0.888458 0.1912 -0.197292 100
0.888653 0.2045 -0.197335 100
0.887677 0.2177 -0.197118 100
0.893144 0.2326 -0.198332 100
0.867762 -0.256 -0.192696 31
0.868348 -0.2427 -0.192826 100
0.870593 -0.23 -0.193325 100
0.868934 -0.2164 -0.192956 100
0.867958 -0.203 -0.192739 100
0.866884 -0.1898 -0.192501 100
0.867469 -0.1769 -0.192631 100
0.868836 -0.1643 -0.192935 100
0.869031 -0.1516 -0.192978 100
0.870984 -0.1391 -0.193411 100
0.871862 -0.1265 -0.193607 100
0.872546 -0.1139 -0.193758 100
0.872058 -0.1012 -0.19365 100
0.872351 -0.0886 -0.193715 100
0.873522 -0.0761 -0.193975 100
0.873424 -0.0635 -0.193953 100
0.874205 -0.051 -0.194127 100
0.874889 -0.0385 -0.194279 100
0.876255 -0.026 -0.194582 100
0.876548 -0.0135 -0.194647 100
0.883004 0.0047 -0.188977 100
0.884764 0.0174 -0.189354 100
0.884471 0.03 -0.189291 100
0.88496 0.0426 -0.189396 100
0.886231 0.0554 -0.189668 100
0.889263 0.0683 -0.190317 100
0.892196 0.0813 -0.190945 100
0.893858 0.0943 -0.1913 100
0.895423 0.1074 -0.191635 100
0.896792 0.1206 -0.191928 100
0.89513 0.1464 -0.191572 100
0.894934 0.1595 -0.191531 100
0.893663 0.1724 -0.191258 100
0.894054 0.1858 -0.191342 100
0.895227 0.1993 -0.191593 100
0.896303 0.213 -0.191824 100
0.896108 0.2265 -0.191782 100
0.902464 0.2418 -0.193142 100
0.86775 -0.2574 -0.185713 23
0.871172 -0.245 -0.186445 33
0.874399 -0.2326 -0.187136 100
0.874692 -0.2194 -0.187198 100
0.87567 -0.2065 -0.187408 100
0.87743 -0.1937 -0.187784 100
0.877137 -0.1806 -0.187722 100
0.87567 -0.1674 -0.187408 100
0.875964 -0.1545 -0.187471 100
0.876061 -0.1417 -0.187491 100
0.876942 -0.129 -0.18768 0
0.877626 -0.1164 -0.187826 100
0.878115 -0.1038 -0.187931 100
0.878506 -0.0911 -0.188015 100
0.878702 -0.0785 -0.188057 0
0.880657 -0.066 -0.188475 0
0.88144 -0.0535 -0.188643 100
0.881146 -0.0409 -0.18858 100
0.882613 -0.0283 -0.188894 100
0.883884 -0.0158 -0.189166 100
0.884931 0.0099 -0.179237 100
0.885715 0.0226 -0.179396 100
0.886303 0.0352 -0.179515 100
0.887675 0.048 -0.179793 100
0.888949 0.0607 -0.180051 100
0.889929 0.0736 -0.18025 100
0.892772 0.0866 -0.180825 100
0.895418 0.0997 -0.181361 100
0.896888 0.1129 -0.181659 100
0.898162 0.126 -0.181917 100
0.89826 0.1391 -0.181937 100
0.898162 0.1522 -0.181917 100
0.897966 0.1654 -0.181877 100
0.897574 0.1785 -0.181798 100
0.897868 0.1919 -0.181858 100
0.899926 0.2058 -0.182274 100
0.899926 0.2193 -0.182274 100
0.906297 0.2346 -0.183565 100
0.877286 -0.2448 -0.177689 31
0.877776 -0.2315 -0.177788 100
0.879834 -0.2187 -0.178205 100
0.878952 -0.2053 -0.178026 100
0.878854 -0.1921 -0.178006 100
0.880422 -0.1794 -0.178324 100
0.880814 -0.1664 -0.178403 100
0.879148 -0.1532 -0.178066 100
0.878266 -0.1402 -0.177887 100
0.879148 -0.1275 -0.178066 100
0.880814 -0.115 -0.178403 100
0.880324 -0.1022 -0.178304 100
0.880618 -0.0895 -0.178364 100
0.880814 -0.0769 -0.178403 100
0.880814 -0.0643 -0.178403 100
0.881598 -0.0517 -0.178562 100
0.882186 -0.0392 -0.178681 100
0.883657 -0.0266 -0.178979 100
0.884931 -0.014 -0.179237 100
0.891657 0.007 -0.176715 100
0.892442 0.0196 -0.17687 100
0.893031 0.0323 -0.176987 100
0.894502 0.0451 -0.177278 100
0.89872 0.0581 -0.178114 100
0.901761 0.0711 -0.178717 100
0.902644 0.0841 -0.178892 0
0.90333 0.0971 -0.179028 100
0.904802 0.1103 -0.17932 100
0.905194 0.1234 -0.179397 100
0.904409 0.1363 -0.179242 100
0.904409 0.1495 -0.179242 100
0.905096 0.1628 -0.179378 100
0.905685 0.1762 -0.179495 100
0.90902 0.1902 -0.180156 100
0.91108 0.2042 -0.180564 100
0.910099 0.2175 -0.180369 100
0.911864 0.2316 -0.180719 100
0.878415 -0.2434 -0.17409 14
0.878807 -0.2302 -0.174168 100
0.881848 -0.2177 -0.174771 100
0.881848 -0.2045 -0.174771 100
0.883614 -0.1918 -0.175121 100
0.884202 -0.1788 -0.175237 100
0.884693 -0.1659 -0.175334 100
0.884889 -0.153 -0.175373 100
0.884987 -0.1401 -0.175393 100
0.882927 -0.127 -0.174984 100
0.882633 -0.1142 -0.174926 100
0.884104 -0.1017 -0.175218 100
0.884399 -0.089 -0.175276 100
0.885576 -0.0765 -0.175509 100
0.884497 -0.0638 -0.175295 100
0.884301 -0.0512 -0.175257 100
0.884987 -0.0386 -0.175393 100
0.88636 -0.0261 -0.175665 100
0.887636 -0.0135 -0.175918 100
0.892709 0.0038 -0.165937 100
0.893594 0.0165 -0.166102 100
0.89615 0.0293 -0.166577 100
0.898608 0.0421 -0.167034 100
0.899984 0.055 -0.16729 100
0.901066 0.0679 -0.167491 100
0.902934 0.0809 -0.167838 100
0.90372 0.094 -0.167984 100
0.90431 0.107 -0.168094 100
0.904703 0.1201 -0.168167 100
0.9049 0.1332 -0.168203 100
0.905883 0.1465 -0.168386 100
0.907653 0.16 -0.168715 100
0.909226 0.1736 -0.169007 100
0.910701 0.1873 -0.169282 100
0.910897 0.2008 -0.169318 100
0.909914 0.2142 -0.169135 100
0.911684 0.2283 -0.169464 100
0.882287 -0.2441 -0.164 7
0.88268 -0.2308 -0.164073 100
0.885728 -0.2183 -0.16464 100
0.886711 -0.2053 -0.164823 100
0.888481 -0.1924 -0.165151 100
0.889169 -0.1794 -0.165279 100
0.889563 -0.1664 -0.165352 100
0.889858 -0.1535 -0.165407 100
0.888973 -0.1404 -0.165243 100
0.887891 -0.1273 -0.165042 100
0.887596 -0.1144 -0.164987 100
0.887105 -0.1016 -0.164896 100
0.8874 -0.0889 -0.16495 100
0.888579 -0.0763 -0.16517 0
0.889563 -0.0637 -0.165352 100
0.890349 -0.0511 -0.165499 100
0.891922 -0.0385 -0.165791 100
0.892315 -0.0258 -0.165864 0
0.893594 -0.0132 -0.166102 100
0.892469 0.0073 -0.161706 100
0.89424 0.02 -0.162027 100
0.895814 0.0328 -0.162313 100
0.900242 0.0457 -0.163115 100
0.902407 0.0587 -0.163507 100
0.903489 0.0716 -0.163703 100
0.905359 0.0847 -0.164042 100
0.906047 0.0978 -0.164167 100
0.905654 0.1108 -0.164095 100
0.905949 0.1239 -0.164149 100
0.906146 0.137 -0.164185 100
0.907031 0.1503 -0.164345 100
0.908803 0.1639 -0.164666 100
0.910279 0.1775 -0.164933 100
0.911656 0.1913 -0.165183 100
0.911754 0.2048 -0.165201 100
0.91077 0.2182 -0.165022 100
0.913427 0.2326 -0.165504 100
0.882235 -0.2471 -0.159852 7
0.883613 -0.234 -0.160102 100
0.885777 -0.2212 -0.160494 100
0.887745 -0.2084 -0.160851 100
0.889615 -0.1955 -0.161189 100
0.890304 -0.1825 -0.161314 100
0.889812 -0.1693 -0.161225 100
0.890107 -0.1563 -0.161278 100
0.890205 -0.1433 -0.161296 100
0.889221 -0.1303 -0.161118 100
0.88991 -0.1175 -0.161243 100
0.889517 -0.1046 -0.161171 0
0.889812 -0.0919 -0.161225 100
0.890993 -0.0793 -0.161439 100
0.892075 -0.0666 -0.161635 100
0.891878 -0.0539 -0.161599 100
0.892567 -0.0412 -0.161724 100
0.894043 -0.0286 -0.161992 100
0.895322 -0.0159 -0.162223 100
0.897877 0.0105 -0.153477 100
0.90458 0.0234 -0.154623 100
0.905171 0.0362 -0.154724 100
0.905566 0.0491 -0.154791 100
0.906749 0.0621 -0.154993 100
0.90872 0.0751 -0.15533 100
0.909607 0.0882 -0.155482 100
0.910297 0.1013 -0.1556 100
0.910691 0.1144 -0.155667 100
0.911973 0.1277 -0.155886 100
0.913057 0.1411 -0.156072 100
0.91493 0.1547 -0.156392 100
0.917591 0.1685 -0.156847 100
0.918084 0.182 -0.156931 100
0.91838 0.1956 -0.156982 100
0.918478 0.2093 -0.156998 100
0.916409 0.2225 -0.156645 100
0.917099 0.2365 -0.156763 100
0.892949 -0.2353 -0.152635 35
0.892357 -0.2217 -0.152533 100
0.894329 -0.2088 -0.15287 100
0.896103 -0.1959 -0.153174 100
0.898764 -0.1832 -0.153629 100
0.899257 -0.1701 -0.153713 100
0.898567 -0.1568 -0.153595 100
0.898666 -0.1437 -0.153612 100
0.898666 -0.1307 -0.153612 100
0.899356 -0.1178 -0.15373 100
0.900933 -0.1051 -0.153999 100
0.900342 -0.0921 -0.153898 0
0.898567 -0.0791 -0.153595 0
0.896596 -0.0662 -0.153258 0
0.896399 -0.0534 -0.153224 0
0.897089 -0.0407 -0.153342 100
0.897582 -0.028 -0.153426 0
0.897877 -0.0153 -0.153477 0
0.899597 0.0064 -0.149895 100
0.903346 0.0192 -0.15052 100
0.90591 0.0321 -0.150947 100
0.906404 0.0449 -0.151029 100
0.906699 0.0578 -0.151079 100
0.908771 0.0709 -0.151424 100
0.909659 0.0839 -0.151572 100
0.910349 0.097 -0.151687 100
0.909955 0.11 -0.151621 100
0.91025 0.1231 -0.15167 100
0.910448 0.1363 -0.151703 100
0.911434 0.1496 -0.151868 100
0.914097 0.1634 -0.152311 100
0.915676 0.177 -0.152574 100
0.915972 0.1906 -0.152624 100
0.916169 0.2042 -0.152657 100
0.917155 0.218 -0.152821 100
0.914985 0.2312 -0.152459 100
0.914591 0.2449 -0.152394 100
0.875529 -0.2496 -0.145885 12
0.888747 -0.2264 -0.148087 100
0.893679 -0.2143 -0.148909 100
0.895553 -0.2014 -0.149222 100
0.897329 -0.1885 -0.149517 100
0.89792 -0.1754 -0.149616 100
0.899203 -0.1625 -0.14983 100
0.900387 -0.1496 -0.150027 100
0.900387 -0.1365 -0.150027 100
0.900288 -0.1235 -0.15001 100
0.898907 -0.1104 -0.14978 100
0.896441 -0.0973 -0.149369 100
0.89575 -0.0844 -0.149254 100
0.895849 -0.0716 -0.149271 0
0.896737 -0.0589 -0.149419 0
0.897427 -0.0462 -0.149534 100
0.898019 -0.0335 -0.149632 0
0.8994 -0.0208 -0.149863 0
0.909357 0.0064 -0.145981 0
0.911134 0.0193 -0.146266 100
0.912714 0.0323 -0.14652 100
0.912221 0.0452 -0.146441 100
0.912517 0.0582 -0.146488 100
0.913603 0.0712 -0.146663 100
0.915479 0.0844 -0.146964 100
0.91617 0.0976 -0.147075 100
0.915084 0.1237 -0.1469 100
0.91617 0.1371 -0.147075 100
0.919132 0.1508 -0.14755 100
0.919823 0.1643 -0.147661 100
0.921403 0.1781 -0.147915 100
0.921699 0.1917 -0.147962 100
0.921897 0.2053 -0.147994 100
0.921798 0.219 -0.147978 100
0.922588 0.233 -0.148105 100
0.929796 0.2489 -0.149262 100
0.892473 -0.2507 -0.143271 12
0.89198 -0.2371 -0.143191 100
0.894251 -0.2242 -0.143556 100
0.896225 -0.2113 -0.143873 100
0.897114 -0.1982 -0.144016 100
0.898792 -0.1853 -0.144285 100
0.900372 -0.1723 -0.144539 100
0.901656 -0.1594 -0.144745 100
0.901853 -0.1463 -0.144776 100
0.901754 -0.1333 -0.144761 100
0.901557 -0.1202 -0.144729 100
0.903137 -0.1075 -0.144982 100
0.903532 -0.0946 -0.145046 100
0.904815 -0.0818 -0.145252 100
0.905803 -0.069 -0.14541 0
0.905704 -0.0561 -0.145395 100
0.905408 -0.0433 -0.145347 100
0.906889 -0.0305 -0.145585 0
0.908172 -0.0177 -0.145791 0
0.909557 0.0116 -0.137558 100
0.912326 0.0245 -0.137976 100
0.91282 0.0374 -0.138051 100
0.914204 0.0505 -0.13826 100
0.916379 0.0636 -0.138589 100
0.917368 0.0767 -0.138739 100
0.917269 0.0898 -0.138724 100
0.917863 0.1029 -0.138814 100
0.917368 0.116 -0.138739 100
0.918555 0.1294 -0.138918 100
0.92162 0.1432 -0.139382 100
0.9234 0.1568 -0.139651 100
0.92508 0.1706 -0.139905 100
0.926465 0.1844 -0.140115 100
0.926761 0.1981 -0.140159 100
0.925871 0.2117 -0.140025 100
0.926662 0.2257 -0.140145 100
0.935957 0.242 -0.14155 100
0.900559 -0.2403 -0.136197 20
0.898977 -0.2264 -0.135958 100
0.901054 -0.2134 -0.136272 100
0.902042 -0.2002 -0.136421 100
0.903723 -0.1872 -0.136675 100
0.905305 -0.1742 -0.136915 100
0.905602 -0.1611 -0.136959 100
0.906788 -0.1481 -0.137139 100
0.907777 -0.1351 -0.137288 100
0.907579 -0.122 -0.137259 100
0.907283 -0.1089 -0.137214 100
0.907678 -0.096 -0.137273 100
0.907975 -0.083 -0.137318 100
0.906986 -0.07 -0.137169 100
0.906887 -0.0571 -0.137154 100
0.906591 -0.0443 -0.137109 0
0.907184 -0.0314 -0.137199 0
0.908469 -0.0186 -0.137393 0
0.913004 0.0092 -0.135472 0
0.915675 0.0221 -0.135868 100
0.916268 0.0351 -0.135956 100
0.915774 0.048 -0.135883 100
0.916961 0.0611 -0.136059 100
0.91795 0.0742 -0.136206 100
0.91884 0.0873 -0.136338 100
0.918543 0.1004 -0.136294 100
0.919038 0.1136 -0.136367 100
0.919335 0.1268 -0.136411 100
0.921412 0.1404 -0.13672 100
0.923291 0.154 -0.136999 100
0.923984 0.1676 -0.137101 100
0.925468 0.1814 -0.137321 100
0.924775 0.1948 -0.137219 100
0.924874 0.2085 -0.137233 100
0.922896 0.2218 -0.13694 100
0.92161 0.2353 -0.136749 1
0.900936 -0.2365 -0.133681 31
0.898364 -0.2223 -0.1333 100
0.900343 -0.2094 -0.133593 100
0.901233 -0.1962 -0.133725 100
0.902915 -0.1833 -0.133975 100
0.904398 -0.1703 -0.134195 100
0.905684 -0.1574 -0.134386 100
0.905783 -0.1442 -0.134401 100
0.905783 -0.1312 -0.134401 100
0.905486 -0.1181 -0.134357 100
0.905091 -0.1051 -0.134298 100
0.905486 -0.0922 -0.134357 0
0.905684 -0.0793 -0.134386 0
0.906673 -0.0665 -0.134533 100
0.908454 -0.0538 -0.134797 100
0.909146 -0.0409 -0.1349 100
0.909641 -0.0281 -0.134973 100
0.909938 -0.0153 -0.135017 100
0.919315 0.0123 -0.12593 100
0.919117 0.0252 -0.125903 100
0.919612 0.0382 -0.125971 100
0.92199 0.0513 -0.126297 100
0.923179 0.0644 -0.12646 100
0.923179 0.0775 -0.12646 100
0.924962 0.0907 -0.126704 100
0.927538 0.1042 -0.127057 100
0.929916 0.1177 -0.127383 100
0.929222 0.1309 -0.127288 100
0.929322 0.1443 -0.127301 100
0.931105 0.158 -0.127546 100
0.932789 0.1718 -0.127776 100
0.932195 0.1853 -0.127695 100
0.93051 0.1986 -0.127464 100
0.930609 0.2123 -0.127478 100
0.928529 0.2256 -0.127193 100
0.929222 0.2396 -0.127288 100
0.908615 -0.2478 -0.124465 10
0.906237 -0.2335 -0.124139 100
0.908318 -0.2205 -0.124424 100
0.907426 -0.2069 -0.124302 100
0.908318 -0.1937 -0.124424 100
0.908912 -0.1805 -0.124505 100
0.909407 -0.1673 -0.124573 100
0.911587 -0.1545 -0.124872 100
0.911686 -0.1414 -0.124885 100
0.912578 -0.1284 -0.125008 100
0.913271 -0.1154 -0.125103 100
0.913767 -0.1025 -0.12517 100
0.913172 -0.0894 -0.125089 100
0.915253 -0.0766 -0.125374 100
0.916244 -0.0638 -0.12551 0
0.917036 -0.0509 -0.125618 100
0.917631 -0.038 -0.1257 100
0.918126 -0.025 -0.125768 100
0.920208 0.0029 -0.120004 100
0.921101 0.0159 -0.120121 0
0.921795 0.0289 -0.120211 100
0.922291 0.0419 -0.120276 100
0.922588 0.055 -0.120315 100
0.923679 0.0681 -0.120457 100
0.925662 0.0814 -0.120715 100
0.928339 0.0948 -0.121065 100
0.930917 0.1083 -0.121401 100
0.931314 0.1217 -0.121452 100
0.931413 0.135 -0.121465 100
0.931413 0.1485 -0.121465 100
0.931215 0.1619 -0.12144 100
0.93181 0.1756 -0.121517 100
0.933198 0.1895 -0.121698 100
0.933396 0.2032 -0.121724 100
0.931512 0.2166 -0.121478 100
0.93419 0.2311 -0.121827 100
0.911085 -0.2455 -0.118814 9
0.91049 -0.2317 -0.118737 100
0.913664 -0.2189 -0.119151 100
0.912672 -0.2051 -0.119021 100
0.913465 -0.1918 -0.119125 100
0.913168 -0.1784 -0.119086 100
0.913564 -0.1651 -0.119138 100
0.914754 -0.1521 -0.119293 100
0.915845 -0.139 -0.119435 100
0.915746 -0.1259 -0.119422 100
0.915349 -0.1127 -0.119371 100
0.915845 -0.0997 -0.119435 100
0.915151 -0.0866 -0.119345 100
0.916341 -0.0737 -0.1195 100
0.917233 -0.0608 -0.119616 100
0.919018 -0.0479 -0.119849 0
0.918522 -0.0349 -0.119784 100
0.918919 -0.022 -0.119836 100
0.928557 0.0005 -0.109573 0
0.929451 0.0135 -0.109679 100
0.931139 0.0267 -0.109878 100
0.932728 0.0398 -0.110066 100
0.936006 0.0531 -0.110452 100
0.93819 0.0665 -0.11071 100
0.939084 0.0798 -0.110816 100
0.939879 0.0932 -0.110909 100
0.940475 0.1066 -0.11098 100
0.939879 0.1199 -0.110909 100
0.939184 0.1333 -0.110827 100
0.940177 0.1469 -0.110944 100
0.939978 0.1604 -0.110921 100
0.940574 0.1741 -0.110991 100
0.940971 0.1879 -0.111038 100
0.941269 0.2017 -0.111073 100
0.941269 0.2156 -0.111073 100
0.949711 0.2316 -0.11207 100
0.913363 -0.242 -0.10778 9
0.918527 -0.2297 -0.10839 100
0.921606 -0.2167 -0.108753 100
0.924585 -0.2038 -0.109105 100
0.92528 -0.1904 -0.109187 100
0.924982 -0.1768 -0.109151 100
0.926372 -0.1636 -0.109316 100
0.927564 -0.1504 -0.109456 100
0.926571 -0.137 -0.109339 100
0.924486 -0.1234 -0.109093 100
0.923095 -0.1101 -0.108929 100
0.923592 -0.097 -0.108987 100
0.92379 -0.0839 -0.109011 0
0.924883 -0.0709 -0.10914 100
0.92677 -0.058 -0.109362 100
0.927465 -0.045 -0.109444 100
0.928061 -0.032 -0.109515 0
0.928359 -0.0189 -0.10955 100
0.93013 0.001 -0.10466 100
0.931025 0.0141 -0.10476 100
0.932714 0.0272 -0.10495 100
0.935198 0.0405 -0.10523 100
0.938577 0.0539 -0.10561 100
0.940664 0.0673 -0.105845 100
0.941658 0.0807 -0.105957 100
0.943347 0.0942 -0.106147 100
0.943943 0.1077 -0.106214 100
0.944341 0.1212 -0.106259 100
0.943546 0.1346 -0.106169 100
0.942552 0.1481 -0.106057 100
0.942353 0.1616 -0.106035 100
0.943943 0.1756 -0.106214 100
0.944341 0.1895 -0.106259 100
0.943546 0.2031 -0.106169 100
0.944539 0.2173 -0.106281 100
0.952986 0.2334 -0.107231 100
0.917013 -0.2419 -0.103184 9
0.920292 -0.229 -0.103553 100
0.923373 -0.216 -0.103899 100
0.92536 -0.2028 -0.104123 100
0.925162 -0.1891 -0.104101 100
0.925758 -0.1757 -0.104168 100
0.928043 -0.1627 -0.104425 100
0.928242 -0.1493 -0.104447 100
0.929236 -0.1361 -0.104559 100
0.928143 -0.1226 -0.104436 100
0.926752 -0.1092 -0.104279 100
0.925261 -0.0958 -0.104112 100
0.92546 -0.0827 -0.104134 100
0.926553 -0.0697 -0.104257 100
0.928441 -0.0567 -0.10447 100
0.929137 -0.0437 -0.104548 100
0.92864 -0.0305 -0.104492 100
0.928938 -0.0175 -0.104525 0
0.93126 0.0123 -0.102648 100
0.933049 0.0254 -0.102845 100
0.93454 0.0385 -0.103009 100
0.936926 0.0518 -0.103272 100
0.940106 0.0652 -0.103623 100
0.941995 0.0787 -0.103831 100
0.94279 0.0921 -0.103918 100
0.943486 0.1055 -0.103995 100
0.943883 0.119 -0.104039 100
0.943088 0.1323 -0.103951 100
0.943188 0.1458 -0.103962 100
0.942989 0.1594 -0.10394 100
0.942691 0.173 -0.103907 100
0.943088 0.1867 -0.103951 100
0.943287 0.2006 -0.103973 100
0.944281 0.2147 -0.104083 100
0.948655 0.2438 -0.104565 100
0.91804 -0.2466 -0.10119 8
0.919531 -0.2332 -0.101355 100
0.922612 -0.2203 -0.101694 100
0.9246 -0.2071 -0.101913 100
0.924501 -0.1935 -0.101903 100
0.925097 -0.1802 -0.101968 100
0.926588 -0.167 -0.102133 100
0.927781 -0.1538 -0.102264 100
0.928874 -0.1406 -0.102385 100
0.927781 -0.1272 -0.102264 100
0.925495 -0.1137 -0.102012 100
0.924998 -0.1005 -0.101957 100
0.92629 -0.0875 -0.1021 0
0.927383 -0.0745 -0.10222 100
0.928377 -0.0615 -0.10233 100
0.929073 -0.0484 -0.102407 0
0.928676 -0.0354 -0.102363 100
0.930067 -0.0224 -0.102516 100
0.943604 0.006 -0.0911912 100
0.945396 0.0192 -0.0913643 100
0.945993 0.0325 -0.091422 100
0.947486 0.0458 -0.0915663 100
0.94878 0.0592 -0.0916914 100
0.94878 0.0725 -0.0916914 100
0.947685 0.0858 -0.0915856 100
0.947486 0.0991 -0.0915663 100
0.947983 0.1126 -0.0916144 100
0.948282 0.1261 -0.0916433 100
0.949377 0.1398 -0.0917491 100
0.949277 0.1534 -0.0917395 100
0.948083 0.1669 -0.091624 100
0.947585 0.1805 -0.0915759 100
0.949875 0.1947 -0.0917972 100
0.953956 0.2095 -0.0921916 100
0.952861 0.2233 -0.0920858 100
0.956444 0.2383 -0.0924321 100
0.929669 -0.2344 -0.0898445 27
0.928972 -0.2204 -0.0897771 100
0.930963 -0.2072 -0.0899695 100
0.932754 -0.1939 -0.0901427 100
0.935442 -0.1809 -0.0904024 100
0.936835 -0.1676 -0.090537 100
0.938129 -0.1543 -0.0906621 100
0.937134 -0.1407 -0.0905659 100
0.936039 -0.1272 -0.0904601 100
0.93574 -0.1138 -0.0904312 100
0.937234 -0.1007 -0.0905755 100
0.938527 -0.0876 -0.0907006 100
0.940717 -0.0745 -0.0909122 100
0.940618 -0.0613 -0.0909026 100
0.939423 -0.048 -0.0907871 100
0.936039 -0.0347 -0.0904601 100
0.935442 -0.0216 -0.0904024 100
0.943724 0.0114 -0.0888759 100
0.945516 0.0247 -0.0890446 100
0.946014 0.038 -0.0890915 100
0.947408 0.0513 -0.0892228 100
0.948603 0.0647 -0.0893353 100
0.949598 0.0782 -0.089429 100
0.950395 0.0917 -0.089504 100
0.950992 0.1052 -0.0895603 100
0.95149 0.1187 -0.0896072 100
0.951689 0.1323 -0.0896259 100
0.951689 0.146 -0.0896259 100
0.951589 0.1596 -0.0896166 100
0.951191 0.1733 -0.0895791 100
0.952585 0.1873 -0.0897103 100
0.954775 0.2157 -0.0899166 100
0.95368 0.2295 -0.0898135 100
0.958061 0.2448 -0.090226 100
0.925604 -0.2473 -0.0871694 10
0.927994 -0.234 -0.0873944 100
0.930184 -0.2208 -0.0876007 100
0.932175 -0.2075 -0.0877882 100
0.934963 -0.1944 -0.0880508 100
0.936556 -0.1811 -0.0882008 100
0.938049 -0.1678 -0.0883414 100
0.938248 -0.1543 -0.0883602 100
0.938348 -0.1409 -0.0883695 100
0.939244 -0.1276 -0.0884539 100
0.939941 -0.1143 -0.0885196 100
0.940439 -0.101 -0.0885664 100
0.941733 -0.0878 -0.0886883 100
0.942928 -0.0746 -0.0888008 100
0.940837 -0.0612 -0.0886039 100
0.939642 -0.0479 -0.0884914 100
0.942231 -0.0348 -0.0887352 0
0.94462 -0.0217 -0.0889602 100
0.950442 0.006 -0.0823172 100
0.951239 0.0193 -0.0823862 100
0.951837 0.0326 -0.082438 100
0.953331 0.046 -0.0825674 100
0.952634 0.0594 -0.082507 100
0.952634 0.0728 -0.082507 100
0.95353 0.0863 -0.0825847 100
0.954228 0.0998 -0.0826451 100
0.954726 0.1134 -0.0826882 100
0.956021 0.1271 -0.0828004 100
0.955124 0.1406 -0.0827227 100
0.955124 0.1543 -0.0827227 100
0.953829 0.1678 -0.0826106 100
0.95632 0.182 -0.0828263 100
0.961501 0.197 -0.083275 100
0.962596 0.2113 -0.0833699 100
0.962497 0.2254 -0.0833613 100
0.967976 0.241 -0.0838358 100
0.931911 -0.2606 -0.0807123 43
0.934402 -0.2473 -0.080928 100
0.936793 -0.234 -0.0811351 100
0.936096 -0.2199 -0.0810747 100
0.937092 -0.2064 -0.081161 100
0.937989 -0.1928 -0.0812386 100
0.939583 -0.1795 -0.0813767 100
0.941974 -0.1664 -0.0815838 100
0.943169 -0.153 -0.0816873 100
0.944265 -0.1397 -0.0817822 100
0.946058 -0.1265 -0.0819375 100
0.945759 -0.113 -0.0819116 100
0.947254 -0.0997 -0.0820411 100
0.948549 -0.0865 -0.0821532 100
0.950641 -0.0733 -0.0823345 100
0.953331 -0.0467 -0.0825674 100
0.951837 -0.0333 -0.082438 100
0.951239 -0.02 -0.0823862 100
0.952299 0.0067 -0.0717709 100
0.9521 0.02 -0.0717559 0
0.952698 0.0333 -0.071801 100
0.953197 0.0467 -0.0718385 100
0.953396 0.06 -0.0718536 100
0.954493 0.0735 -0.0719362 100
0.955391 0.087 -0.0720039 100
0.955989 0.1006 -0.072049 100
0.95549 0.114 -0.0720114 100
0.955789 0.1276 -0.0720339 100
0.954992 0.1411 -0.0719738 100
0.955889 0.1549 -0.0720414 100
0.956587 0.1688 -0.0720941 100
0.959978 0.1832 -0.0723496 100
0.963169 0.1978 -0.0725901 100
0.964265 0.2121 -0.0726727 100
0.963169 0.226 -0.0725901 100
0.966758 0.2412 -0.0728606 100
0.939336 -0.2628 -0.0707939 41
0.937142 -0.2481 -0.0706286 100
0.937641 -0.2342 -0.0706661 100
0.935946 -0.22 -0.0705384 100
0.936943 -0.2065 -0.0706135 100
0.938738 -0.1931 -0.0707488 100
0.94133 -0.18 -0.0709442 100
0.942726 -0.1667 -0.0710494 100
0.946017 -0.1401 -0.0712974 100
0.946915 -0.1268 -0.0713651 100
0.947613 -0.1134 -0.0714177 100
0.948111 -0.1 -0.0714553 100
0.94841 -0.0867 -0.0714778 100
0.949507 -0.0734 -0.0715605 100
0.950405 -0.0602 -0.0716281 100
0.951103 -0.0469 -0.0716807 100
0.950704 -0.0336 -0.0716507 100
0.950105 -0.0203 -0.0716056 0
0.958368 0.0134 -0.0697055 0
0.960064 0.0268 -0.0698288 100
0.959665 0.0402 -0.0697998 100
0.959964 0.0537 -0.0698216 100
0.961161 0.0672 -0.0699086 100
0.961061 0.0807 -0.0699014 100
0.961859 0.0943 -0.0699594 100
0.962458 0.108 -0.0700029 100
0.965749 0.1221 -0.0702423 100
0.969938 0.1364 -0.070547 100
0.971833 0.1505 -0.0706848 100
0.970636 0.1642 -0.0705978 100
0.971234 0.1783 -0.0706413 100
0.970636 0.1923 -0.0705978 100
0.970835 0.2064 -0.0706123 100
0.969738 0.2204 -0.0705325 100
0.973429 0.2356 -0.0708009 100
0.941413 -0.2559 -0.0684723 48
0.939119 -0.2412 -0.0683055 41
0.940416 -0.2276 -0.0683998 100
0.939618 -0.2136 -0.0683417 100
0.940516 -0.2 -0.068407 100
0.942211 -0.1867 -0.0685303 100
0.943807 -0.1733 -0.0686464 100
0.945103 -0.1599 -0.0687407 100
0.946201 -0.1466 -0.0688205 100
0.946201 -0.1331 -0.0688205 100
0.947996 -0.1198 -0.0689511 100
0.949592 -0.1066 -0.0690672 100
0.949891 -0.0932 -0.0690889 100
0.951187 -0.0799 -0.0691832 100
0.953182 -0.0667 -0.0693283 100
0.952983 -0.0533 -0.0693138 100
0.952683 -0.04 -0.069292 100
0.952085 -0.0266 -0.0692485 100
0.964475 0.0061 -0.0542602 100
0.965274 0.0196 -0.0543052 100
0.966871 0.0332 -0.054395 100
0.96737 0.0467 -0.0544231 100
0.96757 0.0603 -0.0544344 100
0.968668 0.074 -0.0544962 100
0.969467 0.0878 -0.0545411 100
0.971164 0.1016 -0.0546366 100
0.974659 0.1158 -0.0548332 100
0.976855 0.13 -0.0549568 100
0.975957 0.1438 -0.0549062 100
0.974858 0.1576 -0.0548444 100
0.974459 0.1715 -0.0548219 100
0.97396 0.1855 -0.0547939 100
0.976156 0.2002 -0.0549174 100
0.976256 0.2145 -0.0549231 100
0.97995 0.2297 -0.0551309 100
0.952294 -0.2615 -0.053575 28
0.949998 -0.2467 -0.0534458 38
0.951495 -0.2329 -0.05353 100
0.9488 -0.2182 -0.0533784 100
0.947801 -0.204 -0.0533222 100
0.949598 -0.1906 -0.0534233 100
0.951196 -0.1771 -0.0535132 100
0.952594 -0.1636 -0.0535918 100
0.95479 -0.1502 -0.0537154 100
0.95479 -0.1366 -0.0537154 0
0.955589 -0.1231 -0.0537603 100
0.956288 -0.1096 -0.0537996 100
0.958684 -0.0963 -0.0539345 100
0.959882 -0.0828 -0.0540019 100
0.96098 -0.0694 -0.0540636 100
0.960881 -0.0559 -0.054058 100
0.961579 -0.0424 -0.0540974 100
0.96108 -0.0289 -0.0540693 100
0.962378 -0.0155 -0.0541423 100
0.960751 0.0086 -0.0490058 100
0.962449 0.022 -0.0490924 100
0.964047 0.0356 -0.0491739 100
0.964546 0.0491 -0.0491994 100
0.964746 0.0626 -0.0492095 100
0.965744 0.0763 -0.0492605 100
0.966543 0.0899 -0.0493012 100
0.970239 0.104 -0.0494897 100
0.973634 0.1181 -0.0496629 100
0.975831 0.1323 -0.049775 100
0.975831 0.1462 -0.049775 100
0.975731 0.1601 -0.0497699 100
0.975332 0.1741 -0.0497495 100
0.975731 0.1883 -0.0497699 100
0.977929 0.2029 -0.049882 100
0.977929 0.2172 -0.049882 100
0.986418 0.2336 -0.050315 100
0.957156 -0.2519 -0.0488224 43
0.949965 -0.2359 -0.0484556 100
0.949266 -0.2217 -0.0484199 100
0.947368 -0.2073 -0.0483232 100
0.948167 -0.1937 -0.0483639 0
0.949865 -0.1802 -0.0484505 100
0.951263 -0.1667 -0.0485218 100
0.952562 -0.1533 -0.0485881 100
0.954559 -0.1399 -0.0486899 100
0.955458 -0.1264 -0.0487358 100
0.957156 -0.1131 -0.0488224 100
0.958554 -0.0997 -0.0488937 100
0.958853 -0.0862 -0.048909 100
0.959952 -0.0728 -0.048965 100
0.960951 -0.0593 -0.049016 100
0.960651 -0.0459 -0.0490007 100
0.96125 -0.0324 -0.0490312 100
0.96155 -0.019 -0.0490465 100
0.967064 0.002 -0.0425611 100
0.967963 0.0155 -0.0426007 100
0.969661 0.0291 -0.0426755 100
0.970161 0.0427 -0.0426974 100
0.970461 0.0563 -0.0427106 100
0.973558 0.0701 -0.0428469 100
0.978453 0.0843 -0.0430624 100
0.98115 0.0983 -0.0431811 100
0.98165 0.1122 -0.0432031 100
0.98095 0.1261 -0.0431723 100
0.98115 0.14 -0.0431811 100
0.98105 0.154 -0.0431767 100
0.98175 0.1682 -0.0432075 100
0.98125 0.1823 -0.0431855 100
0.98155 0.1966 -0.0431987 100
0.985546 0.2117 -0.0433745 100
0.985446 0.2261 -0.0433702 100
0.990941 0.242 -0.043612 100
0.959471 -0.2486 -0.042227 8
0.957973 -0.2339 -0.042161 100
0.960171 -0.2203 -0.0422578 100
0.96117 -0.2065 -0.0423017 100
0.960071 -0.1922 -0.0422534 100
0.957673 -0.1779 -0.0421478 100
0.957173 -0.164 -0.0421259 100
0.958372 -0.1505 -0.0421786 100
0.958372 -0.1368 -0.0421786 100
0.960171 -0.1234 -0.0422578 100
0.961769 -0.11 -0.0423281 0
0.963268 -0.0965 -0.0423941 100
0.963467 -0.083 -0.0424029 100
0.964566 -0.0695 -0.0424512 100
0.965465 -0.056 -0.0424908 100
0.967164 -0.0426 -0.0425655 100
0.967663 -0.0291 -0.0425875 0
0.968299 0.0005 -0.0368598 100
0.969198 0.0141 -0.036894 100
0.968898 0.0276 -0.0368826 100
0.968399 0.0412 -0.0368636 100
0.971696 0.055 -0.0369891 100
0.976892 0.069 -0.0371869 100
0.97979 0.083 -0.0372972 100
0.98049 0.0969 -0.0373239 100
0.981089 0.1108 -0.0373467 100
0.981389 0.1248 -0.0373581 100
0.981489 0.1388 -0.0373619 100
0.983488 0.1531 -0.037438 100
0.983188 0.1672 -0.0374266 100
0.981689 0.1811 -0.0373695 100
0.982988 0.1956 -0.037419 100
0.987085 0.2108 -0.0375749 100
0.986885 0.2253 -0.0375673 100
0.991482 0.2409 -0.0377423 100
0.961404 -0.2374 -0.0365973 7
0.961704 -0.2232 -0.0366087 100
0.963802 -0.2095 -0.0366886 100
0.964701 -0.1956 -0.0367229 100
0.964402 -0.1816 -0.0367114 100
0.959905 -0.1669 -0.0365403 100
0.958206 -0.1528 -0.0364756 100
0.959305 -0.1392 -0.0365174 100
0.960105 -0.1257 -0.0365479 100
0.961803 -0.1122 -0.0366125 100
0.963302 -0.0987 -0.0366696 0
0.964502 -0.0852 -0.0367152 100
0.965601 -0.0717 -0.0367571 100
0.9665 -0.0582 -0.0367913 100
0.9663 -0.0446 -0.0367837 100
0.965801 -0.0311 -0.0367647 100
0.9661 -0.0176 -0.0367761 100
0.982577 0.0005 -0.0288189 100
0.984477 0.0143 -0.0288746 100
0.985176 0.0281 -0.0288952 100
0.985676 0.0419 -0.0289098 100
0.985976 0.0557 -0.0289186 100
0.987076 0.0697 -0.0289509 100
0.988075 0.0836 -0.0289802 100
0.988775 0.0976 -0.0290007 100
0.988275 0.1116 -0.028986 100
0.989574 0.1257 -0.0290242 100
0.991773 0.1401 -0.0290887 100
0.993573 0.1546 -0.0291414 100
0.994272 0.169 -0.0291619 100
0.994772 0.1834 -0.0291766 100
0.997071 0.1983 -0.029244 100
0.996172 0.2126 -0.0292176 100
0.99897 0.2279 -0.0292997 100
0.964185 -0.2401 -0.0282795 8
0.966484 -0.2263 -0.0283469 100
0.969483 -0.2128 -0.0284349 100
0.971382 -0.199 -0.0284906 100
0.972182 -0.185 -0.028514 100
0.972682 -0.1711 -0.0285287 100
0.973981 -0.1573 -0.0285668 100
0.973082 -0.1432 -0.0285404 100
0.971082 -0.1291 -0.0284818 100
0.967784 -0.1149 -0.028385 100
0.967284 -0.1011 -0.0283704 100
0.968583 -0.0876 -0.0284085 100
0.969783 -0.074 -0.0284437 100
0.970683 -0.0605 -0.0284701 100
0.971482 -0.0469 -0.0284935 100
0.971982 -0.0333 -0.0285082 100
0.974381 -0.0198 -0.0285785 100
0.983868 0.0086 -0.0161429 100
0.985567 0.0224 -0.0161708 100
0.987167 0.0362 -0.016197 100
0.987567 0.05 -0.0162036 100
0.988767 0.0639 -0.0162233 100
0.989767 0.0778 -0.0162397 100
0.989667 0.0917 -0.016238 100
0.990267 0.1057 -0.0162479 100
0.990667 0.1198 -0.0162544 100
0.991866 0.134 -0.0162741 100
0.993866 0.1484 -0.0163069 100
0.994666 0.1627 -0.01632 100
0.994266 0.1769 -0.0163135 100
0.994666 0.1913 -0.01632 100
0.996766 0.2062 -0.0163545 100
0.994766 0.2203 -0.0163217 100
0.996466 0.2353 -0.0163496 100
0.96837 -0.2326 -0.0158886 32
0.969569 -0.2186 -0.0159083 100
0.971469 -0.2049 -0.0159394 100
0.972269 -0.1909 -0.0159526 100
0.972869 -0.177 -0.0159624 100
0.974269 -0.1632 -0.0159854 100
0.974469 -0.1493 -0.0159887 100
0.973469 -0.1353 -0.0159723 0
0.972369 -0.1213 -0.0159542 0
0.973969 -0.1078 -0.0159805 0
0.976369 -0.0943 -0.0160198 100
0.975569 -0.0805 -0.0160067 0
0.972569 -0.0666 -0.0159575 100
0.971469 -0.0529 -0.0159394 100
0.972069 -0.0394 -0.0159493 100
0.974569 -0.0258 -0.0159903 100
0.983907 0.0015 -0.0135671 0
0.985806 0.0153 -0.0135933 100
0.987506 0.0292 -0.0136167 100
0.988006 0.043 -0.0136236 100
0.988306 0.0568 -0.0136277 100
0.989406 0.0708 -0.0136429 100
0.990306 0.0848 -0.0136553 100
0.991006 0.0988 -0.013665 100
0.991506 0.1129 -0.0136718 100
0.991806 0.127 -0.013676 100
0.991906 0.1411 -0.0136774 100
0.993806 0.1556 -0.0137036 100
0.995505 0.1701 -0.013727 100
0.996905 0.1847 -0.0137463 100
0.999205 0.1996 -0.013778 100
0.998205 0.214 -0.0137642 100
1 0.229 -0.013789 100
0.967808 -0.2434 -0.0133451 10
0.968108 -0.2292 -0.0133492 100
0.969308 -0.2152 -0.0133658 100
0.970308 -0.2012 -0.0133795 100
0.971008 -0.1873 -0.0133892 100
0.972508 -0.1735 -0.0134099 100
0.972907 -0.1596 -0.0134154 100
0.974007 -0.1458 -0.0134306 100
0.974007 -0.1319 -0.0134306 100
0.973807 -0.1181 -0.0134278 100
0.973307 -0.1043 -0.0134209 0
0.971708 -0.0904 -0.0133989 100
0.970908 -0.0766 -0.0133878 0
0.970908 -0.063 -0.0133878 100
0.971608 -0.0494 -0.0133975 100
0.973207 -0.0359 -0.0134195 100
0.974607 -0.0223 -0.0134388 100
0.991893 0.0104 -0.00380861 100
0.994693 0.0243 -0.00381936 100
0.995293 0.0382 -0.00382167 100
0.995593 0.0522 -0.00382282 100
0.996793 0.0662 -0.00382743 100
0.999793 0.0804 -0.00383895 100
1.00349 0.0949 -0.00385315 100
1.00509 0.1092 -0.0038593 100
1.00539 0.1235 -0.00386045 100
1.00759 0.138 -0.0038689 100
1.00949 0.1527 -0.00387619 100
1.01019 0.1673 -0.00387888 100
1.00979 0.1817 -0.00387734 100
1.00909 0.1962 -0.00387466 100
1.00729 0.2104 -0.00386774 100
1.00809 0.2254 -0.00387082 100
0.985793 -0.2418 -0.00378519 11
0.982193 -0.2264 -0.00377137 100
0.983393 -0.2123 -0.00377598 100
0.982293 -0.1977 -0.00377175 100
0.981993 -0.1834 -0.0037706 100
0.982493 -0.1694 -0.00377252 100
0.983793 -0.1555 -0.00377751 100
0.984893 -0.1416 -0.00378173 100
0.985793 -0.1277 -0.00378519 100
0.985493 -0.1137 -0.00378404 100
0.984993 -0.0997 -0.00378212 100
0.986293 -0.0859 -0.00378711 100
0.987393 -0.0722 -0.00379133 0
0.988293 -0.0584 -0.00379479 0
0.988993 -0.0446 -0.00379748 100
0.989493 -0.0308 -0.0037994 100
0.989893 -0.0169 -0.00380093 0
0.991984 0.0016 0.00571348 0
0.992884 0.0154 0.00571866 100
0.995583 0.0293 0.00573421 100
0.997083 0.0433 0.00574285 100
0.996383 0.0572 0.00573882 100
0.996484 0.0712 0.0057394 100
0.997383 0.0852 0.00574458 100
0.999083 0.0994 0.00575437 100
1.00248 0.1139 0.00577395 100
1.00478 0.1284 0.0057872 100
1.00788 0.1431 0.00580506 100
1.01068 0.1579 0.00582118 100
1.01038 0.1723 0.00581945 100
1.01088 0.187 0.00582233 100
1.01108 0.2016 0.00582349 100
1.01008 0.2161 0.00581773 100
1.01478 0.232 0.0058448 100
0.984384 -0.2433 0.00566971 9
0.985684 -0.2291 0.00567719 100
0.987784 -0.2151 0.00568929 100
0.987784 -0.2008 0.00568929 100
0.986584 -0.1862 0.00568238 100
0.985084 -0.1718 0.00567374 100
0.986484 -0.1578 0.0056818 100
0.986584 -0.1438 0.00568238 100
0.987484 -0.1299 0.00568756 100
0.988184 -0.116 0.00569159 100
0.987784 -0.102 0.00568929 100
0.988084 -0.0881 0.00569102 0
0.990184 -0.0744 0.00570311 100
0.991184 -0.0606 0.00570887 100
0.991884 -0.0467 0.0057129 100
0.992484 -0.0329 0.00571636 100
0.992784 -0.019 0.00571809 0
1.00091 0 0.0136268 100
1.00081 0.014 0.0136254 100
1.00251 0.028 0.0136485 100
1.00601 0.0421 0.0136962 100
1.00931 0.0563 0.0137411 100
1.01141 0.0706 0.0137697 100
1.01331 0.0849 0.0137956 100
1.01411 0.0993 0.0138065 100
1.01361 0.1135 0.0137996 100
1.01391 0.1279 0.0138037 100
1.01501 0.1424 0.0138187 100
1.01681 0.1571 0.0138432 100
1.01951 0.1721 0.01388 100
1.02091 0.187 0.013899 100
1.01921 0.2015 0.0138759 100
1.02021 0.2165 0.0138895 100
0.994508 -0.252 0.0135396 8
0.994008 -0.2371 0.0135328 100
0.995308 -0.2228 0.0135505 100
0.995308 -0.2083 0.0135505 100
0.994208 -0.1937 0.0135356 100
0.993908 -0.1793 0.0135315 100
0.995308 -0.1652 0.0135505 100
0.995508 -0.151 0.0135532 100
0.993608 -0.1366 0.0135274 100
0.992408 -0.1224 0.013511 100
0.993008 -0.1084 0.0135192 100
0.994408 -0.0946 0.0135383 0
0.994608 -0.0806 0.013541 100
0.995708 -0.0667 0.013556 100
0.996508 -0.0529 0.0135669 100
0.997108 -0.039 0.013575 100
0.997608 -0.0251 0.0135818 100
0.99975 0.0007 0.0223384 0
1.00165 0.0147 0.0223808 100
1.00135 0.0287 0.0223741 100
1.00285 0.0427 0.0224076 100
1.00615 0.057 0.0224813 100
1.00825 0.0712 0.0225282 100
1.01015 0.0855 0.0225707 100
1.01185 0.0999 0.0226086 100
1.01235 0.1143 0.0226198 100
1.01165 0.1285 0.0226042 100
1.01275 0.143 0.0226288 100
1.01255 0.1575 0.0226243 100
1.01425 0.1723 0.0226623 100
1.01765 0.1875 0.0227382 100
1.01985 0.2027 0.0227874 100
1.01785 0.2171 0.0227427 100
1.01765 0.2319 0.0227382 100
0.996751 -0.2422 0.0222713 7
0.996151 -0.2274 0.0222579 100
0.997251 -0.2131 0.0222825 100
0.998151 -0.1987 0.0223026 100
0.997851 -0.1842 0.0222959 100
0.997451 -0.1698 0.022287 100
0.997751 -0.1555 0.0222937 100
0.997751 -0.1413 0.0222937 100
0.994752 -0.1267 0.0222267 100
0.993452 -0.1125 0.0221976 100
0.993852 -0.0985 0.0222066 100
0.994152 -0.0845 0.0222133 0
0.994252 -0.0706 0.0222155 0
0.996151 -0.0567 0.0222579 100
0.997851 -0.0429 0.0222959 100
0.998351 -0.0289 0.0223071 100
0.99965 -0.015 0.0223361 100
1.00864 0.0035 0.0267646 100
1.01144 0.0176 0.0268389 100
1.01214 0.0317 0.0268575 100
1.01364 0.0459 0.0268973 100
1.01484 0.0601 0.0269291 100
1.01594 0.0744 0.0269583 100
1.01774 0.0888 0.027006 100
1.01844 0.1032 0.0270246 100
1.01884 0.1176 0.0270352 100
1.01914 0.132 0.0270431 100
1.02014 0.1466 0.0270697 100
1.02394 0.1617 0.0271705 100
1.02654 0.1768 0.0272394 100
1.02694 0.1916 0.02725 100
1.02514 0.2061 0.0272023 100
1.02294 0.2355 0.0271439 100
0.991951 -0.2569 0.0263216 9
0.99445 -0.2428 0.026388 100
0.996749 -0.2287 0.026449 100
0.997849 -0.2144 0.0264781 100
0.999748 -0.2003 0.0265285 100
1.00055 -0.186 0.0265498 100
1.00005 -0.1715 0.0265365 100
0.998349 -0.157 0.0264914 100
0.99555 -0.1423 0.0264171 100
0.99445 -0.1281 0.026388 100
0.996149 -0.1142 0.0264331 100
0.996649 -0.1002 0.0264463 0
0.996949 -0.0863 0.0264543 100
0.998049 -0.0724 0.0264835 0
0.999948 -0.0585 0.0265339 0
1.00065 -0.0446 0.0265524 0
1.00115 -0.0307 0.0265657 100
1.00255 -0.0168 0.0266028 100
1.01719 0.0078 0.0404991 100
1.01799 0.0221 0.0405309 100
1.01759 0.0363 0.040515 100
1.01789 0.0506 0.0405269 100
1.01909 0.065 0.0405747 100
1.02009 0.0794 0.0406145 100
1.02089 0.0938 0.0406463 100
1.02149 0.1083 0.0406702 100
1.02279 0.1229 0.0407219 100
1.02699 0.138 0.040889 100
1.02789 0.1528 0.0409248 100
1.02859 0.1677 0.0409526 100
1.03108 0.1829 0.0410521 100
1.03138 0.1979 0.041064 100
1.02948 0.2125 0.0409884 100
1.03028 0.2278 0.0410203 100
1.00311 -0.256 0.0399382 100
1.00071 -0.2406 0.0398427 100
1.00301 -0.2263 0.0399342 100
1.0041 -0.2119 0.0399779 100
1.005 -0.1974 0.0400137 100
1.0057 -0.183 0.0400416 100
1.0072 -0.1687 0.0401013 100
1.0094 -0.1546 0.0401888 100
1.0095 -0.1402 0.0401928 100
1.0104 -0.1259 0.0402286 100
1.0091 -0.1114 0.0401769 100
1.0095 -0.0972 0.0401928 100
1.0098 -0.083 0.0402047 100
1.0109 -0.0689 0.0402485 0
1.0107 -0.0547 0.0402405 0
1.0114 -0.0405 0.0402684 0
1.0119 -0.0264 0.0402882 100
1.01695 0 0.0461795 100
1.01785 0.0142 0.0462203 100
1.01855 0.0284 0.0462521 100
1.01905 0.0427 0.0462748 100
1.01935 0.0569 0.0462884 100
1.02045 0.0713 0.0463383 100
1.02135 0.0857 0.0463791 100
1.01955 0.1143 0.0462975 100
1.02185 0.129 0.0464018 100
1.02494 0.1439 0.0465424 100
1.02674 0.1588 0.0466241 100
1.02834 0.1738 0.0466967 100
1.02884 0.1886 0.0467193 100
1.02904 0.2035 0.0467284 100
1.02804 0.2183 0.046683 100
1.02884 0.2335 0.0467193 100
0.997272 -0.2692 0.0452859 40
0.99907 -0.2548 0.0453675 100
1.00147 -0.2406 0.0454764 100
1.00476 -0.2266 0.0456261 100
1.00586 -0.2121 0.045676 100
1.00576 -0.1975 0.0456715 100
1.00646 -0.1831 0.0457032 100
1.00796 -0.1689 0.0457713 100
1.00816 -0.1545 0.0457803 100
1.01026 -0.1404 0.0458756 100
1.01116 -0.1262 0.0459164 100
1.01176 -0.112 0.0459436 100
1.01126 -0.0977 0.045921 100
1.00956 -0.0833 0.0458438 100
1.01056 -0.0692 0.0458892 0
1.01146 -0.0551 0.04593 0
1.01316 -0.041 0.0460071 100
1.01555 -0.0269 0.046116 0
1.02328 0.0011 0.0593603 100
1.02418 0.0154 0.0594124 100
1.02488 0.0297 0.059453 100
1.02538 0.0441 0.0594819 100
1.02757 0.0585 0.0596093 100
1.03067 0.0732 0.0597889 100
1.03356 0.0879 0.0599568 100
1.03416 0.1025 0.0599916 100
1.03566 0.1173 0.0600784 100
1.03686 0.1321 0.0601479 100
1.03696 0.1469 0.0601537 100
1.03776 0.1618 0.0602001 100
1.03835 0.1768 0.0602348 100
1.03875 0.1918 0.060258 100
1.03696 0.2065 0.0601537 100
1.03786 0.2218 0.0602058 100
1.0132 -0.2693 0.0587754 43
1.013 -0.2541 0.0587638 100
1.01539 -0.2397 0.0589028 100
1.01569 -0.2249 0.0589202 100
1.01679 -0.2102 0.0589839 100
1.01869 -0.1958 0.0590939 100
1.01929 -0.1812 0.0591287 100
1.01679 -0.1662 0.0589839 100
1.01609 -0.1515 0.0589433 100
1.01709 -0.1372 0.0590013 100
1.01889 -0.123 0.0591055 100
1.02048 -0.1087 0.0591982 100
1.01999 -0.0943 0.0591692 100
1.02018 -0.08 0.0591808 100
1.02018 -0.0656 0.0591808 100
1.02098 -0.0514 0.0592271 100
1.02158 -0.0371 0.0592619 0
1.02298 -0.0229 0.059343 100
1.02265 0.0107 0.0679241 100
1.02345 0.025 0.0679771 100
1.02494 0.0394 0.0680766 100
1.02534 0.0538 0.0681031 100
1.02744 0.0683 0.0682422 100
1.03143 0.0831 0.0685073 100
1.03312 0.0978 0.06862 100
1.03362 0.1124 0.0686531 100
1.03492 0.1272 0.0687393 100
1.03602 0.1421 0.0688122 100
1.03692 0.157 0.0688718 100
1.03662 0.1718 0.068852 100
1.03801 0.187 0.0689447 100
1.03831 0.202 0.0689646 100
1.03731 0.2169 0.0688984 100
1.03911 0.2325 0.0690176 100
1.01257 -0.2576 0.0672548 43
1.01417 -0.243 0.0673608 100
1.01646 -0.2285 0.0675132 100
1.01656 -0.2137 0.0675199 100
1.01846 -0.1993 0.0676458 100
1.02015 -0.1848 0.0677584 100
1.01965 -0.1701 0.0677253 100
1.01806 -0.1552 0.0676193 100
1.01905 -0.1408 0.0676855 100
1.01895 -0.1263 0.0676789 100
1.01866 -0.1119 0.067659 100
1.01816 -0.0974 0.0676259 100
1.01836 -0.0831 0.0676391 100
1.01846 -0.0688 0.0676458 100
1.01925 -0.0546 0.0676988 100
1.01895 -0.0403 0.0676789 0
1.01945 -0.026 0.0677121 100
1.03918 0.0129 0.0752187 100
1.04088 0.0275 0.0753414 100
1.04048 0.0421 0.0753125 100
1.04277 0.0568 0.0754786 100
1.04487 0.0716 0.0756302 100
1.04666 0.0865 0.0757601 100
1.04636 0.1012 0.0757385 100
1.04586 0.116 0.0757024 100
1.04716 0.131 0.0757962 100
1.04716 0.1459 0.0757962 100
1.04696 0.1608 0.0757818 100
1.04666 0.1758 0.0757601 100
1.04706 0.191 0.075789 100
1.04916 0.2066 0.0759406 100
1.04916 0.2219 0.0759406 100
1.05275 0.2381 0.0762005 100
1.02292 -0.2639 0.0740419 43
1.02362 -0.2489 0.0740925 100
1.02602 -0.2343 0.0742657 100
1.02811 -0.2197 0.0744173 100
1.02921 -0.2049 0.0744968 100
1.02991 -0.1901 0.0745473 100
1.0305 -0.1753 0.0745906 100
1.0309 -0.1606 0.0746195 100
1.0311 -0.1459 0.0746339 100
1.032 -0.1313 0.0746989 100
1.0337 -0.1168 0.0748216 100
1.0333 -0.1021 0.0747928 100
1.0336 -0.0876 0.0748144 100
1.0337 -0.073 0.0748216 100
1.0317 -0.0584 0.0746772 100
1.0304 -0.0438 0.0745834 100
1.0309 -0.0294 0.0746195 100
1.0322 -0.015 0.0747133 100
1.03439 0.0022 0.0864965 100
1.03828 0.0168 0.0868215 100
1.03987 0.0314 0.0869549 100
1.04037 0.046 0.0869965 100
1.04057 0.0607 0.0870132 100
1.04166 0.0754 0.0871049 100
1.04346 0.0903 0.0872548 100
1.04406 0.1051 0.0873049 100
1.04356 0.1199 0.0872632 100
1.04376 0.1348 0.0872798 100
1.04465 0.1498 0.0873548 100
1.04545 0.165 0.0874215 100
1.04794 0.1805 0.0876298 100
1.05123 0.1962 0.0879048 100
1.05033 0.2114 0.0878298 100
1.05312 0.2274 0.0880632 100
1.01994 -0.264 0.0852883 100
1.02064 -0.249 0.0853466 100
1.02303 -0.2344 0.0855466 100
1.02423 -0.2196 0.0856466 100
1.02522 -0.2048 0.0857299 100
1.02602 -0.1901 0.0857966 100
1.02662 -0.1753 0.0858466 100
1.02702 -0.1606 0.0858799 100
1.02911 -0.1461 0.0860549 100
1.0301 -0.1316 0.0861382 100
1.0308 -0.117 0.0861966 100
1.0304 -0.1023 0.0861632 100
1.02971 -0.0876 0.0861049 100
1.02682 -0.0729 0.0858632 100
1.02572 -0.0584 0.0857716 100
1.02652 -0.044 0.0858382 100
1.02901 -0.0296 0.0860466 100
1.0323 -0.0152 0.0863216 100
1.03796 0.0038 0.0917221 0
1.03776 0.0184 0.0917045 100
1.03786 0.0474 0.0917133 100
1.04015 0.0622 0.0919158 100
1.04214 0.0769 0.0920918 100
1.04294 0.0917 0.0921622 100
1.04353 0.1065 0.0922151 100
1.04393 0.1213 0.0922503 100
1.04413 0.1362 0.0922679 100
1.04413 0.1511 0.0922679 100
1.04383 0.166 0.0922415 100
1.04443 0.1811 0.0922943 100
1.04861 0.197 0.092664 100
1.04772 0.212 0.0925848 100
1.05349 0.2286 0.0930953 100
1.01903 -0.2658 0.0900496 100
1.01883 -0.2506 0.090032 100
1.02122 -0.236 0.0902433 100
1.02341 -0.2215 0.0904369 100
1.02441 -0.2068 0.090525 100
1.0252 -0.192 0.0905954 100
1.0258 -0.1773 0.0906482 100
1.0262 -0.1626 0.0906834 100
1.0274 -0.1481 0.090789 100
1.02939 -0.1337 0.0909651 100
1.02919 -0.119 0.0909475 100
1.02969 -0.1045 0.0909915 100
1.02909 -0.0899 0.0909387 100
1.0263 -0.0752 0.0906922 100
1.0252 -0.0607 0.0905954 100
1.026 -0.0464 0.0906658 0
1.02849 -0.0321 0.0908859 100
1.03278 -0.0177 0.0912644 100
1.04759 0.0094 0.106595 100
1.04829 0.0241 0.106666 100
1.04988 0.0389 0.106828 100
1.05117 0.0537 0.10696 100
1.05137 0.0686 0.10698 100
1.05127 0.0834 0.10697 100
1.05197 0.0984 0.107041 100
1.05446 0.1135 0.107294 100
1.05674 0.1288 0.107526 100
1.05883 0.1442 0.107739 100
1.05963 0.1595 0.10782 100
1.06033 0.1749 0.107891 100
1.06072 0.1903 0.107931 100
1.06182 0.2059 0.108043 100
1.06769 0.2226 0.10864 100
1.03297 -0.2668 0.105107 39
1.03167 -0.2511 0.104975 100
1.03317 -0.2361 0.105127 100
1.03346 -0.221 0.105158 100
1.03446 -0.206 0.105259 100
1.03625 -0.1913 0.105441 100
1.03685 -0.1764 0.105502 100
1.03724 -0.1615 0.105542 100
1.03734 -0.1467 0.105552 100
1.03933 -0.1321 0.105755 100
1.04102 -0.1175 0.105927 100
1.04262 -0.1028 0.106089 100
1.04391 -0.0882 0.106221 100
1.04401 -0.0734 0.106231 100
1.04401 -0.0587 0.106231 100
1.04371 -0.044 0.1062 0
1.04421 -0.0293 0.106251 0
1.04573 0.0094 0.11471 100
1.04742 0.0241 0.114896 100
1.04801 0.0389 0.114961 100
1.04831 0.0536 0.114994 100
1.04851 0.0684 0.115016 100
1.0504 0.0834 0.115223 100
1.0511 0.0983 0.115299 100
1.05358 0.1135 0.115572 100
1.05487 0.1287 0.115714 100
1.05696 0.144 0.115943 100
1.05974 0.1596 0.116248 100
1.06034 0.175 0.116313 100
1.05984 0.1902 0.116259 100
1.05905 0.2054 0.116172 100
1.06193 0.2215 0.116488 100
1.03638 -0.2701 0.113685 39
1.03231 -0.2537 0.113238 100
1.0338 -0.2387 0.113402 100
1.0331 -0.2233 0.113326 100
1.0341 -0.2084 0.113435 100
1.03499 -0.1934 0.113533 100
1.03658 -0.1787 0.113707 100
1.03698 -0.1638 0.113751 100
1.03718 -0.1489 0.113773 100
1.03817 -0.1342 0.113882 100
1.03897 -0.1195 0.113969 100
1.04056 -0.1049 0.114143 100
1.04185 -0.0903 0.114285 100
1.04205 -0.0755 0.114307 100
1.04195 -0.0608 0.114296 100
1.04275 -0.0462 0.114383 100
1.04324 -0.0315 0.114438 0
1.04364 -0.0169 0.114481 100
1.05511 0.0106 0.12843 100
1.05591 0.0254 0.128527 100
1.05839 0.0404 0.128829 100
1.06176 0.0555 0.12924 100
1.06385 0.0706 0.129493 100
1.06573 0.0859 0.129723 100
1.06841 0.1012 0.130049 100
1.06881 0.1165 0.130098 100
1.06911 0.1317 0.130134 100
1.0701 0.1472 0.130255 100
1.0699 0.1625 0.13023 100
1.07149 0.1782 0.130424 100
1.07377 0.1941 0.130702 100
1.07298 0.2096 0.130605 100
1.07576 0.2259 0.130943 100
1.04667 -0.256 0.127403 100
1.04618 -0.2404 0.127343 100
1.04846 -0.2254 0.127621 100
1.04856 -0.21 0.127633 100
1.04846 -0.1947 0.127621 100
1.04816 -0.1794 0.127584 100
1.04558 -0.1639 0.12727 100
1.04479 -0.1488 0.127173 100
1.04578 -0.1339 0.127294 0
1.04658 -0.1191 0.127391 100
1.04816 -0.1043 0.127584 100
1.04846 -0.0895 0.127621 100
1.04965 -0.0747 0.127766 100
1.05055 -0.0599 0.127874 100
1.05124 -0.0452 0.127959 100
1.05184 -0.0304 0.128031 100
1.05313 -0.0156 0.128188 100
1.05559 0.0026 0.133539 100
1.05549 0.0174 0.133526 100
1.05807 0.0324 0.133853 100
1.06243 0.0475 0.134405 100
1.06471 0.0626 0.134693 100
1.06471 0.0776 0.134693 100
1.0665 0.0928 0.134919 100
1.06809 0.1081 0.13512 100
1.06948 0.1235 0.135296 100
1.06958 0.1387 0.135308 100
1.06948 0.154 0.135296 100
1.07116 0.1697 0.135509 100
1.07364 0.1856 0.135823 100
1.07394 0.2012 0.135861 100
1.07394 0.2169 0.135861 100
1.0786 0.2336 0.136451 100
1.04438 -0.2585 0.132121 100
1.04596 -0.2434 0.132321 100
1.04924 -0.2286 0.132736 100
1.05033 -0.2135 0.132874 100
1.05122 -0.1983 0.132987 100
1.05092 -0.183 0.132949 100
1.04944 -0.1676 0.132761 100
1.04577 -0.1519 0.132296 100
1.04477 -0.1368 0.132171 0
1.04666 -0.1221 0.132409 100
1.04725 -0.1073 0.132485 100
1.04864 -0.0926 0.13266 100
1.04874 -0.0777 0.132673 100
1.04973 -0.063 0.132798 100
1.05053 -0.0482 0.132899 100
1.05112 -0.0335 0.132974 0
1.05142 -0.0187 0.133012 100
1.06962 0.0102 0.141958 100
1.07131 0.0253 0.142182 100
1.0718 0.0404 0.142247 100
1.0722 0.0555 0.1423 100
1.07329 0.0707 0.142445 100
1.07517 0.086 0.142695 100
1.07884 0.1016 0.143182 100
1.07924 0.117 0.143234 100
1.07953 0.1324 0.143274 100
1.07953 0.1479 0.143274 100
1.08033 0.1635 0.143379 100
1.08191 0.1793 0.143589 100
1.0832 0.1952 0.14376 100
1.08142 0.2106 0.143524 100
1.0832 0.2268 0.14376 100
1.05079 -0.2538 0.139458 100
1.05039 -0.2381 0.139406 100
1.05257 -0.2231 0.139695 100
1.05366 -0.2079 0.13984 100
1.05545 -0.1929 0.140077 100
1.05703 -0.1779 0.140287 100
1.05644 -0.1625 0.140208 100
1.05564 -0.1472 0.140103 100
1.05455 -0.132 0.139958 100
1.05336 -0.1168 0.1398 100
1.05386 -0.1019 0.139866 100
1.05416 -0.087 0.139906 100
1.05336 -0.072 0.1398 100
1.05426 -0.0572 0.139919 100
1.05495 -0.0423 0.140011 100
1.05535 -0.0275 0.140063 0
1.0683 0.0102 0.158516 100
1.069 0.0253 0.158618 0
1.06949 0.0404 0.158692 100
1.07088 0.0556 0.158897 100
1.07097 0.0707 0.158912 100
1.07285 0.0861 0.159191 100
1.07454 0.1015 0.15944 100
1.07493 0.1168 0.159499 100
1.07622 0.1323 0.15969 100
1.07721 0.1479 0.159836 100
1.078 0.1635 0.159954 100
1.07958 0.1794 0.160189 100
1.08087 0.1953 0.16038 100
1.07998 0.2109 0.160247 100
1.08186 0.2271 0.160526 100
1.05871 -0.254 0.157092 100
1.05722 -0.2379 0.156872 100
1.06049 -0.223 0.157356 100
1.05762 -0.2069 0.15693 100
1.05742 -0.1914 0.156901 100
1.05901 -0.1763 0.157136 100
1.0594 -0.1611 0.157195 100
1.06148 -0.1461 0.157503 100
1.06237 -0.131 0.157635 100
1.06217 -0.1158 0.157606 100
1.06365 -0.1008 0.157826 100
1.06494 -0.0858 0.158016 100
1.06405 -0.0706 0.157884 100
1.06395 -0.0556 0.15787 100
1.06603 -0.0256 0.158178 100
1.0699 0.0147 0.160662 0
1.0706 0.0299 0.160766 100
1.07208 0.0451 0.160989 100
1.07327 0.0603 0.161167 100
1.07337 0.0755 0.161182 100
1.07515 0.091 0.161449 100
1.07871 0.1066 0.161984 100
1.08009 0.1222 0.162192 100
1.08128 0.1378 0.16237 100
1.08118 0.1533 0.162355 100
1.08187 0.1691 0.162459 100
1.08335 0.185 0.162682 100
1.08167 0.2004 0.162429 100
1.08553 0.2171 0.163008 100
1.05438 -0.2707 0.158331 100
1.05507 -0.2551 0.158434 100
1.05655 -0.2397 0.158657 100
1.05784 -0.2244 0.15885 100
1.05794 -0.2088 0.158865 100
1.05784 -0.1933 0.15885 100
1.05843 -0.178 0.158939 100
1.05982 -0.1629 0.159147 100
1.06002 -0.1477 0.159177 100
1.06091 -0.1326 0.159311 100
1.06269 -0.1176 0.159578 100
1.06318 -0.1024 0.159652 100
1.06456 -0.0874 0.15986 100
1.06466 -0.0723 0.159875 100
1.06555 -0.0572 0.160009 100
1.06625 -0.0422 0.160113 100
1.06674 -0.0271 0.160187 100
1.07289 0.0114 0.173962 100
1.07565 0.0267 0.17441 100
1.07911 0.0421 0.17497 100
1.08138 0.0575 0.175339 100
1.08246 0.073 0.175515 100
1.08424 0.0886 0.175803 100
1.08493 0.1041 0.175915 100
1.08631 0.1198 0.176139 100
1.0875 0.1356 0.176331 100
1.08848 0.1514 0.176491 100
1.0872 0.1669 0.176283 100
1.08769 0.1828 0.176363 100
1.087 0.1986 0.176251 100
1.08809 0.2147 0.176427 100
1.064 -0.265 0.172522 100
1.06371 -0.249 0.172474 100
1.06509 -0.2334 0.172698 100
1.06627 -0.2179 0.17289 100
1.06726 -0.2024 0.17305 100
1.06904 -0.1871 0.173338 100
1.06854 -0.1715 0.173258 100
1.06687 -0.1557 0.172986 100
1.06598 -0.1402 0.172842 100
1.06588 -0.1248 0.172826 100
1.06746 -0.1097 0.173082 100
1.06795 -0.0945 0.173162 100
1.06815 -0.0793 0.173194 100
1.06914 -0.0641 0.173354 100
1.06993 -0.0489 0.173482 100
1.07151 -0.0338 0.173738 100
1.07279 -0.0186 0.173946 100
1.07486 0.0051 0.181028 100
1.07565 0.0204 0.18116 100
1.07723 0.0357 0.181426 100
1.07861 0.051 0.181659 100
1.08275 0.0666 0.182356 100
1.08462 0.0822 0.182672 100
1.08443 0.0976 0.182639 100
1.08492 0.1132 0.182722 100
1.0862 0.1289 0.182938 100
1.08817 0.1448 0.18327 100
1.08906 0.1606 0.183419 100
1.08867 0.1763 0.183353 100
1.08808 0.1921 0.183253 100
1.08827 0.208 0.183286 100
1.09301 0.225 0.184083 100
1.06776 -0.2533 0.179832 100
1.06441 -0.2366 0.179267 100
1.06559 -0.2211 0.179466 100
1.06658 -0.2056 0.179632 100
1.06835 -0.1903 0.179931 100
1.06895 -0.1749 0.180031 100
1.06835 -0.1593 0.179931 100
1.06747 -0.1437 0.179782 100
1.06638 -0.1282 0.179599 100
1.06707 -0.113 0.179716 100
1.06757 -0.0978 0.179799 100
1.06885 -0.0827 0.180014 100
1.06885 -0.0675 0.180014 100
1.06964 -0.0523 0.180147 100
1.07033 -0.0372 0.180264 0
1.07072 -0.022 0.18033 100
1.08988 0.0077 0.193941 100
1.09165 0.0232 0.194256 100
1.09313 0.0388 0.194519 100
1.09451 0.0544 0.194764 100
1.0946 0.07 0.194782 100
1.09549 0.0856 0.194939 100
1.0952 0.1012 0.194887 100
1.09667 0.1171 0.19515 100
1.09884 0.1331 0.195535 100
1.10179 0.1493 0.196061 100
1.10258 0.1654 0.196201 100
1.10307 0.1815 0.196288 100
1.10238 0.1975 0.196166 100
1.10543 0.2142 0.196709 100
1.07491 -0.2714 0.191278 100
1.07373 -0.255 0.191068 100
1.07521 -0.2393 0.19133 100
1.07738 -0.2239 0.191716 100
1.07846 -0.2082 0.191908 100
1.07925 -0.1925 0.192049 100
1.08082 -0.177 0.192329 100
1.0822 -0.1615 0.192574 100
1.08141 -0.1458 0.192434 100
1.08131 -0.1302 0.192417 100
1.082 -0.1147 0.192539 100
1.08249 -0.0993 0.192627 100
1.08377 -0.0839 0.192855 0
1.08486 -0.0686 0.193047 100
1.08565 -0.0532 0.193187 100
1.08633 -0.0378 0.19331 100
1.08673 -0.0224 0.19338 100
1.08727 0.0052 0.202691 100
1.08904 0.0207 0.203021 100
1.09061 0.0362 0.203314 100
1.09199 0.0518 0.203571 100
1.09317 0.0674 0.203791 100
1.09503 0.0831 0.204139 100
1.09474 0.0987 0.204084 100
1.09621 0.1146 0.204359 100
1.09749 0.1305 0.204597 100
1.10044 0.1467 0.205147 100
1.10123 0.1627 0.205294 100
1.10083 0.1786 0.20522 100
1.10123 0.1948 0.205294 100
1.10614 0.2118 0.20621 100
1.0797 -0.2657 0.20128 100
1.07655 -0.2488 0.200694 100
1.07695 -0.2329 0.200767 100
1.07911 -0.2174 0.20117 100
1.08098 -0.2019 0.201518 100
1.08176 -0.1862 0.201665 100
1.08225 -0.1705 0.201757 100
1.08353 -0.155 0.201995 100
1.08452 -0.1395 0.202178 100
1.08343 -0.1237 0.201976 100
1.08402 -0.1082 0.202086 100
1.08442 -0.0928 0.20216 100
1.08461 -0.0773 0.202196 100
1.0856 -0.0619 0.20238 0
1.08629 -0.0465 0.202508 0
1.08688 -0.0311 0.202618 100
1.08793 0.007 0.204584 0
1.0897 0.0224 0.204916 100
1.09127 0.038 0.205212 100
1.09255 0.0536 0.205452 100
1.09461 0.0692 0.20584 100
1.09658 0.085 0.20621 100
1.09727 0.1007 0.206339 100
1.09766 0.1165 0.206413 100
1.09992 0.1326 0.206838 100
1.10189 0.1487 0.207208 100
1.10267 0.1648 0.207356 100
1.10218 0.1807 0.207263 100
1.10257 0.1969 0.207337 100
1.10651 0.2138 0.208077 100
1.07506 -0.2628 0.202163 100
1.07378 -0.2464 0.201922 100
1.07506 -0.2308 0.202163 100
1.07624 -0.2151 0.202384 100
1.07712 -0.1994 0.202551 100
1.07977 -0.1841 0.20305 100
1.08027 -0.1685 0.203142 100
1.08046 -0.1528 0.203179 100
1.08056 -0.1372 0.203198 100
1.08036 -0.1217 0.203161 100
1.08095 -0.1062 0.203271 100
1.08233 -0.0909 0.20353 100
1.08243 -0.0754 0.203549 100
1.08341 -0.0601 0.203733 0
1.0841 -0.0447 0.203863 100
1.08459 -0.0293 0.203955 0
1.09491 0.0008 0.230934 100
1.09579 0.0164 0.231119 100
1.09736 0.0321 0.23145 100
1.09883 0.0478 0.231759 100
1.1 0.0635 0.232007 100
1.10391 0.0795 0.232832 100
1.10567 0.0955 0.233204 100
1.10714 0.1115 0.233513 100
1.10939 0.1277 0.233988 100
1.11047 0.1439 0.234215 100
1.11037 0.16 0.234194 100
1.10998 0.1761 0.234112 100
1.10939 0.1922 0.233988 100
1.11057 0.2087 0.234236 100
1.08395 -0.2646 0.228622 100
1.08268 -0.2481 0.228354 100
1.08503 -0.2324 0.228849 100
1.08522 -0.2164 0.22889 100
1.08327 -0.2 0.228478 100
1.08297 -0.1841 0.228416 100
1.08444 -0.1685 0.228725 100
1.08562 -0.1529 0.228973 100
1.08659 -0.1373 0.229179 100
1.08747 -0.1217 0.229365 100
1.08796 -0.1061 0.229468 100
1.08933 -0.0906 0.229757 100
1.08953 -0.075 0.229799 100
1.09041 -0.0595 0.229984 100
1.0911 -0.0439 0.230129 100
1.09158 -0.0284 0.230232 100
1.09491 0.0055 0.235728 100
1.09472 0.0211 0.235686 100
1.0953 0.0368 0.235813 100
1.09667 0.0525 0.236107 100
1.09872 0.0683 0.236549 100
1.10254 0.0844 0.23737 100
1.1042 0.1004 0.237728 100
1.10567 0.1164 0.238044 100
1.10791 0.1327 0.238528 100
1.10791 0.1488 0.238528 100
1.10772 0.1648 0.238486 100
1.10723 0.181 0.23838 100
1.10664 0.1971 0.238254 100
1.10762 0.2136 0.238465 100
1.08494 -0.2649 0.233582 100
1.08465 -0.2485 0.233518 100
1.08699 -0.2328 0.234024 100
1.08621 -0.2165 0.233855 100
1.08621 -0.2005 0.233855 100
1.08494 -0.1843 0.233582 100
1.08445 -0.1683 0.233476 100
1.08474 -0.1525 0.233539 100
1.08572 -0.1369 0.23375 100
1.0865 -0.1213 0.233918 100
1.08709 -0.1057 0.234045 100
1.08748 -0.0901 0.234129 100
1.08856 -0.0745 0.23436 100
1.08944 -0.059 0.23455 100
1.0912 -0.0435 0.234929 100
1.09071 -0.0278 0.234823 100
1.10723 0.0151 0.25359 100
1.10694 0.0309 0.253523 100
1.10733 0.0468 0.253612 100
1.1086 0.0628 0.253902 100
1.11055 0.0789 0.254349 100
1.11035 0.0949 0.254304 100
1.11084 0.1109 0.254416 100
1.11016 0.127 0.25426 100
1.11123 0.1432 0.254505 100
1.11211 0.1595 0.254706 100
1.11464 0.1762 0.255287 100
1.11503 0.1927 0.255376 100
1.11513 0.2092 0.255398 100
1.11893 0.2265 0.256269 100
1.08861 -0.2868 0.249326 40
1.08949 -0.2704 0.249527 100
1.09553 -0.2389 0.250911 100
1.0968 -0.2228 0.251201 100
1.09875 -0.2069 0.251648 100
1.10051 -0.191 0.252049 100
1.10197 -0.175 0.252384 100
1.10236 -0.159 0.252474 100
1.10148 -0.1428 0.252273 100
1.10138 -0.1268 0.25225 100
1.10206 -0.1109 0.252407 100
1.10343 -0.0951 0.252719 100
1.1046 -0.0793 0.252987 100
1.10557 -0.0634 0.25321 100
1.10635 -0.0476 0.253389 100
1.10401 -0.0316 0.252853 100
1.10182 0.003 0.259647 100
1.10455 0.0188 0.260289 100
1.10523 0.0347 0.26045 100
1.10659 0.0506 0.260771 100
1.10776 0.0666 0.261046 100
1.10766 0.0825 0.261023 100
1.10834 0.0985 0.261184 100
1.1098 0.1147 0.261528 100
1.10912 0.1307 0.261367 100
1.10922 0.1469 0.26139 100
1.11 0.1632 0.261574 100
1.11243 0.1798 0.262147 100
1.11467 0.1966 0.262675 100
1.11389 0.2129 0.262491 100
1.11944 0.2307 0.263799 100
1.08819 -0.2735 0.256436 100
1.08995 -0.2575 0.256849 100
1.09238 -0.2416 0.257422 100
1.09364 -0.2255 0.25772 100
1.09559 -0.2097 0.258179 100
1.09744 -0.1938 0.258615 100
1.099 -0.1779 0.258982 100
1.09939 -0.1618 0.259074 100
1.09851 -0.1457 0.258867 100
1.09851 -0.1297 0.258867 100
1.09919 -0.1138 0.259028 100
1.09968 -0.098 0.259143 100
1.10085 -0.0822 0.259418 100
1.10094 -0.0664 0.259441 100
1.10075 -0.0505 0.259395 100
1.10133 -0.0347 0.259532 100
1.11262 0 0.266091 100
1.11253 0.016 0.266067 100
1.11418 0.032 0.266463 100
1.11457 0.048 0.266556 100
1.11476 0.0641 0.266602 100
1.11574 0.0802 0.266835 100
1.11651 0.0964 0.267021 100
1.11797 0.1127 0.26737 100
1.11924 0.129 0.267672 100
1.12118 0.1456 0.268137 100
1.12206 0.1621 0.268347 100
1.12361 0.1788 0.268719 100
1.12293 0.1952 0.268556 100
1.12595 0.2124 0.269277 100
1.09765 -0.2594 0.262509 100
1.10008 -0.2434 0.26309 100
1.10329 -0.2276 0.263858 100
1.10436 -0.2114 0.264114 100
1.10523 -0.1952 0.264323 100
1.10582 -0.179 0.264462 100
1.1062 -0.1628 0.264556 100
1.10737 -0.1468 0.264835 100
1.10727 -0.1307 0.264811 100
1.10796 -0.1147 0.264974 100
1.10941 -0.0988 0.265323 100
1.10971 -0.0828 0.265393 100
1.10883 -0.0667 0.265184 100
1.10961 -0.0508 0.26537 100
1.11117 -0.0349 0.265742 100
1.11243 -0.019 0.266044 100
1.11128 0.0048 0.279959 100
1.11205 0.0208 0.280154 100
1.11264 0.0369 0.280301 100
1.11302 0.053 0.280398 100
1.11409 0.0691 0.280667 100
1.11399 0.0852 0.280643 100
1.11564 0.1015 0.281058 100
1.1171 0.1179 0.281424 100
1.11923 0.1344 0.281962 100
1.1202 0.1509 0.282206 100
1.12088 0.1675 0.282377 100
1.1233 0.1844 0.282988 100
1.12165 0.2007 0.282573 100
1.12456 0.218 0.283305 100
1.09722 -0.2647 0.276416 100
1.09683 -0.248 0.276319 100
1.09819 -0.2318 0.276661 100
1.10032 -0.2157 0.277198 100
1.10022 -0.1994 0.277174 100
1.1009 -0.1832 0.277345 100
1.10236 -0.1671 0.277711 100
1.10255 -0.151 0.27776 100
1.10352 -0.135 0.278004 100
1.1043 -0.119 0.2782 100
1.10585 -0.103 0.278591 100
1.10614 -0.087 0.278664 100
1.10721 -0.0711 0.278933 100
1.10808 -0.0551 0.279153 100
1.10769 -0.0391 0.279055 100
1.10818 -0.0231 0.279177 100
1.11138 0.0096 0.279571 100
1.11108 0.0256 0.279498 100
1.1106 0.0415 0.279376 100
1.11099 0.0575 0.279473 100
1.11196 0.0736 0.279717 100
1.11186 0.0896 0.279693 100
1.11244 0.1057 0.279839 100
1.11477 0.1221 0.280425 100
1.1169 0.1386 0.280961 100
1.11778 0.155 0.281181 100
1.11846 0.1715 0.281352 100
1.11991 0.1882 0.281718 100
1.11816 0.2044 0.281278 100
1.12107 0.2216 0.28201 100
1.09751 -0.2682 0.276082 100
1.09625 -0.2513 0.275765 100
1.0976 -0.2352 0.276107 100
1.09877 -0.219 0.276399 100
1.09974 -0.2029 0.276643 100
1.10042 -0.1867 0.276814 100
1.10187 -0.1708 0.27718 100
1.10216 -0.1547 0.277253 100
1.10323 -0.1387 0.277522 100
1.10401 -0.1227 0.277717 100
1.10556 -0.1069 0.278107 100
1.10595 -0.0909 0.278205 100
1.10701 -0.075 0.278473 100
1.10798 -0.0591 0.278717 100
1.10866 -0.0432 0.278888 100
1.10818 -0.0273 0.278766 100
1.11397 0.006 0.297446 100
1.11571 0.0222 0.297911 100
1.11919 0.0384 0.298839 100
1.12045 0.0547 0.299175 100
1.11958 0.0709 0.298943 100
1.12045 0.0872 0.299175 100
1.12209 0.1037 0.299613 100
1.12344 0.1202 0.299975 100
1.1246 0.1368 0.300284 100
1.1245 0.1533 0.300258 100
1.12431 0.1698 0.300207 100
1.1247 0.1866 0.30031 100
1.12402 0.2031 0.300129 100
1.12595 0.2203 0.300645 100
1.10277 -0.2662 0.294454 100
1.10344 -0.2496 0.294634 100
1.10479 -0.2332 0.294996 100
1.10586 -0.2168 0.295279 100
1.10779 -0.2006 0.295795 100
1.10847 -0.1843 0.295976 100
1.11088 -0.1682 0.296621 100
1.11204 -0.152 0.29693 100
1.11107 -0.1356 0.296672 100
1.10991 -0.1192 0.296363 100
1.11243 -0.1032 0.297034 100
1.11368 -0.0871 0.297369 100
1.11088 -0.0708 0.296621 100
1.11243 -0.0386 0.297034 100
1.11281 -0.0225 0.297137 100
1.11298 0.0016 0.301139 100
1.11385 0.0177 0.301374 100
1.11539 0.0339 0.301792 100
1.11868 0.0502 0.30268 100
1.11983 0.0665 0.302993 100
1.12167 0.0829 0.303489 100
1.12437 0.0995 0.304221 100
1.12572 0.116 0.304586 100
1.12505 0.1324 0.304404 100
1.12505 0.149 0.304404 100
1.12485 0.1655 0.304351 100
1.1263 0.1824 0.304743 100
1.12476 0.1988 0.304325 100
1.12669 0.216 0.304848 100
1.10535 -0.2721 0.299075 100
1.1042 -0.255 0.298762 100
1.10661 -0.2388 0.299415 100
1.10593 -0.222 0.299232 100
1.10786 -0.2058 0.299755 100
1.1096 -0.1896 0.300225 100
1.11105 -0.1733 0.300616 100
1.1123 -0.1571 0.300956 100
1.11057 -0.1405 0.300486 100
1.10941 -0.1241 0.300172 100
1.11095 -0.108 0.30059 100
1.1123 -0.0919 0.300956 100
1.11346 -0.0758 0.301269 100
1.11443 -0.0597 0.301531 100
1.11414 -0.0435 0.301452 100
1.11462 -0.0274 0.301583 100
1.12819 0.0012 0.313724 100
1.12906 0.0176 0.313965 100
1.12964 0.0339 0.314126 100
1.12906 0.0503 0.313965 100
1.1096 -0.2745 0.308553 45
1.1095 -0.2575 0.308526 100
1.11095 -0.2411 0.308928 100
1.1122 -0.2246 0.309277 100
1.11413 -0.2083 0.309812 100
1.11586 -0.192 0.310295 100
1.11837 -0.1759 0.310991 100
1.11865 -0.1594 0.311072 100
1.11971 -0.1431 0.311366 100
1.12154 -0.1269 0.311875 100
1.12415 -0.1107 0.312599 100
1.12453 -0.0944 0.312706 100
1.12472 -0.078 0.312759 100
1.12472 -0.0617 0.312759 100
1.12444 -0.0454 0.312679 100
1.12588 -0.0291 0.313081 100
1.12518 0.0033 0.320729 100
1.12691 0.0196 0.321222 100
1.12653 0.036 0.321112 100
1.12691 0.0524 0.321222 100
1.12807 0.0689 0.321551 100
1.12797 0.0854 0.321524 100
1.12768 0.1018 0.321441 100
1.12903 0.1185 0.321825 100
1.12922 0.1518 0.32188 100
1.12903 0.1685 0.321825 100
1.11393 -0.2546 0.317521 100
1.11162 -0.2372 0.316863 100
1.11278 -0.2207 0.317192 100
1.11374 -0.2041 0.317467 100
1.11547 -0.1878 0.31796 100
1.11787 -0.1716 0.318645 100
1.11912 -0.1552 0.319002 100
1.12018 -0.1388 0.319303 100
1.12095 -0.1224 0.319523 100
1.12153 -0.106 0.319687 100
1.12287 -0.0897 0.320071 100
1.12297 -0.0733 0.320098 100
1.12383 -0.057 0.320345 100
1.12451 -0.0407 0.320537 100
1.12393 -0.0243 0.320372 100
1.12513 0.0065 0.320925 100
1.12589 0.0229 0.321144 100
1.12638 0.0392 0.321282 100
1.12772 0.0557 0.321666 100
1.12782 0.0721 0.321693 100
1.12868 0.0886 0.32194 100
1.12926 0.1051 0.322105 100
1.12965 0.1217 0.322214 100
1.12984 0.1383 0.322269 100
1.10868 -0.2607 0.316235 100
1.10926 -0.244 0.316399 100
1.11147 -0.2276 0.31703 100
1.11253 -0.2111 0.317332 100
1.11426 -0.1948 0.317826 100
1.11676 -0.1786 0.318539 100
1.11714 -0.1621 0.318648 100
1.1183 -0.1458 0.318978 100
1.12012 -0.1295 0.319499 100
1.12176 -0.1133 0.319965 100
1.12224 -0.0969 0.320102 100
1.12339 -0.0806 0.320431 100
1.12339 -0.0643 0.320431 100
1.12416 -0.0479 0.320651 100
1.12474 -0.0316 0.320815 100
