1.46178 0.0133 -0.288114 100
1.46639 0.0341 -0.289023 100
1.46776 0.0551 -0.289294 100
1.46982 0.0761 -0.2897 100
1.47159 0.0971 -0.290048 100
1.47492 0.1184 -0.290705 100
1.47708 0.1397 -0.291131 100
1.47797 0.161 -0.291305 100
1.47757 0.1822 -0.291228 100
1.47983 0.2039 -0.291672 100
1.4502 -0.1877 -0.285832 100
1.45265 -0.1671 -0.286316 100
1.45579 -0.1466 -0.286935 100
1.45766 -0.1259 -0.287302 100
1.46021 -0.1052 -0.287805 100
1.46148 -0.0845 -0.288056 100
1.46148 -0.0636 -0.288056 100
1.46227 -0.0429 -0.288211 100
1.46364 -0.0221 -0.288482 100
1.46444 0.0039 -0.280152 100
1.46523 0.0248 -0.280303 100
1.46768 0.0457 -0.280772 100
1.46886 0.0667 -0.280998 100
1.46975 0.0877 -0.281167 100
1.47328 0.109 -0.281843 100
1.47849 0.1305 -0.282839 100
1.47957 0.1519 -0.283046 100
1.47829 0.173 -0.282802 100
1.4777 0.1943 -0.282689 100
1.47878 0.2159 -0.282896 100
1.45226 -0.2337 -0.277822 100
1.45344 -0.2127 -0.278048 100
1.45678 -0.171 -0.278687 100
1.456 -0.15 -0.278536 100
1.45698 -0.1292 -0.278724 100
1.45855 -0.1084 -0.279025 100
1.45993 -0.0876 -0.279288 100
1.46101 -0.0669 -0.279495 100
1.46179 -0.046 -0.279645 100
1.46228 -0.0252 -0.279739 100
1.46782 0.0081 -0.267541 100
1.46949 0.029 -0.267846 100
1.47293 0.0499 -0.268474 100
1.475 0.071 -0.268851 100
1.47588 0.0921 -0.269012 100
1.47736 0.1132 -0.269281 100
1.48159 0.1347 -0.270052 100
1.48248 0.1561 -0.270213 100
1.48218 0.1773 -0.27016 100
1.48061 0.1985 -0.269873 100
1.48257 0.2202 -0.270231 100
1.45562 -0.2805 -0.265318 15
1.45454 -0.2589 -0.265121 100
1.45699 -0.2381 -0.265569 100
1.45621 -0.2168 -0.265426 100
1.45611 -0.1957 -0.265408 100
1.45768 -0.1749 -0.265695 100
1.45798 -0.154 -0.265748 100
1.45896 -0.1332 -0.265928 100
1.45965 -0.1124 -0.266053 100
1.46113 -0.0917 -0.266322 100
1.46221 -0.0709 -0.266519 100
1.46309 -0.0501 -0.266681 100
1.46457 -0.0294 -0.26695 100
1.46914 0.0148 -0.253765 100
1.47082 0.0357 -0.254055 100
1.47309 0.0566 -0.254446 100
1.47614 0.0776 -0.254974 100
1.47791 0.0987 -0.25528 100
1.48028 0.12 -0.255689 100
1.48245 0.1413 -0.256063 100
1.48422 0.1627 -0.25637 100
1.48284 0.1838 -0.256131 100
1.48314 0.2051 -0.256182 100
1.4584 -0.2673 -0.25191 100
1.45712 -0.2459 -0.251689 100
1.4584 -0.2249 -0.25191 100
1.4584 -0.2038 -0.25191 100
1.45909 -0.1829 -0.252029 100
1.46057 -0.1622 -0.252285 100
1.46067 -0.1413 -0.252302 100
1.46146 -0.1205 -0.252438 100
1.46294 -0.0998 -0.252693 100
1.46422 -0.0791 -0.252914 100
1.4652 -0.0584 -0.253085 100
1.46678 -0.0377 -0.253357 100
1.46821 0.0101 -0.259678 100
1.47087 0.031 -0.260148 100
1.47225 0.052 -0.260392 100
1.4753 0.073 -0.260932 100
1.47708 0.0942 -0.261246 100
1.47964 0.1154 -0.261699 100
1.48279 0.1368 -0.262256 100
1.48367 0.1582 -0.262413 100
1.48239 0.1793 -0.262186 100
1.48367 0.2009 -0.262413 100
1.45157 -0.255 -0.256735 100
1.45206 -0.2339 -0.256822 100
1.45315 -0.213 -0.257013 100
1.45403 -0.1921 -0.25717 100
1.45551 -0.1714 -0.257431 100
1.45679 -0.1506 -0.257658 100
1.45866 -0.1299 -0.257989 100
1.46033 -0.1092 -0.258285 100
1.46171 -0.0885 -0.258529 100
1.46378 -0.0678 -0.258894 100
1.46457 -0.047 -0.259034 100
1.46605 -0.0263 -0.259295 100
1.4717 0.0029 -0.239153 100
1.4715 0.0237 -0.239121 100
1.47397 0.0446 -0.239522 100
1.47722 0.0656 -0.240052 100
1.48009 0.0867 -0.240517 100
1.48068 0.1077 -0.240613 100
1.48305 0.129 -0.240998 100
1.48502 0.1503 -0.241319 100
1.48571 0.1717 -0.241431 100
1.48522 0.1929 -0.241351 100
1.48729 0.2146 -0.241688 100
1.45186 -0.2942 -0.235929 18
1.45383 -0.2733 -0.23625 100
1.45738 -0.2528 -0.236828 100
1.45689 -0.2315 -0.236747 100
1.45975 -0.1899 -0.237213 100
1.46123 -0.1691 -0.237453 100
1.46242 -0.1483 -0.237646 100
1.46429 -0.1276 -0.23795 100
1.46597 -0.1069 -0.238223 100
1.46824 -0.0862 -0.238592 100
1.47031 -0.0655 -0.238929 100
1.471 -0.0447 -0.239041 100
1.47248 -0.0239 -0.239282 100
1.47343 0.0062 -0.234686 100
1.47422 0.027 -0.234812 100
1.47659 0.0479 -0.235189 100
1.47975 0.0689 -0.235693 100
1.48162 0.09 -0.235992 100
1.48518 0.1112 -0.236558 100
1.48745 0.1325 -0.23692 100
1.48844 0.1537 -0.237077 100
1.48814 0.1749 -0.23703 100
1.49239 0.1968 -0.237706 100
1.45743 -0.2901 -0.232138 22
1.45535 -0.2685 -0.231808 100
1.45703 -0.2476 -0.232075 100
1.45733 -0.2266 -0.232122 100
1.45743 -0.2056 -0.232138 100
1.45911 -0.1849 -0.232405 100
1.46049 -0.1642 -0.232626 100
1.46167 -0.1435 -0.232814 100
1.46444 -0.1229 -0.233255 100
1.46701 -0.1023 -0.233664 100
1.46829 -0.0816 -0.233868 100
1.47027 -0.061 -0.234183 100
1.47195 -0.0403 -0.23445 100
1.47436 0.0008 -0.215348 100
1.47614 0.0216 -0.215608 100
1.47871 0.0425 -0.215984 100
1.48099 0.0634 -0.216316 100
1.48287 0.0845 -0.216591 100
1.48455 0.1055 -0.216837 100
1.48692 0.1268 -0.217184 100
1.49088 0.1483 -0.217762 100
1.49167 0.1696 -0.217877 100
1.49207 0.191 -0.217935 100
1.50008 0.2136 -0.219106 100
1.45951 -0.2834 -0.21318 100
1.45941 -0.2621 -0.213166 100
1.46189 -0.2413 -0.213527 100
1.46021 -0.22 -0.213281 100
1.46011 -0.199 -0.213267 100
1.46278 -0.1784 -0.213657 100
1.46406 -0.1577 -0.213845 100
1.46515 -0.1369 -0.214004 100
1.46684 -0.1163 -0.21425 100
1.46931 -0.0956 -0.214611 100
1.47149 -0.075 -0.214929 100
1.47337 -0.0543 -0.215204 100
1.47693 -0.0336 -0.215724 100
1.47558 0.0174 -0.206066 100
1.47915 0.0383 -0.206564 100
1.47845 0.0592 -0.206467 100
1.48053 0.0802 -0.206758 100
1.48519 0.1015 -0.207408 100
1.49054 0.123 -0.208155 100
1.49163 0.1443 -0.208307 100
1.49044 0.1654 -0.208141 100
1.48905 0.1865 -0.207947 100
1.49123 0.2082 -0.208252 100
1.46201 -0.2718 -0.204172 100
1.46172 -0.2505 -0.20413 100
1.46498 -0.2299 -0.204586 100
1.46607 -0.2089 -0.204739 100
1.46588 -0.1878 -0.204711 100
1.46736 -0.167 -0.204918 100
1.46855 -0.1462 -0.205084 100
1.47043 -0.1255 -0.205347 100
1.47102 -0.1047 -0.20543 100
1.47231 -0.0839 -0.20561 100
1.47439 -0.0632 -0.2059 100
1.47509 -0.0424 -0.205997 100
1.47647 -0.0216 -0.206191 100
1.47917 0.0148 -0.194474 100
1.48383 0.0358 -0.195087 100
1.4871 0.0569 -0.195517 100
1.48819 0.0779 -0.19566 100
1.48988 0.0991 -0.195882 100
1.49335 0.1204 -0.196338 100
1.49543 0.1418 -0.196612 100
1.49533 0.1631 -0.196599 100
1.49394 0.1843 -0.196416 100
1.49612 0.206 -0.196703 100
1.46638 -0.2729 -0.192792 100
1.46222 -0.2509 -0.192245 100
1.4636 -0.23 -0.192427 100
1.4647 -0.209 -0.192571 100
1.46747 -0.1884 -0.192936 100
1.46985 -0.1677 -0.193249 100
1.47203 -0.147 -0.193535 100
1.47401 -0.1262 -0.193796 100
1.4756 -0.1054 -0.194005 100
1.47788 -0.0847 -0.194304 100
1.47887 -0.0639 -0.194435 100
1.47967 -0.043 -0.194539 100
1.48105 -0.0222 -0.194722 100
1.48097 0.0078 -0.181054 100
1.48266 0.0287 -0.18126 100
1.48415 0.0496 -0.181442 100
1.48623 0.0706 -0.181697 100
1.48812 0.0917 -0.181927 100
1.49169 0.1131 -0.182364 100
1.49586 0.1346 -0.182874 100
1.49686 0.1559 -0.182995 100
1.49646 0.1772 -0.182947 100
1.49388 0.1982 -0.182631 100
1.49298 0.2195 -0.182522 1
1.47363 -0.3022 -0.180156 10
1.46688 -0.2794 -0.17933 100
1.46767 -0.2582 -0.179428 100
1.46628 -0.2367 -0.179258 100
1.46638 -0.2156 -0.17927 100
1.46827 -0.1948 -0.1795 100
1.46986 -0.174 -0.179695 100
1.47115 -0.1532 -0.179852 100
1.47214 -0.1324 -0.179974 100
1.47283 -0.1116 -0.180059 100
1.47522 -0.0909 -0.18035 100
1.4773 -0.0702 -0.180605 100
1.47819 -0.0494 -0.180714 100
1.47968 -0.0286 -0.180896 100
1.48255 0.0206 -0.175472 100
1.48603 0.0416 -0.175883 100
1.48831 0.0626 -0.176153 100
1.49129 0.0837 -0.176506 100
1.49387 0.105 -0.176812 100
1.49824 0.1265 -0.177329 100
1.49933 0.1479 -0.177458 100
1.49814 0.169 -0.177317 100
1.49953 0.1906 -0.177481 100
1.46726 -0.2866 -0.173662 100
1.46517 -0.2648 -0.173415 100
1.46676 -0.2439 -0.173603 100
1.46706 -0.2228 -0.173638 100
1.46905 -0.202 -0.173873 100
1.47073 -0.1812 -0.174073 100
1.47212 -0.1603 -0.174237 100
1.47322 -0.1395 -0.174367 100
1.47401 -0.1187 -0.174461 100
1.47451 -0.0979 -0.17452 100
1.4757 -0.0771 -0.174661 100
1.47759 -0.0564 -0.174884 100
1.48027 -0.0357 -0.175201 100
1.48378 0.0195 -0.155428 100
1.49035 0.0406 -0.156116 100
1.49253 0.0617 -0.156345 100
1.49353 0.0828 -0.156449 100
1.49422 0.1039 -0.156522 100
1.4986 0.1254 -0.15698 100
1.50069 0.1469 -0.157199 100
1.4995 0.1681 -0.157074 100
1.4989 0.1894 -0.157012 100
1.50208 0.2113 -0.157345 100
1.47264 -0.2748 -0.154261 100
1.46946 -0.2528 -0.153928 100
1.46996 -0.2317 -0.15398 100
1.47105 -0.2107 -0.154095 100
1.47284 -0.1898 -0.154282 100
1.47433 -0.169 -0.154438 100
1.47453 -0.148 -0.154459 100
1.47553 -0.1272 -0.154563 100
1.47712 -0.1064 -0.15473 100
1.47841 -0.0856 -0.154866 100
1.4805 -0.0649 -0.155084 100
1.4812 -0.044 -0.155157 100
1.48269 -0.0232 -0.155313 100
1.48724 0.0018 -0.152117 100
1.48804 0.0227 -0.152199 100
1.48963 0.0436 -0.152362 100
1.49281 0.0646 -0.152687 100
1.49679 0.0858 -0.153094 100
1.50037 0.1071 -0.153461 100
1.50167 0.1284 -0.153593 100
1.50177 0.1496 -0.153603 100
1.50157 0.1709 -0.153583 100
1.50097 0.1922 -0.153522 100
1.50405 0.214 -0.153837 1
1.46824 -0.284 -0.150174 100
1.46715 -0.2626 -0.150062 100
1.46874 -0.2417 -0.150225 100
1.46993 -0.2208 -0.150347 100
1.47182 -0.2 -0.15054 100
1.47351 -0.1792 -0.150713 100
1.47391 -0.1584 -0.150754 100
1.4759 -0.1377 -0.150958 100
1.47769 -0.117 -0.151141 100
1.48018 -0.0963 -0.151395 100
1.48336 -0.0757 -0.151721 100
1.48426 -0.0549 -0.151812 100
1.48485 -0.0341 -0.151873 100
1.49 0.0175 -0.132717 100
1.49757 0.0385 -0.133391 100
1.49986 0.0596 -0.133595 100
1.50185 0.0807 -0.133773 100
1.50564 0.102 -0.13411 100
1.50703 0.1233 -0.134234 100
1.50813 0.1447 -0.134332 100
1.50893 0.1661 -0.134403 100
1.51142 0.1877 -0.134624 100
1.52446 0.211 -0.135787 100
1.47426 -0.2781 -0.131315 100
1.47406 -0.2568 -0.131297 100
1.47456 -0.2357 -0.131342 100
1.47865 -0.2152 -0.131706 100
1.48044 -0.1944 -0.131865 100
1.47805 -0.1731 -0.131652 100
1.47835 -0.1522 -0.131679 100
1.48034 -0.1315 -0.131856 100
1.48203 -0.1108 -0.132007 100
1.48442 -0.0901 -0.13222 100
1.48651 -0.0694 -0.132406 100
1.48831 -0.0487 -0.132566 100
1.4898 -0.0279 -0.132699 100
1.49283 0.0018 -0.124307 100
1.49463 0.0228 -0.124457 100
1.49622 0.0438 -0.124589 100
1.49742 0.0648 -0.124689 100
1.50031 0.086 -0.12493 100
1.50399 0.1074 -0.125237 100
1.50629 0.1288 -0.125428 100
1.50738 0.1502 -0.125519 100
1.50708 0.1715 -0.125494 100
1.51247 0.1936 -0.125942 100
1.47569 -0.2903 -0.12288 100
1.47669 -0.269 -0.122963 100
1.48028 -0.2483 -0.123262 100
1.48157 -0.2273 -0.12337 100
1.48167 -0.2061 -0.123378 100
1.48048 -0.1848 -0.123278 100
1.47988 -0.1637 -0.123228 100
1.48107 -0.1429 -0.123328 100
1.48187 -0.122 -0.123394 100
1.48247 -0.1012 -0.123444 100
1.48367 -0.0804 -0.123544 100
1.48566 -0.0596 -0.12371 100
1.48735 -0.0388 -0.123851 100
1.49207 0 -0.12136 100
1.49696 0.021 -0.121757 100
1.49945 0.042 -0.12196 100
1.49975 0.063 -0.121984 100
1.50174 0.0842 -0.122146 100
1.50533 0.1055 -0.122438 100
1.50672 0.1268 -0.122552 100
1.50682 0.1481 -0.12256 100
1.50652 0.1694 -0.122535 100
1.51001 0.1912 -0.122819 100
1.47403 -0.279 -0.119893 100
1.47583 -0.258 -0.120038 100
1.47931 -0.2373 -0.120322 100
1.48041 -0.2163 -0.120411 100
1.4823 -0.1954 -0.120565 100
1.48191 -0.1743 -0.120533 100
1.48221 -0.1533 -0.120557 100
1.4842 -0.1325 -0.120719 100
1.48589 -0.1117 -0.120857 100
1.48629 -0.0909 -0.12089 0
1.48649 -0.07 -0.120906 100
1.48729 -0.0492 -0.120971 100
1.48878 -0.0284 -0.121092 100
1.49552 0.0123 -0.100643 100
1.5032 0.0334 -0.10116 100
1.5036 0.0545 -0.101187 100
1.50569 0.0757 -0.101328 100
1.50749 0.0969 -0.101449 100
1.50899 0.1183 -0.10155 100
1.51018 0.1397 -0.10163 100
1.51108 0.1611 -0.101691 100
1.51158 0.1826 -0.101724 100
1.51976 0.2052 -0.102275 100
1.47975 -0.2994 -0.0995822 14
1.47686 -0.2774 -0.0993875 100
1.47866 -0.2563 -0.0995083 100
1.48105 -0.2355 -0.0996695 100
1.48225 -0.2144 -0.0997501 100
1.48315 -0.1934 -0.0998105 100
1.48265 -0.1723 -0.0997769 100
1.48295 -0.1513 -0.0997971 100
1.48394 -0.1304 -0.0998642 100
1.48564 -0.1096 -0.0999783 100
1.48903 -0.089 -0.100207 100
1.49103 -0.0681 -0.100341 100
1.49193 -0.0473 -0.100401 100
1.49342 -0.0264 -0.100502 100
1.49306 0.0044 -0.093674 100
1.49885 0.0255 -0.0940372 100
1.50135 0.0465 -0.0941937 100
1.50454 0.0678 -0.0943941 100
1.50744 0.0891 -0.0945757 100
1.50903 0.1104 -0.0946759 100
1.50933 0.1317 -0.0946947 100
1.51033 0.1531 -0.0947573 100
1.51293 0.1749 -0.0949201 100
1.5262 0.1981 -0.0957529 100
1.4749 -0.2955 -0.0925344 100
1.4769 -0.2744 -0.0926596 100
1.47959 -0.2535 -0.0928287 100
1.48298 -0.2328 -0.0930416 100
1.48608 -0.212 -0.0932357 100
1.48588 -0.1907 -0.0932232 100
1.48548 -0.1696 -0.0931981 100
1.48668 -0.1486 -0.0932733 100
1.48758 -0.1277 -0.0933296 100
1.48827 -0.1068 -0.0933735 100
1.48957 -0.0859 -0.0934549 100
1.48967 -0.065 -0.0934611 100
1.49037 -0.0441 -0.093505 100
1.49286 -0.0233 -0.0936615 100
1.50095 0.0173 -0.0765601 100
1.50355 0.0384 -0.0766925 100
1.50484 0.0595 -0.0767587 100
1.50784 0.0807 -0.0769116 100
1.51064 0.1021 -0.0770542 100
1.51104 0.1233 -0.0770746 100
1.51114 0.1447 -0.0770797 100
1.51094 0.166 -0.0770695 100
1.51044 0.1873 -0.077044 100
1.51563 0.2095 -0.0773089 1
1.48687 -0.2749 -0.0758418 100
1.48567 -0.2533 -0.0757807 100
1.48807 -0.2323 -0.0759029 100
1.48916 -0.2112 -0.075959 100
1.49196 -0.1904 -0.0761016 100
1.49246 -0.1693 -0.0761271 100
1.49076 -0.148 -0.0760405 100
1.49166 -0.127 -0.0760863 100
1.49426 -0.1062 -0.0762188 100
1.49466 -0.0853 -0.0762391 100
1.49366 -0.0643 -0.0761882 100
1.49346 -0.0433 -0.076178 100
1.49586 -0.0225 -0.0763003 100
1.50157 0.0134 -0.063197 100
1.50427 0.0344 -0.0633105 100
1.50667 0.0555 -0.0634115 100
1.51076 0.0768 -0.0635839 100
1.51346 0.0981 -0.0636974 100
1.51396 0.1194 -0.0637184 100
1.51416 0.1407 -0.0637268 100
1.51406 0.1621 -0.0637226 100
1.51356 0.1834 -0.0637016 100
1.51786 0.2055 -0.0638824 100
1.48289 -0.2885 -0.0624107 8
1.48379 -0.2673 -0.0624485 100
1.48738 -0.2465 -0.0625999 100
1.48778 -0.2253 -0.0626167 100
1.48978 -0.2043 -0.0627008 100
1.49048 -0.1833 -0.0627302 100
1.48888 -0.162 -0.062663 100
1.48998 -0.1411 -0.0627092 100
1.49188 -0.1203 -0.0627891 100
1.49638 -0.0997 -0.0629783 100
1.50057 -0.0789 -0.0631549 100
1.50057 -0.0579 -0.0631549 100
1.49717 -0.0369 -0.063012 100
1.50494 0.0197 -0.0538685 100
1.50544 0.0408 -0.0538864 100
1.50673 0.0619 -0.0539329 100
1.50873 0.0831 -0.0540044 100
1.51043 0.1044 -0.0540652 100
1.51183 0.1257 -0.0541153 100
1.51193 0.147 -0.0541189 100
1.51273 0.1685 -0.0541475 100
1.51313 0.19 -0.0541618 100
1.51633 0.2119 -0.0542763 1
1.48615 -0.2732 -0.053196 100
1.48685 -0.2519 -0.053221 100
1.48925 -0.231 -0.0533069 100
1.49035 -0.2099 -0.0533462 100
1.49115 -0.1888 -0.0533748 100
1.49164 -0.1677 -0.0533927 100
1.49584 -0.147 -0.053543 100
1.49874 -0.1262 -0.0536467 100
1.50034 -0.1053 -0.0537039 100
1.50164 -0.0843 -0.0537504 100
1.49974 -0.0632 -0.0536825 100
1.49844 -0.0421 -0.053636 100
1.50333 0.0176 -0.0414666 100
1.50593 0.0386 -0.0415383 100
1.50723 0.0596 -0.0415741 100
1.51023 0.0807 -0.0416568 100
1.51302 0.102 -0.0417341 100
1.51442 0.1233 -0.0417727 100
1.51352 0.1444 -0.0417478 100
1.51442 0.1658 -0.0417727 100
1.51492 0.1872 -0.0417864 100
1.52202 0.2096 -0.0419822 100
1.49013 -0.2758 -0.0411026 100
1.48893 -0.2543 -0.0410695 100
1.49033 -0.2332 -0.0411082 100
1.49243 -0.2123 -0.0411661 100
1.49423 -0.1914 -0.0412157 100
1.49373 -0.1703 -0.0412019 100
1.49203 -0.1491 -0.041155 100
1.49293 -0.1283 -0.0411798 100
1.49753 -0.1077 -0.0413067 100
1.49993 -0.0869 -0.0413728 100
1.49993 -0.066 -0.0413728 100
1.49973 -0.0451 -0.0413673 100
1.50223 -0.0243 -0.0414363 100
1.50355 0.0095 -0.036746 100
1.50525 0.0304 -0.0367875 100
1.50865 0.0515 -0.0368706 100
1.50985 0.0726 -0.0368999 100
1.51165 0.0938 -0.0369439 100
1.51415 0.1152 -0.037005 100
1.51545 0.1365 -0.0370367 100
1.51535 0.1578 -0.0370343 100
1.51495 0.1792 -0.0370245 100
1.51925 0.2012 -0.0371296 100
1.48666 -0.2896 -0.0363331 13
1.48656 -0.2682 -0.0363306 100
1.48816 -0.2471 -0.0363697 100
1.48946 -0.2261 -0.0364015 100
1.49155 -0.2052 -0.0364528 100
1.49125 -0.184 -0.0364455 100
1.48966 -0.1628 -0.0364064 100
1.48986 -0.1418 -0.0364113 100
1.49265 -0.1211 -0.0364797 100
1.49715 -0.1005 -0.0365896 100
1.49945 -0.0797 -0.0366458 100
1.50035 -0.0589 -0.0366678 100
1.50105 -0.0379 -0.0366849 100
1.51388 0.0071 -0.0187608 100
1.51458 0.0282 -0.0187694 100
1.51508 0.0494 -0.0187756 100
1.51628 0.0706 -0.0187905 100
1.51708 0.0918 -0.0188004 100
1.51768 0.1131 -0.0188078 100
1.51898 0.1345 -0.018824 100
1.52088 0.156 -0.0188475 100
1.52058 0.1774 -0.0188438 100
1.52388 0.1994 -0.0188847 100
1.49139 -0.2877 -0.018482 10
1.49229 -0.2663 -0.0184931 100
1.49489 -0.2454 -0.0185253 100
1.49619 -0.2242 -0.0185414 100
1.49619 -0.2029 -0.0185414 100
1.49788 -0.182 -0.0185625 100
1.49928 -0.161 -0.0185798 100
1.50138 -0.1401 -0.0186059 100
1.50418 -0.1192 -0.0186406 100
1.50568 -0.0982 -0.0186592 100
1.50688 -0.0773 -0.018674 100
1.50688 -0.0562 -0.018674 100
1.50648 -0.0352 -0.0186691 100
1.50786 0.0158 -0.0107902 100
1.51346 0.0369 -0.0108303 100
1.51586 0.0581 -0.0108475 100
1.51686 0.0794 -0.0108546 100
1.51866 0.1007 -0.0108675 100
1.52006 0.1221 -0.0108775 100
1.52216 0.1436 -0.0108925 100
1.52506 0.1654 -0.0109133 100
1.52356 0.1867 -0.0109026 100
1.52476 0.2085 -0.0109111 1
1.49236 -0.2774 -0.0106793 100
1.49416 -0.2562 -0.0106922 100
1.49556 -0.2351 -0.0107022 100
1.49676 -0.2139 -0.0107108 100
1.49666 -0.1927 -0.0107101 100
1.49716 -0.1716 -0.0107136 100
1.49936 -0.1507 -0.0107294 100
1.50036 -0.1297 -0.0107365 100
1.50106 -0.1087 -0.0107416 100
1.50336 -0.0878 -0.010758 100
1.50346 -0.0668 -0.0107587 100
1.50426 -0.0459 -0.0107645 100
1.50576 -0.0249 -0.0107752 100
1.512 0.0063 0.00158336 100
1.5168 0.0275 0.00158839 100
1.5192 0.0488 0.0015909 100
1.5214 0.0701 0.00159321 100
1.5233 0.0915 0.0015952 100
1.5238 0.1129 0.00159572 100
1.5251 0.1344 0.00159708 100
1.526 0.156 0.00159802 100
1.5257 0.1775 0.00159771 100
1.529 0.1995 0.00160116 100
1.4958 -0.2968 0.0015664 10
1.4959 -0.2751 0.0015665 100
1.4986 -0.2541 0.00156933 100
1.5 -0.2328 0.0015708 100
1.5002 -0.2115 0.00157101 100
1.501 -0.1903 0.00157184 100
1.5005 -0.169 0.00157132 100
1.5007 -0.1478 0.00157153 100
1.5027 -0.1269 0.00157362 100
1.5033 -0.1058 0.00157425 100
1.5046 -0.0848 0.00157561 100
1.5056 -0.0638 0.00157666 100
1.5094 -0.0429 0.00158064 100
1.5118 -0.0219 0.00158315 100
1.50986 0.0063 0.0208194 100
1.51556 0.0275 0.020898 100
1.51606 0.0488 0.0209049 100
1.51726 0.07 0.0209214 100
1.52006 0.0915 0.02096 100
1.52266 0.113 0.0209959 100
1.52296 0.1345 0.021 100
1.52186 0.1559 0.0209848 100
1.52356 0.1776 0.0210083 100
1.53085 0.2002 0.0211089 100
1.49606 -0.3001 0.0206291 10
1.49416 -0.2781 0.0206029 100
1.49596 -0.2569 0.0206277 100
1.49746 -0.2356 0.0206484 100
1.49766 -0.2142 0.0206512 100
1.49746 -0.1929 0.0206484 100
1.49906 -0.1718 0.0206705 100
1.50026 -0.1507 0.020687 100
1.50126 -0.1297 0.0207008 100
1.50296 -0.1087 0.0207242 100
1.50426 -0.0876 0.0207422 100
1.50536 -0.0666 0.0207573 100
1.50716 -0.0456 0.0207821 100
1.51066 -0.0246 0.0208304 100
1.51468 0.0167 0.0256456 100
1.51828 0.0379 0.0257065 100
1.51958 0.0593 0.0257285 100
1.51968 0.0806 0.0257302 100
1.52038 0.102 0.0257421 100
1.52078 0.1234 0.0257488 100
1.52188 0.1449 0.0257675 100
1.52468 0.1668 0.0258149 100
1.52418 0.1883 0.0258064 100
1.52938 0.2107 0.0258944 100
1.49439 -0.2821 0.0253019 100
1.49519 -0.2607 0.0253155 100
1.49779 -0.2396 0.0253595 100
1.49899 -0.2183 0.0253798 100
1.49989 -0.1971 0.025395 100
1.49949 -0.1757 0.0253882 100
1.49889 -0.1544 0.0253781 100
1.49989 -0.1333 0.025395 100
1.50258 -0.1124 0.0254407 100
1.50598 -0.0915 0.0254983 100
1.50918 -0.0705 0.0255525 100
1.51098 -0.0494 0.0255829 100
1.51248 -0.0283 0.0256083 100
1.51432 0.0206 0.0417699 100
1.51682 0.0419 0.0418388 100
1.51812 0.0632 0.0418747 100
1.52112 0.0846 0.0419574 100
1.52472 0.1062 0.0420567 100
1.52812 0.1279 0.0421504 100
1.52912 0.1496 0.042178 100
1.52892 0.1711 0.0421725 100
1.53032 0.193 0.0422111 100
1.49673 -0.2894 0.0412846 23
1.49673 -0.2677 0.0412846 100
1.49933 -0.2466 0.0413563 100
1.49963 -0.2252 0.0413646 100
1.50063 -0.2039 0.0413921 100
1.50233 -0.1828 0.041439 100
1.50273 -0.1616 0.04145 100
1.50393 -0.1405 0.0414831 100
1.50673 -0.1195 0.0415603 100
1.51023 -0.0986 0.0416568 100
1.51342 -0.0775 0.0417451 100
1.51542 -0.0564 0.0418002 100
1.51502 -0.0352 0.0417892 100
1.51417 0.0198 0.0470556 100
1.51767 0.0411 0.0471643 100
1.52097 0.0626 0.0472668 100
1.52496 0.0841 0.0473911 100
1.52756 0.1058 0.0474718 100
1.52896 0.1274 0.0475153 100
1.53006 0.1491 0.0475495 100
1.52976 0.1707 0.0475402 100
1.53116 0.1927 0.0475837 100
1.49388 -0.2927 0.0464251 40
1.49588 -0.2714 0.0464872 100
1.49958 -0.2504 0.0466021 100
1.50088 -0.229 0.0466425 100
1.50098 -0.2076 0.0466456 100
1.50178 -0.1863 0.0466705 100
1.50227 -0.165 0.046686 100
1.50437 -0.144 0.0467512 100
1.50727 -0.123 0.0468413 100
1.50887 -0.1018 0.046891 100
1.50907 -0.0806 0.0468972 100
1.51007 -0.0595 0.0469283 100
1.51277 -0.0384 0.0470121 100
1.51585 0.0103 0.059028 100
1.51655 0.0315 0.0590552 100
1.51795 0.0528 0.0591097 100
1.52105 0.0742 0.0592303 100
1.52584 0.0958 0.0594171 100
1.52734 0.1173 0.0594755 100
1.52654 0.1387 0.0594444 100
1.52844 0.1604 0.0595183 100
1.52804 0.182 0.0595027 100
1.53134 0.2041 0.0596311 100
1.49906 -0.2682 0.0583743 100
1.50066 -0.2469 0.0584366 100
1.50396 -0.2259 0.058565 100
1.50506 -0.2046 0.0586078 100
1.50476 -0.1832 0.0585961 100
1.50516 -0.162 0.0586117 100
1.50626 -0.1409 0.0586545 100
1.50716 -0.1197 0.0586895 100
1.50766 -0.0986 0.0587089 100
1.50986 -0.0776 0.0587945 100
1.51175 -0.0565 0.0588685 100
1.51345 -0.0354 0.0589346 100
1.51509 0.0143 0.0741002 100
1.51779 0.0355 0.0742321 100
1.52008 0.0568 0.0743445 100
1.52218 0.0782 0.0744471 100
1.52388 0.0997 0.0745301 100
1.52638 0.1213 0.0746522 100
1.52847 0.143 0.0747548 100
1.53137 0.1649 0.0748965 100
1.52987 0.1864 0.0748232 100
1.53007 0.2081 0.074833 1
1.49881 -0.2658 0.073304 100
1.5044 -0.2452 0.0735775 100
1.5047 -0.2237 0.0735922 100
1.5047 -0.2022 0.0735922 100
1.5054 -0.181 0.0736264 100
1.5068 -0.1598 0.0736948 100
1.5078 -0.1386 0.0737436 100
1.5096 -0.1176 0.0738315 100
1.51109 -0.0965 0.0739048 100
1.51229 -0.0753 0.0739634 100
1.51319 -0.0542 0.0740074 100
1.51379 -0.0331 0.0740367 100
1.51676 0.0151 0.080552 100
1.51846 0.0364 0.0806422 100
1.52176 0.0578 0.0808172 100
1.52675 0.0794 0.0810823 100
1.52954 0.101 0.0812308 100
1.52895 0.1225 0.081199 100
1.52905 0.1441 0.0812043 100
1.52994 0.1658 0.081252 100
1.52944 0.1874 0.0812255 100
1.53164 0.2095 0.0813422 100
1.49669 -0.2703 0.079486 100
1.49939 -0.2491 0.0796292 100
1.50268 -0.2281 0.0798042 100
1.50378 -0.2068 0.0798626 100
1.50348 -0.1853 0.0798467 100
1.50398 -0.1641 0.0798732 100
1.50508 -0.1429 0.0799315 100
1.50598 -0.1217 0.0799792 100
1.50947 -0.1008 0.0801649 100
1.51177 -0.0797 0.0802868 100
1.51377 -0.0585 0.0803929 100
1.51536 -0.0374 0.0804778 100
1.51661 0.0082 0.10153 100
1.5173 0.0295 0.101577 100
1.5188 0.0507 0.101677 100
1.5209 0.0721 0.101818 100
1.52469 0.0937 0.102071 100
1.52529 0.1152 0.102112 100
1.52748 0.1368 0.102259 100
1.53037 0.1587 0.102452 100
1.52898 0.1802 0.102359 100
1.53027 0.2021 0.102446 100
1.50124 -0.272 0.100502 100
1.50094 -0.2503 0.100482 100
1.50333 -0.2291 0.100642 100
1.50433 -0.2078 0.100709 100
1.50513 -0.1865 0.100762 100
1.50663 -0.1653 0.100862 100
1.50773 -0.1441 0.100936 100
1.50962 -0.123 0.101063 100
1.51122 -0.1019 0.10117 100
1.51341 -0.0808 0.101317 100
1.51441 -0.0596 0.101383 100
1.51411 -0.0384 0.101363 100
1.51392 0.0045 0.111176 100
1.51572 0.0257 0.111307 100
1.51821 0.047 0.111491 100
1.52041 0.0684 0.111652 100
1.5243 0.09 0.111937 100
1.52579 0.1115 0.112047 100
1.52809 0.1332 0.112216 100
1.53207 0.1552 0.112509 100
1.53078 0.1767 0.112413 100
1.53407 0.1989 0.112655 100
1.49837 -0.2727 0.110033 100
1.50106 -0.2516 0.110231 100
1.50445 -0.2305 0.11048 100
1.50455 -0.209 0.110487 100
1.50335 -0.1875 0.110399 100
1.50285 -0.1661 0.110363 100
1.50495 -0.145 0.110516 100
1.50684 -0.1239 0.110656 100
1.50844 -0.1028 0.110773 100
1.51073 -0.0818 0.110941 100
1.51173 -0.0606 0.111014 100
1.51243 -0.0394 0.111066 100
1.51723 0.0056 0.132473 100
1.52101 0.0269 0.132804 100
1.5244 0.0483 0.1331 100
1.5256 0.0698 0.133204 100
1.52649 0.0912 0.133282 100
1.52809 0.1128 0.133421 100
1.53028 0.1346 0.133613 100
1.53227 0.1564 0.133787 100
1.53088 0.1779 0.133665 100
1.53227 0.1999 0.133787 100
1.50169 -0.2789 0.131116 100
1.50248 -0.2573 0.131186 100
1.50497 -0.2361 0.131404 100
1.50408 -0.2144 0.131325 100
1.50398 -0.193 0.131317 100
1.50557 -0.1718 0.131456 100
1.50876 -0.1508 0.131734 100
1.51175 -0.1297 0.131995 100
1.51235 -0.1085 0.132047 100
1.51274 -0.0872 0.132082 100
1.51384 -0.066 0.132178 100
1.51653 -0.0449 0.132412 100
1.51703 -0.0236 0.132456 100
1.51527 0 0.142968 100
1.51716 0.0213 0.143147 100
1.51965 0.0426 0.143382 100
1.52393 0.0642 0.143786 100
1.52682 0.0858 0.144058 100
1.52941 0.1074 0.144302 100
1.53279 0.1293 0.144622 100
1.53478 0.1512 0.144809 100
1.53448 0.1729 0.144781 100
1.53588 0.1949 0.144913 100
1.50342 -0.2753 0.141851 100
1.50322 -0.2535 0.141832 100
1.50661 -0.2324 0.142151 100
1.5077 -0.211 0.142254 100
1.50651 -0.1893 0.142142 100
1.508 -0.1681 0.142283 100
1.5092 -0.1468 0.142395 100
1.51009 -0.1255 0.14248 100
1.51069 -0.1043 0.142536 100
1.51099 -0.083 0.142564 100
1.51298 -0.0618 0.142752 100
1.51477 -0.0406 0.142921 100
1.52614 0.0062 0.164714 100
1.52693 0.0276 0.164799 100
1.52832 0.0491 0.16495 100
1.52952 0.0706 0.165078 100
1.53031 0.0922 0.165164 100
1.5319 0.1139 0.165336 100
1.5321 0.1356 0.165357 100
1.5331 0.1574 0.165465 100
1.53369 0.1793 0.165529 100
1.53598 0.2014 0.165776 100
1.50277 -0.2733 0.162192 100
1.50546 -0.252 0.162482 100
1.50874 -0.2308 0.162836 100
1.50983 -0.2093 0.162954 100
1.51063 -0.1879 0.16304 100
1.50814 -0.1661 0.162771 100
1.51033 -0.1449 0.163007 100
1.51421 -0.1238 0.163426 100
1.5158 -0.1026 0.163598 100
1.51401 -0.0811 0.163404 100
1.51301 -0.0598 0.163297 100
1.5157 -0.0386 0.163587 100
1.52172 0.0184 0.176338 100
1.52529 0.04 0.176752 100
1.52857 0.0616 0.177132 100
1.53056 0.0832 0.177362 100
1.53215 0.105 0.177546 100
1.53354 0.1267 0.177708 100
1.53364 0.1485 0.177719 100
1.53334 0.1703 0.177685 100
1.53483 0.1923 0.177857 100
1.50453 -0.273 0.174346 100
1.50423 -0.2512 0.174312 100
1.50562 -0.2297 0.174473 100
1.50771 -0.2083 0.174715 100
1.50652 -0.1866 0.174577 100
1.50592 -0.1651 0.174508 100
1.5091 -0.144 0.174876 100
1.51288 -0.1229 0.175313 100
1.51248 -0.1015 0.175267 100
1.51178 -0.0801 0.175187 100
1.51278 -0.0588 0.175302 100
1.51536 -0.0376 0.175601 100
1.51735 0.0032 0.180127 100
1.52013 0.0246 0.180457 100
1.52261 0.0462 0.180752 100
1.5238 0.0677 0.180893 100
1.52668 0.0894 0.181235 100
1.52827 0.1112 0.181424 100
1.52956 0.133 0.181577 100
1.53045 0.1548 0.181683 100
1.53214 0.1768 0.181883 100
1.53155 0.1987 0.181813 100
1.53552 0.2212 0.182284 1
1.50761 -0.2698 0.178972 100
1.50632 -0.2477 0.178818 100
1.50861 -0.2263 0.179089 100
1.50871 -0.2046 0.179101 100
1.50742 -0.1829 0.178948 100
1.50593 -0.1612 0.178771 100
1.509 -0.14 0.179137 100
1.51178 -0.1188 0.179467 100
1.51228 -0.0974 0.179526 100
1.51049 -0.0759 0.179313 100
1.51139 -0.0546 0.179419 100
1.51198 -0.0333 0.17949 100
1.52225 0.0126 0.196626 100
1.52295 0.0341 0.196715 100
1.52434 0.0556 0.196895 100
1.52741 0.0773 0.197292 100
1.5291 0.099 0.19751 100
1.53058 0.1208 0.197702 100
1.53168 0.1426 0.197843 100
1.53257 0.1645 0.197958 100
1.53406 0.1866 0.19815 100
1.53624 0.2089 0.198432 100
1.50867 -0.2757 0.194871 100
1.50946 -0.2539 0.194973 100
1.51184 -0.2325 0.195281 100
1.51194 -0.2107 0.195293 100
1.51174 -0.189 0.195268 100
1.51323 -0.1676 0.19546 100
1.51541 -0.1462 0.195742 100
1.51729 -0.1248 0.195985 100
1.5169 -0.1033 0.195934 100
1.5162 -0.0818 0.195844 100
1.5172 -0.0604 0.195972 100
1.51888 -0.0391 0.19619 100
1.52137 0.0088 0.204076 100
1.52306 0.0303 0.204302 100
1.52544 0.0519 0.204621 100
1.52851 0.0736 0.205033 100
1.53039 0.0954 0.205286 100
1.5299 0.117 0.205219 100
1.5301 0.1387 0.205246 100
1.53099 0.1606 0.205365 100
1.53059 0.1824 0.205312 100
1.53277 0.2047 0.205605 100
1.50879 -0.2811 0.202387 100
1.50661 -0.2588 0.202095 100
1.50809 -0.2372 0.202294 100
1.50829 -0.2155 0.202321 100
1.51017 -0.1941 0.202573 100
1.51176 -0.1726 0.202786 100
1.51295 -0.1512 0.202946 100
1.51394 -0.1298 0.203079 100
1.51265 -0.1082 0.202906 100
1.51196 -0.0867 0.202813 100
1.51503 -0.0655 0.203225 100
1.5188 -0.0442 0.20373 100
1.51919 -0.0228 0.203783 100
1.52312 0.0097 0.227361 100
1.52777 0.0313 0.228055 100
1.52916 0.053 0.228261 100
1.53025 0.0747 0.228424 100
1.53005 0.0963 0.228394 100
1.53054 0.1181 0.228468 100
1.53074 0.1399 0.228497 100
1.53163 0.1619 0.22863 100
1.53114 0.1837 0.228557 100
1.53143 0.2057 0.228601 100
1.53727 0.2287 0.229472 100
1.51442 -0.2596 0.226061 100
1.51294 -0.2374 0.22584 100
1.51511 -0.2158 0.226165 100
1.51402 -0.1939 0.226002 100
1.51353 -0.1721 0.225929 100
1.51383 -0.1505 0.225973 100
1.51482 -0.129 0.226121 100
1.5164 -0.1076 0.226357 100
1.51877 -0.0862 0.226711 100
1.51976 -0.0648 0.226859 100
1.52055 -0.0433 0.226977 100
1.52095 -0.0218 0.227036 100
1.52482 0.0019 0.242599 100
1.5266 0.0234 0.242882 100
1.52611 0.045 0.242804 100
1.5264 0.0666 0.242851 100
1.52729 0.0882 0.242992 100
1.52887 0.11 0.243244 100
1.53015 0.1318 0.243448 100
1.52917 0.1535 0.243291 100
1.52788 0.1752 0.243086 100
1.52729 0.197 0.242992 100
1.52936 0.2193 0.243322 100
1.5104 -0.2696 0.240305 100
1.50912 -0.2474 0.240101 100
1.51139 -0.226 0.240462 100
1.5104 -0.2041 0.240305 100
1.51021 -0.1824 0.240274 100
1.51159 -0.1609 0.240494 100
1.51267 -0.1395 0.240667 100
1.51445 -0.1181 0.24095 100
1.51593 -0.0967 0.241185 100
1.51712 -0.0753 0.241374 100
1.51702 -0.0539 0.241358 100
1.5186 -0.0324 0.24161 100
1.52298 0.004 0.24776 100
1.52377 0.0256 0.247888 100
1.52426 0.0472 0.247969 100
1.52643 0.0689 0.248322 100
1.52633 0.0906 0.248306 100
1.52683 0.1123 0.248386 100
1.52712 0.1341 0.248434 100
1.52811 0.156 0.248595 100
1.52772 0.1778 0.248531 100
1.5291 0.1999 0.248756 100
1.53788 0.2232 0.250185 100
1.5062 -0.2717 0.24503 100
1.50788 -0.25 0.245303 100
1.51113 -0.2286 0.245833 100
1.51222 -0.207 0.24601 100
1.51192 -0.1852 0.245962 100
1.5134 -0.1637 0.246202 100
1.51449 -0.1421 0.246379 100
1.51538 -0.1206 0.246524 100
1.51587 -0.0991 0.246604 100
1.51706 -0.0776 0.246797 100
1.51804 -0.0561 0.246957 100
1.51864 -0.0347 0.247053 100
1.52029 0.0194 0.263147 100
1.52286 0.041 0.26359 100
1.52404 0.0627 0.263795 100
1.52502 0.0843 0.263966 100
1.52571 0.1061 0.264085 100
1.52699 0.1279 0.264307 100
1.52906 0.1499 0.264665 100
1.52975 0.1719 0.264784 100
1.52916 0.1938 0.264682 100
1.53517 0.2167 0.265722 100
1.50709 -0.2636 0.260861 100
1.50758 -0.2417 0.260947 100
1.51074 -0.2203 0.261493 100
1.51172 -0.1987 0.261663 100
1.51133 -0.1769 0.261595 100
1.51172 -0.1553 0.261663 100
1.51369 -0.1338 0.262004 100
1.51438 -0.1123 0.262124 100
1.51478 -0.0908 0.262192 100
1.51783 -0.0694 0.262721 100
1.5197 -0.0479 0.263045 100
1.52217 -0.0264 0.263471 100
1.52105 0.0148 0.270393 100
1.52273 0.0364 0.270691 100
1.52401 0.0581 0.270918 100
1.52499 0.0798 0.271093 100
1.52578 0.1016 0.271233 100
1.52617 0.1234 0.271303 100
1.52726 0.1453 0.271496 100
1.52903 0.1673 0.271811 100
1.52755 0.1891 0.271548 100
1.53169 0.2117 0.272283 100
1.50461 -0.2651 0.26747 100
1.50619 -0.2434 0.26775 100
1.50934 -0.222 0.26831 100
1.51032 -0.2003 0.268485 100
1.51288 -0.1789 0.26894 100
1.51426 -0.1573 0.269185 100
1.51426 -0.1356 0.269185 100
1.51406 -0.114 0.26915 100
1.51544 -0.0925 0.269396 100
1.51564 -0.071 0.26943 100
1.51643 -0.0495 0.269571 100
1.5179 -0.028 0.269833 100
1.52375 0.0187 0.283511 100
1.52434 0.0403 0.28362 100
1.52562 0.0621 0.283858 100
1.5265 0.0839 0.284023 100
1.52719 0.1057 0.284151 100
1.52857 0.1276 0.284407 100
1.53053 0.1497 0.284773 100
1.5323 0.1719 0.285102 100
1.53368 0.1941 0.285358 100
1.53181 0.216 0.285011 100
1.53358 0.2385 0.28534 100
1.50772 -0.2573 0.280529 100
1.5091 -0.2356 0.280785 100
1.51126 -0.214 0.281188 100
1.51303 -0.1923 0.281517 100
1.51559 -0.1708 0.281992 100
1.51775 -0.1493 0.282395 100
1.51864 -0.1276 0.282559 100
1.51933 -0.1059 0.282688 100
1.51962 -0.0843 0.282742 100
1.5206 -0.0627 0.282925 100
1.52139 -0.0411 0.283072 100
1.51899 0.0032 0.298289 100
1.51977 0.0248 0.298443 100
1.52026 0.0464 0.29854 100
1.52144 0.0681 0.298771 100
1.52331 0.0899 0.299137 100
1.52684 0.1119 0.299831 100
1.53106 0.134 0.300659 100
1.5339 0.1563 0.301218 100
1.53646 0.1786 0.301719 100
1.53489 0.2005 0.301411 100
1.53685 0.223 0.301796 100
1.5082 -0.2548 0.296169 100
1.50869 -0.2329 0.296266 100
1.50977 -0.2112 0.296478 100
1.51251 -0.1897 0.297017 100
1.51398 -0.1681 0.297306 100
1.51418 -0.1464 0.297345 100
1.51506 -0.1248 0.297518 100
1.51663 -0.1033 0.297827 100
1.51683 -0.0817 0.297865 100
1.51683 -0.0601 0.297865 100
1.51752 -0.0386 0.298 100
1.52399 0.0149 0.303417 100
1.52369 0.0366 0.303358 100
1.52301 0.0583 0.303222 100
1.52301 0.08 0.303222 100
1.52477 0.1018 0.303573 100
1.52811 0.1239 0.304237 100
1.53017 0.146 0.304647 100
1.53193 0.1682 0.304998 100
1.53429 0.1905 0.305467 100
1.5335 0.2126 0.305311 100
1.53821 0.2356 0.306248 100
1.51634 -0.2549 0.301894 100
1.51291 -0.2323 0.30121 100
1.51399 -0.2105 0.301425 100
1.51673 -0.1889 0.301972 100
1.5182 -0.1672 0.302265 100
1.5184 -0.1454 0.302304 100
1.5183 -0.1236 0.302284 100
1.51879 -0.102 0.302382 100
1.51909 -0.0803 0.302441 100
1.51909 -0.0587 0.302441 100
1.51977 -0.037 0.302577 100
1.51884 0.0033 0.323947 100
1.5206 0.0249 0.324323 100
1.52109 0.0466 0.324427 100
1.52324 0.0685 0.324886 100
1.5251 0.0903 0.325282 100
1.52568 0.1122 0.325407 100
1.52784 0.1343 0.325866 100
1.53175 0.1567 0.326701 100
1.53233 0.1788 0.326826 100
1.53077 0.2008 0.326492 100
1.53272 0.2233 0.326909 100
1.51375 -0.2506 0.322863 100
1.51033 -0.228 0.322132 100
1.51033 -0.206 0.322132 100
1.51111 -0.1843 0.322299 100
1.5115 -0.1625 0.322383 100
1.51258 -0.1408 0.322612 100
1.51336 -0.1192 0.322779 100
1.51385 -0.0975 0.322883 100
1.51405 -0.0759 0.322925 100
1.51395 -0.0543 0.322904 100
1.51561 -0.0327 0.323259 100
1.51506 0.0146 0.336157 100
1.51574 0.0363 0.336309 100
1.51701 0.058 0.33659 100
1.51711 0.0797 0.336612 100
1.51876 0.1016 0.33698 100
1.52208 0.1237 0.337717 100
1.52511 0.1459 0.338388 100
1.52882 0.1683 0.339211 100
1.53028 0.1906 0.339536 100
1.52941 0.2127 0.339341 100
1.53126 0.2353 0.339753 100
1.5089 -0.2581 0.334792 52
1.50744 -0.2357 0.334468 100
1.50861 -0.2139 0.334727 100
1.50842 -0.192 0.334684 100
1.50998 -0.1703 0.335031 100
1.51017 -0.1485 0.335074 100
1.51008 -0.1268 0.335052 100
1.50969 -0.1051 0.334966 100
1.51105 -0.0835 0.335269 100
1.51105 -0.0618 0.335269 100
1.51076 -0.0402 0.335204 100
1.51444 0.0212 0.35242 100
1.51687 0.043 0.352987 100
1.51911 0.0648 0.353508 100
1.52291 0.0869 0.354392 100
1.52544 0.109 0.354981 100
1.52866 0.1312 0.355729 100
1.5306 0.1535 0.356183 100
1.53031 0.1757 0.356115 100
1.52973 0.1978 0.355979 100
1.52885 0.22 0.355775 100
1.53148 0.2428 0.356387 100
1.51268 -0.2429 0.352012 100
1.51297 -0.2208 0.35208 100
1.5158 -0.1991 0.352737 100
1.51453 -0.1769 0.352443 100
1.51288 -0.1547 0.352057 100
1.5119 -0.1328 0.351831 100
1.51161 -0.111 0.351763 100
1.512 -0.0892 0.351853 100
1.51307 -0.0675 0.352103 100
1.51385 -0.0459 0.352284 100
1.51434 -0.0242 0.352397 100
1.5125 0.0095 0.365353 100
1.51318 0.0313 0.365518 100
1.5126 0.053 0.365377 100
1.51464 0.0749 0.36587 100
1.5193 0.0971 0.366997 100
1.52368 0.1194 0.368053 100
1.52572 0.1417 0.368546 100
1.52562 0.1638 0.368523 100
1.52708 0.1862 0.368875 100
1.5263 0.2084 0.368687 100
1.52815 0.2311 0.369134 100
1.50501 -0.2603 0.363545 100
1.50647 -0.2383 0.363897 100
1.50958 -0.2166 0.364649 100
1.51046 -0.1946 0.36486 100
1.51094 -0.1727 0.364977 100
1.50929 -0.1505 0.364578 100
1.50832 -0.1285 0.364344 100
1.50793 -0.1067 0.36425 100
1.50832 -0.0849 0.364344 100
1.50929 -0.0632 0.364578 100
1.50997 -0.0415 0.364743 100
1.51369 0.0129 0.408709 100
1.51437 0.0347 0.408892 100
1.51669 0.0566 0.409517 100
1.51765 0.0785 0.409778 100
1.51939 0.1005 0.410247 100
1.52074 0.1226 0.410612 100
1.5219 0.1448 0.410925 100
1.52171 0.1669 0.410873 100
1.52219 0.1891 0.411003 100
1.52142 0.2112 0.410795 100
1.52325 0.2339 0.41129 100
1.50269 -0.2534 0.405737 100
1.50597 -0.2318 0.406624 100
1.50983 -0.2102 0.407666 100
1.5106 -0.1882 0.407875 100
1.51205 -0.1663 0.408266 100
1.51398 -0.1226 0.408787 100
1.5136 -0.1007 0.408683 100
1.51572 -0.0789 0.409257 100
1.51765 -0.0572 0.409778 100
1.5163 -0.0353 0.409413 100
1.51403 0.0085 0.403984 100
1.51567 0.0304 0.404422 100
1.51702 0.0523 0.404783 100
1.51905 0.0744 0.405325 100
1.51983 0.0964 0.405531 100
1.52224 0.1186 0.406176 100
1.52533 0.141 0.407 100
1.52814 0.1636 0.407748 100
1.52959 0.1861 0.408135 100
1.52698 0.2081 0.407439 100
1.52495 0.2303 0.406897 1
1.50698 -0.2649 0.402102 100
1.50659 -0.2425 0.401999 100
1.50872 -0.2206 0.402566 100
1.51055 -0.1987 0.403056 100
1.51219 -0.1768 0.403494 100
1.51442 -0.1549 0.404087 100
1.51442 -0.1329 0.404087 100
1.51219 -0.1107 0.403494 100
1.51258 -0.0888 0.403597 100
1.51268 -0.0669 0.403623 100
1.51248 -0.045 0.403572 100
1.51287 -0.0232 0.403675 100
1.51657 0.0205 0.401828 100
1.51995 0.0426 0.402724 100
1.52121 0.0646 0.403057 100
1.52111 0.0867 0.403031 100
1.52169 0.1088 0.403185 100
1.52208 0.131 0.403288 100
1.52305 0.1533 0.403544 100
1.52459 0.1757 0.403953 100
1.52305 0.1979 0.403544 100
1.52508 0.2206 0.404082 100
1.50681 -0.2517 0.399241 100
1.50816 -0.2296 0.399599 100
1.51116 -0.2077 0.400393 100
1.5128 -0.1858 0.400829 100
1.51425 -0.1637 0.401213 100
1.51435 -0.1417 0.401239 100
1.51135 -0.1194 0.400445 100
1.5099 -0.0973 0.40006 100
1.51106 -0.0754 0.400368 100
1.5129 -0.0536 0.400854 100
1.51348 -0.0317 0.401008 100
1.51636 0 0.414544 100
1.51713 0.0219 0.414755 100
1.51867 0.0439 0.415177 100
1.51886 0.0659 0.415229 100
1.51973 0.088 0.415467 100
1.52041 0.1101 0.415651 100
1.5207 0.1322 0.41573 100
1.5207 0.1544 0.41573 100
1.52128 0.1767 0.415889 100
1.5207 0.1989 0.41573 100
1.52263 0.2216 0.416258 100
1.50546 -0.2528 0.411564 52
1.50584 -0.2305 0.411669 100
1.50874 -0.2088 0.412461 100
1.51047 -0.1868 0.412935 100
1.51095 -0.1647 0.413067 100
1.51202 -0.1428 0.413357 100
1.51375 -0.1209 0.413832 100
1.5153 -0.099 0.414254 100
1.51742 -0.0771 0.414834 100
1.51732 -0.0552 0.414807 100
1.5179 -0.0332 0.414966 100
1.51402 0.0099 0.423006 100
1.51662 0.0319 0.423733 100
1.517 0.0539 0.42384 100
1.51614 0.0759 0.423598 100
1.51691 0.098 0.423813 100
1.51922 0.1203 0.424459 100
1.52134 0.1427 0.425051 100
1.52211 0.1651 0.425267 100
1.52259 0.1875 0.425401 100
1.52182 0.2098 0.425186 100
1.52654 0.233 0.426504 100
1.50179 -0.2485 0.419589 100
1.50313 -0.2264 0.419966 100
1.50602 -0.2046 0.420773 100
1.50862 -0.1827 0.421499 100
1.50997 -0.1607 0.421876 100
1.51007 -0.1386 0.421903 100
1.50988 -0.1166 0.421849 100
1.51219 -0.0947 0.422495 100
1.51527 -0.0729 0.423356 100
1.51614 -0.0509 0.423598 100
1.51566 -0.0289 0.423464 100

