0.0000 1.8490 1.2095 0.2713 4
0.0000 1.8349 1.1911 0.2686 4
0.0000 1.8448 1.1953 0.5075 8
0.0000 1.8227 1.1801 0.5818 8
0.0000 1.8357 1.1826 0.2681 5
0.0000 1.8260 1.1741 0.5012 8
0.0000 1.8266 1.1740 0.5818 8
0.0000 1.8295 1.1700 0.2667 6
0.0000 1.8315 1.1691 0.5016 9
0.0000 1.8226 1.1625 0.5792 8
0.0000 1.8517 1.1760 0.1919 7
0.0000 1.8437 1.1700 0.2681 7
0.0000 1.8693 1.1845 -0.1160 4
0.0000 1.8274 1.1575 0.4994 9
0.0000 1.8152 1.1489 0.5756 9
0.0000 1.8360 1.1562 0.2664 9
0.0000 1.8565 1.1673 -0.1149 5
0.0000 1.8347 1.1531 0.5003 10
0.0000 1.8225 1.1446 0.5766 9
0.0000 1.8508 1.1588 0.0381 6
0.0000 1.8338 1.1472 0.1134 5
0.0000 1.8413 1.1515 0.1900 7
0.0000 1.8282 1.1424 0.2647 9
0.0000 1.8385 1.1471 -0.1136 5
0.0000 1.8288 1.1405 0.4976 10
0.0000 1.8150 1.1310 0.5730 10
0.0000 1.8464 1.1470 0.0379 7
0.0000 1.8344 1.1387 0.1132 7
0.0000 1.8436 1.1440 0.1898 7
0.0000 1.8373 1.1392 0.2654 10
0.0000 1.8374 1.1375 -0.1133 7
0.0000 1.8245 1.1290 0.4953 13
0.0000 1.8239 1.1278 0.5746 10
0.0000 1.8487 1.1395 0.0379 7
0.0000 1.8315 1.1281 0.1127 7
0.0000 1.8340 1.1292 0.1884 7
0.0000 1.8328 1.1275 0.2642 10
0.0000 1.8343 1.1276 0.3410 5
0.0000 1.8431 1.1321 -0.1134 7
0.0000 1.8268 1.1216 0.4949 13
0.0000 1.8163 1.1143 0.5710 10
0.0000 1.8509 1.1320 0.0379 8
0.0000 1.8337 1.1206 0.1126 8
0.0000 1.8295 1.1176 0.1876 7
0.0000 1.8367 1.1211 0.2642 11
0.0000 1.8298 1.1160 0.3395 6
0.0000 1.8487 1.1267 -0.1135 8
0.0000 1.8273 1.1132 0.4940 14
0.0000 1.8119 1.1029 0.5684 11
0.0000 1.8429 1.1183 0.0376 9
0.0000 1.8357 1.1135 0.1125 8
0.0000 1.8231 1.1050 0.1865 7
0.0000 1.8423 1.1157 0.2645 12
0.0000 1.8419 1.1151 0.3410 6
0.0000 1.8377 1.1117 0.4175 7
0.0000 1.8424 1.1140 -0.1128 8
0.0000 1.8343 1.1092 0.4949 13
0.0000 1.8483 1.1172 -0.0377 5
0.0000 1.8155 1.0969 0.5684 11
0.0000 1.8449 1.1112 0.0376 9
0.0000 1.8446 1.1105 0.1128 9
0.0000 1.8353 1.1041 0.1874 9
0.0000 1.8273 1.0984 0.2618 14
0.0000 1.8321 1.1008 0.3385 7
0.0000 1.8380 1.1035 0.4167 8
0.0000 1.8290 1.0977 -0.1118 8
0.0000 1.8280 1.0971 0.4922 15
0.0000 1.8400 1.1038 -0.0375 5
0.0000 1.8125 1.0869 0.5663 12
0.0000 1.8417 1.1009 0.0375 10
0.0000 1.8313 1.0938 0.1118 10
0.0000 1.8390 1.0980 0.1874 9
0.0000 1.8309 1.0923 0.2618 13
0.0000 1.8274 1.0894 0.3370 7
0.0000 1.8417 1.0974 0.4167 8
0.0000 1.8360 1.0936 -0.1120 10
0.0000 1.8184 1.0827 0.4886 15
0.0000 1.8387 1.0943 -0.0373 5
0.0000 1.8263 1.0865 0.5694 14
0.0000 1.8404 1.0914 0.0373 11
0.0000 1.8334 1.0864 0.1117 12
0.0000 1.8344 1.0862 0.1865 10
0.0000 1.8313 1.0839 0.2613 14
0.0000 1.8363 1.0860 0.3379 7
0.0000 1.8474 1.0917 0.4171 9
0.0000 1.8349 1.0838 -0.1117 11
0.0000 1.8240 1.0770 0.4890 15
0.0000 1.8304 1.0808 -0.0371 6
0.0000 1.8251 1.0772 0.5678 12
0.0000 1.8375 1.0806 0.0372 11
0.0000 1.8270 1.0736 0.1111 10
0.0000 1.8330 1.0767 0.1860 9
0.0000 1.8301 1.0742 0.2606 10
0.0000 1.8318 1.0743 0.3363 5
0.0000 1.8473 1.0825 -0.1122 9
0.0000 1.8278 1.0706 0.4890 7
0.0000 1.8378 1.0761 -0.0372 5
0.0000 1.8207 1.0656 0.5653 7
0.0000 1.8481 1.0782 0.0373 5
0.0000 1.8376 1.0712 0.1115 4
0.0000 1.8316 1.0673 0.1855 6
0.0000 1.8390 1.0708 0.2613 6
0.0000 1.8389 1.0698 0.3370 4
0.0000 1.8441 1.0720 -0.1118 5
0.0000 1.8332 1.0652 0.4895 8
0.0000 1.8210 1.0573 0.5642 7
0.0000 1.8346 1.0618 0.0370 6
0.0000 1.8258 1.0558 0.1105 6
0.0000 1.8371 1.0619 0.1856 6
0.0000 1.8324 1.0584 0.2598 9
0.0000 1.8512 1.0684 0.3385 5
0.0000 1.8434 1.0634 0.4137 6
0.0000 1.8375 1.0596 -0.1112 5
0.0000 1.8454 1.0637 0.4917 8
0.0000 1.8453 1.0632 -0.0372 4
0.0000 1.8214 1.0490 0.5632 9
0.0000 1.8487 1.0613 0.0372 6
0.0000 1.8329 1.0514 0.1107 7
0.0000 1.8477 1.0595 0.1863 7
0.0000 1.8430 1.0559 0.2608 9
0.0000 1.8583 1.0639 0.3391 5
0.0000 1.8608 1.0648 0.4167 6
0.0000 1.8412 1.0532 -0.1112 5
0.0000 1.8440 1.0543 0.4904 9
0.0000 1.8472 1.0558 -0.0371 4
0.0000 1.8518 1.0580 0.5715 13
0.0000 1.8628 1.0608 0.0374 7
0.0000 1.8486 1.0523 0.1115 7
0.0000 1.8687 1.0628 0.1881 7
0.0000 1.8708 1.0632 0.2642 9
0.0000 1.8584 1.0557 0.3385 5
0.0000 1.8764 1.0651 0.4194 7
0.0000 1.8674 1.0595 -0.1125 7
0.0000 1.8680 1.0594 0.4958 9
0.0000 1.8612 1.0556 -0.0373 4
0.0000 1.8688 1.0595 0.5756 9
0.0000 1.8785 1.0615 0.0377 7
0.0000 1.8731 1.0576 0.1127 8
0.0000 1.8672 1.0534 0.1876 7
0.0000 1.8813 1.0609 0.2652 9
0.0000 1.8862 1.0628 0.3429 5
0.0000 1.8902 1.0646 0.4217 7
0.0000 1.8831 1.0602 -0.1133 7
0.0000 1.8834 1.0599 0.4989 10
0.0000 1.8718 1.0530 -0.0375 4
0.0000 1.8657 1.0491 0.5735 6
0.0000 1.8857 1.0569 0.0377 8
0.0000 1.8959 1.0618 0.1139 8
0.0000 1.8932 1.0598 0.1898 7
0.0000 1.8988 1.0621 0.2671 9
0.0000 1.8985 1.0610 0.3445 5
0.0000 1.8905 1.0561 0.4209 7
0.0000 1.8938 1.0575 -0.1137 8
0.0000 1.8990 1.0600 0.5021 10
0.0000 1.8947 1.0572 -0.0379 4
0.0000 1.8964 1.0577 0.5818 3
0.0000 1.8998 1.0561 0.0379 7
0.0000 1.9066 1.0590 0.1143 9
0.0000 1.9161 1.0639 0.1917 7
0.0000 1.9164 1.0632 0.2691 10
0.0000 1.9195 1.0640 0.3476 6
0.0000 1.9079 1.0571 0.4240 7
0.0000 1.8992 1.0519 -0.1138 8
0.0000 1.9146 1.0600 0.5052 10
0.0000 1.9054 1.0544 -0.0380 4
0.0000 1.9102 1.0567 0.5849 9
0.0000 1.9315 1.0649 0.0385 8
0.0000 1.9121 1.0533 0.1144 8
0.0000 1.9268 1.0610 0.1924 8
0.0000 1.9236 1.0584 0.2696 9
0.0000 1.9318 1.0620 0.3492 6
0.0000 1.9408 1.0665 0.4305 7
0.0000 1.9204 1.0548 -0.1148 8
0.0000 1.9285 1.0589 0.5079 9
0.0000 1.9213 1.0545 -0.0383 5
0.0000 1.9274 1.0574 0.5891 9
0.0000 1.9458 1.0640 0.0387 8
0.0000 1.9245 1.0514 0.1149 8
0.0000 1.9427 1.0610 0.1937 8
0.0000 1.9412 1.0593 0.2715 9
0.0000 1.9390 1.0572 0.3498 7
0.0000 1.9514 1.0635 0.4320 7
0.0000 1.9416 1.0577 -0.1159 8
0.0000 1.9459 1.0596 0.5115 10
0.0000 1.9302 1.0507 -0.0384 5
0.0000 1.9447 1.0581 0.5932 9
0.0000 1.9526 1.0597 0.0388 8
0.0000 1.9489 1.0568 0.1162 9
0.0000 1.9495 1.0568 0.1940 8
0.0000 1.9620 1.0626 0.2740 10
0.0000 1.9632 1.0624 0.3535 8
0.0000 1.9651 1.0630 0.4343 7
0.0000 1.9589 1.0592 -0.1167 8
0.0000 1.9612 1.0600 0.5147 10
0.0000 1.9511 1.0541 -0.0387 5
0.0000 1.9480 1.0520 0.5932 9
0.0000 1.9633 1.0567 0.0389 8
0.0000 1.9666 1.0576 0.1170 8
0.0000 1.9585 1.0528 0.1945 9
0.0000 1.9727 1.0595 0.2749 9
0.0000 1.9843 1.0648 0.3567 7
0.0000 1.9671 1.0552 0.4339 7
0.0000 1.9749 1.0590 -0.1174 8
0.0000 1.9769 1.0596 0.5178 9
0.0000 1.9707 1.0558 -0.0390 5
0.0000 1.9687 1.0543 0.5984 9
0.0000 1.9811 1.0574 0.0392 8
0.0000 1.9826 1.0573 0.1178 8
0.0000 1.9903 1.0609 0.1973 9
0.0000 1.9869 1.0582 0.2764 9
0.0000 2.0037 1.0663 0.3595 7
0.0000 1.9950 1.0612 0.4392 8
0.0000 1.9857 1.0558 -0.1179 8
0.0000 1.9910 1.0582 0.5205 10
0.0000 1.9991 1.0620 -0.0395 5
0.0000 1.9877 1.0556 0.6030 10
0.0000 2.0007 1.0589 0.0395 8
0.0000 1.9934 1.0541 0.1182 9
0.0000 2.0116 1.0633 0.1991 10
0.0000 2.0063 1.0596 0.2786 10
0.0000 2.0231 1.0676 0.3623 7
0.0000 2.0161 1.0634 0.4431 8
0.0000 2.0176 1.0638 -0.1195 8
0.0000 2.0015 1.0548 0.5223 11
0.0000 2.0116 1.0597 -0.0397 6
0.0000 2.0136 1.0603 0.6098 11
0.0000 2.0239 1.0621 0.0399 8
0.0000 2.0128 1.0558 0.1191 9
0.0000 2.0329 1.0655 0.2008 10
0.0000 2.0241 1.0600 0.2805 12
0.0000 2.0231 1.0590 0.3617 8
0.0000 2.0389 1.0664 0.4473 8
0.0000 2.0302 1.0613 -0.1201 8
0.0000 2.0190 1.0551 0.5259 12
0.0000 2.0169 1.0539 -0.0397 6
0.0000 2.0291 1.0599 0.6134 10
0.0000 2.0380 1.0609 0.0401 9
0.0000 2.0359 1.0589 0.1203 11
0.0000 2.0384 1.0593 0.2010 12
0.0000 2.0470 1.0633 0.2832 13
0.0000 2.0514 1.0647 0.3661 8
0.0000 2.0546 1.0659 0.4499 9
0.0000 2.0461 1.0610 -0.1208 11
0.0000 2.0450 1.0600 0.5318 12
0.0000 2.0383 1.0561 -0.0401 7
0.0000 2.0362 1.0546 0.6144 10
0.0000 2.0524 1.0593 0.0403 9
0.0000 2.0574 1.0610 0.1213 10
0.0000 2.0632 1.0635 0.2031 13
0.0000 2.0613 1.0616 0.2847 13
0.0000 2.0709 1.0657 0.3689 8
0.0000 2.0723 1.0659 0.4530 10
0.0000 2.0675 1.0630 -0.1218 10
0.0000 2.0747 1.0662 0.5385 13
0.0000 2.0562 1.0563 -0.0403 7
0.0000 2.0622 1.0589 0.6212 10
0.0000 2.0650 1.0567 0.0405 10
0.0000 2.0717 1.0592 0.1219 10
0.0000 2.0810 1.0636 0.2045 12
0.0000 2.0720 1.0580 0.2857 13
0.0000 2.0886 1.0656 0.3714 8
0.0000 2.0830 1.0623 0.4545 10
0.0000 2.0784 1.0594 -0.1223 10
0.0000 2.0853 1.0625 0.5403 12
0.0000 2.0777 1.0582 -0.0407 7
0.0000 2.0831 1.0605 0.6263 10
0.0000 2.0918 1.0613 0.0409 11
0.0000 2.0754 1.0520 0.1219 11
0.0000 2.1061 1.0671 0.2066 12
0.0000 2.1005 1.0633 0.2891 13
0.0000 2.1065 1.0654 0.3739 8
0.0000 2.1112 1.0674 0.4598 10
0.0000 2.0999 1.0612 -0.1233 9
0.0000 2.1030 1.0623 0.5439 13
0.0000 2.1010 1.0608 -0.0411 7
0.0000 2.1023 1.0610 0.6310 11
0.0000 2.1188 1.0656 0.0414 11
0.0000 2.0987 1.0546 0.1231 11
0.0000 2.1240 1.0669 0.2080 13
0.0000 2.1255 1.0667 0.2920 13
0.0000 2.1119 1.0590 0.3742 8
0.0000 1.8612 0.9332 -0.1822 1
0.0000 2.1325 1.0688 0.4637 11
0.0000 2.1196 1.0619 -0.1242 8
0.0000 2.1276 1.0654 0.5493 13
0.0000 2.1083 1.0553 -0.0412 7
0.0000 2.1285 1.0649 0.6377 12
0.0000 2.1368 1.0654 0.0417 11
0.0000 2.1256 1.0589 0.1245 13
0.0000 2.1349 1.0630 0.2087 12
0.0000 2.1434 1.0663 0.2939 14
0.0000 2.1457 1.0665 0.3795 8
0.0000 1.8573 0.9232 -0.1815 1
0.0000 2.1468 1.0666 0.4660 12
0.0000 2.1591 1.0723 -0.1263 8
0.0000 2.1417 1.0632 0.5520 12
0.0000 2.1263 1.0550 -0.0414 8
0.0000 2.1530 1.0678 0.6439 14
0.0000 2.1477 1.0614 0.0418 11
0.0000 2.1454 1.0594 0.1254 13
0.0000 2.1529 1.0626 0.2100 13
0.0000 2.1667 1.0685 0.2966 14
0.0000 2.1618 1.0651 0.3817 9
0.0000 1.8605 0.9167 -0.1815 2
0.0000 2.1610 1.0643 0.4682 11
0.0000 2.1754 1.0709 -0.1271 13
0.0000 2.1734 1.0695 0.5592 13
0.0000 2.1622 1.0635 -0.0421 8
0.0000 2.1810 1.0722 0.6512 14
0.0000 2.1711 1.0636 0.0422 12
0.0000 2.1633 1.0593 0.1262 12
0.0000 2.1852 1.0691 0.2128 12
0.0000 2.1686 1.0601 0.2964 13
0.0000 2.1902 1.0701 0.3861 10
0.0000 1.8780 0.9172 -0.1829 1
0.0000 2.1842 1.0662 0.4724 13
0.0000 2.1917 1.0694 -0.1278 8
0.0000 2.1910 1.0691 0.5628 13
0.0000 2.1927 1.0695 -0.0426 8
0.0000 2.2262 1.0853 0.6636 14
0.0000 2.1944 1.0660 0.0426 12
0.0000 2.1704 1.0539 0.1264 12
0.0000 2.2067 1.0705 0.2146 15
0.0000 2.2079 1.0702 0.3013 13
0.0000 2.2115 1.0715 0.3892 10
0.0000 1.8810 0.9110 -0.1829 1
0.0000 2.2107 1.0701 0.4774 12
0.0000 2.2042 1.0665 -0.1283 8
0.0000 2.2068 1.0677 0.5660 12
0.0000 2.2035 1.0657 -0.0427 8
0.0000 2.2332 1.0796 0.6646 11
0.0000 2.2195 1.0691 0.0430 12
0.0000 2.1956 1.0567 0.1277 13
0.0000 2.2299 1.0727 0.2165 14
0.0000 2.2329 1.0732 0.3042 13
0.0000 2.2259 1.0689 0.3911 10
0.0000 1.8824 0.9035 -0.1827 1
0.0000 2.2425 1.0764 0.4835 11
0.0000 2.2365 1.0730 -0.1300 8
0.0000 2.2474 1.0777 0.5754 12
0.0000 2.2198 1.0640 -0.0430 9
0.0000 2.2492 1.0776 0.6683 8
0.0000 2.2575 1.0778 0.0437 12
0.0000 2.2480 1.0722 0.1305 14
0.0000 2.2752 1.0843 0.2205 16
0.0000 2.2796 1.0859 0.3100 16
0.0000 2.2813 1.0857 0.4002 12
0.0000 1.8694 0.8892 -0.1811 2
0.0000 2.2801 1.0841 0.4908 14
0.0000 2.2801 1.0837 -0.1323 10
0.0000 2.2724 1.0795 0.5808 13
0.0000 2.2632 1.0751 -0.0437 9
0.0000 2.2564 1.0714 0.6693 3
0.0000 2.2705 1.0738 0.0438 13
0.0000 2.2824 1.0789 0.1323 14
0.0000 2.2970 1.0848 0.2222 16
0.0000 2.2926 1.0817 0.3113 16
0.0000 2.2958 1.0828 0.4020 12
0.0000 1.8779 0.8853 -0.1816 2
0.0000 2.2874 1.0779 0.4915 14
0.0000 2.2983 1.0825 -0.1331 9
0.0000 2.2974 1.0815 0.5862 14
0.0000 2.2869 1.0766 -0.0441 11
0.0000 2.3441 1.1030 0.6942 1
0.0000 2.2958 1.0764 0.0443 15
0.0000 2.3042 1.0794 0.1334 14
0.0000 2.3116 1.0819 0.2233 15
0.0000 2.3105 1.0809 0.3132 16
0.0000 2.3211 1.0848 0.4058 13
0.0000 1.8828 0.8795 -0.1818 2
0.0000 2.3124 1.0802 0.4961 16
0.0000 2.3055 1.0766 -0.1334 8
0.0000 2.3133 1.0797 0.5894 14
0.0000 2.3051 1.0754 -0.0444 9
0.0000 2.3231 1.0793 0.0447 15
0.0000 2.3044 1.0696 0.1331 15
0.0000 2.3333 1.0826 0.2250 15
0.0000 2.3251 1.0778 0.3147 14
0.0000 2.3392 1.0833 0.4083 12
0.0000 1.8840 0.8721 -0.1816 2
0.0000 2.3375 1.0821 0.5007 14
0.0000 2.3292 1.0777 -0.1345 8
0.0000 2.3206 1.0732 0.5903 13
0.0000 2.3234 1.0740 -0.0447 11
0.0000 2.3523 1.0829 0.0452 14
0.0000 2.3299 1.0716 0.1344 15
0.0000 2.3481 1.0790 0.2261 13
0.0000 2.3559 1.0821 0.3183 14
0.0000 2.3483 1.0776 0.4092 11
0.0000 1.8888 0.8664 -0.1818 2
0.0000 2.3521 1.0784 0.5030 14
0.0000 2.3459 1.0750 -0.1352 6
0.0000 2.3280 1.0664 0.5912 13
0.0000 2.3344 1.0693 -0.0448 10
0.0000 2.5698 1.1765 0.7573 1
0.0000 2.3672 1.0793 0.0454 14
0.0000 2.3408 1.0668 0.1348 14
0.0000 2.3410 1.0658 0.2250 13
0.0000 2.3038 1.0480 0.3108 11
0.0000 2.2856 1.0392 0.3977 11
0.0000 1.8773 0.8532 -0.1804 2
0.0000 2.2665 1.0296 0.4839 14
0.0000 2.3314 1.0586 -0.1342 8
0.0000 2.2411 1.0175 0.5682 26
0.0000 2.3235 1.0545 -0.0445 10
0.0000 2.6618 1.2075 0.7832 1
0.0000 2.2486 1.0162 0.0431 20
0.0000 2.2588 1.0204 0.1299 23
0.0000 0.8696 0.3926 -0.1855 3
0.0000 2.2700 1.0245 0.2179 25
0.0000 1.0228 0.4614 -0.1777 2
0.0000 2.2548 1.0167 0.3037 23
0.0000 2.2620 1.0194 0.3930 27
0.0000 1.9110 0.8609 -0.1834 2
0.0000 2.2431 1.0100 0.4782 19
0.0000 2.2515 1.0133 0.5700 24
0.0000 2.2522 1.0131 -0.0431 19
0.0000 2.6482 1.1907 0.7780 1
0.0000 2.2593 1.0121 0.0432 28
0.0000 2.2531 1.0088 0.1294 24
0.0000 0.8960 0.4010 -0.1908 2
0.0000 2.2734 1.0169 0.2179 28
0.0000 1.0351 0.4628 -0.1796 2
0.0000 2.2491 1.0051 0.3025 25
0.0000 2.2671 1.0127 0.3933 24
0.0000 1.9521 0.8716 -0.1870 3
0.0000 2.2518 1.0049 0.4793 26
0.0000 2.2563 1.0065 -0.1295 28
0.0000 2.2549 1.0058 0.5700 25
0.0000 2.2665 1.0106 -0.0433 23
0.0000 2.6274 1.1709 0.7708 1
0.0000 2.2626 1.0046 0.0432 29
0.0000 0.8496 0.3770 -0.2146 3
0.0000 2.2400 0.9940 0.1284 23
0.0000 0.9224 0.4092 -0.1962 2
0.0000 2.2640 1.0037 0.2167 28
0.0000 1.0330 0.4578 -0.1790 2
0.0000 2.2506 0.9969 0.3022 23
0.0000 2.2578 0.9996 0.3911 26
0.0000 1.9696 0.8716 -0.1884 3
0.0000 2.2641 1.0014 0.4812 29
0.0000 2.2505 0.9949 -0.1290 30
0.0000 2.2422 0.9913 0.5660 27
0.0000 2.2553 0.9966 -0.0430 25
0.0000 2.6560 1.1731 0.7780 1
0.0000 2.2700 0.9979 0.0433 28
0.0000 0.7618 0.3347 -0.1921 6
0.0000 2.2456 0.9862 0.1285 24
0.0000 0.8593 0.3772 -0.1824 3
0.0000 2.2622 0.9930 0.2161 29
0.0000 1.0383 0.4556 -0.1796 2
0.0000 2.2561 0.9894 0.3025 28
0.0000 2.2472 0.9846 0.3886 28
0.0000 1.9583 0.8576 -0.1870 3
0.0000 2.2715 0.9943 0.4820 30
0.0000 2.2543 0.9863 -0.1290 30
0.0000 2.2531 0.9858 0.5678 27
0.0000 2.2371 0.9783 -0.0426 26
0.0000 2.6322 1.1505 0.7697 1
0.0000 2.2589 0.9832 0.0430 30
0.0000 0.7881 0.3428 -0.1984 5
0.0000 2.2492 0.9780 0.1285 25
0.0000 0.8607 0.3741 -0.1824 3
0.0000 2.2512 0.9784 0.2148 30
0.0000 1.0291 0.4470 -0.1777 2
0.0000 2.2560 0.9796 0.3020 27
0.0000 2.2526 0.9771 0.3889 28
0.0000 1.9651 0.8520 -0.1874 3
0.0000 2.2679 0.9828 0.4805 31
0.0000 2.2616 0.9796 -0.1292 31
0.0000 2.2495 0.9744 0.5660 27
0.0000 2.2462 0.9725 -0.0427 28
0.0000 2.6364 1.1409 0.7697 1
0.0000 2.2552 0.9717 0.0429 31
0.0000 0.8537 0.3677 -0.2146 3
0.0000 2.2471 0.9678 0.1282 28
0.0000 0.8764 0.3773 -0.1855 3
0.0000 2.2621 0.9733 0.2154 29
0.0000 1.0162 0.4370 -0.1752 2
0.0000 2.2596 0.9713 0.3020 26
0.0000 1.3551 0.5822 -0.1811 2
0.0000 2.2578 0.9700 0.3892 28
0.0000 1.9900 0.8546 -0.1895 3
0.0000 2.2587 0.9695 0.4778 31
0.0000 2.2631 0.9709 -0.1291 31
0.0000 2.2585 0.9685 0.5673 30
0.0000 2.2550 0.9670 -0.0428 30
0.0000 2.6404 1.1317 0.7697 1
0.0000 2.2510 0.9611 0.0427 32
0.0000 0.7402 0.3159 -0.1858 6
0.0000 2.2468 0.9583 0.1280 29
0.0000 0.8777 0.3742 -0.1855 3
0.0000 2.2655 0.9654 0.2154 30
0.0000 1.0395 0.4429 -0.1790 2
0.0000 2.2482 0.9576 0.3000 26
0.0000 1.3607 0.5793 -0.1816 2
0.0000 2.2630 0.9629 0.3895 30
0.0000 2.0040 0.8523 -0.1905 3
0.0000 2.2583 0.9605 0.4770 32
0.0000 2.2590 0.9603 -0.1286 31
0.0000 2.2509 0.9564 0.5646 30
0.0000 2.2621 0.9607 -0.0429 31
0.0000 2.6265 1.1149 0.7646 1
0.0000 2.2544 0.9532 0.0427 32
0.0000 0.8562 0.3619 -0.2146 3
0.0000 2.2446 0.9482 0.1277 29
0.0000 0.8789 0.3713 -0.1855 3
0.0000 2.2687 0.9579 0.2154 30
0.0000 1.0410 0.4393 -0.1790 2
0.0000 2.2516 0.9497 0.3000 28
0.0000 1.3518 0.5699 -0.1801 2
0.0000 2.2645 0.9542 0.3892 31
0.0000 1.9884 0.8379 -0.1888 3
0.0000 2.2689 0.9556 0.4785 31
0.0000 2.2587 0.9508 -0.1284 32
0.0000 2.2489 0.9463 0.5633 30
0.0000 2.2544 0.9481 -0.0427 30
0.0000 2.6696 1.1222 0.7759 7
0.0000 2.2614 0.9469 0.0428 30
0.0000 0.7856 0.3288 -0.1966 5
0.0000 2.2461 0.9396 0.1276 31
0.0000 0.8947 0.3743 -0.1885 3
0.0000 2.2573 0.9438 0.2141 31
0.0000 1.0571 0.4418 -0.1815 2
0.0000 2.2549 0.9418 0.3000 28
0.0000 1.3794 0.5759 -0.1835 2
0.0000 2.2478 0.9380 0.3858 29
0.0000 1.9766 0.8248 -0.1874 3
0.0000 2.2650 0.9447 0.4770 34
0.0000 2.2620 0.9430 -0.1284 31
0.0000 2.2521 0.9384 0.5633 31
0.0000 2.2503 0.9372 -0.0425 31
0.0000 2.6753 1.1136 0.7765 19
0.0000 2.2610 0.9375 0.0427 33
0.0000 0.8587 0.3559 -0.2146 3
0.0000 2.2549 0.9340 0.1279 31
0.0000 0.8924 0.3696 -0.1878 3
0.0000 2.2495 0.9313 0.2130 31
0.0000 1.0258 0.4245 -0.1758 2
0.0000 2.2655 0.9370 0.3010 28
0.0000 1.3814 0.5711 -0.1835 2
0.0000 2.2584 0.9331 0.3870 29
0.0000 2.0090 0.8301 -0.1902 3
0.0000 2.2646 0.9353 0.4763 33
0.0000 2.2689 0.9366 -0.1286 31
0.0000 2.2572 0.9313 0.5637 30
0.0000 2.2498 0.9278 -0.0425 31
0.0000 2.6934 1.1101 0.7806 4
0.0000 2.2531 0.9250 0.0425 32
0.0000 0.8023 0.3292 -0.2002 5
0.0000 2.2507 0.9231 0.1275 30
0.0000 0.9009 0.3695 -0.1893 2
0.0000 2.2601 0.9265 0.2137 31
0.0000 1.0346 0.4239 -0.1771 2
0.0000 2.2614 0.9261 0.3000 27
0.0000 1.3650 0.5587 -0.1811 2
0.0000 2.2598 0.9245 0.3867 31
0.0000 1.9971 0.8170 -0.1888 3
0.0000 2.2606 0.9244 0.4747 32
0.0000 2.2685 0.9271 -0.1284 31
0.0000 2.2550 0.9212 0.5624 31
0.0000 2.2623 0.9237 -0.0427 32
0.0000 2.7116 1.1066 0.7847 3
0.0000 2.2601 0.9186 0.0426 33
0.0000 0.8034 0.3264 -0.2002 5
0.0000 2.2501 0.9141 0.1273 30
0.0000 0.8950 0.3634 -0.1878 3
0.0000 2.2634 0.9186 0.2137 29
0.0000 1.0361 0.4203 -0.1771 2
0.0000 2.2499 0.9122 0.2981 29
0.0000 1.3780 0.5584 -0.1826 1
0.0000 2.2592 0.9155 0.3861 31
0.0000 2.0073 0.8130 -0.1895 3
0.0000 2.2602 0.9150 0.4740 33
0.0000 2.2569 0.9132 -0.1276 33
0.0000 2.2564 0.9126 0.5619 30
0.0000 2.2635 0.9154 -0.0426 31
0.0000 2.2538 0.9074 0.0424 34
0.0000 0.7900 0.3179 -0.1966 5
0.0000 2.2347 0.8988 0.1262 32
0.0000 0.8926 0.3588 -0.1870 3
0.0000 2.2666 0.9107 0.2137 32
0.0000 1.0521 0.4227 -0.1796 2
0.0000 2.2474 0.9025 0.2974 30
0.0000 1.3467 0.5405 -0.1782 1
0.0000 2.2660 0.9091 0.3867 32
0.0000 1.9990 0.8016 -0.1884 3
0.0000 2.2668 0.9090 0.4747 34
0.0000 2.2599 0.9057 -0.1276 31
0.0000 2.2432 0.8986 0.5579 31
0.0000 2.2574 0.9038 -0.0424 33
0.0000 2.4106 0.9646 0.6957 40
0.0000 2.2570 0.8995 0.0424 35
0.0000 0.8273 0.3296 -0.2056 4
0.0000 2.2490 0.8954 0.1269 32
0.0000 0.8865 0.3529 -0.1855 3
0.0000 2.2659 0.9017 0.2134 30
0.0000 1.0536 0.4191 -0.1796 2
0.0000 2.2523 0.8954 0.2976 28
0.0000 1.3744 0.5461 -0.1816 2
0.0000 2.2563 0.8961 0.3845 28
0.0000 2.0054 0.7964 -0.1888 3
0.0000 2.2590 0.8967 0.4724 34
0.0000 2.2501 0.8927 -0.1269 33
0.0000 2.2535 0.8936 0.5597 30
0.0000 2.2550 0.8937 -0.0423 31
0.0000 2.4067 0.9534 0.6936 27
0.0000 2.2601 0.8916 0.0424 32
0.0000 0.7922 0.3124 -0.1966 5
0.0000 2.2447 0.8846 0.1264 30
0.0000 0.8986 0.3542 -0.1878 3
0.0000 2.2579 0.8894 0.2123 31
0.0000 1.0403 0.4096 -0.1771 2
0.0000 2.2555 0.8875 0.2976 28
0.0000 1.3689 0.5384 -0.1806 1
0.0000 2.2576 0.8875 0.3842 31
0.0000 1.9878 0.7814 -0.1869 3
0.0000 2.2585 0.8874 0.4717 34
0.0000 2.2699 0.8914 -0.1278 32
0.0000 2.2494 0.8829 0.5579 31
0.0000 2.2506 0.8829 -0.0422 30
0.0000 2.3939 0.9386 0.6890 34
0.0000 2.2520 0.8794 0.0422 32
0.0000 0.8296 0.3238 -0.2056 4
0.0000 2.2513 0.8786 0.1267 30
0.0000 0.9109 0.3553 -0.1900 2
0.0000 2.2573 0.8801 0.2120 29
0.0000 1.0381 0.4045 -0.1765 2
0.0000 2.2548 0.8782 0.2971 29
0.0000 1.3893 0.5408 -0.1830 1
0.0000 2.2550 0.8778 0.3833 30
0.0000 1.9886 0.7737 -0.1867 3
0.0000 2.2579 0.8781 0.4709 34
0.0000 2.2656 0.8806 -0.1274 32
0.0000 2.2597 0.8778 0.5597 31
0.0000 2.2591 0.8776 -0.0423 32
0.0000 2.2549 0.8719 0.0422 31
0.0000 0.7943 0.3070 -0.1966 5
0.0000 2.2432 0.8665 0.1260 29
0.0000 0.9121 0.3521 -0.1900 2
0.0000 2.2640 0.8736 0.2123 32
0.0000 1.0578 0.4082 -0.1796 2
0.0000 2.2448 0.8657 0.2954 30
0.0000 1.3873 0.5348 -0.1826 1
0.0000 2.2710 0.8749 0.3855 31
0.0000 1.9839 0.7639 -0.1860 3
0.0000 2.2572 0.8692 0.4702 34
0.0000 2.2629 0.8709 -0.1271 30
0.0000 2.2517 0.8661 0.5570 31
0.0000 2.2585 0.8683 -0.0422 33
0.0000 2.2598 0.8648 0.0422 35
0.0000 0.8318 0.3181 -0.2056 4
0.0000 2.2387 0.8558 0.1256 30
0.0000 0.9133 0.3491 -0.1900 2
0.0000 2.2632 0.8647 0.2120 31
0.0000 1.0556 0.4031 -0.1790 2
0.0000 2.2459 0.8572 0.2952 29
0.0000 1.3669 0.5214 -0.1796 1
0.0000 2.2611 0.8621 0.3833 29
0.0000 2.0162 0.7687 -0.1888 3
0.0000 2.2602 0.8613 0.4702 34
0.0000 2.2510 0.8573 -0.1262 31
0.0000 2.2474 0.8555 0.5552 31
0.0000 2.2596 0.8597 -0.0422 31
0.0000 2.4485 0.9311 0.7019 14
0.0000 2.2647 0.8576 0.0423 33
0.0000 0.8110 0.3070 -0.2002 5
0.0000 2.2417 0.8480 0.1256 30
0.0000 0.8924 0.3376 -0.1855 3
0.0000 2.2662 0.8568 0.2120 28
0.0000 1.0570 0.3994 -0.1790 2
0.0000 2.2563 0.8521 0.2961 28
0.0000 1.3799 0.5209 -0.1811 1
0.0000 2.2585 0.8521 0.3823 28
0.0000 2.0300 0.7659 -0.1898 3
0.0000 2.2632 0.8534 0.4702 32
0.0000 2.2465 0.8466 -0.1258 30
0.0000 2.2486 0.8470 0.5547 30
0.0000 2.2532 0.8483 -0.0420 32
0.0000 2.4228 0.9117 0.6936 40
0.0000 2.2602 0.8469 0.0421 32
0.0000 0.8231 0.3082 -0.2029 5
0.0000 2.2446 0.8401 0.1256 30
0.0000 0.8936 0.3345 -0.1855 3
0.0000 2.2561 0.8440 0.2107 28
0.0000 1.0473 0.3916 -0.1771 2
0.0000 2.2519 0.8415 0.2952 28
0.0000 1.3780 0.5147 -0.1806 1
0.0000 2.2559 0.8421 0.3814 28
0.0000 2.0327 0.7588 -0.1898 3
0.0000 2.2661 0.8455 0.4702 32
0.0000 2.2606 0.8430 -0.1264 28
0.0000 2.2460 0.8371 0.5534 33
0.0000 2.2599 0.8418 -0.0421 33
0.0000 2.4387 0.9079 0.6973 20
0.0000 2.2556 0.8362 0.0420 34
0.0000 0.7986 0.2959 -0.1966 5
0.0000 2.2513 0.8337 0.1258 32
0.0000 0.9205 0.3409 -0.1908 2
0.0000 2.2572 0.8354 0.2106 31
0.0000 1.0671 0.3947 -0.1802 2
0.0000 2.2511 0.8322 0.2947 29
0.0000 1.4021 0.5181 -0.1835 1
0.0000 2.2626 0.8356 0.3820 29
0.0000 2.0204 0.7462 -0.1884 3
0.0000 2.2544 0.8321 0.4671 34
0.0000 2.2486 0.8295 -0.1256 30
0.0000 2.2563 0.8319 0.5552 31
0.0000 2.2554 0.8312 -0.0420 33
0.0000 2.4980 0.9201 0.7133 25
0.0000 0.6003 0.2203 -0.1713 9
0.0000 2.2510 0.8255 0.0419 34
0.0000 0.7813 0.2864 -0.1921 6
0.0000 2.2466 0.8235 0.1254 31
0.0000 0.9107 0.3336 -0.1885 3
0.0000 2.2601 0.8275 0.2106 29
0.0000 1.0388 0.3802 -0.1752 2
0.0000 2.2446 0.8210 0.2935 31
0.0000 1.3853 0.5064 -0.1811 2
0.0000 2.2579 0.8254 0.3808 30
0.0000 2.0342 0.7432 -0.1895 3
0.0000 2.2462 0.8202 0.4648 36
0.0000 2.2440 0.8189 -0.1252 29
0.0000 2.2591 0.8240 0.5552 31
0.0000 2.2619 0.8250 -0.0420 33
0.0000 2.4938 0.9092 0.7112 8
0.0000 0.6011 0.2182 -0.1713 9
0.0000 2.2575 0.8194 0.0419 34
0.0000 0.8005 0.2904 -0.1966 5
0.0000 2.2382 0.8115 0.1248 30
0.0000 0.9266 0.3358 -0.1916 2
0.0000 2.2667 0.8210 0.2109 29
0.0000 1.0605 0.3841 -0.1786 2
0.0000 2.2548 0.8162 0.2944 32
0.0000 1.3645 0.4937 -0.1782 2
0.0000 2.2626 0.8182 0.3811 32
0.0000 2.0443 0.7388 -0.1902 3
0.0000 2.2563 0.8154 0.4663 34
0.0000 2.2467 0.8115 -0.1252 29
0.0000 2.2435 0.8099 0.5507 33
0.0000 2.2572 0.8144 -0.0419 32
0.0000 2.4842 0.8959 0.7076 25
0.0000 0.6018 0.2162 -0.1713 9
0.0000 2.2566 0.8102 0.0419 32
0.0000 0.8272 0.2968 -0.2029 5
0.0000 2.2410 0.8037 0.1248 30
0.0000 0.8981 0.3221 -0.1855 3
0.0000 2.2619 0.8108 0.2102 31
0.0000 1.0656 0.3817 -0.1793 2
0.0000 2.2539 0.8070 0.2939 32
0.0000 1.3737 0.4916 -0.1791 1
0.0000 2.2580 0.8076 0.3798 31
0.0000 2.0242 0.7240 -0.1881 3
0.0000 2.2665 0.8102 0.4679 34
0.0000 2.2419 0.8010 -0.1248 31
0.0000 2.2390 0.7995 0.5489 31
0.0000 2.2525 0.8039 -0.0417 33
0.0000 2.3181 0.8268 0.6595 40
0.0000 2.2575 0.8017 0.0418 35
0.0000 0.8393 0.2979 -0.2056 4
0.0000 2.2456 0.7965 0.1249 32
0.0000 0.9252 0.3282 -0.1908 2
0.0000 2.2535 0.7989 0.2092 31
0.0000 1.0632 0.3767 -0.1786 2
0.0000 2.2604 0.8005 0.2944 32
0.0000 1.3680 0.4841 -0.1782 1
0.0000 2.2534 0.7971 0.3786 31
0.0000 2.0380 0.7209 -0.1891 3
0.0000 2.2619 0.7997 0.4663 35
0.0000 2.2523 0.7958 -0.1252 30
0.0000 2.2528 0.7956 0.5516 31
0.0000 2.2609 0.7980 -0.0419 34
0.0000 2.3064 0.8136 0.6553 30
0.0000 2.2471 0.7891 0.0416 32
0.0000 0.8514 0.2988 -0.2083 4
0.0000 2.2465 0.7880 0.1248 31
0.0000 0.9448 0.3314 -0.1946 2
0.0000 2.2619 0.7930 0.2097 28
0.0000 1.0645 0.3730 -0.1786 2
0.0000 2.2557 0.7899 0.2935 31
0.0000 1.3959 0.4886 -0.1816 1
0.0000 2.2617 0.7912 0.3795 30
0.0000 2.0179 0.7059 -0.1870 3
0.0000 2.2462 0.7853 0.4625 36
0.0000 2.2513 0.7866 -0.1250 29
0.0000 2.2813 0.7967 0.5579 31
0.0000 2.2486 0.7848 -0.0416 31
0.0000 2.4297 0.8475 0.6895 11
0.0000 2.2574 0.7839 0.0417 33
0.0000 0.8413 0.2920 -0.2056 4
0.0000 2.2455 0.7789 0.1246 30
0.0000 0.9274 0.3217 -0.1908 2
0.0000 2.2627 0.7844 0.2095 30
0.0000 1.0676 0.3699 -0.1790 2
0.0000 2.2472 0.7782 0.2920 31
0.0000 1.3751 0.4759 -0.1787 1
0.0000 2.2701 0.7852 0.3804 31
0.0000 2.0543 0.7106 -0.1902 3
0.0000 2.2600 0.7813 0.4648 36
0.0000 2.2427 0.7748 -0.1244 31
0.0000 2.3154 0.7995 0.5655 18
0.0000 2.2646 0.7815 -0.0418 35
0.0000 2.3285 0.8031 0.6600 25
0.0000 0.6048 0.2078 -0.1713 9
0.0000 2.2526 0.7734 0.0416 32
0.0000 0.8313 0.2853 -0.2029 5
0.0000 2.2331 0.7659 0.1237 31
0.0000 0.9137 0.3134 -0.1878 3
0.0000 2.2692 0.7778 0.2099 30
0.0000 1.0652 0.3649 -0.1783 2
0.0000 2.2556 0.7723 0.2927 33
0.0000 1.3992 0.4788 -0.1816 1
0.0000 2.2653 0.7747 0.3792 31
0.0000 2.0907 0.7150 -0.1933 3
0.0000 2.2534 0.7702 0.4629 37
0.0000 2.2416 0.7657 -0.1241 31
0.0000 2.3311 0.7958 0.5687 35
0.0000 2.2559 0.7697 -0.0416 32
0.0000 2.3203 0.7913 0.6569 47
0.0000 2.2628 0.7681 0.0417 33
0.0000 0.8434 0.2861 -0.2056 4
0.0000 2.2452 0.7613 0.1242 33
0.0000 0.9036 0.3064 -0.1855 3
0.0000 2.2606 0.7661 0.2088 31
0.0000 1.0590 0.3587 -0.1771 2
0.0000 2.2620 0.7656 0.2932 33
0.0000 1.4084 0.4765 -0.1826 1
0.0000 2.2568 0.7630 0.3773 32
0.0000 2.0403 0.6898 -0.1884 3
0.0000 2.2654 0.7655 0.4648 35
0.0000 2.2518 0.7604 -0.1246 30
0.0000 2.3985 0.8095 0.5844 12
0.0000 2.2510 0.7593 -0.0415 33
0.0000 2.3084 0.7782 0.6527 44
0.0000 2.2541 0.7564 0.0415 34
0.0000 0.8444 0.2832 -0.2056 4
0.0000 2.2441 0.7522 0.1240 33
0.0000 0.9158 0.3070 -0.1878 3
0.0000 2.2557 0.7556 0.2081 32
0.0000 1.0602 0.3550 -0.1771 2
0.0000 2.2609 0.7565 0.2927 33
0.0000 1.3988 0.4678 -0.1811 1
0.0000 2.2557 0.7539 0.3767 31
0.0000 2.0314 0.6789 -0.1874 3
0.0000 2.2643 0.7563 0.4640 34
0.0000 2.2507 0.7513 -0.1244 32
0.0000 2.4124 0.8048 0.5871 35
0.0000 2.2499 0.7502 -0.0414 33
0.0000 2.3130 0.7708 0.6533 39
0.0000 2.2491 0.7460 0.0414 32
0.0000 0.7898 0.2618 -0.1921 6
0.0000 2.2486 0.7449 0.1241 31
0.0000 0.9132 0.3025 -0.1870 3
0.0000 2.2546 0.7465 0.2078 32
0.0000 1.0502 0.3475 -0.1752 2
0.0000 2.2616 0.7480 0.2925 30
0.0000 1.4004 0.4629 -0.1811 1
0.0000 2.2583 0.7460 0.3767 32
0.0000 2.0375 0.6731 -0.1877 3
0.0000 2.2539 0.7441 0.4614 37
0.0000 2.2646 0.7472 -0.1250 35
0.0000 2.4763 0.8165 0.6020 23
0.0000 2.2639 0.7461 -0.0416 35
0.0000 2.3560 0.7760 0.6646 29
0.0000 0.6076 0.1993 -0.1713 9
0.0000 2.2555 0.7394 0.0414 31
0.0000 0.8315 0.2724 -0.2020 5
0.0000 2.2491 0.7369 0.1240 32
0.0000 0.9142 0.2993 -0.1870 3
0.0000 2.2685 0.7423 0.2088 30
0.0000 1.0589 0.3463 -0.1765 2
0.0000 2.2491 0.7351 0.2905 32
0.0000 1.4019 0.4582 -0.1811 1
0.0000 2.2683 0.7410 0.3779 32
0.0000 2.0285 0.6622 -0.1867 3
0.0000 2.2546 0.7356 0.4610 35
0.0000 2.2501 0.7337 -0.1240 33
0.0000 2.4845 0.8101 0.6033 19
0.0000 2.2530 0.7342 -0.0414 31
0.0000 2.3990 0.7813 0.6760 22
0.0000 2.2523 0.7301 0.0413 33
0.0000 0.8101 0.2625 -0.1966 5
0.0000 2.2345 0.7239 0.1231 28
0.0000 0.9152 0.2963 -0.1870 3
0.0000 2.2710 0.7348 0.2088 30
0.0000 1.0638 0.3440 -0.1771 2
0.0000 2.2478 0.7264 0.2900 32
0.0000 1.4034 0.4536 -0.1811 1
0.0000 2.2613 0.7304 0.3764 30
0.0000 2.0345 0.6567 -0.1870 3
0.0000 2.2571 0.7281 0.4610 32
0.0000 2.2564 0.7275 -0.1242 33
0.0000 2.4668 0.7953 0.5984 5
0.0000 2.2516 0.7255 -0.0413 31
0.0000 2.4586 0.7917 0.6921 9
0.0000 2.2623 0.7250 0.0415 29
0.0000 0.8184 0.2621 -0.1984 5
0.0000 2.2408 0.7173 0.1233 28
0.0000 0.9087 0.2909 -0.1855 3
0.0000 2.2658 0.7249 0.2081 30
0.0000 1.0762 0.3441 -0.1790 2
0.0000 2.2540 0.7202 0.2905 31
0.0000 1.3937 0.4450 -0.1796 1
0.0000 2.2582 0.7207 0.3754 31
0.0000 2.0158 0.6433 -0.1851 3
0.0000 2.2632 0.7218 0.4618 32
0.0000 2.2550 0.7188 -0.1240 32
0.0000 2.2484 0.7158 -0.0412 32
0.0000 2.4024 0.7644 0.6755 20
0.0000 2.2534 0.7135 0.0413 32
0.0000 0.8342 0.2640 -0.2020 5
0.0000 2.2433 0.7095 0.1233 27
0.0000 0.9359 0.2960 -0.1908 2
0.0000 2.2588 0.7139 0.2073 28
0.0000 1.0812 0.3415 -0.1796 2
0.0000 2.2603 0.7135 0.2910 32
0.0000 1.3801 0.4354 -0.1777 1
0.0000 2.2551 0.7110 0.3745 29
0.0000 2.0104 0.6339 -0.1844 3
0.0000 2.4062 0.7582 0.4904 16
0.0000 2.2689 0.7145 -0.1247 33
0.0000 2.4054 0.7570 0.5822 41
0.0000 2.2490 0.7074 -0.0412 29
0.0000 2.4124 0.7583 0.6776 20
0.0000 2.2444 0.7021 0.0410 30
0.0000 0.8128 0.2541 -0.1966 5
0.0000 2.2475 0.7026 0.1234 19
0.0000 0.9370 0.2927 -0.1908 2
0.0000 2.2670 0.7078 0.2078 15
0.0000 1.0560 0.3295 -0.1752 2
0.0000 2.2665 0.7068 0.2915 8
0.0000 1.4005 0.4365 -0.1801 2
0.0000 2.3046 0.7182 0.3823 9
0.0000 1.9821 0.6174 -0.1816 3
0.0000 2.4556 0.7644 0.4999 22
0.0000 2.2561 0.7018 -0.1238 13
0.0000 2.3894 0.7428 0.5777 31
0.0000 2.2475 0.6987 -0.0411 15
0.0000 2.5035 0.7778 0.7024 24
0.0000 0.7950 0.2456 -0.1921 6
0.0000 0.9380 0.2895 -0.1908 2
0.0000 1.0873 0.3353 -0.1802 2
0.0000 3.0220 0.9314 0.3883 9
0.0000 1.4058 0.4330 -0.1806 2
0.0000 2.5223 0.7764 0.4180 21
0.0000 1.9633 0.6040 -0.1797 3
0.0000 2.5295 0.7782 0.5144 20
0.0000 2.3956 0.7361 0.5786 21
0.0000 2.4360 0.7475 0.6828 31
0.0000 3.2819 1.0021 0.0599 2
0.0000 0.8593 0.2622 -0.2074 4
0.0000 3.2649 0.9957 0.1789 5
0.0000 0.9202 0.2806 -0.1870 3
0.0000 2.6815 0.8173 0.2453 1
0.0000 1.0847 0.3304 -0.1796 2
0.0000 3.0176 0.9185 0.3873 12
0.0000 1.4073 0.4281 -0.1806 2
0.0000 2.5420 0.7728 0.4208 36
0.0000 1.9730 0.5998 -0.1804 2
0.0000 2.5622 0.7785 0.5205 11
0.0000 3.1858 0.9673 -0.1745 2
0.0000 3.2819 0.9952 -0.0599 6
0.0000 2.3998 0.7273 0.6719 29
0.0000 3.2911 0.9924 0.0600 12
0.0000 0.8378 0.2525 -0.2020 5
0.0000 3.2970 0.9929 0.1805 13
0.0000 0.9249 0.2785 -0.1878 3
0.0000 2.7759 0.8355 0.2536 1
0.0000 1.0745 0.3232 -0.1777 2
0.0000 2.3003 0.6914 0.2949 3
0.0000 1.4126 0.4243 -0.1811 2
0.0000 2.5163 0.7554 0.4161 13
0.0000 1.9617 0.5889 -0.1792 2
0.0000 2.5706 0.7712 0.5217 14
0.0000 3.1930 0.9573 -0.1747 3
0.0000 3.3237 0.9953 -0.0606 10
0.0000 2.3986 0.7178 0.6709 37
0.0000 3.3674 1.0026 0.0613 13
0.0000 0.8312 0.2473 -0.2002 5
0.0000 3.3847 1.0064 0.1851 21
0.0000 0.9296 0.2764 -0.1885 3
0.0000 2.6795 0.7963 0.2446 1
0.0000 1.0680 0.3172 -0.1765 2
0.0000 1.4140 0.4194 -0.1811 2
0.0000 2.3125 0.6854 0.3820 15
0.0000 1.9542 0.5792 -0.1783 2
0.0000 2.5638 0.7594 0.5198 14
0.0000 3.2385 0.9587 -0.1770 3
0.0000 2.9992 0.8873 0.7221 7
0.0000 2.4363 0.7198 0.6807 20
0.0000 0.6135 0.1804 -0.1713 9
0.0000 0.8433 0.2477 -0.2029 5
0.0000 3.4169 1.0031 0.1866 30
0.0000 0.9343 0.2743 -0.1893 2
0.0000 2.6555 0.7790 0.2421 1
0.0000 1.0691 0.3134 -0.1765 2
0.0000 2.2822 0.6687 0.2920 29
0.0000 1.4193 0.4156 -0.1816 2
0.0000 2.4135 0.7062 0.3983 6
0.0000 1.9352 0.5662 -0.1764 2
0.0000 2.5476 0.7450 0.5159 14
0.0000 3.2322 0.9445 -0.1765 2
0.0000 3.4207 0.9984 -0.0622 30
0.0000 3.0155 0.8795 0.8417 9
0.0000 0.6141 0.1783 -0.1713 9
0.0000 3.4166 0.9913 0.0621 41
0.0000 0.7992 0.2317 -0.1921 6
0.0000 3.4262 0.9928 0.1869 44
0.0000 0.9164 0.2656 -0.1855 3
0.0000 2.6850 0.7775 0.2446 1
0.0000 1.0626 0.3075 -0.1752 2
0.0000 2.3570 0.6816 0.3013 18
0.0000 1.4284 0.4128 -0.1826 2
0.0000 2.4216 0.6994 0.3992 21
0.0000 1.9409 0.5606 -0.1768 2
0.0000 2.5370 0.7323 0.5133 12
0.0000 3.2662 0.9421 -0.1782 3
0.0000 2.9997 0.8647 0.7207 41
0.0000 3.4319 0.9886 -0.0623 60
0.0000 2.7958 0.8049 0.7796 3
0.0000 0.6147 0.1761 -0.1713 9
0.0000 3.4200 0.9794 0.0621 40
0.0000 0.8562 0.2450 -0.2056 4
0.0000 3.4046 0.9737 0.1856 32
0.0000 0.9287 0.2656 -0.1878 3
0.0000 2.6609 0.7605 0.2421 1
0.0000 1.0789 0.3081 -0.1777 2
0.0000 2.5541 0.7290 0.3261 32
0.0000 1.3993 0.3991 -0.1787 2
0.0000 2.4126 0.6877 0.3973 43
0.0000 1.9716 0.5620 -0.1794 2
0.0000 2.5075 0.7143 0.5068 10
0.0000 3.1849 0.9066 -0.1735 3
0.0000 2.9784 0.8473 0.7149 25
0.0000 3.4161 0.9712 -0.0620 36
0.0000 2.5756 0.7317 0.7174 15
0.0000 0.6153 0.1740 -0.1713 9
0.0000 3.4215 0.9669 0.0621 32
0.0000 0.8571 0.2420 -0.2056 4
0.0000 3.4042 0.9607 0.1854 30
0.0000 0.9258 0.2613 -0.1870 3
0.0000 2.7172 0.7663 0.2470 1
0.0000 1.0609 0.2990 -0.1746 2
0.0000 2.5814 0.7271 0.3293 33
0.0000 1.4006 0.3942 -0.1787 2
0.0000 2.4112 0.6782 0.3967 30
0.0000 1.9602 0.5513 -0.1781 2
0.0000 2.3701 0.6662 0.4785 20
0.0000 3.1631 0.8885 -0.1722 2
0.0000 3.4156 0.9582 -0.0619 40
0.0000 2.5912 0.7264 0.7211 20
0.0000 0.6159 0.1719 -0.1713 9
0.0000 3.4287 0.9560 0.0621 33
0.0000 0.8203 0.2286 -0.1966 5
0.0000 3.4075 0.9488 0.1854 28
0.0000 0.9381 0.2612 -0.1893 2
0.0000 2.7199 0.7568 0.2470 1
0.0000 1.0658 0.2964 -0.1752 2
0.0000 2.9072 0.8079 0.3705 17
0.0000 1.4211 0.3947 -0.1811 2
0.0000 2.4288 0.6740 0.3992 25
0.0000 1.9659 0.5456 -0.1785 2
0.0000 2.4272 0.6731 0.4896 21
0.0000 3.0892 0.8561 -0.1680 3
0.0000 3.7054 1.0262 0.8877 1
0.0000 3.4151 0.9452 -0.0619 33
0.0000 2.6440 0.7313 0.7350 15
0.0000 0.6165 0.1697 -0.1713 9
0.0000 3.4146 0.9393 0.0618 31
0.0000 0.8474 0.2329 -0.2029 5
0.0000 3.4049 0.9359 0.1851 25
0.0000 0.9428 0.2590 -0.1900 2
0.0000 2.5534 0.7009 0.2317 3
0.0000 1.0935 0.3000 -0.1796 2
0.0000 2.9789 0.8166 0.3793 17
0.0000 1.4110 0.3865 -0.1796 2
0.0000 2.3358 0.6399 0.3836 25
0.0000 1.9486 0.5334 -0.1768 2
0.0000 2.5318 0.6926 0.5102 33
0.0000 2.9708 0.8122 -0.1614 4
0.0000 3.7578 1.0266 0.8994 5
0.0000 3.4086 0.9312 -0.0617 37
0.0000 2.9632 0.8090 0.8230 24
0.0000 0.6842 0.1858 -0.1900 8
0.0000 3.4139 0.9269 0.0617 3
0.0000 0.7843 0.2128 -0.1876 6
0.0000 3.3985 0.9214 0.1845 5
0.0000 0.9361 0.2536 -0.1885 3
0.0000 2.5712 0.6962 0.2331 15
0.0000 1.0640 0.2881 -0.1746 2
0.0000 2.5658 0.6942 0.3264 20
0.0000 1.4123 0.3819 -0.1796 2
0.0000 2.3456 0.6338 0.3848 25
0.0000 1.9754 0.5334 -0.1790 2
0.0000 2.5531 0.6894 0.5140 40
0.0000 2.8500 0.7690 -0.1547 4
0.0000 3.8271 1.0319 0.9151 10
0.0000 3.4214 0.9219 -0.0619 41
0.0000 3.0014 0.8082 0.8329 23
0.0000 0.6438 0.1725 -0.1786 8
0.0000 2.5594 0.6853 0.0462 20
0.0000 0.8490 0.2272 -0.2029 5
0.0000 2.5469 0.6810 0.1382 12
0.0000 0.9483 0.2536 -0.1908 2
0.0000 2.6159 0.6990 0.2369 4
0.0000 1.0840 0.2895 -0.1777 2
0.0000 2.6161 0.6981 0.3325 10
0.0000 1.4136 0.3769 -0.1796 2
0.0000 2.4451 0.6515 0.4008 17
0.0000 1.9695 0.5248 -0.1783 2
0.0000 2.5725 0.6850 0.5175 26
0.0000 2.7523 0.7323 -0.1493 5
0.0000 3.8514 1.0240 0.9200 4
0.0000 3.4188 0.9084 -0.0617 27
0.0000 3.0005 0.7967 0.8318 15
0.0000 0.6817 0.1801 -0.1889 8
0.0000 2.5599 0.6759 0.0462 39
0.0000 0.8234 0.2173 -0.1966 5
0.0000 3.4087 0.8987 0.1847 17
0.0000 0.9340 0.2463 -0.1878 3
0.0000 1.0736 0.2826 -0.1758 2
0.0000 2.4381 0.6414 0.3095 23
0.0000 1.4111 0.3710 -0.1791 2
0.0000 2.5811 0.6781 0.4227 5
0.0000 1.9713 0.5179 -0.1783 2
0.0000 2.5654 0.6735 0.5156 12
0.0000 2.7027 0.7090 -0.1464 4
0.0000 2.9576 0.7754 0.7059 1
0.0000 2.9995 0.7852 0.8308 5
0.0000 0.6562 0.1709 -0.1817 8
0.0000 2.5758 0.6705 0.0465 21
0.0000 0.8204 0.2134 -0.1957 5
0.0000 3.4021 0.8843 0.1842 2
0.0000 0.9349 0.2430 -0.1878 3
0.0000 2.5956 0.6742 0.2346 20
0.0000 1.0631 0.2759 -0.1740 2
0.0000 2.5479 0.6608 0.3232 17
0.0000 1.4047 0.3641 -0.1782 1
0.0000 2.6868 0.6958 0.4396 2
0.0000 1.9654 0.5090 -0.1776 2
0.0000 2.5735 0.6660 0.5167 3
0.0000 2.6762 0.6921 -0.1449 3
0.0000 2.9830 0.7709 0.7113 1
0.0000 2.5732 0.6645 -0.0464 24
0.0000 2.9967 0.7733 0.8293 2
0.0000 0.6717 0.1725 -0.1858 8
0.0000 0.8174 0.2096 -0.1948 5
0.0000 3.3917 0.8689 0.1835 1
0.0000 0.9395 0.2407 -0.1885 3
0.0000 1.0564 0.2703 -0.1727 2
0.0000 2.4983 0.6387 0.3166 3
0.0000 1.4175 0.3621 -0.1796 1
0.0000 2.6164 0.6679 0.4277 1
0.0000 1.9787 0.5051 -0.1787 2
0.0000 2.5948 0.6619 0.5205 1
0.0000 2.7579 0.7030 -0.1492 1
0.0000 2.9894 0.7614 0.7122 1
0.0000 2.5794 0.6565 -0.0465 10
0.0000 3.0649 0.7795 0.8474 1
0.0000 0.6424 0.1625 -0.1775 9
0.0000 0.8068 0.2038 -0.1921 6
0.0000 0.9099 0.2297 -0.1824 3
0.0000 2.6119 0.6590 0.2357 1
0.0000 1.0688 0.2695 -0.1746 2
0.0000 2.4389 0.6144 0.3088 2
0.0000 1.4187 0.3572 -0.1796 1
0.0000 2.6647 0.6703 0.4352 1
0.0000 1.9805 0.4982 -0.1787 1
0.0000 2.6047 0.6547 0.5221 1
0.0000 0.6317 0.1575 -0.1744 9
0.0000 0.8188 0.2038 -0.1948 5
0.0000 0.8992 0.2237 -0.1801 4
0.0000 1.0698 0.2657 -0.1746 2
0.0000 2.4256 0.6021 0.3069 1
0.0000 1.4046 0.3484 -0.1777 1
0.0000 0.6585 0.1617 -0.1817 8
0.0000 0.8347 0.2047 -0.1984 5
0.0000 0.9000 0.2206 -0.1801 4
0.0000 1.0668 0.2611 -0.1740 2
0.0000 1.4405 0.3520 -0.1821 1
0.0000 0.6666 0.1613 -0.1838 8
0.0000 0.8088 0.1955 -0.1921 6
0.0000 0.8893 0.2147 -0.1778 4
0.0000 1.0600 0.2557 -0.1727 2
0.0000 0.5539 0.1335 0.0700 9
0.0000 0.6108 0.1469 0.1221 5
0.0000 0.7030 0.1688 0.1669 3
0.0000 0.6369 0.1527 0.1755 2
0.0000 0.6859 0.1635 -0.1889 8
0.0000 0.7602 0.1810 -0.1804 7
0.0000 0.6237 0.1484 0.0336 4
0.0000 0.8671 0.2063 -0.1733 5
0.0000 0.7850 0.1866 0.0706 3
0.0000 1.0301 0.2447 -0.1677 1
0.0000 0.6818 0.1618 0.0860 6
0.0000 0.6862 0.1626 0.1117 4
0.0000 0.6954 0.1646 0.1389 4
0.0000 0.6941 0.1641 0.1647 7
0.0000 0.8407 0.1986 -0.0151 4
0.0000 0.6731 0.1589 0.1853 5
0.0000 0.6677 0.1567 -0.1838 8
0.0000 0.7398 0.1735 0.0133 4
0.0000 0.7494 0.1756 -0.1777 7
0.0000 0.6709 0.1571 0.0361 4
0.0000 0.8334 0.1952 -0.1664 6
0.0000 0.6887 0.1612 0.0619 4
0.0000 0.7925 0.1853 -0.1289 3
0.0000 0.6746 0.1576 0.0851 14
0.0000 0.6167 0.1440 -0.0778 7
0.0000 0.6714 0.1566 0.1092 5
0.0000 0.6788 0.1582 0.1355 9
0.0000 0.7333 0.1708 -0.0395 6
0.0000 0.6662 0.1550 0.1579 12
0.0000 0.6817 0.1585 -0.0122 6
0.0000 0.6699 0.1556 0.1843 7
0.0000 0.6456 0.1492 -0.1775 9
0.0000 0.6897 0.1592 0.0124 5
0.0000 0.6665 0.1538 -0.1579 9
0.0000 0.6598 0.1521 0.0355 4
0.0000 0.7193 0.1658 -0.1435 9
0.0000 0.6815 0.1570 0.0612 8
0.0000 0.6815 0.1568 -0.1108 9
0.0000 0.6868 0.1579 0.0865 13
0.0000 0.6791 0.1560 -0.0856 6
0.0000 0.6796 0.1560 0.1104 10
0.0000 0.7263 0.1667 -0.0652 5
0.0000 0.6755 0.1550 0.1347 9
0.0000 0.6911 0.1584 -0.0372 6
0.0000 0.6667 0.1527 0.1579 12
0.0000 0.6667 0.1526 -0.0119 6
0.0000 0.6780 0.1550 0.1863 7
0.0000 0.6612 0.1503 -0.1817 8
0.0000 0.7020 0.1595 0.0126 5
0.0000 0.6898 0.1566 -0.1633 8
0.0000 0.6603 0.1498 0.0355 4
0.0000 0.7046 0.1598 -0.1404 9
0.0000 0.7053 0.1599 0.0633 7
0.0000 0.6666 0.1510 -0.1083 10
0.0000 0.6815 0.1542 0.0858 14
0.0000 0.6641 0.1502 -0.0836 6
0.0000 0.6763 0.1528 0.1098 10
0.0000 0.6919 0.1563 -0.0621 6
0.0000 0.6933 0.1565 0.1381 9
0.0000 0.7228 0.1630 -0.0388 6
0.0000 0.6559 0.1478 0.1552 12
0.0000 0.6516 0.1467 -0.0117 6
0.0000 0.6597 0.1484 0.1812 7
0.0000 0.6429 0.1438 -0.1765 9
0.0000 0.6967 0.1557 0.0125 5
0.0000 0.6809 0.1521 -0.1611 9
0.0000 0.6608 0.1476 0.0355 8
0.0000 0.6821 0.1522 -0.1359 10
0.0000 0.6631 0.1479 0.0594 8
0.0000 0.6556 0.1461 -0.1064 10
0.0000 0.6898 0.1536 0.0868 13
0.0000 0.6763 0.1504 -0.0851 6
0.0000 0.6768 0.1505 0.1098 10
0.0000 0.6885 0.1530 -0.0617 6
0.0000 0.6746 0.1498 0.1343 9
0.0000 0.6844 0.1519 -0.0367 6
0.0000 0.6640 0.1472 0.1570 12
0.0000 0.6482 0.1437 -0.0116 6
0.0000 0.6488 0.1437 0.1781 8
0.0000 0.6585 0.1449 -0.1807 8
0.0000 0.6835 0.1504 0.0122 5
0.0000 0.6909 0.1519 -0.1633 8
0.0000 0.6574 0.1444 0.0353 8
0.0000 0.7018 0.1541 -0.1397 9
0.0000 0.6578 0.1443 0.0589 8
0.0000 0.6483 0.1422 -0.1051 10
0.0000 0.6573 0.1440 0.0826 15
0.0000 0.6729 0.1473 -0.0846 12
0.0000 0.6580 0.1440 0.1067 10
0.0000 0.6229 0.1361 -0.0558 7
0.0000 0.6598 0.1442 0.1313 10
0.0000 0.6907 0.1509 -0.0371 6
0.0000 0.6530 0.1425 0.1543 12
0.0000 0.6408 0.1397 -0.0114 6
0.0000 0.6342 0.1382 0.1739 8
0.0000 0.6514 0.1411 -0.1786 17
0.0000 0.6626 0.1434 0.0118 5
0.0000 0.6724 0.1454 -0.1588 9
0.0000 0.6462 0.1396 0.0346 4
0.0000 0.7139 0.1542 -0.1420 9
0.0000 0.6563 0.1417 0.0587 8
0.0000 0.6372 0.1374 -0.1032 11
0.0000 0.6656 0.1434 0.0836 14
0.0000 0.6812 0.1466 -0.0856 6
0.0000 0.6624 0.1425 0.1073 10
0.0000 0.6895 0.1483 -0.0617 6
0.0000 0.6680 0.1436 0.1328 10
0.0000 0.6815 0.1464 -0.0365 7
0.0000 0.6612 0.1419 0.1561 12
0.0000 0.6609 0.1417 -0.0118 6
0.0000 0.6385 0.1368 0.1750 8
0.0000 0.6443 0.1372 -0.1765 9
0.0000 0.6513 0.1386 0.0116 5
0.0000 0.6576 0.1398 -0.1552 9
0.0000 0.6310 0.1340 0.0338 9
0.0000 0.6914 0.1468 -0.1374 10
0.0000 0.6783 0.1439 0.0607 8
0.0000 0.6802 0.1442 -0.1101 10
0.0000 0.6447 0.1366 0.0809 15
0.0000 0.6428 0.1361 -0.0807 13
0.0000 0.6668 0.1410 0.1079 10
0.0000 0.6667 0.1410 -0.0596 7
0.0000 0.6761 0.1429 0.1343 9
0.0000 0.6722 0.1419 -0.0360 7
0.0000 0.6388 0.1347 0.1507 12
0.0000 0.6398 0.1348 -0.0114 6
0.0000 0.6579 0.1385 0.1801 7
0.0000 0.6334 0.1326 -0.1734 18
0.0000 0.6949 0.1453 0.0124 5
0.0000 0.6886 0.1439 -0.1624 9
0.0000 0.6471 0.1352 0.0346 9
0.0000 0.6803 0.1420 -0.1351 10
0.0000 0.6456 0.1346 0.0577 9
0.0000 0.6575 0.1370 -0.1064 10
0.0000 0.6685 0.1392 0.0838 14
0.0000 0.6355 0.1322 -0.0797 6
0.0000 0.6363 0.1323 0.1029 11
0.0000 0.6788 0.1411 -0.0607 6
0.0000 0.6670 0.1385 0.1324 10
0.0000 0.6747 0.1400 -0.0361 7
0.0000 0.6583 0.1365 0.1552 12
0.0000 0.6266 0.1299 -0.0112 6
0.0000 0.6470 0.1340 0.1770 8
0.0000 0.6263 0.1288 -0.1713 9
0.0000 0.6875 0.1414 0.0123 5
0.0000 0.6700 0.1377 -0.1579 9
0.0000 0.6495 0.1333 0.0348 9
0.0000 0.6808 0.1396 -0.1351 10
0.0000 0.6500 0.1332 0.0580 9
0.0000 0.6541 0.1340 -0.1057 10
0.0000 0.6534 0.1338 0.0819 15
0.0000 0.6360 0.1301 -0.0797 6
0.0000 0.6484 0.1325 0.1048 10
0.0000 0.6793 0.1387 -0.0607 6
0.0000 0.6732 0.1375 0.1336 10
0.0000 0.6712 0.1369 -0.0359 7
0.0000 0.6511 0.1327 0.1534 8
0.0000 0.6192 0.1261 -0.0110 6
0.0000 0.6247 0.1271 0.1708 8
0.0000 0.6343 0.1282 -0.1734 9
0.0000 0.6566 0.1326 0.0117 5
0.0000 0.6896 0.1392 -0.1624 9
0.0000 0.6539 0.1319 0.0350 8
0.0000 0.6890 0.1389 -0.1366 10
0.0000 0.6309 0.1271 0.0563 9
0.0000 0.6429 0.1294 -0.1039 10
0.0000 0.6617 0.1331 0.0829 14
0.0000 0.6442 0.1294 -0.0807 6
0.0000 0.6527 0.1310 0.1054 10
0.0000 0.6525 0.1308 -0.0582 7
0.0000 0.6679 0.1340 0.1324 10
0.0000 0.7011 0.1405 -0.0375 6
0.0000 0.6439 0.1289 0.1516 8
0.0000 0.6275 0.1255 -0.0112 6
0.0000 0.6327 0.1264 0.1729 8
0.0000 0.6386 0.1267 -0.1744 9
0.0000 0.6532 0.1296 0.0116 5
0.0000 0.6442 0.1277 -0.1516 10
0.0000 0.6505 0.1288 0.0348 9
0.0000 0.6664 0.1318 -0.1320 10
0.0000 0.6587 0.1302 0.0587 8
0.0000 0.6473 0.1278 -0.1045 10
0.0000 0.6505 0.1284 0.0814 15
0.0000 0.6291 0.1241 -0.0787 6
0.0000 0.6609 0.1303 0.1067 10
0.0000 0.6529 0.1286 -0.0582 7
0.0000 0.6588 0.1296 0.1305 10
0.0000 0.6487 0.1275 -0.0346 7
0.0000 0.6444 0.1265 0.1516 12
0.0000 0.6279 0.1233 -0.0112 6
0.0000 0.6218 0.1220 0.1698 8
0.0000 0.6352 0.1237 -0.1734 9
0.0000 0.6360 0.1237 0.0113 5
0.0000 0.6600 0.1283 -0.1552 9
0.0000 0.6431 0.1249 0.0343 9
0.0000 0.7015 0.1362 -0.1389 10
0.0000 0.6513 0.1264 0.0580 9
0.0000 0.6361 0.1233 -0.1026 11
0.0000 0.6626 0.1283 0.0829 14
0.0000 0.6490 0.1256 -0.0812 6
0.0000 0.6575 0.1271 0.1061 10
0.0000 0.6808 0.1316 -0.0607 6
0.0000 0.6496 0.1254 0.1286 10
0.0000 0.6628 0.1279 -0.0354 7
0.0000 0.6429 0.1239 0.1512 8
0.0000 0.6225 0.1199 -0.0111 6
0.0000 0.6222 0.1197 0.1698 8
0.0000 0.6357 0.1215 -0.1734 9
0.0000 0.6718 0.1283 0.0119 5
0.0000 0.6681 0.1274 -0.1570 9
0.0000 0.6219 0.1185 0.0332 9
0.0000 0.6248 0.1191 -0.1236 12
0.0000 0.6244 0.1189 0.0556 9
0.0000 0.6443 0.1226 -0.1039 10
0.0000 0.6475 0.1230 0.0809 15
0.0000 0.6299 0.1196 -0.0787 6
0.0000 0.6424 0.1218 0.1036 11
0.0000 0.6695 0.1270 -0.0596 7
0.0000 0.6462 0.1224 0.1278 10
0.0000 0.6594 0.1248 -0.0352 7
0.0000 0.6376 0.1206 0.1498 8
0.0000 0.5895 0.1114 -0.0105 7
0.0000 0.6264 0.1183 0.1708 8
0.0000 0.6399 0.1200 -0.1744 9
0.0000 0.6565 0.1230 0.0117 5
0.0000 0.6628 0.1240 -0.1557 9
0.0000 0.6341 0.1186 0.0338 9
0.0000 0.6368 0.1191 -0.1259 11
0.0000 0.6248 0.1167 0.0556 9
0.0000 0.6330 0.1181 -0.1020 11
0.0000 0.6479 0.1208 0.0809 15
0.0000 0.6303 0.1174 -0.0787 6
0.0000 0.6234 0.1160 0.1004 11
0.0000 0.6307 0.1174 -0.0561 7
0.0000 0.6601 0.1227 0.1305 10
0.0000 0.6578 0.1222 -0.0351 7
0.0000 0.6342 0.1177 0.1489 8
0.0000 0.5899 0.1093 -0.0105 7
0.0000 0.6155 0.1140 0.1677 8
0.0000 0.6289 0.1157 -0.1713 9
0.0000 0.6372 0.1171 0.0113 5
0.0000 0.6670 0.1224 -0.1566 9
0.0000 0.6286 0.1153 0.0335 9
0.0000 0.6604 0.1211 -0.1305 11
0.0000 0.6213 0.1138 0.0553 9
0.0000 0.6412 0.1173 -0.1032 11
0.0000 0.6405 0.1171 0.0799 15
0.0000 0.6503 0.1188 -0.0812 6
0.0000 0.6374 0.1163 0.1026 11
0.0000 0.6272 0.1144 -0.0558 7
0.0000 0.6393 0.1165 0.1263 10
0.0000 0.6229 0.1134 -0.0332 8
0.0000 0.6346 0.1154 0.1489 8
0.0000 0.6060 0.1101 -0.0108 7
0.0000 0.6082 0.1104 0.1656 9
0.0000 0.6293 0.1135 -0.1713 9
0.0000 0.6298 0.1134 0.0112 6
0.0000 0.6329 0.1139 -0.1485 10
0.0000 0.6389 0.1149 0.0340 9
0.0000 0.6415 0.1153 -0.1267 11
0.0000 0.6413 0.1151 0.0570 9
0.0000 0.6377 0.1144 -0.1026 11
0.0000 0.6311 0.1131 0.0787 16
0.0000 0.6389 0.1145 -0.0797 6
0.0000 0.6397 0.1145 0.1029 11
0.0000 0.6119 0.1094 -0.0544 8
0.0000 0.6358 0.1136 0.1256 11
0.0000 0.6508 0.1162 -0.0346 7
0.0000 0.6350 0.1133 0.1489 8
0.0000 0.6024 0.1074 -0.0107 7
0.0000 0.6162 0.1098 0.1677 8
0.0000 0.6297 0.1114 -0.1713 9
0.0000 0.6400 0.1131 0.0113 5
0.0000 0.6218 0.1097 -0.1458 10
0.0000 0.6196 0.1094 0.0330 4
0.0000 0.6419 0.1132 -0.1267 11
0.0000 0.6495 0.1144 0.0577 9
0.0000 0.6342 0.1116 -0.1020 11
0.0000 0.6374 0.1120 0.0795 15
0.0000 0.6237 0.1096 -0.0778 7
0.0000 0.6557 0.1151 0.1054 10
0.0000 0.6437 0.1129 -0.0572 7
0.0000 0.6246 0.1095 0.1233 11
0.0000 0.6591 0.1154 -0.0351 7
0.0000 0.6277 0.1099 0.1471 8
0.0000 0.6185 0.1082 -0.0110 6
0.0000 0.6052 0.1057 0.1646 9
0.0000 0.6110 0.1060 -0.1662 9
0.0000 0.6620 0.1147 0.0117 5
0.0000 0.6337 0.1097 -0.1485 10
0.0000 0.6160 0.1066 0.0328 4
0.0000 0.6423 0.1111 -0.1267 11
0.0000 0.6263 0.1082 0.0556 9
0.0000 0.6502 0.1122 -0.1045 10
0.0000 0.6299 0.1086 0.0785 16
0.0000 0.6123 0.1055 -0.0763 7
0.0000 0.6191 0.1066 0.0995 11
0.0000 0.6087 0.1047 -0.0540 8
0.0000 0.6327 0.1087 0.1248 11
0.0000 0.6752 0.1159 -0.0359 7
0.0000 0.6357 0.1091 0.1489 8
0.0000 0.5913 0.1014 -0.0105 7
0.0000 0.6055 0.1037 0.1646 9
0.0000 0.6113 0.1040 -0.1662 9
0.0000 0.6309 0.1072 0.0112 6
0.0000 0.6302 0.1069 -0.1476 10
0.0000 0.6065 0.1029 0.0322 9
0.0000 0.6388 0.1083 -0.1259 11
0.0000 0.6109 0.1034 0.0542 9
0.0000 0.6427 0.1087 -0.1032 11
0.0000 0.6322 0.1068 0.0787 16
0.0000 0.6244 0.1055 -0.0778 7
0.0000 0.6253 0.1055 0.1004 11
0.0000 0.6287 0.1060 -0.0558 7
0.0000 0.6408 0.1079 0.1263 10
0.0000 0.6519 0.1097 -0.0346 7
0.0000 0.6342 0.1067 0.1485 8
0.0000 0.5798 0.0974 -0.0103 7
0.0000 0.6097 0.1024 0.1656 9
0.0000 0.6194 0.1029 -0.1682 9
0.0000 0.6313 0.1047 0.0112 6
0.0000 0.6364 0.1055 -0.1489 10
0.0000 0.6207 0.1029 0.0330 4
0.0000 0.6663 0.1103 -0.1313 11
0.0000 0.6153 0.1017 0.0546 9
0.0000 0.6003 0.0992 -0.0964 12
0.0000 0.6268 0.1034 0.0780 16
0.0000 0.6366 0.1049 -0.0792 6
0.0000 0.6257 0.1031 0.1004 11
0.0000 0.6173 0.1016 -0.0547 8
0.0000 0.6257 0.1029 0.1233 11
0.0000 0.6523 0.1072 -0.0346 7
0.0000 0.6250 0.1026 0.1462 13
0.0000 0.5841 0.0959 -0.0103 7
0.0000 0.5872 0.0963 0.1594 9
0.0000 0.6083 0.0988 -0.1651 9
0.0000 0.6395 0.1039 0.0113 5
0.0000 0.6309 0.1024 -0.1476 10
0.0000 0.6131 0.0994 0.0326 4
0.0000 0.6899 0.1117 -0.1359 10
0.0000 0.6195 0.1002 0.0549 9
0.0000 0.6279 0.1016 -0.1007 11
0.0000 0.6271 0.1013 0.0780 16
0.0000 0.6173 0.0997 -0.0768 7
0.0000 0.6260 0.1009 0.1004 11
0.0000 0.6413 0.1033 -0.0568 7
0.0000 0.6183 0.0996 0.1217 11
0.0000 0.6251 0.1006 -0.0332 8
0.0000 0.6234 0.1002 0.1458 9
0.0000 0.5884 0.0945 -0.0104 7
0.0000 0.5989 0.0960 0.1625 9
0.0000 0.6048 0.0962 -0.1641 9
0.0000 0.6399 0.1017 0.0113 5
0.0000 0.6082 0.0965 -0.1422 11
0.0000 0.6016 0.0954 0.0319 5
0.0000 0.6321 0.1002 -0.1244 12
0.0000 0.6238 0.0988 0.0553 9
0.0000 0.6048 0.0957 -0.0970 12
0.0000 0.6353 0.1004 0.0790 16
0.0000 0.6059 0.0956 -0.0753 7
0.0000 0.6264 0.0988 0.1004 11
0.0000 0.6141 0.0967 -0.0544 8
0.0000 0.6264 0.0987 0.1233 11
0.0000 0.6373 0.1003 -0.0338 7
0.0000 0.6122 0.0962 0.1431 9
0.0000 0.5768 0.0905 -0.0102 7
0.0000 0.6107 0.0957 0.1656 9
0.0000 0.6013 0.0934 -0.1631 10
0.0000 0.6086 0.0945 0.0108 6
0.0000 0.6297 0.0977 -0.1471 10
0.0000 0.6138 0.0951 0.0326 4
0.0000 0.6402 0.0991 -0.1259 11
0.0000 0.6124 0.0947 0.0542 9
0.0000 0.6130 0.0947 -0.0982 11
0.0000 0.6278 0.0970 0.0780 16
0.0000 0.6180 0.0953 -0.0768 7
0.0000 0.5955 0.0918 0.0954 6
0.0000 0.6065 0.0934 -0.0537 8
0.0000 0.6306 0.0970 0.1240 11
0.0000 0.6337 0.0973 -0.0336 7
0.0000 0.6125 0.0940 0.1431 9
0.0000 0.5416 0.0831 -0.0096 7
0.0000 0.5920 0.0907 0.1605 9
0.0000 0.6093 0.0925 -0.1651 9
0.0000 0.6445 0.0977 0.0114 5
0.0000 0.6108 0.0925 -0.1426 11
0.0000 0.6221 0.0941 0.0330 4
0.0000 0.6406 0.0969 -0.1259 11
0.0000 0.5969 0.0902 0.0528 10
0.0000 0.6094 0.0919 -0.0976 11
0.0000 0.6065 0.0914 0.0753 17
0.0000 0.6144 0.0925 -0.0763 7
0.0000 0.6056 0.0910 0.0970 6
0.0000 0.5793 0.0871 -0.0512 8
0.0000 0.6155 0.0924 0.1210 11
0.0000 0.6459 0.0969 -0.0342 7
0.0000 0.5994 0.0898 0.1399 9
0.0000 0.5814 0.0870 -0.0103 7
0.0000 0.5808 0.0868 0.1574 9
0.0000 0.6096 0.0903 -0.1651 9
0.0000 0.6330 0.0937 0.0112 6
0.0000 0.6381 0.0943 -0.1489 10
0.0000 0.5967 0.0881 0.0316 10
0.0000 0.6370 0.0941 -0.1252 11
0.0000 0.5992 0.0884 0.0530 5
0.0000 0.6058 0.0892 -0.0970 12
0.0000 0.6128 0.0902 0.0760 16
0.0000 0.6069 0.0892 -0.0753 7
0.0000 0.6176 0.0906 0.0989 5
0.0000 0.6150 0.0903 -0.0544 8
0.0000 0.6197 0.0908 0.1217 11
0.0000 0.6067 0.0888 -0.0321 8
0.0000 0.6209 0.0908 0.1449 9
0.0000 0.5778 0.0844 -0.0102 7
0.0000 0.5811 0.0848 0.1574 9
0.0000 0.6061 0.0877 -0.1641 9
0.0000 0.6135 0.0886 0.0108 6
0.0000 0.6018 0.0868 -0.1404 11
0.0000 0.6089 0.0878 0.0322 9
0.0000 0.6374 0.0918 -0.1252 11
0.0000 0.5916 0.0851 0.0523 5
0.0000 0.6022 0.0866 -0.0964 12
0.0000 0.6091 0.0875 0.0756 17
0.0000 0.6072 0.0872 -0.0753 7
0.0000 0.6042 0.0866 0.0967 6
0.0000 0.6075 0.0870 -0.0537 8
0.0000 0.6122 0.0876 0.1202 11
0.0000 0.6347 0.0907 -0.0336 7
0.0000 0.6135 0.0876 0.1431 9
0.0000 0.5503 0.0785 -0.0097 7
0.0000 0.5891 0.0839 0.1594 9
0.0000 0.5949 0.0840 -0.1610 10
0.0000 0.6217 0.0877 0.0110 6
0.0000 0.6001 0.0846 -0.1399 11
0.0000 0.5874 0.0828 0.0311 5
0.0000 0.6416 0.0903 -0.1259 11
0.0000 0.6057 0.0851 0.0535 10
0.0000 0.6377 0.0895 -0.1020 11
0.0000 0.6035 0.0846 0.0748 17
0.0000 0.5957 0.0835 -0.0739 7
0.0000 0.6143 0.0860 0.0982 11
0.0000 0.5959 0.0833 -0.0526 8
0.0000 0.6125 0.0855 0.1202 11
0.0000 0.6231 0.0869 -0.0330 8
0.0000 0.5945 0.0829 0.1386 9
0.0000 0.5823 0.0811 -0.0103 7
0.0000 0.5817 0.0809 0.1574 6
0.0000 0.5875 0.0810 -0.1589 10
0.0000 0.6220 0.0857 0.0110 6
0.0000 0.6081 0.0836 -0.1417 11
0.0000 0.5837 0.0802 0.0309 5
0.0000 0.6302 0.0865 -0.1236 12
0.0000 0.5961 0.0818 0.0526 5
0.0000 0.6145 0.0842 -0.0982 11
0.0000 0.6156 0.0842 0.0763 16
0.0000 0.6156 0.0841 -0.0763 7
0.0000 0.6048 0.0825 0.0967 6
0.0000 0.6080 0.0829 -0.0537 8
0.0000 0.6128 0.0835 0.1202 11
0.0000 0.6115 0.0832 -0.0323 8
0.0000 0.6005 0.0816 0.1399 9
0.0000 0.5509 0.0748 -0.0097 7
0.0000 0.5896 0.0799 0.1594 9
0.0000 0.5802 0.0778 -0.1568 10
0.0000 0.6065 0.0814 0.0107 6
0.0000 0.5968 0.0800 -0.1390 11
0.0000 0.5959 0.0797 0.0315 5
0.0000 0.6032 0.0806 -0.1183 12
0.0000 0.5944 0.0793 0.0525 5
0.0000 0.6109 0.0814 -0.0976 11
0.0000 0.6159 0.0821 0.0763 16
0.0000 0.5962 0.0793 -0.0739 7
0.0000 0.5933 0.0788 0.0948 6
0.0000 0.5925 0.0786 -0.0523 8
0.0000 0.6170 0.0818 0.1210 11
0.0000 0.6197 0.0820 -0.0328 8
0.0000 0.5950 0.0787 0.1386 9
0.0000 0.5670 0.0749 -0.0100 7
0.0000 0.5707 0.0753 0.1543 6
0.0000 0.5613 0.0733 -0.1517 10
0.0000 0.5988 0.0781 0.0105 6
0.0000 0.6087 0.0793 -0.1417 11
0.0000 0.6041 0.0786 0.0319 5
0.0000 0.6191 0.0805 -0.1214 12
0.0000 0.5967 0.0775 0.0526 5
0.0000 0.6073 0.0788 -0.0970 6
0.0000 0.6004 0.0778 0.0743 17
0.0000 0.6162 0.0797 -0.0763 7
0.0000 0.5916 0.0764 0.0945 6
0.0000 0.5809 0.0750 -0.0512 8
0.0000 0.5978 0.0771 0.1172 12
0.0000 0.6557 0.0845 -0.0346 7
0.0000 0.6127 0.0788 0.1426 9
0.0000 0.5831 0.0749 -0.0103 7
0.0000 0.5748 0.0737 0.1553 9
0.0000 0.5730 0.0728 -0.1548 10
0.0000 0.5753 0.0730 0.0101 6
0.0000 0.5897 0.0747 -0.1372 11
0.0000 0.5885 0.0744 0.0311 5
0.0000 0.6038 0.0764 -0.1183 12
0.0000 0.5871 0.0742 0.0518 5
0.0000 0.5840 0.0737 -0.0932 6
0.0000 0.6007 0.0757 0.0743 17
0.0000 0.5889 0.0741 -0.0729 7
0.0000 0.6017 0.0756 0.0961 6
0.0000 0.5812 0.0730 -0.0512 8
0.0000 0.6058 0.0760 0.1187 11
0.0000 0.6124 0.0767 -0.0323 8
0.0000 0.6014 0.0752 0.1399 9
0.0000 0.5675 0.0709 -0.0100 7
0.0000 0.5713 0.0713 0.1543 6
0.0000 0.5924 0.0732 -0.1600 10
0.0000 0.6033 0.0744 0.0106 6
0.0000 0.5822 0.0717 -0.1354 11
0.0000 0.5768 0.0710 0.0305 5
0.0000 0.5963 0.0733 -0.1168 13
0.0000 0.5952 0.0731 0.0525 5
0.0000 0.6039 0.0740 -0.0964 6
0.0000 0.6148 0.0753 0.0760 16
0.0000 0.5813 0.0711 -0.0719 7
0.0000 0.6000 0.0734 0.0957 6
0.0000 0.5300 0.0647 -0.0467 9
0.0000 0.5866 0.0715 0.1149 12
0.0000 0.6126 0.0746 -0.0323 8
0.0000 0.5978 0.0727 0.1390 9
0.0000 0.5598 0.0680 -0.0098 7
0.0000 0.5868 0.0712 0.1584 6
0.0000 0.6234 0.0748 -0.1682 9
0.0000 0.6353 0.0762 0.0112 6
0.0000 0.5901 0.0707 -0.1372 11
0.0000 0.5930 0.0709 0.0313 5
0.0000 0.6004 0.0717 -0.1175 13
0.0000 0.5876 0.0701 0.0518 5
0.0000 0.5924 0.0706 -0.0945 6
0.0000 0.6032 0.0718 0.0746 17
0.0000 0.5973 0.0710 -0.0739 7
0.0000 0.5826 0.0692 0.0929 6
0.0000 0.5975 0.0708 -0.0526 8
0.0000 0.6102 0.0723 0.1194 11
0.0000 0.6089 0.0721 -0.0321 8
0.0000 0.5864 0.0693 0.1363 9
0.0000 0.5680 0.0670 -0.0100 7
0.0000 0.5564 0.0656 0.1501 6
0.0000 0.5891 0.0687 -0.1589 10
0.0000 0.6038 0.0703 0.0106 6
0.0000 0.5904 0.0686 -0.1372 11
0.0000 0.5853 0.0679 0.0309 5
0.0000 0.6319 0.0733 -0.1236 12
0.0000 0.5898 0.0683 0.0519 5
0.0000 0.6005 0.0695 -0.0957 6
0.0000 0.6054 0.0699 0.0748 17
0.0000 0.5817 0.0671 -0.0719 7
0.0000 0.5789 0.0667 0.0923 6
0.0000 0.5542 0.0638 -0.0488 9
0.0000 0.6027 0.0693 0.1179 12
0.0000 0.6369 0.0731 -0.0336 7
0.0000 0.5886 0.0675 0.1368 9
0.0000 0.5603 0.0641 -0.0098 7
0.0000 0.5681 0.0649 0.1532 9
0.0000 0.5740 0.0649 -0.1548 10
0.0000 0.5921 0.0668 0.0104 6
0.0000 0.5829 0.0657 -0.1354 11
0.0000 0.5855 0.0659 0.0309 5
0.0000 0.6126 0.0689 -0.1198 12
0.0000 0.5880 0.0661 0.0518 5
0.0000 0.6007 0.0674 -0.0957 6
0.0000 0.6096 0.0683 0.0753 17
0.0000 0.5741 0.0642 -0.0709 7
0.0000 0.5909 0.0660 0.0942 6
0.0000 0.5742 0.0641 -0.0506 8
0.0000 0.5912 0.0659 0.1156 12
0.0000 0.6054 0.0674 -0.0319 8
0.0000 0.5869 0.0652 0.1363 9
0.0000 0.5207 0.0578 -0.0091 7
0.0000 0.5684 0.0629 0.1532 9
0.0000 0.5742 0.0629 -0.1548 10
0.0000 0.5924 0.0648 0.0104 6
0.0000 0.5831 0.0637 -0.1354 11
0.0000 0.5619 0.0612 0.0296 5
0.0000 0.5972 0.0651 -0.1168 13
0.0000 0.5764 0.0627 0.0507 5
0.0000 0.5852 0.0636 -0.0932 6
0.0000 0.5822 0.0631 0.0719 18
0.0000 0.5901 0.0639 -0.0729 7
0.0000 0.5833 0.0631 0.0929 6
0.0000 0.5348 0.0578 -0.0471 9
0.0000 0.5875 0.0634 0.1149 12
0.0000 0.6255 0.0674 -0.0330 8
0.0000 0.5910 0.0636 0.1372 9
0.0000 0.5408 0.0581 -0.0095 7
0.0000 0.5686 0.0610 0.1532 6
0.0000 0.5898 0.0625 -0.1589 10
0.0000 0.6364 0.0673 0.0112 6
0.0000 0.5717 0.0604 -0.1327 11
0.0000 0.5780 0.0610 0.0305 5
0.0000 0.6170 0.0651 -0.1206 12
0.0000 0.5885 0.0620 0.0518 5
0.0000 0.6051 0.0636 -0.0964 6
0.0000 0.5903 0.0619 0.0729 17
0.0000 0.5903 0.0618 -0.0729 7
0.0000 0.5737 0.0600 0.0914 6
0.0000 0.5826 0.0609 -0.0512 8
0.0000 0.6034 0.0630 0.1179 12
0.0000 0.5900 0.0615 -0.0311 8
0.0000 0.5640 0.0587 0.1309 10
0.0000 0.5609 0.0583 -0.0098 7
0.0000 0.5649 0.0586 0.1522 6
0.0000 0.5746 0.0589 -0.1548 10
0.0000 0.5769 0.0590 0.0101 6
0.0000 0.5835 0.0596 -0.1354 11
0.0000 0.5663 0.0578 0.0298 5
0.0000 0.5859 0.0597 -0.1145 13
0.0000 0.5728 0.0583 0.0504 5
0.0000 0.6014 0.0611 -0.0957 6
0.0000 0.5945 0.0603 0.0734 17
0.0000 0.5826 0.0590 -0.0719 7
0.0000 0.5916 0.0599 0.0942 6
0.0000 0.5590 0.0565 -0.0492 9
0.0000 0.5880 0.0593 0.1149 12
0.0000 0.6061 0.0610 -0.0319 8
0.0000 0.5759 0.0579 0.1336 10
0.0000 0.5054 0.0508 -0.0089 8
0.0000 0.5690 0.0571 0.1532 6
0.0000 0.5902 0.0584 -0.1589 10
0.0000 0.5970 0.0591 0.0105 6
0.0000 0.5566 0.0550 -0.1291 12
0.0000 0.5784 0.0570 0.0305 5
0.0000 0.5940 0.0584 -0.1160 13
0.0000 0.5770 0.0567 0.0507 5
0.0000 0.5976 0.0587 -0.0951 6
0.0000 0.5868 0.0575 0.0724 18
0.0000 0.5907 0.0578 -0.0729 7
0.0000 0.5701 0.0557 0.0907 6
0.0000 0.5632 0.0549 -0.0495 9
0.0000 0.5803 0.0566 0.1133 12
0.0000 0.6063 0.0590 -0.0319 8
0.0000 0.5683 0.0552 0.1318 10
0.0000 0.5215 0.0506 -0.0091 7
0.0000 0.5384 0.0521 0.1449 10
0.0000 0.5673 0.0542 -0.1527 10
0.0000 0.5773 0.0551 0.0101 6
0.0000 0.5762 0.0549 -0.1336 11
0.0000 0.5706 0.0542 0.0300 5
0.0000 0.5707 0.0542 -0.1114 13
0.0000 0.5812 0.0551 0.0511 5
0.0000 0.5703 0.0540 -0.0907 6
0.0000 0.5791 0.0547 0.0714 18
0.0000 0.6067 0.0572 -0.0748 7
0.0000 0.5723 0.0539 0.0910 6
0.0000 0.5316 0.0501 -0.0467 9
0.0000 0.5805 0.0546 0.1133 12
0.0000 0.5906 0.0554 -0.0311 8
0.0000 0.5879 0.0551 0.1363 9
0.0000 0.5495 0.0514 -0.0096 7
0.0000 0.5578 0.0520 0.1501 9
0.0000 0.5983 0.0551 -0.1610 10
0.0000 0.6014 0.0553 0.0105 6
0.0000 0.5686 0.0521 -0.1318 12
0.0000 0.5708 0.0523 0.0300 5
0.0000 0.5983 0.0548 -0.1168 13
0.0000 0.5794 0.0529 0.0509 5
0.0000 0.5705 0.0520 -0.0907 6
0.0000 0.5792 0.0527 0.0714 18
0.0000 0.5595 0.0508 -0.0690 8
0.0000 0.6000 0.0544 0.0954 6
0.0000 0.5397 0.0489 -0.0474 9
0.0000 0.5807 0.0525 0.1133 12
0.0000 0.5987 0.0541 -0.0315 8
0.0000 0.5842 0.0527 0.1354 9
0.0000 0.5537 0.0498 -0.0097 7
0.0000 0.5541 0.0497 0.1491 6
0.0000 0.5754 0.0509 -0.1548 10
0.0000 0.5936 0.0525 0.0104 6
0.0000 0.5688 0.0502 -0.1318 12
0.0000 0.5591 0.0492 0.0294 5
0.0000 0.5867 0.0516 -0.1145 13
0.0000 0.5835 0.0513 0.0512 5
0.0000 0.5785 0.0507 -0.0920 6
0.0000 0.5873 0.0514 0.0724 18
0.0000 0.5913 0.0516 -0.0729 7
0.0000 0.5746 0.0501 0.0914 6
0.0000 0.5439 0.0474 -0.0478 9
0.0000 0.5848 0.0509 0.1141 12
0.0000 0.5790 0.0503 -0.0305 8
0.0000 0.5689 0.0493 0.1318 10
0.0000 0.5220 0.0451 -0.0091 7
0.0000 0.5505 0.0475 0.1480 6
0.0000 0.5678 0.0483 -0.1527 10
0.0000 0.5579 0.0473 0.0098 7
0.0000 0.5573 0.0472 -0.1291 12
0.0000 0.5672 0.0479 0.0298 5
0.0000 0.5673 0.0479 -0.1107 13
0.0000 0.5777 0.0487 0.0507 5
0.0000 0.5708 0.0480 -0.0907 6
0.0000 0.5677 0.0477 0.0700 18
0.0000 0.5519 0.0462 -0.0680 8
0.0000 0.5472 0.0458 0.0870 6
0.0000 0.5877 0.0491 -0.0516 8
0.0000 0.5928 0.0495 0.1156 12
0.0000 0.5911 0.0492 -0.0311 8
0.0000 0.5690 0.0473 0.1318 10
0.0000 0.5102 0.0423 -0.0089 8
0.0000 0.5506 0.0456 0.1480 6
0.0000 0.5834 0.0477 -0.1568 10
0.0000 0.5939 0.0484 0.0104 6
0.0000 0.5574 0.0453 -0.1291 12
0.0000 0.5713 0.0464 0.0300 5
0.0000 0.5714 0.0464 -0.1114 13
0.0000 0.5739 0.0465 0.0504 5
0.0000 0.5710 0.0461 -0.0907 6
0.0000 0.5837 0.0471 0.0719 18
0.0000 0.5837 0.0470 -0.0719 7
0.0000 0.5631 0.0452 0.0895 6
0.0000 0.5362 0.0430 -0.0471 9
0.0000 0.6008 0.0481 0.1172 12
0.0000 0.5953 0.0476 -0.0313 8
0.0000 0.5653 0.0451 0.1309 10
0.0000 0.5422 0.0431 -0.0095 7
0.0000 0.5392 0.0428 0.1449 10
0.0000 0.5836 0.0456 -0.1568 10
0.0000 0.5782 0.0451 0.0101 6
0.0000 0.5693 0.0443 -0.1318 12
0.0000 0.5516 0.0428 0.0290 5
0.0000 0.5872 0.0456 -0.1145 13
0.0000 0.5562 0.0431 0.0488 5
0.0000 0.5712 0.0441 -0.0907 6
0.0000 0.5601 0.0432 0.0690 19
0.0000 0.5641 0.0434 -0.0695 7
0.0000 0.5751 0.0442 0.0914 6
0.0000 0.5801 0.0445 -0.0509 8
0.0000 0.5853 0.0448 0.1141 12
0.0000 0.5915 0.0452 -0.0311 8
0.0000 0.5693 0.0434 0.1318 10
0.0000 0.5344 0.0406 -0.0094 7
0.0000 0.5355 0.0406 0.1439 10
0.0000 0.5645 0.0421 -0.1517 10
0.0000 0.5783 0.0431 0.0101 6
0.0000 0.5461 0.0406 -0.1264 12
0.0000 0.5557 0.0412 0.0292 5
0.0000 0.5913 0.0438 -0.1152 13
0.0000 0.5822 0.0431 0.0511 5
0.0000 0.5516 0.0407 -0.0876 6
0.0000 0.5642 0.0415 0.0695 18
0.0000 0.5642 0.0414 -0.0695 7
0.0000 0.5713 0.0419 0.0907 6
0.0000 0.5683 0.0416 -0.0499 9
0.0000 0.5855 0.0428 0.1141 12
0.0000 0.5717 0.0417 -0.0300 9
0.0000 0.5578 0.0406 0.1291 10
0.0000 0.5305 0.0385 -0.0093 7
0.0000 0.5472 0.0396 0.1470 6
0.0000 0.5723 0.0407 -0.1537 10
0.0000 0.5785 0.0411 0.0101 6
0.0000 0.5618 0.0398 -0.1300 12
0.0000 0.5638 0.0398 0.0296 5
0.0000 0.5718 0.0404 -0.1114 13
0.0000 0.5704 0.0402 0.0500 5
0.0000 0.5912 0.0415 -0.0939 6
0.0000 0.5644 0.0396 0.0695 18
0.0000 0.5763 0.0403 -0.0709 7
0.0000 0.5596 0.0390 0.0889 6
0.0000 0.5406 0.0377 -0.0474 9
0.0000 0.5738 0.0399 0.1118 12
0.0000 0.5599 0.0389 -0.0294 9
0.0000 0.5541 0.0384 0.1282 10
0.0000 0.5473 0.0377 0.1470 6
0.0000 0.5185 0.0351 -0.1392 11
0.0000 0.5507 0.0372 0.0096 7
0.0000 0.5775 0.0389 -0.1336 11
0.0000 0.5440 0.0365 0.0286 5
0.0000 0.5720 0.0384 -0.1114 13
0.0000 0.5566 0.0373 0.0488 5
0.0000 0.5952 0.0397 -0.0945 6
0.0000 0.5685 0.0379 0.0700 18
0.0000 0.5764 0.0383 -0.0709 7
0.0000 0.5499 0.0364 0.0873 6
0.0000 0.5209 0.0345 -0.0457 9
0.0000 0.5779 0.0382 0.1126 12
0.0000 0.5799 0.0382 -0.0305 8
0.0000 0.5542 0.0364 0.1282 10
0.0000 0.5475 0.0358 0.1470 6
0.0000 0.5263 0.0338 -0.1413 11
0.0000 0.5787 0.0370 0.0101 6
0.0000 0.5620 0.0359 -0.1300 12
0.0000 0.5481 0.0349 0.0288 5
0.0000 0.5721 0.0364 -0.1114 13
0.0000 0.5389 0.0342 0.0472 5
0.0000 0.5914 0.0374 -0.0939 6
0.0000 0.5924 0.0374 0.0729 17
0.0000 0.5686 0.0358 -0.0700 7
0.0000 0.5737 0.0360 0.0910 6
0.0000 0.5568 0.0349 -0.0488 9
0.0000 0.5780 0.0362 0.1126 12
0.0000 0.5801 0.0362 -0.0305 8
0.0000 0.5465 0.0340 0.1264 10
0.0000 0.5069 0.0315 -0.0089 8
0.0000 0.5245 0.0324 0.1408 7
0.0000 0.5380 0.0326 -0.1444 11
0.0000 0.5629 0.0340 0.0098 7
0.0000 0.5505 0.0332 -0.1273 12
0.0000 0.5722 0.0344 0.0300 5
0.0000 0.5918 0.0356 -0.1152 13
0.0000 0.5589 0.0335 0.0490 5
0.0000 0.5640 0.0337 -0.0895 6
0.0000 0.5687 0.0339 0.0700 9
0.0000 0.5648 0.0336 -0.0695 7
0.0000 0.5364 0.0318 0.0851 6
0.0000 0.5211 0.0309 -0.0457 9
0.0000 0.5507 0.0325 0.1072 13
0.0000 0.5722 0.0337 -0.0300 9
0.0000 0.5505 0.0323 0.1273 10
0.0000 0.5190 0.0304 -0.0091 8
0.0000 0.5207 0.0304 0.1398 7
0.0000 0.5728 0.0327 -0.1537 10
0.0000 0.6029 0.0343 0.0105 6
0.0000 0.5389 0.0306 -0.1246 12
0.0000 0.5524 0.0313 0.0290 5
0.0000 0.5920 0.0335 -0.1152 13
0.0000 0.5649 0.0319 0.0495 5
0.0000 0.5601 0.0315 -0.0889 6
0.0000 0.5649 0.0317 0.0695 18
0.0000 0.5450 0.0305 -0.0670 8
0.0000 0.5503 0.0307 0.0873 6
0.0000 0.5212 0.0290 -0.0457 9
0.0000 0.5743 0.0319 0.1118 12
0.0000 0.5644 0.0313 -0.0296 9
0.0000 0.5623 0.0310 0.1300 10
0.0000 0.5271 0.0290 -0.0092 7
0.0000 0.5401 0.0296 0.1449 6
0.0000 0.5691 0.0305 -0.1527 10
0.0000 0.5511 0.0295 0.0096 7
0.0000 0.5468 0.0291 -0.1264 12
0.0000 0.5405 0.0287 0.0284 5
0.0000 0.5764 0.0306 -0.1122 13
0.0000 0.5471 0.0290 0.0479 5
0.0000 0.5760 0.0304 -0.0914 6
0.0000 0.5650 0.0297 0.0695 18
0.0000 0.5689 0.0298 -0.0700 7
0.0000 0.5504 0.0287 0.0873 6
0.0000 0.5452 0.0285 -0.0478 9
0.0000 0.5588 0.0291 0.1088 13
0.0000 0.5724 0.0297 -0.0300 9
0.0000 0.5469 0.0283 0.1264 10
0.0000 0.5192 0.0268 -0.0091 8
0.0000 0.5363 0.0275 0.1439 6
0.0000 0.5576 0.0280 -0.1496 11
0.0000 0.5832 0.0291 0.0102 6
0.0000 0.5469 0.0272 -0.1264 12
0.0000 0.5326 0.0264 0.0279 5
0.0000 0.5922 0.0294 -0.1152 13
0.0000 0.5592 0.0276 0.0490 5
0.0000 0.5564 0.0274 -0.0882 6
0.0000 0.5671 0.0278 0.0697 9
0.0000 0.5690 0.0278 -0.0700 7
0.0000 0.5505 0.0268 0.0873 6
0.0000 0.5293 0.0258 -0.0464 9
0.0000 0.5706 0.0277 0.1111 12
0.0000 0.5885 0.0285 -0.0309 8
0.0000 0.5372 0.0259 0.1242 10
0.0000 0.5073 0.0244 -0.0089 8
0.0000 0.5287 0.0253 0.1418 6
0.0000 0.5384 0.0251 -0.1444 11
0.0000 0.5593 0.0260 0.0098 7
0.0000 0.5743 0.0266 -0.1327 11
0.0000 0.5566 0.0258 0.0292 5
0.0000 0.5609 0.0259 -0.1091 14
0.0000 0.5533 0.0254 0.0485 5
0.0000 0.5723 0.0262 -0.0907 6
0.0000 0.5612 0.0256 0.0690 9
0.0000 0.5652 0.0258 -0.0695 7
0.0000 0.5506 0.0250 0.0873 6
0.0000 0.5135 0.0232 -0.0450 9
0.0000 0.5668 0.0255 0.1103 13
0.0000 0.5527 0.0248 -0.0290 9
0.0000 0.5548 0.0249 0.1282 10
0.0000 0.5154 0.0230 -0.0090 8
0.0000 0.5288 0.0236 0.1418 6
0.0000 0.4960 0.0215 -0.1330 12
0.0000 0.5674 0.0245 0.0099 6
0.0000 0.5510 0.0237 -0.1273 12
0.0000 0.5487 0.0236 0.0288 5
0.0000 0.5610 0.0240 -0.1091 14
0.0000 0.5355 0.0228 0.0469 5
0.0000 0.5644 0.0240 -0.0895 6
0.0000 0.5613 0.0237 0.0690 9
0.0000 0.5771 0.0244 -0.0709 7
0.0000 0.5270 0.0222 0.0835 6
0.0000 0.5215 0.0219 -0.0457 9
0.0000 0.5355 0.0224 0.1042 13
0.0000 0.5607 0.0233 -0.0294 9
0.0000 0.5588 0.0232 0.1291 10
0.0000 0.5315 0.0220 -0.0093 7
0.0000 0.5212 0.0215 0.1398 7
0.0000 0.5270 0.0211 -0.1413 11
0.0000 0.5635 0.0224 0.0098 7
0.0000 0.5394 0.0214 -0.1246 12
0.0000 0.5448 0.0215 0.0286 5
0.0000 0.5728 0.0226 -0.1114 13
0.0000 0.5335 0.0210 0.0467 5
0.0000 0.5882 0.0230 -0.0932 6
0.0000 0.5534 0.0216 0.0680 19
0.0000 0.5653 0.0219 -0.0695 7
0.0000 0.5369 0.0207 0.0851 6
0.0000 0.5455 0.0211 -0.0478 9
0.0000 0.5513 0.0212 0.1072 13
0.0000 0.5528 0.0211 -0.0290 9
0.0000 0.5433 0.0207 0.1255 10
0.0000 0.5315 0.0201 -0.0093 7
0.0000 0.5135 0.0194 0.1377 7
0.0000 0.5579 0.0204 -0.1496 11
0.0000 0.5755 0.0209 0.0101 6
0.0000 0.5589 0.0202 -0.1291 12
0.0000 0.5409 0.0195 0.0284 5
0.0000 0.5454 0.0196 -0.1061 14
0.0000 0.5515 0.0197 0.0483 5
0.0000 0.5725 0.0204 -0.0907 6
0.0000 0.5555 0.0197 0.0682 9
0.0000 0.5456 0.0192 -0.0670 8
0.0000 0.5429 0.0191 0.0860 6
0.0000 0.5416 0.0190 -0.0474 9
0.0000 0.5592 0.0195 0.1088 13
0.0000 0.5529 0.0192 -0.0290 9
0.0000 0.5336 0.0184 0.1233 10
0.0000 0.5076 0.0175 -0.0089 8
0.0000 0.5213 0.0178 0.1398 7
0.0000 0.5426 0.0179 -0.1455 11
0.0000 0.5596 0.0184 0.0098 7
0.0000 0.5707 0.0186 -0.1318 12
0.0000 0.5490 0.0178 0.0288 5
0.0000 0.5455 0.0177 -0.1061 14
0.0000 0.5257 0.0170 0.0460 5
0.0000 0.5410 0.0174 -0.0857 6
0.0000 0.5496 0.0176 0.0675 19
0.0000 0.5456 0.0173 -0.0670 8
0.0000 0.5252 0.0166 0.0832 7
0.0000 0.5058 0.0159 -0.0443 10
0.0000 0.5671 0.0178 0.1103 13
0.0000 0.5530 0.0173 -0.0290 9
0.0000 0.5454 0.0169 0.1260 10
0.0000 0.5291 0.0163 0.1418 6
0.0000 0.5194 0.0152 -0.1392 11
0.0000 0.5557 0.0163 0.0097 7
0.0000 0.5474 0.0160 -0.1264 12
0.0000 0.5370 0.0156 0.0282 5
0.0000 0.5613 0.0162 -0.1091 14
0.0000 0.5357 0.0153 0.0469 5
0.0000 0.5568 0.0158 -0.0882 6
0.0000 0.5397 0.0154 0.0663 9
0.0000 0.5655 0.0160 -0.0695 7
0.0000 0.5292 0.0149 0.0838 6
0.0000 0.5515 0.0153 0.1072 13
0.0000 0.5530 0.0153 -0.0290 9
0.0000 0.5357 0.0147 0.1237 10
0.0000 0.5077 0.0139 -0.0089 8
0.0000 0.5098 0.0139 0.1367 7
0.0000 0.5195 0.0134 -0.1392 11
0.0000 0.5317 0.0136 0.0093 7
0.0000 0.5474 0.0140 -0.1264 12
0.0000 0.5371 0.0136 0.0282 5
0.0000 0.5613 0.0142 -0.1091 14
0.0000 0.5198 0.0131 0.0455 5
0.0000 0.5490 0.0137 -0.0870 6
0.0000 0.5537 0.0137 0.0680 19
0.0000 0.5775 0.0142 -0.0709 7
0.0000 0.5371 0.0131 0.0851 6
0.0000 0.5418 0.0132 -0.0474 9
0.0000 0.5437 0.0132 0.1057 13
0.0000 0.5251 0.0127 -0.0275 9
0.0000 0.5533 0.0132 0.1278 10
0.0000 0.5137 0.0121 0.1377 7
0.0000 0.5427 0.0121 -0.1455 11
0.0000 0.5598 0.0124 0.0098 7
0.0000 0.5514 0.0121 -0.1273 12
0.0000 0.5252 0.0115 0.0275 5
0.0000 0.5457 0.0119 -0.1061 14
0.0000 0.5259 0.0114 0.0460 5
0.0000 0.5372 0.0115 -0.0851 6
0.0000 0.5339 0.0114 0.0656 10
0.0000 0.5458 0.0115 -0.0670 8
0.0000 0.5372 0.0113 0.0851 6
0.0000 0.5359 0.0111 0.1042 13
0.0000 0.5411 0.0111 -0.0284 9
0.0000 0.5455 0.0111 0.1260 10
0.0000 0.5118 0.0104 -0.0089 8
0.0000 0.5060 0.0102 0.1356 7
0.0000 0.5582 0.0105 -0.1496 11
0.0000 0.5598 0.0105 0.0098 7
0.0000 0.5397 0.0100 -0.1246 12
0.0000 0.5172 0.0095 0.0271 5
0.0000 0.5418 0.0099 -0.1053 14
0.0000 0.5359 0.0097 0.0469 5
0.0000 0.5372 0.0097 -0.0851 6
0.0000 0.5280 0.0094 0.0648 10
0.0000 0.5617 0.0099 -0.0690 8
0.0000 0.5076 0.0089 0.0804 7
0.0000 0.5219 0.0091 -0.0457 9
0.0000 0.5516 0.0095 0.1072 13
0.0000 0.5412 0.0093 -0.0284 9
0.0000 0.5183 0.0088 0.1197 11
0.0000 0.5099 0.0085 0.1367 7
0.0000 0.5544 0.0085 -0.1486 11
0.0000 0.5599 0.0085 0.0098 7
0.0000 0.5397 0.0081 -0.1246 12
0.0000 0.5013 0.0074 0.0263 5
0.0000 0.5497 0.0082 -0.1069 14
0.0000 0.5040 0.0074 0.0441 6
0.0000 0.5767 0.0084 -0.0914 6
0.0000 0.5359 0.0077 0.0658 10
0.0000 0.5458 0.0077 -0.0670 8
0.0000 0.5116 0.0071 0.0810 7
0.0000 0.5220 0.0073 -0.0457 9
0.0000 0.5555 0.0077 0.1080 13
0.0000 0.5292 0.0072 -0.0277 9
0.0000 0.5398 0.0073 0.1246 10
0.0000 0.5100 0.0067 0.1367 7
0.0000 0.5080 0.0060 -0.1361 12
0.0000 0.5242 0.0060 -0.1210 13
0.0000 0.5173 0.0060 0.0271 5
0.0000 0.5497 0.0062 -0.1069 14
0.0000 0.5220 0.0058 0.0457 5
0.0000 0.5373 0.0059 -0.0851 6
0.0000 0.5379 0.0058 0.0661 9
0.0000 0.5459 0.0058 -0.0670 8
0.0000 0.5353 0.0057 0.0848 6
0.0000 0.5399 0.0056 0.1049 13
0.0000 0.5652 0.0057 -0.0296 9
0.0000 0.5203 0.0052 0.1201 11
0.0000 0.4945 0.0048 0.1325 7
0.0000 0.5158 0.0043 -0.1382 11
0.0000 0.5239 0.0044 0.0091 7
0.0000 0.5398 0.0044 -0.1246 12
0.0000 0.5412 0.0043 0.0284 5
0.0000 0.5340 0.0042 -0.1038 14
0.0000 0.5120 0.0039 0.0448 5
0.0000 0.5491 0.0042 -0.0870 6
0.0000 0.5459 0.0041 0.0670 19
0.0000 0.5618 0.0041 -0.0690 8
0.0000 0.5175 0.0037 0.0820 7
0.0000 0.5320 0.0037 0.1034 13
0.0000 0.5412 0.0037 -0.0284 9
0.0000 0.5261 0.0035 0.1215 11
0.0000 0.4945 0.0031 0.1325 7
0.0000 0.5544 0.0028 -0.1486 11
0.0000 0.5479 0.0027 0.0096 7
0.0000 0.5281 0.0025 -0.1219 13
0.0000 0.5253 0.0025 0.0275 5
0.0000 0.5261 0.0024 -0.1023 15
0.0000 0.5041 0.0022 0.0441 6
0.0000 0.5333 0.0022 -0.0845 7
0.0000 0.5380 0.0022 0.0661 19
0.0000 0.5697 0.0022 -0.0700 7
0.0000 0.5314 0.0020 0.0842 6
0.0000 0.5140 0.0019 -0.0450 9
0.0000 0.5399 0.0019 0.1049 13
0.0000 0.5253 0.0017 -0.0275 9
0.0000 0.5456 0.0017 0.1260 10
0.0000 0.5061 0.0015 0.1356 7
0.0000 0.5583 0.0009 -0.1496 11
0.0000 0.5439 0.0009 0.0095 7
0.0000 0.5398 0.0008 -0.1246 12
0.0000 0.5173 0.0006 0.0271 5
0.0000 0.5419 0.0006 -0.1053 14
0.0000 0.5360 0.0005 0.0469 5
0.0000 0.5373 0.0005 -0.0851 6
0.0000 0.5241 0.0004 0.0643 10
0.0000 0.5459 0.0003 -0.0670 8
0.0000 0.5432 0.0002 0.0860 6
0.0000 0.4981 0.0001 -0.0436 10
0.0000 0.5399 0.0001 0.1049 13
0.0000 0.5333 -0.0000 -0.0279 9
0.0000 0.5223 -0.0001 0.1206 11
0.0000 0.5039 -0.0002 -0.0088 8
0.0000 0.5061 -0.0003 0.1356 7
0.0000 0.5081 -0.0010 -0.1361 12
0.0000 0.5439 -0.0011 0.0095 7
0.0000 0.5398 -0.0012 -0.1246 12
0.0000 0.5013 -0.0012 0.0263 5
0.0000 0.5222 -0.0013 -0.1015 15
0.0000 0.5061 -0.0013 0.0443 6
0.0000 0.5333 -0.0015 -0.0845 7
0.0000 0.5459 -0.0016 0.0670 19
0.0000 0.5459 -0.0017 -0.0670 8
0.0000 0.5294 -0.0018 0.0838 6
0.0000 0.4981 -0.0017 -0.0436 10
0.0000 0.5517 -0.0019 0.1072 13
0.0000 0.5133 -0.0019 -0.0269 10
0.0000 0.5184 -0.0020 0.1197 11
0.0000 0.5139 -0.0022 0.1377 7
0.0000 0.5235 -0.0028 -0.1403 11
0.0000 0.5319 -0.0030 0.0093 7
0.0000 0.5281 -0.0030 -0.1219 13
0.0000 0.5013 -0.0030 0.0263 5
0.0000 0.5301 -0.0031 -0.1030 15
0.0000 0.5200 -0.0032 0.0455 5
0.0000 0.5452 -0.0034 -0.0864 6
0.0000 0.5300 -0.0034 0.0651 10
0.0000 0.5459 -0.0036 -0.0670 8
0.0000 0.5136 -0.0035 0.0813 7
0.0000 0.5220 -0.0036 -0.0457 9
0.0000 0.5477 -0.0038 0.1065 13
0.0000 0.5452 -0.0039 -0.0286 9
0.0000 0.5261 -0.0039 0.1215 11
0.0000 0.4907 -0.0038 0.1315 7
0.0000 0.5003 -0.0045 -0.1341 12
0.0000 0.5319 -0.0048 0.0093 7
0.0000 0.5008 -0.0046 -0.1156 13
0.0000 0.5053 -0.0047 0.0265 5
0.0000 0.5183 -0.0049 -0.1007 15
0.0000 0.5180 -0.0050 0.0453 5
0.0000 0.5175 -0.0051 -0.0820 7
0.0000 0.5419 -0.0054 0.0665 9
0.0000 0.5697 -0.0058 -0.0700 7
0.0000 0.5294 -0.0054 0.0838 6
0.0000 0.5242 -0.0055 0.1019 14
0.0000 0.5412 -0.0058 -0.0284 9
0.0000 0.5242 -0.0057 0.1210 11
0.0000 0.5023 -0.0055 0.1346 7
0.0000 0.5003 -0.0062 -0.1341 12
0.0000 0.5439 -0.0067 0.0095 7
0.0000 0.5281 -0.0066 -0.1219 13
0.0000 0.5172 -0.0066 0.0271 5
0.0000 0.5300 -0.0068 -0.1030 15
0.0000 0.5200 -0.0068 0.0455 5
0.0000 0.5215 -0.0068 -0.0826 7
0.0000 0.5220 -0.0069 0.0641 20
0.0000 0.5459 -0.0073 -0.0670 8
0.0000 0.5274 -0.0072 0.0835 6
0.0000 0.5241 -0.0072 0.1019 14
0.0000 0.5172 -0.0072 -0.0271 10
0.0000 0.5222 -0.0074 0.1206 11
0.0000 0.5080 -0.0080 -0.1361 12
0.0000 0.5438 -0.0086 0.0095 7
0.0000 0.5163 -0.0083 -0.1192 13
0.0000 0.5104 -0.0083 -0.0992 15
0.0000 0.5180 -0.0085 0.0453 5
0.0000 0.4977 -0.0083 -0.0788 7
0.0000 0.5419 -0.0091 0.0665 19
0.0000 0.5577 -0.0094 -0.0685 8
0.0000 0.5155 -0.0088 0.0817 7
0.0000 0.5280 -0.0091 0.1027 14
0.0000 0.5012 -0.0087 -0.0263 10
0.0000 0.5222 -0.0092 0.1206 11
0.0000 0.4906 -0.0088 0.1315 7
0.0000 0.5273 -0.0101 -0.1413 11
0.0000 0.5238 -0.0101 0.0091 7
0.0000 0.5085 -0.0099 -0.1174 13
0.0000 0.5172 -0.0102 0.0271 5
0.0000 0.5221 -0.0103 -0.1015 15
0.0000 0.5119 -0.0102 0.0448 5
0.0000 0.5016 -0.0101 -0.0795 7
0.0000 0.5259 -0.0106 0.0646 20
0.0000 0.5577 -0.0114 -0.0685 8
0.0000 0.5194 -0.0107 0.0823 7
0.0000 0.5437 -0.0113 0.1057 13
0.0000 0.5411 -0.0113 -0.0284 9
0.0000 0.5105 -0.0108 0.1179 11
0.0000 0.5388 -0.0122 -0.1444 11
0.0000 0.5198 -0.0119 0.0091 7
0.0000 0.5241 -0.0121 -0.1210 13
0.0000 0.5172 -0.0120 0.0271 5
0.0000 0.5299 -0.0123 -0.1030 15
0.0000 0.5253 -0.0124 -0.0832 7
0.0000 0.5259 -0.0125 0.0646 20
0.0000 0.4981 -0.0119 -0.0612 8
0.0000 0.5055 -0.0122 0.0801 7
0.0000 0.5280 -0.0128 0.1027 14
0.0000 0.5171 -0.0126 -0.0271 10
0.0000 0.5260 -0.0129 0.1215 11
0.0000 0.5079 -0.0133 -0.1361 12
0.0000 0.4998 -0.0132 0.0087 7
0.0000 0.5279 -0.0140 -0.1219 13
0.0000 0.5011 -0.0134 0.0263 5
0.0000 0.5063 -0.0135 -0.0985 15
0.0000 0.5059 -0.0136 0.0443 6
0.0000 0.5016 -0.0136 -0.0795 7
0.0000 0.5298 -0.0144 0.0651 20
0.0000 0.5457 -0.0150 -0.0670 8
0.0000 0.5193 -0.0143 0.0823 7
0.0000 0.5397 -0.0150 0.1049 13
0.0000 0.5410 -0.0151 -0.0284 9
0.0000 0.5182 -0.0146 0.1197 11
0.0000 0.4866 -0.0138 0.1304 7
0.0000 0.4885 -0.0145 -0.1310 12
0.0000 0.5117 -0.0153 0.0089 7
0.0000 0.4889 -0.0147 -0.1129 13
0.0000 0.5051 -0.0152 0.0265 5
0.0000 0.5220 -0.0158 -0.1015 15
0.0000 0.5257 -0.0160 0.0460 5
0.0000 0.5252 -0.0160 -0.0832 7
0.0000 0.5119 -0.0157 0.0629 10
0.0000 0.5456 -0.0169 -0.0670 8
0.0000 0.5193 -0.0160 0.0823 7
0.0000 0.5357 -0.0167 0.1042 13
0.0000 0.5142 -0.0162 0.1188 11
0.0000 0.4962 -0.0165 -0.1330 12
0.0000 0.5116 -0.0170 0.0089 7
0.0000 0.5005 -0.0167 -0.1156 13
0.0000 0.5219 -0.0176 -0.1015 15
0.0000 0.5038 -0.0171 0.0441 6
0.0000 0.5251 -0.0178 -0.0832 7
0.0000 0.5019 -0.0171 0.0617 10
0.0000 0.5456 -0.0187 -0.0670 8
0.0000 0.5113 -0.0176 0.0810 7
0.0000 0.5137 -0.0178 -0.0450 9
0.0000 0.5121 -0.0177 0.0996 14
0.0000 0.5050 -0.0175 -0.0265 10
0.0000 0.5180 -0.0181 0.1197 11
0.0000 0.4981 -0.0176 0.1336 7
0.0000 0.5425 -0.0198 -0.1455 11
0.0000 0.5356 -0.0196 0.0094 7
0.0000 0.5005 -0.0184 -0.1156 13
0.0000 0.5197 -0.0193 0.0455 5
0.0000 0.5093 -0.0190 -0.0807 7
0.0000 0.5257 -0.0197 0.0646 10
0.0000 0.5217 -0.0197 -0.0641 8
0.0000 0.5057 -0.0192 -0.0443 10
0.0000 0.5238 -0.0199 0.1019 14
0.0000 0.5089 -0.0195 -0.0267 10
0.0000 0.4985 -0.0192 0.1152 11
0.0000 0.4865 -0.0189 0.1304 7
0.0000 0.4961 -0.0198 -0.1330 12
0.0000 0.5195 -0.0209 0.0091 7
0.0000 0.4985 -0.0201 -0.1152 13
0.0000 0.4983 -0.0202 -0.0969 15
0.0000 0.5017 -0.0204 0.0439 6
0.0000 0.5171 -0.0211 -0.0820 7
0.0000 0.5117 -0.0210 0.0629 10
0.0000 0.5058 -0.0208 -0.0622 8
0.0000 0.5159 -0.0214 0.1004 14
0.0000 0.5208 -0.0217 -0.0273 10
0.0000 0.5179 -0.0217 0.1197 11
0.0000 0.5153 -0.0224 -0.1382 11
0.0000 0.5034 -0.0220 0.0088 7
0.0000 0.5101 -0.0224 -0.1179 13
0.0000 0.4982 -0.0219 -0.0969 15
0.0000 0.5235 -0.0231 0.0458 5
0.0000 0.4973 -0.0221 -0.0788 7
0.0000 0.5037 -0.0224 0.0619 10
0.0000 0.5335 -0.0238 -0.0656 8
0.0000 0.5111 -0.0229 0.0810 7
0.0000 0.5197 -0.0234 0.1011 14
0.0000 0.5128 -0.0232 -0.0269 10
0.0000 0.5062 -0.0229 0.1170 11
0.0000 0.5061 -0.0239 -0.1170 13
0.0000 0.5047 -0.0238 0.0265 5
0.0000 0.4981 -0.0236 -0.0969 15
0.0000 0.4972 -0.0237 -0.0788 7
0.0000 0.5136 -0.0246 0.0631 10
0.0000 0.5136 -0.0246 -0.0631 8
0.0000 0.5189 -0.0249 0.0823 7
0.0000 0.5040 -0.0244 0.0981 14
0.0000 0.5207 -0.0253 -0.0273 10
0.0000 0.4983 -0.0242 0.1152 11
0.0000 0.5190 -0.0260 -0.1392 11
0.0000 0.4993 -0.0251 0.0087 7
0.0000 0.5138 -0.0259 -0.1188 13
0.0000 0.5294 -0.0268 -0.1030 15
0.0000 0.5054 -0.0257 0.0443 6
0.0000 0.4956 -0.0254 0.0609 10
0.0000 0.5214 -0.0268 -0.0641 8
0.0000 0.5070 -0.0261 0.0804 7
0.0000 0.5117 -0.0265 0.0996 14
0.0000 0.4865 -0.0253 0.1125 11
0.0000 0.4881 -0.0262 -0.1310 12
0.0000 0.5032 -0.0271 0.0088 7
0.0000 0.4971 -0.0271 -0.0788 7
0.0000 0.5054 -0.0277 -0.0622 8
0.0000 0.5010 -0.0276 0.0795 7
0.0000 0.5234 -0.0289 0.1019 14
0.0000 0.4981 -0.0277 0.1152 11
0.0000 0.4991 -0.0286 0.0087 7
0.0000 0.4981 -0.0286 -0.1152 13
0.0000 0.5174 -0.0298 -0.1007 15
0.0000 0.5206 -0.0302 -0.0826 7
0.0000 0.5053 -0.0294 0.0622 21
0.0000 0.5291 -0.0309 -0.0651 8
0.0000 0.5194 -0.0305 0.1011 14
0.0000 0.5164 -0.0304 -0.0271 10
0.0000 0.5136 -0.0303 0.1188 11
0.0000 0.5071 -0.0308 -0.1361 12
0.0000 0.4941 -0.0301 -0.1143 13
0.0000 0.5084 -0.0311 0.0267 5
0.0000 0.5056 -0.0309 -0.0985 15
0.0000 0.5031 -0.0309 0.0441 6
0.0000 0.5008 -0.0308 -0.0795 7
0.0000 0.5449 -0.0337 -0.0670 8
0.0000 0.5075 -0.0316 0.0988 14
0.0000 0.5083 -0.0317 -0.0267 10
0.0000 0.4979 -0.0312 0.1152 11
0.0000 0.5029 -0.0323 0.0088 7
0.0000 0.4862 -0.0314 -0.1125 14
0.0000 0.4898 -0.0317 -0.0954 16
0.0000 0.4928 -0.0323 0.0782 7
0.0000 0.5074 -0.0333 0.0988 14
0.0000 0.4939 -0.0326 0.1143 11
0.0000 0.4988 -0.0338 0.0087 7
0.0000 0.4900 -0.0333 -0.1134 13
0.0000 0.4966 -0.0341 -0.0788 7
0.0000 0.4971 -0.0342 -0.0612 8
0.0000 0.5229 -0.0363 0.1019 14
0.0000 0.4977 -0.0347 0.1152 11
0.0000 0.5026 -0.0359 0.0088 7
0.0000 0.4898 -0.0351 -0.1134 13
0.0000 0.4896 -0.0352 -0.0954 16
0.0000 0.5438 -0.0393 -0.0864 6
0.0000 0.5168 -0.0374 0.0636 10
0.0000 0.5445 -0.0394 -0.0670 8
0.0000 0.5071 -0.0370 0.0988 14
0.0000 0.5000 -0.0365 -0.0263 10
0.0000 0.4933 -0.0371 -0.0962 16
0.0000 0.5008 -0.0379 0.0617 10
0.0000 0.5443 -0.0412 -0.0670 8
0.0000 0.5344 -0.0407 0.1042 13
0.0000 0.4974 -0.0380 0.1152 11
0.0000 0.5012 -0.0393 -0.1161 13
0.0000 0.5038 -0.0395 0.0265 5
0.0000 0.5050 -0.0397 -0.0985 15
0.0000 0.4963 -0.0391 -0.0788 7
0.0000 0.5442 -0.0430 -0.0670 8
0.0000 0.5225 -0.0416 0.1019 14
0.0000 0.4966 -0.0409 0.0612 10
0.0000 0.5322 -0.0438 -0.0656 8
0.0000 0.5146 -0.0427 0.1004 14
0.0000 0.4854 -0.0415 -0.1125 14
0.0000 0.4968 -0.0426 -0.0969 15
0.0000 0.5043 -0.0436 -0.0622 8
0.0000 0.4959 -0.0429 0.0788 7
0.0000 0.5066 -0.0440 0.0988 14
0.0000 0.5114 -0.0445 -0.0269 10
0.0000 0.4868 -0.0432 -0.1310 12
0.0000 0.4853 -0.0431 -0.1125 14
0.0000 0.4963 -0.0445 0.0612 10
0.0000 0.5319 -0.0477 -0.0656 8
0.0000 0.5064 -0.0456 0.0988 14
0.0000 0.4852 -0.0439 0.1125 11
0.0000 0.5098 -0.0470 0.0089 7
0.0000 0.4929 -0.0455 -0.1143 13
0.0000 0.4887 -0.0453 -0.0954 16
0.0000 0.5075 -0.0472 -0.0807 7
0.0000 0.4945 -0.0463 0.0965 14
0.0000 0.4928 -0.0463 0.1143 11
0.0000 0.5044 -0.0483 -0.1170 13
0.0000 0.5197 -0.0502 -0.0641 8
0.0000 0.4905 -0.0476 0.0958 14
0.0000 0.5015 -0.0497 0.0088 7
0.0000 0.5040 -0.0501 -0.0985 15
0.0000 0.4903 -0.0493 0.0958 14
0.0000 0.4988 -0.0502 -0.0263 10
0.0000 0.4847 -0.0489 0.1125 11
0.0000 0.4862 -0.0498 -0.1310 12
0.0000 0.4885 -0.0502 -0.1134 13
0.0000 0.5035 -0.0522 -0.0622 8
0.0000 0.4932 -0.0512 0.0785 7
0.0000 0.4940 -0.0514 0.0965 14
0.0000 0.4937 -0.0523 -0.1330 12
0.0000 0.4971 -0.0528 0.0087 7
0.0000 0.5037 -0.0536 -0.0985 15
0.0000 0.4954 -0.0530 0.0612 10
0.0000 0.5134 -0.0552 0.1004 14
0.0000 0.4844 -0.0523 0.1125 11
0.0000 0.5426 -0.0601 -0.0670 8
0.0000 0.5054 -0.0562 0.0988 14
0.0000 0.4877 -0.0554 -0.0954 16
0.0000 0.4946 -0.0564 -0.0788 7
0.0000 0.4917 -0.0565 0.1143 11
0.0000 0.4875 -0.0572 -0.0954 16
0.0000 0.5303 -0.0625 -0.0656 8
0.0000 0.4949 -0.0615 -0.0969 15
0.0000 0.5102 -0.0637 -0.0631 8
0.0000 0.4942 -0.0634 0.0612 10
0.0000 0.5296 -0.0680 -0.0656 8
0.0000 0.4965 -0.0640 0.0973 14
0.0000 0.5019 -0.0662 -0.0622 8
0.0000 0.4935 -0.0717 -0.0969 15
0.0000 0.5166 -0.0755 -0.0641 8
0.0000 0.4953 -0.0725 0.0973 14
0.0000 0.4906 -0.0763 -0.1330 12
0.0000 0.4903 -0.0780 -0.1330 12
0.0000 0.4890 -0.0872 0.0965 14
0.0000 0.4830 -0.0873 -0.0954 16
0.0000 2.4260 -1.5354 0.2512 1
0.0000 2.3873 -1.5220 0.2477 1
0.0000 1.2304 -0.7869 0.3913 8
0.0000 2.3956 -1.5385 0.2491 2
0.0000 1.2114 -0.7807 0.3862 10
0.0000 2.3816 -1.5419 0.2482 2
0.0000 1.2177 -0.7905 0.3352 20
0.0000 1.2103 -0.7860 0.3867 12
0.0000 4.0578 -2.6442 0.0845 4
0.0000 2.3729 -1.5480 0.2479 3
0.0000 1.7344 -1.1337 -0.1813 1
0.0000 1.1954 -0.7819 0.3298 14
0.0000 1.1977 -0.7840 0.3836 15
0.0000 4.0786 -2.6781 0.0852 2
0.0000 2.3805 -1.5655 0.2493 3
0.0000 1.1841 -0.7790 0.1740 15
0.0000 1.1906 -0.7836 -0.1750 1
0.0000 1.2176 -0.8017 0.2309 16
0.0000 1.7305 -1.1397 -0.1813 1
0.0000 1.1951 -0.7874 0.2782 19
0.0000 1.1958 -0.7885 0.3307 18
0.0000 1.1853 -0.7818 0.3805 16
0.0000 4.0175 -2.6581 0.0841 2
0.0000 0.7628 -0.5051 -0.1778 4
0.0000 2.3902 -1.5833 0.2508 4
0.0000 1.1781 -0.7809 0.1735 18
0.0000 1.1878 -0.7877 -0.1750 1
0.0000 1.2017 -0.7972 0.2284 19
0.0000 1.6669 -1.1058 -0.1750 1
0.0000 1.1860 -0.7871 0.2767 14
0.0000 1.1964 -0.7946 0.3316 20
0.0000 4.0474 -2.6891 -0.0848 1
0.0000 1.1793 -0.7838 0.3794 16
0.0000 4.0332 -2.6888 0.0846 2
0.0000 0.7610 -0.5077 -0.1778 4
0.0000 2.3847 -1.5916 0.2508 3
0.0000 1.1770 -0.7861 0.1738 18
0.0000 1.1719 -0.7830 -0.1731 1
0.0000 1.1923 -0.7970 0.2271 22
0.0000 1.6233 -1.0851 -0.1708 1
0.0000 1.1930 -0.7977 0.2790 19
0.0000 1.1823 -0.7912 0.3284 20
0.0000 4.0064 -2.6820 -0.0842 1
0.0000 1.1750 -0.7869 0.3789 17
0.0000 4.0337 -2.7095 0.0848 4
0.0000 0.7919 -0.5323 -0.1855 3
0.0000 2.3890 -1.6066 0.2519 3
0.0000 0.8949 -0.6020 -0.1708 2
0.0000 1.1858 -0.7980 0.1755 21
0.0000 1.1626 -0.7827 -0.1721 1
0.0000 1.1780 -0.7934 0.2250 20
0.0000 1.6360 -1.1018 -0.1726 1
0.0000 1.1853 -0.7986 0.2778 20
0.0000 1.1779 -0.7942 0.3280 20
0.0000 3.9954 -2.6949 -0.0841 1
0.0000 1.1674 -0.7877 0.3774 17
0.0000 4.0126 -2.7157 0.0846 2
0.0000 0.7900 -0.5351 -0.1855 3
0.0000 2.3900 -1.6194 0.2526 3
0.0000 1.1747 -0.7966 0.1743 21
0.0000 1.1795 -0.8001 -0.1750 1
0.0000 1.1720 -0.7953 0.2243 22
0.0000 1.6585 -1.1255 -0.1754 1
0.0000 1.1825 -0.8027 0.2778 20
0.0000 1.1654 -0.7917 0.3253 20
0.0000 3.9859 -2.7088 -0.0841 1
0.0000 1.1487 -0.7809 0.3722 16
0.0000 3.9949 -2.7241 0.0844 2
0.0000 4.0308 -2.7496 0.2557 1
0.0000 0.7622 -0.5201 -0.1794 4
0.0000 2.3893 -1.6311 0.2531 2
0.0000 1.1670 -0.7973 0.1735 21
0.0000 1.1769 -0.8040 -0.1750 1
0.0000 1.1710 -0.8003 0.2246 22
0.0000 1.6414 -1.1222 -0.1740 1
0.0000 1.1603 -0.7936 0.2732 19
0.0000 1.1628 -0.7956 0.3253 20
0.0000 4.0099 -2.7446 -0.0848 1
0.0000 1.1445 -0.7836 0.3717 17
0.0000 4.0019 -2.7494 0.2545 1
0.0000 0.8057 -0.5538 -0.1900 2
0.0000 2.4036 -1.6525 0.2552 2
0.0000 0.8789 -0.6045 -0.1689 2
0.0000 1.1578 -0.7967 0.1726 21
0.0000 1.1840 -0.8147 -0.1765 1
0.0000 1.1683 -0.8042 0.2246 22
0.0000 1.6410 -1.1299 -0.1743 1
0.0000 1.1625 -0.8007 0.2744 20
0.0000 1.1473 -0.7906 0.3217 21
0.0000 1.1435 -0.7885 0.3722 17
0.0000 0.8265 -0.5721 -0.1954 2
0.0000 2.4079 -1.6673 0.2562 2
0.0000 1.1503 -0.7971 0.1718 22
0.0000 1.1616 -0.8052 -0.1735 1
0.0000 1.1558 -0.8015 0.2228 22
0.0000 1.6209 -1.1240 -0.1726 1
0.0000 1.1582 -0.8035 0.2740 20
0.0000 1.1350 -0.7879 0.3190 20
0.0000 1.1407 -0.7925 0.3722 17
0.0000 0.7826 -0.5458 -0.1855 3
0.0000 2.3939 -1.6700 0.2554 2
0.0000 1.1459 -0.8000 0.1716 21
0.0000 1.1685 -0.8161 -0.1750 1
0.0000 1.1416 -0.7976 0.2206 23
0.0000 1.6496 -1.1525 -0.1761 1
0.0000 1.1490 -0.8030 0.2725 19
0.0000 1.1290 -0.7897 0.3181 21
0.0000 1.1300 -0.7910 0.3696 17
0.0000 2.7243 -1.9140 0.1745 1
0.0000 0.8129 -0.5711 -0.1931 2
0.0000 2.3848 -1.6761 0.2550 2
0.0000 1.1366 -0.7994 0.1706 23
0.0000 1.1527 -0.8110 -0.1731 1
0.0000 1.1372 -0.8004 0.2203 23
0.0000 1.5965 -1.1241 -0.1708 1
0.0000 1.1381 -0.8014 0.2706 19
0.0000 1.1247 -0.7925 0.3176 20
0.0000 1.1162 -0.7871 0.3660 18
0.0000 0.7787 -0.5514 -0.1855 3
0.0000 2.3803 -1.6859 0.2552 2
0.0000 1.1192 -0.7930 0.1684 23
0.0000 1.1466 -0.8127 -0.1726 1
0.0000 1.1312 -0.8021 0.2196 22
0.0000 1.6283 -1.1550 -0.1747 1
0.0000 1.1208 -0.7953 0.2671 20
0.0000 1.1170 -0.7932 0.3163 21
0.0000 1.1056 -0.7854 0.3634 18
0.0000 0.7768 -0.5541 -0.1855 3
0.0000 2.3971 -1.7104 0.2576 1
0.0000 1.1131 -0.7948 0.1679 24
0.0000 1.1598 -0.8285 -0.1750 1
0.0000 1.1266 -0.8051 0.2193 23
0.0000 1.6532 -1.1819 -0.1778 1
0.0000 1.1116 -0.7947 0.2656 20
0.0000 1.1110 -0.7948 0.3154 20
0.0000 1.1043 -0.7906 0.3639 18
0.0000 0.7747 -0.5569 -0.1855 3
0.0000 2.4021 -1.7274 0.2589 1
0.0000 1.1055 -0.7952 0.1672 23
0.0000 1.1569 -0.8325 -0.1750 1
0.0000 1.1238 -0.8090 0.2193 23
0.0000 1.6814 -1.2109 -0.1813 1
0.0000 1.1135 -0.8022 0.2668 20
0.0000 1.0923 -0.7875 0.3109 20
0.0000 3.8606 -2.7833 -0.0831 1
0.0000 1.0984 -0.7922 0.3629 18
0.0000 0.7728 -0.5596 -0.1855 3
0.0000 2.3896 -1.7311 0.2582 1
0.0000 1.0993 -0.7969 0.1667 23
0.0000 1.1540 -0.8366 -0.1750 1
0.0000 1.1050 -0.8014 0.2162 23
0.0000 1.1043 -0.8014 0.2652 20
0.0000 1.0897 -0.7911 0.3109 20
0.0000 1.0893 -0.7915 0.3608 18
0.0000 3.5167 -2.5626 0.0760 1
0.0000 0.7709 -0.5622 -0.1855 3
0.0000 2.3726 -1.7308 0.2569 1
0.0000 1.0919 -0.7971 0.1660 23
0.0000 1.1352 -0.8287 -0.1726 1
0.0000 1.1023 -0.8050 0.2162 23
0.0000 1.6732 -1.2223 -0.1813 1
0.0000 1.0969 -0.8016 0.2641 19
0.0000 1.0776 -0.7878 0.3082 21
0.0000 1.0758 -0.7871 0.3572 19
0.0000 3.4856 -2.5577 0.0755 1
0.0000 0.7691 -0.5647 -0.1855 3
0.0000 2.3829 -1.7504 0.2587 1
0.0000 1.0844 -0.7972 0.1653 23
0.0000 1.1578 -0.8515 -0.1765 1
0.0000 1.0933 -0.8040 0.2149 23
0.0000 1.0800 -0.7948 0.2606 18
0.0000 1.0780 -0.7939 0.3091 20
0.0000 1.0716 -0.7895 0.3567 18
0.0000 3.4916 -2.5799 0.0758 1
0.0000 3.4929 -2.5827 0.2277 1
0.0000 0.7987 -0.5908 -0.1931 2
0.0000 2.3944 -1.7718 0.2606 1
0.0000 1.0738 -0.7949 0.1640 22
0.0000 1.1454 -0.8482 -0.1750 1
0.0000 1.0873 -0.8054 0.2143 23
0.0000 1.0726 -0.7948 0.2595 19
0.0000 1.0707 -0.7940 0.3077 20
0.0000 1.0689 -0.7932 0.3567 19
0.0000 3.4778 -2.5885 0.0757 1
0.0000 3.6312 -2.7047 0.2373 1
0.0000 0.7652 -0.5700 -0.1855 3
0.0000 2.3757 -1.7702 0.2592 1
0.0000 1.0630 -0.7927 0.1628 23
0.0000 1.1425 -0.8522 -0.1750 1
0.0000 1.0845 -0.8092 0.2143 23
0.0000 1.6607 -1.2392 -0.1813 1
0.0000 1.0730 -0.8009 0.2603 19
0.0000 1.0538 -0.7872 0.3037 20
0.0000 1.0645 -0.7958 0.3561 19
0.0000 0.7632 -0.5726 -0.1855 3
0.0000 2.3663 -1.7760 0.2589 1
0.0000 1.0587 -0.7952 0.1626 23
0.0000 1.1395 -0.8562 -0.1750 1
0.0000 1.0564 -0.7940 0.2093 24
0.0000 1.0717 -0.8059 0.2606 19
0.0000 1.0511 -0.7909 0.3037 20
0.0000 1.0510 -0.7914 0.3525 19
0.0000 0.7612 -0.5753 -0.1855 3
0.0000 2.3824 -1.8011 0.2613 1
0.0000 1.0591 -0.8013 0.1631 24
0.0000 1.1555 -0.8745 -0.1779 1
0.0000 1.0583 -0.8013 0.2102 24
0.0000 1.0533 -0.7977 0.2568 19
0.0000 1.0468 -0.7934 0.3032 20
0.0000 1.0328 -0.7834 0.3473 19
0.0000 3.3709 -2.5642 0.0739 1
0.0000 2.3697 -1.8046 0.2606 1
0.0000 1.0468 -0.7977 0.1616 22
0.0000 1.1335 -0.8641 -0.1750 1
0.0000 1.0571 -0.8062 0.2106 24
0.0000 1.0474 -0.7990 0.2561 18
0.0000 1.0393 -0.7935 0.3019 20
0.0000 1.0362 -0.7917 0.3494 19
0.0000 3.3302 -2.5516 0.0732 1
0.0000 3.3173 -2.5436 0.2191 1
0.0000 2.3887 -1.8323 0.2634 1
0.0000 1.0283 -0.7893 0.1592 23
0.0000 1.1619 -0.8922 -0.1799 1
0.0000 1.0511 -0.8075 0.2099 24
0.0000 1.0399 -0.7991 0.2549 19
0.0000 1.0335 -0.7947 0.3010 20
0.0000 1.0273 -0.7906 0.3473 18
0.0000 3.3149 -2.5584 0.0731 1
0.0000 0.7551 -0.5832 -0.1855 3
0.0000 2.3981 -1.8528 0.2651 1
0.0000 1.0255 -0.7929 0.1592 22
0.0000 1.0452 -0.8087 0.2093 23
0.0000 1.0371 -0.8027 0.2549 19
0.0000 1.0184 -0.7888 0.2974 20
0.0000 1.0184 -0.7894 0.3453 18
0.0000 3.3439 -2.5994 0.0739 1
0.0000 0.7531 -0.5859 -0.1855 3
0.0000 2.3727 -1.8464 0.2630 1
0.0000 1.0259 -0.7989 0.1596 23
0.0000 1.1244 -0.8759 -0.1750 1
0.0000 1.0206 -0.7953 0.2049 25
0.0000 1.0312 -0.8039 0.2542 19
0.0000 1.0156 -0.7923 0.2974 20
0.0000 1.0172 -0.7941 0.3458 19
0.0000 3.2970 -2.5815 0.0731 1
0.0000 2.3568 -1.8473 0.2620 1
0.0000 1.0153 -0.7963 0.1584 22
0.0000 1.1213 -0.8799 -0.1750 1
0.0000 1.0131 -0.7952 0.2040 25
0.0000 1.0191 -0.8002 0.2519 19
0.0000 1.0036 -0.7887 0.2947 20
0.0000 0.9916 -0.7798 0.3380 18
0.0000 3.2471 -2.5607 0.0722 1
0.0000 2.3598 -1.8630 0.2630 1
0.0000 1.0140 -0.8011 0.1587 20
0.0000 1.1182 -0.8838 -0.1750 1
0.0000 1.0057 -0.7951 0.2031 24
0.0000 1.0102 -0.7989 0.2503 19
0.0000 1.0070 -0.7970 0.2965 20
0.0000 0.9919 -0.7856 0.3391 18
0.0000 3.2382 -2.5721 0.0722 1
0.0000 2.3657 -1.8811 0.2644 1
0.0000 1.0003 -0.7960 0.1570 17
0.0000 1.0184 -0.8109 0.2062 25
0.0000 1.0074 -0.8024 0.2503 19
0.0000 0.9951 -0.7932 0.2938 20
0.0000 0.9907 -0.7903 0.3396 19
0.0000 0.7448 -0.5963 -0.1855 3
0.0000 2.3934 -1.9168 0.2683 1
0.0000 0.9976 -0.7995 0.1570 17
0.0000 1.0018 -0.8032 0.2034 25
0.0000 1.0030 -0.8047 0.2500 20
0.0000 0.9801 -0.7869 0.2902 21
0.0000 0.9881 -0.7936 0.3396 19
0.0000 3.2019 -2.5790 0.0718 1
0.0000 2.3991 -1.9351 0.2697 1
0.0000 0.9918 -0.8003 0.1565 16
0.0000 1.1106 -0.8965 -0.1752 1
0.0000 0.9898 -0.7992 0.2015 24
0.0000 0.9958 -0.8043 0.2488 19
0.0000 0.9745 -0.7877 0.2893 21
0.0000 0.9763 -0.7897 0.3365 19
0.0000 3.1991 -2.5952 0.0719 1
0.0000 2.3833 -1.9355 0.2686 1
0.0000 0.9936 -0.8075 0.1572 16
0.0000 1.1075 -0.9003 -0.1752 1
0.0000 0.9793 -0.7964 0.1999 22
0.0000 0.9899 -0.8053 0.2481 19
0.0000 0.9717 -0.7911 0.2893 20
0.0000 0.9660 -0.7870 0.3339 19
0.0000 3.1559 -2.5785 0.0711 1
0.0000 0.9755 -0.7984 0.1548 13
0.0000 0.9796 -0.8023 0.2005 22
0.0000 0.9778 -0.8015 0.2458 20
0.0000 0.9673 -0.7934 0.2888 21
0.0000 0.9513 -0.7806 0.3297 19
0.0000 3.1928 -2.6282 0.0722 1
0.0000 2.4309 -2.0032 0.2756 1
0.0000 1.1010 -0.9082 -0.1752 1
0.0000 0.9798 -0.8083 0.2012 22
0.0000 0.9629 -0.7949 0.2427 19
0.0000 0.9660 -0.7980 0.2893 21
0.0000 0.9575 -0.7913 0.3328 18
0.0000 2.3994 -1.9913 0.2728 1
0.0000 1.0980 -0.9119 -0.1752 1
0.0000 0.9679 -0.8041 0.1993 22
0.0000 0.9648 -0.8019 0.2439 19
0.0000 0.9454 -0.7863 0.2839 21
0.0000 0.9518 -0.7922 0.3318 18
0.0000 2.3958 -2.0018 0.2731 1
0.0000 1.0948 -0.9157 -0.1752 1
0.0000 0.9560 -0.7999 0.1974 22
0.0000 0.9635 -0.8065 0.2442 19
0.0000 0.9486 -0.7946 0.2857 20
0.0000 0.9475 -0.7942 0.3313 19
0.0000 2.4132 -2.0307 0.2759 1
0.0000 1.0916 -0.9195 -0.1752 1
0.0000 0.9471 -0.7981 0.1962 22
0.0000 0.9577 -0.8073 0.2435 19
0.0000 0.9339 -0.7878 0.2821 21
0.0000 0.9285 -0.7838 0.3256 18
0.0000 2.3879 -2.0236 0.2738 1
0.0000 1.0884 -0.9233 -0.1752 1
0.0000 0.9443 -0.8014 0.1962 22
0.0000 0.9384 -0.7967 0.2393 19
0.0000 0.9342 -0.7936 0.2830 20
0.0000 0.9258 -0.7871 0.3256 18
0.0000 2.4111 -2.0578 0.2773 1
0.0000 0.9415 -0.8047 0.1962 21
0.0000 0.9401 -0.8038 0.2404 19
0.0000 0.9284 -0.7943 0.2821 20
0.0000 0.9230 -0.7903 0.3256 18
0.0000 2.4130 -2.0740 0.2784 1
0.0000 0.9357 -0.8054 0.1955 22
0.0000 0.9298 -0.8006 0.2385 18
0.0000 0.9153 -0.7887 0.2789 20
0.0000 0.9159 -0.7897 0.3240 18
0.0000 2.3937 -2.0720 0.2770 1
0.0000 0.9180 -0.7957 0.1924 22
0.0000 0.9270 -0.8039 0.2385 18
0.0000 0.9111 -0.7906 0.2785 20
0.0000 0.9102 -0.7904 0.3230 17
0.0000 2.4075 -2.0987 0.2794 1
0.0000 0.9153 -0.7988 0.1924 22
0.0000 0.9198 -0.8032 0.2374 19
0.0000 0.9070 -0.7923 0.2780 19
0.0000 0.8974 -0.7845 0.3194 18
0.0000 0.9231 -0.8109 0.1946 19
0.0000 0.9068 -0.7972 0.2347 18
0.0000 0.9014 -0.7928 0.2771 19
0.0000 0.8933 -0.7862 0.3189 17
0.0000 2.3935 -2.1146 0.2794 1
0.0000 0.9114 -0.8063 0.1927 21
0.0000 0.8983 -0.7950 0.2332 19
0.0000 0.8928 -0.7907 0.2753 19
0.0000 0.8906 -0.7893 0.3189 17
0.0000 2.3861 -2.1229 0.2794 1
0.0000 2.4241 -2.1582 0.3985 1
0.0000 0.8999 -0.8021 0.2343 16
0.0000 0.8799 -0.7848 0.2722 18
0.0000 0.8936 -0.7976 0.3209 17
0.0000 2.4024 -2.1525 0.2822 1
0.0000 2.3988 -2.1508 0.3956 1
0.0000 0.8927 -0.8013 0.2332 16
0.0000 0.8815 -0.7917 0.2735 19
0.0000 0.8851 -0.7955 0.3189 17
0.0000 2.3860 -2.1529 0.2812 1
0.0000 2.4001 -2.1671 0.3971 2
0.0000 0.8855 -0.8004 0.2320 18
0.0000 0.8700 -0.7870 0.2708 19
0.0000 0.8737 -0.7908 0.3158 17
0.0000 2.3873 -2.1693 0.2822 1
0.0000 2.3955 -2.1782 0.3975 2
0.0000 0.8653 -0.7876 0.2274 15
0.0000 0.8644 -0.7874 0.2699 19
0.0000 0.8681 -0.7913 0.3147 18
0.0000 2.3911 -2.1888 0.2836 1
0.0000 2.3776 -2.1771 0.3958 2
0.0000 0.8682 -0.7961 0.2290 15
0.0000 0.8601 -0.7892 0.2695 18
0.0000 0.8681 -0.7969 0.3158 17
0.0000 2.4040 -2.2160 0.2860 1
0.0000 2.3842 -2.1993 0.3983 2
0.0000 0.8625 -0.7965 0.2282 15
0.0000 0.8587 -0.7935 0.2699 18
0.0000 0.8581 -0.7935 0.3132 17
0.0000 2.3958 -2.2248 0.2860 1
0.0000 2.3852 -2.2157 0.3997 2
0.0000 0.8596 -0.7996 0.2282 14
0.0000 0.8430 -0.7847 0.2659 16
0.0000 0.8525 -0.7939 0.3121 16
0.0000 2.3801 -2.2241 0.2850 1
0.0000 2.3851 -2.2304 0.4010 3
0.0000 0.8499 -0.7956 0.2263 13
0.0000 0.8434 -0.7900 0.2668 16
0.0000 0.8358 -0.7835 0.3070 16
0.0000 2.3897 -2.2488 0.2871 1
0.0000 2.3946 -2.2550 0.4039 3
0.0000 0.8486 -0.7999 0.2267 14
0.0000 0.8420 -0.7943 0.2672 16
0.0000 0.8387 -0.7917 0.3090 16
0.0000 2.3992 -2.2736 0.2892 1
0.0000 2.3767 -2.2538 0.4022 3
0.0000 0.8330 -0.7907 0.2232 13
0.0000 0.8364 -0.7946 0.2663 16
0.0000 0.8374 -0.7958 0.3095 17
0.0000 2.4201 -2.3095 0.2927 1
0.0000 2.3778 -2.2699 0.4036 2
0.0000 0.8332 -0.7962 0.2240 12
0.0000 0.8211 -0.7852 0.2623 15
0.0000 0.8360 -0.8001 0.3101 16
0.0000 2.3923 -2.2982 0.2902 1
0.0000 0.8304 -0.7991 0.2240 12
0.0000 0.8184 -0.7881 0.2623 15
0.0000 0.8207 -0.7909 0.3054 15
0.0000 0.8262 -0.8006 0.2236 10
0.0000 0.8156 -0.7909 0.2623 15
0.0000 0.8069 -0.7830 0.3013 15
0.0000 0.8069 -0.7885 0.3023 16
0.0000 0.8041 -0.7913 0.3023 15
0.0000 1.3906 -1.3746 0.2401 1
0.0000 0.8055 -0.7982 0.3039 15
0.0000 1.3520 -1.3459 0.2342 1
0.0000 0.7877 -0.7860 0.2982 16
0.0000 1.8590 1.2267 0.2735 5
0.0000 1.8600 1.2180 0.2730 5
0.0000 1.8457 1.2000 0.2703 6
0.0000 1.8413 1.1885 0.2691 6
0.0000 1.8348 1.1820 0.5039 8
0.0000 1.8226 1.1732 0.5808 8
0.0000 1.8454 1.1820 0.2691 7
0.0000 1.8578 1.1877 -0.1156 4
0.0000 1.8309 1.1700 0.5016 9
0.0000 1.8218 1.1637 0.5792 8
0.0000 1.8431 1.1710 0.2681 7
0.0000 1.8619 1.1812 -0.1156 4
0.0000 1.8284 1.1595 0.4998 9
0.0000 1.8130 1.1488 0.5751 8
0.0000 1.8384 1.1599 0.1902 7
0.0000 1.8421 1.1614 0.2674 8
0.0000 1.8627 1.1725 -0.1153 4
0.0000 1.8341 1.1541 0.5003 9
0.0000 1.8202 1.1445 0.5761 9
0.0000 1.8502 1.1598 0.0381 6
0.0000 1.8491 1.1577 0.1909 7
0.0000 1.8344 1.1476 0.2657 9
0.0000 1.8498 1.1554 -0.1143 5
0.0000 1.8348 1.1456 0.4994 10
0.0000 1.8224 1.1374 0.5756 10
0.0000 1.8473 1.1494 0.0380 7
0.0000 1.8319 1.1389 0.1130 6
0.0000 1.8464 1.1471 0.1902 7
0.0000 1.8314 1.1373 0.2647 9
0.0000 1.8468 1.1451 -0.1139 6
0.0000 1.8237 1.1303 0.4953 12
0.0000 1.8198 1.1270 0.5735 11
0.0000 1.8513 1.1429 0.0380 7
0.0000 1.8324 1.1304 0.1128 6
0.0000 1.8417 1.1357 0.1893 8
0.0000 1.8337 1.1299 0.2645 10
0.0000 1.8491 1.1376 -0.1138 7
0.0000 1.8293 1.1249 0.4958 13
0.0000 1.8188 1.1176 0.5720 10
0.0000 1.8433 1.1291 0.0377 8
0.0000 1.8432 1.1282 0.1133 8
0.0000 1.8389 1.1251 0.1886 8
0.0000 1.8461 1.1286 0.2657 11
0.0000 1.8290 1.1173 0.3395 6
0.0000 1.8480 1.1280 -0.1135 8
0.0000 1.8299 1.1165 0.4949 14
0.0000 1.8128 1.1052 0.5689 10
0.0000 1.8404 1.1186 0.0376 8
0.0000 1.8420 1.1186 0.1129 9
0.0000 1.8258 1.1083 0.1869 9
0.0000 1.8415 1.1170 0.2645 13
0.0000 1.8295 1.1089 0.3388 6
0.0000 1.8403 1.1150 0.4183 7
0.0000 1.8416 1.1153 -0.1128 8
0.0000 1.8338 1.1101 0.4949 13
0.0000 1.8116 1.0959 0.5673 11
0.0000 1.8443 1.1121 0.0376 8
0.0000 1.8459 1.1122 0.1129 9
0.0000 1.8279 1.1009 0.1867 9
0.0000 1.8267 1.0993 0.2618 13
0.0000 1.8368 1.1045 0.3395 7
0.0000 1.8425 1.1075 0.4179 8
0.0000 1.8352 1.1027 -0.1122 8
0.0000 1.8293 1.0987 0.4926 15
0.0000 1.8413 1.1055 -0.0375 5
0.0000 1.8155 1.0895 0.5673 11
0.0000 1.8499 1.1067 0.0376 9
0.0000 1.8292 1.0934 0.1117 10
0.0000 1.8352 1.0966 0.1870 9
0.0000 1.8271 1.0909 0.2613 14
0.0000 1.8338 1.0940 0.3382 7
0.0000 1.8379 1.0961 0.4160 8
0.0000 1.8374 1.0953 -0.1121 8
0.0000 1.8247 1.0873 0.4904 15
0.0000 1.8451 1.0991 -0.0375 5
0.0000 1.8193 1.0832 0.5673 12
0.0000 1.8486 1.0972 0.0375 12
0.0000 1.8261 1.0830 0.1113 11
0.0000 1.8321 1.0861 0.1863 10
0.0000 1.8326 1.0855 0.2615 14
0.0000 1.8206 1.0776 0.3351 7
0.0000 1.8485 1.0936 0.4175 8
0.0000 1.8429 1.0899 -0.1122 11
0.0000 1.8201 1.0760 0.4881 15
0.0000 1.8318 1.0824 -0.0371 6
0.0000 1.8330 1.0827 0.5704 13
