0.0000 1.8577 1.2179 0.2727 5
0.0000 1.8503 1.2039 0.2710 6
0.0000 1.8148 1.1781 0.5798 8
0.0000 1.8442 1.1913 0.2696 6
0.0000 1.8393 1.1858 0.5052 8
0.0000 1.8205 1.1728 0.5803 8
0.0000 1.8350 1.1762 0.2676 7
0.0000 1.8172 1.1626 0.4980 9
0.0000 1.8228 1.1657 0.5798 8
0.0000 1.8406 1.1712 0.2679 8
0.0000 1.8611 1.1825 -0.1156 4
0.0000 1.8309 1.1628 0.5007 9
0.0000 1.8203 1.1552 0.5777 8
0.0000 1.8460 1.1665 0.1910 7
0.0000 1.8413 1.1627 0.2674 8
0.0000 1.8618 1.1738 -0.1153 4
0.0000 1.8300 1.1533 0.4994 9
0.0000 1.8080 1.1386 0.5725 9
0.0000 1.8511 1.1621 0.0382 7
0.0000 1.8399 1.1537 0.1900 7
0.0000 1.8352 1.1499 0.2659 8
0.0000 1.8507 1.1578 -0.1144 5
0.0000 1.8291 1.1438 0.4980 10
0.0000 1.8202 1.1374 0.5751 9
0.0000 1.8501 1.1525 0.0380 7
0.0000 1.8378 1.1444 0.1135 6
0.0000 1.8456 1.1483 0.1902 8
0.0000 1.8342 1.1404 0.2652 9
0.0000 1.8445 1.1450 -0.1138 6
0.0000 1.8264 1.1333 0.4962 11
0.0000 1.8256 1.1323 0.5756 10
0.0000 1.8505 1.1442 0.0380 7
0.0000 1.8265 1.1285 0.1125 7
0.0000 1.8462 1.1398 0.1898 8
0.0000 1.8413 1.1363 0.2657 10
0.0000 1.8428 1.1364 0.3429 5
0.0000 1.8398 1.1336 -0.1133 7
0.0000 1.8268 1.1252 0.4953 13
0.0000 1.8246 1.1229 0.5741 11
0.0000 1.8511 1.1357 0.0379 7
0.0000 1.8373 1.1263 0.1129 8
0.0000 1.8449 1.1305 0.1893 8
0.0000 1.8385 1.1258 0.2647 10
0.0000 1.8282 1.1186 0.3395 5
0.0000 1.8524 1.1329 0.4221 7
0.0000 1.8404 1.1251 -0.1130 8
0.0000 1.8208 1.1127 0.4926 13
0.0000 1.8219 1.1125 0.5720 11
0.0000 1.8448 1.1230 0.0377 8
0.0000 1.8412 1.1199 0.1129 9
0.0000 1.8335 1.1148 0.1877 9
0.0000 1.8390 1.1173 0.2642 12
0.0000 1.8321 1.1122 0.3395 6
0.0000 1.8463 1.1203 0.4198 7
0.0000 1.8443 1.1187 -0.1130 8
0.0000 1.8280 1.1084 0.4935 14
0.0000 1.8142 1.0991 0.5684 11
0.0000 1.8418 1.1124 0.0376 9
0.0000 1.8417 1.1114 0.1127 9
0.0000 1.8323 1.1053 0.1872 9
0.0000 1.8378 1.1078 0.2635 13
0.0000 1.8275 1.1007 0.3379 7
0.0000 1.8283 1.1007 0.4148 8
0.0000 1.8413 1.1081 -0.1126 8
0.0000 1.8352 1.1040 0.4944 14
0.0000 1.8371 1.1047 -0.0374 5
0.0000 1.8114 1.0888 0.5663 11
0.0000 1.8371 1.1008 0.0374 10
0.0000 1.8404 1.1019 0.1124 10
0.0000 1.8327 1.0968 0.1869 9
0.0000 1.8315 1.0952 0.2620 13
0.0000 1.8246 1.0903 0.3366 8
0.0000 1.8338 1.0953 0.4152 8
0.0000 1.8400 1.0986 -0.1123 8
0.0000 1.8206 1.0866 0.4895 15
0.0000 1.8427 1.0993 -0.0375 5
0.0000 1.8202 1.0855 0.5678 14
0.0000 1.8375 1.0923 0.0373 12
0.0000 1.8254 1.0842 0.1113 11
0.0000 1.8416 1.0935 0.1874 10
0.0000 1.8302 1.0858 0.2613 14
0.0000 1.8403 1.0909 0.3388 8
0.0000 1.8444 1.0929 0.4167 9
0.0000 1.8387 1.0891 -0.1120 10
0.0000 1.8160 1.0753 0.4872 14
0.0000 1.8362 1.0868 -0.0372 6
0.0000 1.8306 1.0830 0.5699 13
0.0000 1.8379 1.0839 0.0372 11
0.0000 1.8205 1.0728 0.1107 11
0.0000 1.8336 1.0797 0.1862 10
0.0000 1.8288 1.0764 0.2606 13
0.0000 1.8339 1.0785 0.3370 7
0.0000 1.8433 1.0832 0.4156 7
0.0000 1.8392 1.0804 -0.1118 10
0.0000 1.8199 1.0686 0.4872 7
0.0000 1.8330 1.0763 -0.0371 5
0.0000 1.8227 1.0698 0.5663 7
0.0000 1.8453 1.0792 0.0373 7
0.0000 1.8296 1.0691 0.1111 5
0.0000 1.8357 1.0722 0.1860 6
0.0000 1.8499 1.0797 0.2630 7
0.0000 1.8378 1.0718 0.3370 4
0.0000 1.8413 1.0729 -0.1117 4
0.0000 1.8203 1.0603 0.4863 8
0.0000 1.8082 1.0524 0.5606 7
0.0000 1.8369 1.0657 0.0371 6
0.0000 1.8299 1.0607 0.1108 5
0.0000 1.8342 1.0628 0.1855 6
0.0000 1.8416 1.0663 0.2613 9
0.0000 1.8432 1.0663 0.3373 4
0.0000 1.8338 1.0605 0.4118 5
0.0000 1.8364 1.0615 -0.1112 5
0.0000 1.8375 1.0617 0.4899 8
0.0000 1.8236 1.0529 0.5642 8
0.0000 1.8337 1.0553 0.0369 7
0.0000 1.8299 1.0527 0.1106 8
0.0000 1.8414 1.0584 0.1858 7
0.0000 1.8402 1.0569 0.2606 9
0.0000 1.8519 1.0632 0.3382 5
0.0000 1.8528 1.0628 0.4152 6
0.0000 1.8401 1.0551 -0.1112 6
0.0000 1.8412 1.0553 0.4899 8
0.0000 1.8425 1.0561 -0.0371 4
0.0000 1.8355 1.0516 0.5668 15
0.0000 1.8598 1.0621 0.0374 6
0.0000 1.8492 1.0552 0.1116 6
0.0000 1.8572 1.0589 0.1870 7
0.0000 1.8557 1.0576 0.2623 8
0.0000 1.8676 1.0635 0.3404 5
0.0000 1.8615 1.0596 0.4163 6
0.0000 1.8522 1.0539 -0.1117 7
0.0000 1.8498 1.0521 0.4913 7
0.0000 1.8566 1.0555 -0.0373 4
0.0000 1.8576 1.0557 0.5725 9
0.0000 1.8756 1.0625 0.0376 7
0.0000 1.8614 1.0540 0.1121 8
0.0000 1.8693 1.0576 0.1879 7
0.0000 1.8767 1.0609 0.2647 9
0.0000 1.8729 1.0583 0.3407 5
0.0000 1.8839 1.0637 0.4205 7
0.0000 1.8733 1.0573 -0.1127 7
0.0000 1.8704 1.0552 0.4958 10
0.0000 1.8688 1.0543 -0.0375 4
0.0000 1.8779 1.0590 0.5777 7
0.0000 1.8879 1.0612 0.0378 7
0.0000 1.8877 1.0602 0.1135 8
0.0000 1.8869 1.0589 0.1893 7
0.0000 1.8992 1.0654 0.2674 9
0.0000 1.8851 1.0566 0.3423 5
0.0000 1.9012 1.0651 0.4236 7
0.0000 1.8872 1.0569 -0.1134 7
0.0000 1.8892 1.0576 0.4998 10
0.0000 1.8847 1.0546 -0.0377 4
0.0000 1.8986 1.0585 0.0379 8
0.0000 1.9001 1.0584 0.1140 8
0.0000 1.9009 1.0584 0.1903 7
0.0000 1.9168 1.0665 0.2693 9
0.0000 1.9044 1.0587 0.3451 6
0.0000 1.9066 1.0595 0.4240 8
0.0000 1.9066 1.0590 -0.1143 7
0.0000 1.9116 1.0614 0.5048 10
0.0000 1.8988 1.0538 -0.0379 4
0.0000 1.9005 1.0543 0.5823 9
0.0000 1.9162 1.0596 0.0382 9
0.0000 1.9125 1.0566 0.1145 9
0.0000 1.9222 1.0611 0.1921 8
0.0000 1.9136 1.0559 0.2684 9
0.0000 1.9236 1.0606 0.3479 6
0.0000 1.9259 1.0610 0.4274 7
0.0000 1.9140 1.0540 -0.1145 8
0.0000 1.9308 1.0628 0.5088 10
0.0000 1.9165 1.0549 -0.0382 4
0.0000 1.9211 1.0570 0.5875 9
0.0000 1.9394 1.0631 0.0386 8
0.0000 1.9267 1.0557 0.1151 8
0.0000 1.9381 1.0611 0.1933 8
0.0000 1.9349 1.0584 0.2708 9
0.0000 1.9429 1.0624 0.3507 7
0.0000 1.9382 1.0590 0.4293 7
0.0000 1.9299 1.0540 -0.1152 8
0.0000 1.9380 1.0579 0.5097 10
0.0000 1.9360 1.0568 -0.0385 5
0.0000 1.9417 1.0595 0.5927 9
0.0000 1.9552 1.0634 0.0388 8
0.0000 1.9392 1.0538 0.1157 9
0.0000 1.9506 1.0591 0.1942 8
0.0000 1.9593 1.0634 0.2737 9
0.0000 1.9518 1.0584 0.3517 7
0.0000 1.9659 1.0656 0.4347 7
0.0000 1.9545 1.0590 -0.1165 8
0.0000 1.9517 1.0571 0.5124 10
0.0000 1.9379 1.0491 -0.0385 4
0.0000 1.9539 1.0573 0.5953 10
0.0000 1.9712 1.0632 0.0391 8
0.0000 1.9551 1.0536 0.1164 9
0.0000 1.9611 1.0564 0.1949 8
0.0000 1.9770 1.0640 0.2757 9
0.0000 1.9746 1.0619 0.3551 7
0.0000 1.9679 1.0578 0.4343 7
0.0000 1.9793 1.0635 -0.1178 8
0.0000 1.9657 1.0558 0.5151 9
0.0000 1.9609 1.0528 -0.0388 5
0.0000 1.9644 1.0542 0.5974 10
0.0000 1.9820 1.0601 0.0392 8
0.0000 1.9764 1.0562 0.1174 8
0.0000 1.9806 1.0580 0.1964 9
0.0000 1.9947 1.0646 0.2776 9
0.0000 1.9905 1.0615 0.3573 7
0.0000 1.9820 1.0565 0.4366 8
0.0000 1.9918 1.0613 -0.1183 8
0.0000 1.9918 1.0608 0.5210 10
0.0000 1.9822 1.0553 -0.0392 5
0.0000 1.9817 1.0546 0.6015 10
0.0000 1.9927 1.0569 0.0394 8
0.0000 1.9940 1.0571 0.1183 9
0.0000 2.0107 1.0650 0.1991 10
0.0000 1.9949 1.0558 0.2771 9
0.0000 2.0045 1.0604 0.3592 7
0.0000 1.9943 1.0542 0.4385 9
0.0000 1.9955 1.0543 -0.1183 8
0.0000 2.0023 1.0575 0.5228 11
0.0000 2.0034 1.0581 -0.0395 5
0.0000 2.0040 1.0579 0.6072 11
0.0000 2.0122 1.0586 0.0397 8
0.0000 2.0101 1.0567 0.1190 9
0.0000 2.0267 1.0645 0.2003 10
0.0000 2.0160 1.0584 0.2796 11
0.0000 2.0327 1.0663 0.3636 8
0.0000 2.0343 1.0667 0.4465 9
0.0000 2.0220 1.0598 -0.1196 9
0.0000 2.0179 1.0572 0.5259 12
0.0000 2.0213 1.0585 -0.0398 7
0.0000 2.0213 1.0581 0.6113 10
0.0000 2.0318 1.0599 0.0400 9
0.0000 2.0244 1.0552 0.1196 10
0.0000 2.0426 1.0642 0.2015 13
0.0000 2.0390 1.0614 0.2822 13
0.0000 2.0469 1.0647 0.3654 8
0.0000 2.0502 1.0659 0.4492 9
0.0000 2.0381 1.0591 -0.1204 10
0.0000 2.0406 1.0600 0.5309 12
0.0000 2.0285 1.0533 -0.0399 7
0.0000 2.0370 1.0572 0.6150 10
0.0000 2.0461 1.0584 0.0402 9
0.0000 2.0405 1.0545 0.1204 10
0.0000 2.0569 1.0626 0.2025 13
0.0000 2.0586 1.0625 0.2844 12
0.0000 2.0612 1.0629 0.3673 8
0.0000 2.0644 1.0641 0.4515 10
0.0000 2.0631 1.0630 -0.1216 10
0.0000 2.0616 1.0618 0.5354 13
0.0000 2.0517 1.0563 -0.0403 7
0.0000 2.0493 1.0545 0.6175 10
0.0000 2.0658 1.0594 0.0405 10
0.0000 2.0582 1.0550 0.1212 11
0.0000 2.0695 1.0599 0.2034 13
0.0000 2.0764 1.0626 0.2864 13
0.0000 2.0752 1.0615 0.3692 9
0.0000 2.0751 1.0605 0.4530 9
0.0000 2.0774 1.0612 -0.1223 10
0.0000 2.0773 1.0612 0.5385 13
0.0000 2.0712 1.0576 -0.0406 7
0.0000 2.0700 1.0565 0.6227 10
0.0000 2.0854 1.0607 0.0408 10
0.0000 2.0812 1.0582 0.1224 11
0.0000 2.0943 1.0639 0.2055 12
0.0000 2.0835 1.0575 0.2869 13
0.0000 2.1052 1.0680 0.3739 8
0.0000 2.0996 1.0643 0.4576 10
0.0000 2.0881 1.0580 -0.1227 9
0.0000 2.0999 1.0640 0.5435 13
0.0000 2.0944 1.0607 -0.0410 7
0.0000 2.0942 1.0601 0.6289 11
0.0000 2.1121 1.0655 0.0413 11
0.0000 2.0921 1.0545 0.1228 12
0.0000 2.1245 1.0704 0.2081 13
0.0000 2.1082 1.0613 0.2898 13
0.0000 2.1212 1.0669 0.3761 8
0.0000 1.8600 0.9355 -0.1822 1
0.0000 2.1242 1.0679 0.4621 10
0.0000 2.1165 1.0636 -0.1241 9
0.0000 2.1088 1.0593 0.5448 13
0.0000 2.1177 1.0632 -0.0414 8
0.0000 2.1237 1.0658 0.6367 11
0.0000 2.1265 1.0635 0.0415 11
0.0000 2.1172 1.0579 0.1240 12
0.0000 2.1389 1.0683 0.2092 12
0.0000 2.1403 1.0681 0.2937 13
0.0000 2.1302 1.0621 0.3770 8
0.0000 1.8633 0.9290 -0.1822 1
0.0000 2.1419 1.0675 0.4652 10
0.0000 2.1399 1.0660 -0.1253 9
0.0000 2.1370 1.0640 0.5511 13
0.0000 2.1232 1.0567 -0.0414 8
0.0000 2.1569 1.0730 0.6455 12
0.0000 2.1428 1.0623 0.0417 12
0.0000 2.1387 1.0594 0.1251 13
0.0000 2.1462 1.0626 0.2095 13
0.0000 2.1636 1.0703 0.2964 14
0.0000 2.1587 1.0669 0.3814 9
0.0000 1.8701 0.9243 -0.1825 2
0.0000 2.1597 1.0669 0.4682 10
0.0000 2.1651 1.0691 -0.1265 12
0.0000 2.1581 1.0652 0.5556 13
0.0000 2.1466 1.0591 -0.0418 8
0.0000 2.1814 1.0757 0.6517 15
0.0000 2.1644 1.0636 0.0421 12
0.0000 2.1568 1.0589 0.1259 13
0.0000 2.1678 1.0639 0.2113 13
0.0000 2.1780 1.0680 0.2978 14
0.0000 2.1819 1.0689 0.3848 9
0.0000 1.8626 0.9125 -0.1815 1
0.0000 2.1670 1.0611 0.4690 11
0.0000 2.1814 1.0677 -0.1273 11
0.0000 2.1811 1.0671 0.5606 14
0.0000 2.1772 1.0647 -0.0423 8
0.0000 2.2025 1.0766 0.6569 9
0.0000 2.1807 1.0622 0.0423 12
0.0000 2.1820 1.0619 0.1272 12
0.0000 2.2002 1.0702 0.2141 15
0.0000 2.1943 1.0664 0.2996 14
0.0000 2.2052 1.0708 0.3883 10
0.0000 1.8819 0.9138 -0.1830 1
0.0000 2.1848 1.0604 0.4721 11
0.0000 2.1995 1.0671 -0.1281 7
0.0000 2.2006 1.0671 0.5646 12
0.0000 2.1953 1.0641 -0.0426 8
0.0000 2.2253 1.0782 0.6626 11
0.0000 2.2114 1.0676 0.0429 12
0.0000 2.1929 1.0577 0.1276 13
0.0000 2.2200 1.0703 0.2156 14
0.0000 2.2159 1.0674 0.3020 13
0.0000 2.2267 1.0717 0.3914 11
0.0000 1.8833 0.9064 -0.1829 2
0.0000 2.2203 1.0681 0.4789 11
0.0000 2.2158 1.0654 -0.1289 8
0.0000 2.2324 1.0729 0.5718 12
0.0000 2.2189 1.0660 -0.0430 9
0.0000 2.2482 1.0796 0.6683 9
0.0000 2.2494 1.0763 0.0435 12
0.0000 2.2306 1.0668 0.1296 13
0.0000 2.2741 1.0866 0.2205 15
0.0000 2.2679 1.0827 0.3086 16
0.0000 2.2713 1.0838 0.3986 12
0.0000 1.8828 0.8981 -0.1825 2
0.0000 2.2684 1.0815 0.4885 13
0.0000 2.2718 1.0826 -0.1319 9
0.0000 2.2643 1.0785 0.5790 14
0.0000 2.2531 1.0732 -0.0436 9
0.0000 2.2693 1.0804 0.6734 4
0.0000 2.2764 1.0800 0.0440 14
0.0000 2.2831 1.0821 0.1324 16
0.0000 2.2851 1.0821 0.2212 16
0.0000 2.2895 1.0837 0.3110 15
0.0000 2.2965 1.0860 0.4023 12
0.0000 1.8787 0.8881 -0.1818 2
0.0000 2.2861 1.0806 0.4915 15
0.0000 2.2898 1.0819 -0.1327 9
0.0000 2.2872 1.0802 0.5840 14
0.0000 2.2695 1.0713 -0.0438 10
0.0000 2.2818 1.0766 0.6760 1
0.0000 2.2947 1.0788 0.0443 14
0.0000 2.2868 1.0741 0.1324 15
0.0000 2.3013 1.0804 0.2224 15
0.0000 2.3112 1.0841 0.3134 16
0.0000 2.3146 1.0847 0.4049 13
0.0000 1.8745 0.8785 -0.1811 2
0.0000 2.3006 1.0777 0.4938 14
0.0000 2.3026 1.0781 -0.1332 9
0.0000 2.3069 1.0796 0.5880 14
0.0000 2.3040 1.0778 -0.0444 10
0.0000 2.5620 1.1979 0.7578 1
0.0000 2.3111 1.0767 0.0445 16
0.0000 2.3141 1.0771 0.1338 16
0.0000 2.3303 1.0842 0.2249 15
0.0000 2.3114 1.0744 0.3130 15
0.0000 2.3363 1.0849 0.4080 11
0.0000 1.8811 0.8736 -0.1815 2
0.0000 2.3203 1.0771 0.4972 15
0.0000 2.3190 1.0760 -0.1340 8
0.0000 2.3265 1.0790 0.5921 13
0.0000 2.3241 1.0773 -0.0447 11
0.0000 2.3348 1.0779 0.0449 14
0.0000 2.3197 1.0699 0.1339 14
0.0000 2.3431 1.0802 0.2257 14
0.0000 2.3421 1.0788 0.3166 14
0.0000 2.3454 1.0793 0.4089 10
0.0000 1.8787 0.8645 -0.1809 2
0.0000 2.3437 1.0780 0.5014 13
0.0000 2.3337 1.0729 -0.1346 6
0.0000 2.3303 1.0708 0.5921 13
0.0000 2.3369 1.0734 -0.0449 10
0.0000 2.6335 1.2090 0.7765 1
0.0000 2.3586 1.0788 0.0453 15
0.0000 2.3343 1.0667 0.1345 15
0.0000 2.3578 1.0770 0.2268 14
0.0000 1.0314 0.4709 -0.1796 2
0.0000 2.3459 1.0706 0.3166 13
0.0000 2.3276 1.0612 0.4052 11
0.0000 1.8872 0.8604 -0.1815 2
0.0000 2.2974 1.0470 0.4908 10
0.0000 2.3447 1.0680 -0.1350 7
0.0000 2.2453 1.0223 0.5696 19
0.0000 2.3279 1.0594 -0.0446 10
0.0000 2.6096 1.1871 0.7682 1
0.0000 2.2858 1.0359 0.0438 13
0.0000 2.2561 1.0215 0.1298 17
0.0000 0.8978 0.4065 -0.1916 2
0.0000 2.2653 1.0252 0.2175 22
0.0000 2.2610 1.0223 0.3047 26
0.0000 2.2593 1.0206 0.3927 26
0.0000 1.8920 0.8547 -0.1816 2
0.0000 2.2599 1.0204 0.4820 18
0.0000 2.2501 1.0155 -0.1294 25
0.0000 2.2382 1.0097 0.5669 24
0.0000 2.2550 1.0168 -0.0432 19
0.0000 2.5785 1.1621 0.7578 1
0.0000 2.2493 1.0099 0.0430 22
0.0000 2.2487 1.0087 0.1292 25
0.0000 0.8706 0.3905 -0.1855 3
0.0000 2.2634 1.0148 0.2170 30
0.0000 1.0311 0.4621 -0.1790 2
0.0000 2.2609 1.0128 0.3042 26
0.0000 2.2682 1.0151 0.3936 23
0.0000 1.9368 0.8668 -0.1856 3
0.0000 2.2312 0.9981 0.4751 28
0.0000 2.2500 1.0060 -0.1292 28
0.0000 2.2595 1.0098 0.5714 26
0.0000 2.2585 1.0089 -0.0432 24
0.0000 2.6531 1.1846 0.7785 1
0.0000 2.2601 1.0053 0.0432 28
0.0000 2.2541 1.0017 0.1293 24
0.0000 0.9006 0.4002 -0.1916 2
0.0000 2.2670 1.0069 0.2170 29
0.0000 1.0219 0.4537 -0.1771 2
0.0000 2.2517 0.9992 0.3025 26
0.0000 2.2591 1.0016 0.3914 27
0.0000 1.9325 0.8568 -0.1849 3
0.0000 2.2472 0.9958 0.4778 26
0.0000 2.2462 0.9949 -0.1287 29
0.0000 2.2595 1.0003 0.5705 27
0.0000 2.2566 0.9986 -0.0431 25
0.0000 2.5865 1.1440 0.7578 1
0.0000 2.2600 0.9958 0.0431 30
0.0000 2.2429 0.9874 0.1284 24
0.0000 0.8733 0.3844 -0.1855 3
0.0000 2.2686 0.9982 0.2168 27
0.0000 1.0271 0.4517 -0.1777 2
0.0000 2.2516 0.9898 0.3020 26
0.0000 1.3503 0.5933 -0.1811 1
0.0000 2.2554 0.9905 0.3901 26
0.0000 1.9610 0.8612 -0.1874 3
0.0000 2.2615 0.9927 0.4801 28
0.0000 2.2533 0.9886 -0.1290 29
0.0000 2.2469 0.9854 0.5664 28
0.0000 2.2545 0.9883 -0.0430 24
0.0000 2.6188 1.1474 0.7661 1
0.0000 2.2634 0.9879 0.0431 30
0.0000 2.2500 0.9811 0.1286 24
0.0000 0.8854 0.3861 -0.1878 3
0.0000 2.2703 0.9895 0.2167 28
0.0000 1.0178 0.4434 -0.1758 2
0.0000 2.2587 0.9835 0.3025 26
0.0000 1.3378 0.5823 -0.1791 1
0.0000 2.2570 0.9818 0.3898 28
0.0000 1.9494 0.8480 -0.1860 3
0.0000 2.2703 0.9872 0.4812 30
0.0000 2.2604 0.9824 -0.1292 30
0.0000 2.2539 0.9791 0.5673 28
0.0000 2.2378 0.9716 -0.0426 26
0.0000 2.6441 1.1475 0.7723 1
0.0000 2.2632 0.9784 0.0430 29
0.0000 0.8533 0.3687 -0.2146 3
0.0000 2.2461 0.9701 0.1282 25
0.0000 0.8940 0.3861 -0.1893 2
0.0000 2.2627 0.9768 0.2156 28
0.0000 1.0375 0.4477 -0.1790 2
0.0000 2.2511 0.9709 0.3010 26
0.0000 1.3690 0.5902 -0.1830 2
0.0000 2.2568 0.9724 0.3892 30
0.0000 1.9597 0.8444 -0.1867 3
0.0000 2.2647 0.9754 0.4793 32
0.0000 2.2638 0.9745 -0.1292 32
0.0000 2.2519 0.9689 0.5660 30
0.0000 2.2485 0.9670 -0.0427 30
0.0000 2.6339 1.1321 0.7682 1
0.0000 2.2556 0.9658 0.0428 31
0.0000 0.8044 0.3443 -0.2020 5
0.0000 2.2513 0.9631 0.1283 29
0.0000 0.8772 0.3753 -0.1855 3
0.0000 2.2551 0.9642 0.2146 30
0.0000 1.0172 0.4347 -0.1752 2
0.0000 2.2563 0.9638 0.3013 29
0.0000 1.3711 0.5854 -0.1830 2
0.0000 2.2602 0.9645 0.3892 29
0.0000 2.0103 0.8579 -0.1912 3
0.0000 2.2573 0.9628 0.4770 32
0.0000 2.2653 0.9658 -0.1291 30
0.0000 2.2607 0.9633 0.5673 29
0.0000 2.2556 0.9607 -0.0428 31
0.0000 2.6520 1.1290 0.7723 1
0.0000 2.2515 0.9548 0.0427 31
0.0000 0.7661 0.3247 -0.1921 6
0.0000 2.2547 0.9552 0.1283 28
0.0000 0.9002 0.3814 -0.1900 2
0.0000 2.2658 0.9595 0.2153 29
0.0000 1.0442 0.4419 -0.1796 2
0.0000 2.2451 0.9497 0.2993 28
0.0000 1.3585 0.5744 -0.1811 2
0.0000 2.2617 0.9558 0.3889 31
0.0000 1.9765 0.8353 -0.1877 3
0.0000 2.2570 0.9534 0.4763 32
0.0000 2.2411 0.9462 -0.1275 32
0.0000 2.2515 0.9501 0.5642 32
0.0000 2.2552 0.9512 -0.0427 30
0.0000 2.6613 1.1220 0.7739 3
0.0000 2.2586 0.9485 0.0428 31
0.0000 0.7924 0.3326 -0.1984 5
0.0000 2.2468 0.9431 0.1277 29
0.0000 0.9052 0.3798 -0.1908 2
0.0000 2.2618 0.9485 0.2146 31
0.0000 1.0384 0.4352 -0.1783 2
0.0000 2.2557 0.9450 0.3003 27
0.0000 1.3678 0.5727 -0.1821 1
0.0000 2.2576 0.9453 0.3876 31
0.0000 1.9978 0.8361 -0.1895 3
0.0000 2.2640 0.9470 0.4770 33
0.0000 2.2610 0.9453 -0.1284 31
0.0000 2.2404 0.9362 0.5606 32
0.0000 2.2584 0.9438 -0.0427 31
0.0000 2.6543 1.1087 0.7708 17
0.0000 2.2654 0.9425 0.0428 32
0.0000 0.8007 0.3330 -0.2002 5
0.0000 2.2445 0.9329 0.1274 31
0.0000 0.8920 0.3706 -0.1878 3
0.0000 2.2633 0.9398 0.2144 34
0.0000 1.0654 0.4424 -0.1827 2
0.0000 2.2515 0.9344 0.2993 29
0.0000 1.3587 0.5636 -0.1806 2
0.0000 2.2517 0.9336 0.3861 30
0.0000 2.0118 0.8337 -0.1905 3
0.0000 2.2635 0.9380 0.4763 34
0.0000 2.2567 0.9348 -0.1280 34
0.0000 2.2579 0.9348 0.5642 31
0.0000 2.2506 0.9313 -0.0425 31
0.0000 2.7010 1.1171 0.7832 10
0.0000 2.2576 0.9300 0.0426 34
0.0000 0.7839 0.3228 -0.1957 5
0.0000 2.2459 0.9243 0.1273 30
0.0000 0.8932 0.3676 -0.1878 3
0.0000 2.2498 0.9255 0.2128 31
0.0000 1.0560 0.4342 -0.1808 2
0.0000 2.2547 0.9266 0.2993 28
0.0000 1.3680 0.5619 -0.1816 2
0.0000 2.2550 0.9258 0.3861 31
0.0000 2.0108 0.8255 -0.1902 3
0.0000 2.2631 0.9286 0.4755 34
0.0000 2.2674 0.9299 -0.1284 30
0.0000 2.2467 0.9210 0.5606 31
0.0000 2.2556 0.9242 -0.0425 32
0.0000 0.5920 0.2416 -0.1713 9
0.0000 2.2552 0.9199 0.0425 34
0.0000 0.7705 0.3141 -0.1921 6
0.0000 2.2528 0.9180 0.1275 30
0.0000 0.9018 0.3675 -0.1893 2
0.0000 2.2567 0.9191 0.2132 30
0.0000 1.0356 0.4215 -0.1771 2
0.0000 2.2543 0.9172 0.2988 29
0.0000 1.3552 0.5511 -0.1796 1
0.0000 2.2545 0.9164 0.3855 31
0.0000 2.0229 0.8223 -0.1910 3
0.0000 2.2627 0.9192 0.4747 34
0.0000 2.2502 0.9137 -0.1273 33
0.0000 2.2571 0.9161 0.5624 31
0.0000 2.2589 0.9163 -0.0425 33
0.0000 2.4223 0.9821 0.7004 8
0.0000 2.2547 0.9105 0.0424 34
0.0000 0.7391 0.2983 -0.1840 6
0.0000 2.2467 0.9064 0.1270 32
0.0000 0.8921 0.3599 -0.1870 3
0.0000 2.2562 0.9097 0.2128 31
0.0000 1.0370 0.4179 -0.1771 2
0.0000 2.2409 0.9027 0.2966 31
0.0000 1.3682 0.5508 -0.1811 1
0.0000 2.2614 0.9100 0.3861 31
0.0000 2.0129 0.8100 -0.1898 3
0.0000 2.2513 0.9055 0.4717 34
0.0000 2.2553 0.9066 -0.1274 33
0.0000 2.2567 0.9067 0.5615 30
0.0000 2.2620 0.9084 -0.0425 32
0.0000 2.2616 0.9041 0.0425 35
0.0000 0.7510 0.3001 -0.1867 6
0.0000 2.2406 0.8948 0.1264 30
0.0000 0.8934 0.3568 -0.1870 3
0.0000 2.2631 0.9033 0.2132 33
0.0000 1.0458 0.4172 -0.1783 2
0.0000 2.2662 0.9036 0.2996 31
0.0000 1.3701 0.5461 -0.1811 2
0.0000 2.2572 0.8992 0.3848 32
0.0000 2.0194 0.8044 -0.1902 3
0.0000 2.2654 0.9020 0.4740 32
0.0000 2.2658 0.9017 -0.1278 32
0.0000 2.2490 0.8945 0.5588 31
0.0000 2.2503 0.8946 -0.0423 32
0.0000 2.4129 0.9588 0.6957 34
0.0000 2.2722 0.8992 0.0427 32
0.0000 0.8064 0.3190 -0.2002 5
0.0000 2.2400 0.8855 0.1262 30
0.0000 0.8983 0.3551 -0.1878 3
0.0000 2.2588 0.8925 0.2125 32
0.0000 1.0546 0.4165 -0.1796 2
0.0000 2.2582 0.8914 0.2981 31
0.0000 1.3683 0.5398 -0.1806 1
0.0000 2.2511 0.8877 0.3833 29
0.0000 1.9777 0.7798 -0.1860 3
0.0000 2.2649 0.8926 0.4732 34
0.0000 2.2690 0.8938 -0.1278 33
0.0000 2.2521 0.8867 0.5588 31
0.0000 2.2479 0.8845 -0.0422 31
0.0000 2.4037 0.9454 0.6921 36
0.0000 2.2567 0.8839 0.0423 33
0.0000 0.8365 0.3275 -0.2074 4
0.0000 2.2431 0.8777 0.1262 30
0.0000 0.9105 0.3563 -0.1900 2
0.0000 2.2545 0.8817 0.2118 30
0.0000 1.0487 0.4099 -0.1783 2
0.0000 2.2724 0.8878 0.2996 30
0.0000 1.3776 0.5379 -0.1816 1
0.0000 2.2506 0.8784 0.3826 29
0.0000 1.9748 0.7707 -0.1855 3
0.0000 2.2607 0.8819 0.4717 35
0.0000 2.2721 0.8858 -0.1278 33
0.0000 2.2515 0.8774 0.5579 33
0.0000 2.2528 0.8774 -0.0422 32
0.0000 2.4393 0.9496 0.7014 10
0.0000 2.2523 0.8732 0.0422 33
0.0000 0.7759 0.3006 -0.1921 6
0.0000 2.2461 0.8699 0.1262 30
0.0000 0.9154 0.3545 -0.1908 2
0.0000 2.2575 0.8738 0.2118 31
0.0000 1.0464 0.4048 -0.1777 2
0.0000 2.2607 0.8741 0.2976 31
0.0000 1.3721 0.5303 -0.1806 1
0.0000 2.2610 0.8733 0.3839 29
0.0000 1.9868 0.7674 -0.1863 3
0.0000 2.2546 0.8704 0.4698 37
0.0000 2.2677 0.8750 -0.1274 30
0.0000 2.2582 0.8709 0.5588 32
0.0000 2.2502 0.8674 -0.0421 31
0.0000 2.4354 0.9383 0.6993 18
0.0000 2.2553 0.8653 0.0422 33
0.0000 0.7951 0.3049 -0.1966 5
0.0000 2.2454 0.8606 0.1260 31
0.0000 0.8983 0.3443 -0.1870 3
0.0000 2.2606 0.8659 0.2118 31
0.0000 1.0478 0.4012 -0.1777 2
0.0000 2.2526 0.8620 0.2961 30
0.0000 1.3961 0.5340 -0.1835 1
0.0000 2.2603 0.8640 0.3833 29
0.0000 1.9895 0.7605 -0.1863 3
0.0000 2.2594 0.8632 0.4702 34
0.0000 2.2427 0.8564 -0.1258 29
0.0000 2.2503 0.8589 0.5561 32
0.0000 2.2607 0.8624 -0.0422 30
0.0000 2.4459 0.9325 0.7014 12
0.0000 2.2583 0.8574 0.0422 32
0.0000 0.7962 0.3021 -0.1966 5
0.0000 2.2372 0.8485 0.1254 30
0.0000 0.9031 0.3425 -0.1878 3
0.0000 2.2636 0.8580 0.2118 31
0.0000 1.0603 0.4017 -0.1796 2
0.0000 2.2556 0.8541 0.2961 31
0.0000 1.3720 0.5193 -0.1801 1
0.0000 2.2633 0.8561 0.3833 29
0.0000 2.0331 0.7691 -0.1902 3
0.0000 2.2588 0.8540 0.4694 34
0.0000 2.2495 0.8500 -0.1260 27
0.0000 2.2460 0.8482 0.5543 31
0.0000 2.2637 0.8545 -0.0422 34
0.0000 2.4220 0.9138 0.6936 40
0.0000 0.5986 0.2250 -0.1713 9
0.0000 2.2613 0.8495 0.0422 34
0.0000 0.8118 0.3048 -0.2002 5
0.0000 2.2364 0.8393 0.1252 31
0.0000 0.9043 0.3394 -0.1878 3
0.0000 2.2703 0.8515 0.2121 28
0.0000 1.0691 0.4008 -0.1808 2
0.0000 2.2623 0.8476 0.2966 30
0.0000 1.3775 0.5159 -0.1806 1
0.0000 2.2589 0.8455 0.3820 28
0.0000 2.0283 0.7592 -0.1895 3
0.0000 2.2654 0.8475 0.4702 34
0.0000 2.2487 0.8407 -0.1258 30
0.0000 2.2380 0.8363 0.5516 32
0.0000 2.2573 0.8431 -0.0421 33
0.0000 2.4506 0.9148 0.7009 19
0.0000 2.2530 0.8374 0.0420 34
0.0000 0.8348 0.3101 -0.2056 4
0.0000 2.2429 0.8333 0.1254 30
0.0000 0.9239 0.3431 -0.1916 2
0.0000 2.2620 0.8395 0.2111 29
0.0000 1.0483 0.3888 -0.1771 2
0.0000 2.2652 0.8397 0.2966 30
0.0000 1.3830 0.5124 -0.1811 1
0.0000 2.2543 0.8352 0.3808 28
0.0000 2.0048 0.7424 -0.1870 3
0.0000 2.2573 0.8355 0.4679 34
0.0000 2.2553 0.8343 -0.1260 29
0.0000 2.2482 0.8312 0.5534 30
0.0000 2.2526 0.8328 -0.0419 32
0.0000 2.4844 0.9180 0.7097 24
0.0000 0.6001 0.2208 -0.1713 9
0.0000 2.2558 0.8300 0.0420 32
0.0000 0.8212 0.3020 -0.2020 5
0.0000 2.2533 0.8282 0.1258 32
0.0000 0.9325 0.3425 -0.1931 2
0.0000 2.2575 0.8288 0.2104 28
0.0000 1.0421 0.3826 -0.1758 2
0.0000 2.2605 0.8295 0.2957 31
0.0000 1.3885 0.5092 -0.1816 2
0.0000 2.2572 0.8274 0.3808 29
0.0000 2.0298 0.7436 -0.1891 3
0.0000 2.2508 0.8246 0.4660 37
0.0000 2.2468 0.8227 -0.1254 30
0.0000 2.2510 0.8237 0.5534 31
0.0000 2.2555 0.8250 -0.0419 33
0.0000 2.5039 0.9153 0.7143 7
0.0000 0.6008 0.2188 -0.1713 9
0.0000 2.2549 0.8207 0.0419 34
0.0000 0.8149 0.2965 -0.2002 5
0.0000 2.2449 0.8162 0.1252 30
0.0000 0.9078 0.3300 -0.1878 3
0.0000 2.2565 0.8200 0.2100 29
0.0000 1.0509 0.3817 -0.1771 2
0.0000 2.2504 0.8168 0.2939 34
0.0000 1.3865 0.5030 -0.1811 2
0.0000 2.2656 0.8215 0.3817 31
0.0000 2.0511 0.7433 -0.1909 3
0.0000 2.2519 0.8161 0.4656 36
0.0000 2.2422 0.8121 -0.1250 29
0.0000 2.2502 0.8145 0.5525 34
0.0000 2.2621 0.8184 -0.0420 32
0.0000 2.2615 0.8142 0.0420 34
0.0000 0.8013 0.2883 -0.1966 5
0.0000 2.2403 0.8057 0.1248 30
0.0000 0.9090 0.3267 -0.1878 3
0.0000 2.2670 0.8144 0.2107 30
0.0000 1.0653 0.3825 -0.1793 2
0.0000 2.2476 0.8070 0.2932 30
0.0000 1.3770 0.4941 -0.1796 1
0.0000 2.2573 0.8096 0.3798 31
0.0000 2.0575 0.7375 -0.1912 3
0.0000 2.2548 0.8078 0.4656 34
0.0000 2.2452 0.8039 -0.1250 29
0.0000 2.2385 0.8010 0.5489 31
0.0000 2.2725 0.8132 -0.0421 36
0.0000 2.3720 0.8484 0.6750 31
0.0000 0.6024 0.2145 -0.1713 9
0.0000 2.2607 0.8046 0.0419 33
0.0000 0.8391 0.2985 -0.2056 4
0.0000 2.2355 0.7952 0.1244 35
0.0000 0.8990 0.3196 -0.1855 3
0.0000 2.2660 0.8051 0.2104 32
0.0000 1.0666 0.3788 -0.1793 2
0.0000 2.2580 0.8014 0.2942 32
0.0000 1.3938 0.4944 -0.1816 1
0.0000 2.2601 0.8017 0.3798 31
0.0000 2.0431 0.7243 -0.1897 3
0.0000 2.2632 0.8019 0.4667 37
0.0000 2.2404 0.7934 -0.1246 30
0.0000 2.2486 0.7958 0.5507 33
0.0000 2.2565 0.7986 -0.0418 35
0.0000 2.2948 0.8117 0.6522 36
0.0000 2.2596 0.7957 0.0418 36
0.0000 0.8180 0.2879 -0.2002 5
0.0000 2.2345 0.7860 0.1241 30
0.0000 0.9150 0.3217 -0.1885 3
0.0000 2.2576 0.7932 0.2093 29
0.0000 1.0511 0.3693 -0.1765 2
0.0000 2.2569 0.7926 0.2937 31
0.0000 1.3917 0.4885 -0.1811 1
0.0000 2.2592 0.7925 0.3792 31
0.0000 2.0438 0.7165 -0.1895 3
0.0000 2.2640 0.7937 0.4663 36
0.0000 2.2543 0.7899 -0.1252 29
0.0000 2.2659 0.7935 0.5543 31
0.0000 2.2479 0.7868 -0.0416 32
0.0000 2.4690 0.8637 0.7009 11
0.0000 0.6038 0.2104 -0.1713 9
0.0000 2.2435 0.7813 0.0415 34
0.0000 0.8411 0.2927 -0.2056 4
0.0000 2.2486 0.7822 0.1248 30
0.0000 0.9308 0.3238 -0.1916 2
0.0000 2.2564 0.7844 0.2090 31
0.0000 1.0524 0.3657 -0.1765 2
0.0000 2.2615 0.7853 0.2939 32
0.0000 1.3896 0.4823 -0.1806 1
0.0000 2.2619 0.7846 0.3792 31
0.0000 2.0537 0.7123 -0.1902 3
0.0000 2.2408 0.7768 0.4610 34
0.0000 2.2495 0.7794 -0.1248 31
0.0000 2.3037 0.7977 0.5628 24
0.0000 2.2620 0.7828 -0.0418 35
0.0000 2.3461 0.8115 0.6652 15
0.0000 0.6046 0.2083 -0.1713 9
0.0000 2.2500 0.7747 0.0415 33
0.0000 0.8200 0.2822 -0.2002 5
0.0000 2.2437 0.7717 0.1244 31
0.0000 0.9171 0.3154 -0.1885 3
0.0000 2.2591 0.7766 0.2090 30
0.0000 1.0537 0.3620 -0.1765 2
0.0000 2.2493 0.7723 0.2920 34
0.0000 1.3800 0.4736 -0.1791 2
0.0000 2.2609 0.7754 0.3786 31
0.0000 2.0411 0.7000 -0.1888 3
0.0000 2.2472 0.7703 0.4618 36
0.0000 2.2447 0.7690 -0.1244 31
0.0000 2.3304 0.7979 0.5687 31
0.0000 2.2590 0.7730 -0.0417 34
0.0000 2.3105 0.7902 0.6543 42
0.0000 2.2603 0.7695 0.0417 31
0.0000 0.8210 0.2793 -0.2002 5
0.0000 2.2351 0.7600 0.1237 32
0.0000 0.9108 0.3097 -0.1870 3
0.0000 2.2656 0.7700 0.2093 31
0.0000 1.0549 0.3583 -0.1765 2
0.0000 2.2557 0.7657 0.2925 33
0.0000 1.3779 0.4675 -0.1787 1
0.0000 2.2636 0.7675 0.3786 31
0.0000 2.0548 0.6967 -0.1898 3
0.0000 2.2536 0.7637 0.4625 36
0.0000 2.2568 0.7643 -0.1249 34
0.0000 2.3959 0.8110 0.5840 26
0.0000 2.2579 0.7638 -0.0416 34
0.0000 2.3022 0.7784 0.6512 37
0.0000 2.2591 0.7603 0.0416 36
0.0000 0.8219 0.2765 -0.2002 5
0.0000 2.2396 0.7528 0.1238 33
0.0000 0.9193 0.3090 -0.1885 3
0.0000 2.2607 0.7595 0.2087 31
0.0000 1.0749 0.3609 -0.1796 2
0.0000 2.2527 0.7559 0.2918 31
0.0000 1.3984 0.4690 -0.1811 1
0.0000 2.2588 0.7571 0.3773 32
0.0000 2.0383 0.6832 -0.1881 3
0.0000 2.2618 0.7577 0.4637 37
0.0000 2.2614 0.7571 -0.1250 36
0.0000 2.4117 0.8069 0.5871 30
0.0000 2.2454 0.7509 -0.0413 34
0.0000 2.3214 0.7758 0.6558 43
0.0000 2.2504 0.7486 0.0414 35
0.0000 0.7896 0.2625 -0.1921 6
0.0000 2.2384 0.7438 0.1236 32
0.0000 0.9166 0.3046 -0.1878 3
0.0000 2.2558 0.7491 0.2080 32
0.0000 1.0799 0.3584 -0.1802 2
0.0000 2.2629 0.7506 0.2927 32
0.0000 1.3962 0.4628 -0.1806 1
0.0000 2.2577 0.7480 0.3767 32
0.0000 2.0426 0.6767 -0.1883 3
0.0000 2.2589 0.7479 0.4625 34
0.0000 2.2659 0.7498 -0.1251 33
0.0000 2.4718 0.8175 0.6011 23
0.0000 2.2518 0.7443 -0.0414 34
0.0000 2.3425 0.7738 0.6610 22
0.0000 2.2530 0.7407 0.0414 31
0.0000 0.8313 0.2731 -0.2020 5
0.0000 2.2486 0.7384 0.1240 32
0.0000 0.9364 0.3075 -0.1916 2
0.0000 2.2622 0.7425 0.2083 30
0.0000 1.0624 0.3485 -0.1771 2
0.0000 2.2542 0.7389 0.2913 31
0.0000 1.4016 0.4592 -0.1811 1
0.0000 2.2640 0.7413 0.3773 31
0.0000 2.0431 0.6690 -0.1881 3
0.0000 2.2391 0.7327 0.4579 35
0.0000 2.2609 0.7394 -0.1247 35
0.0000 2.4821 0.8113 0.6029 22
0.0000 2.2544 0.7364 -0.0414 31
0.0000 2.3580 0.7698 0.6646 27
0.0000 2.2537 0.7323 0.0414 32
0.0000 0.7914 0.2570 -0.1921 6
0.0000 2.2453 0.7291 0.1237 30
0.0000 0.9412 0.3054 -0.1923 2
0.0000 2.2648 0.7346 0.2083 31
0.0000 1.0749 0.3484 -0.1790 2
0.0000 2.2492 0.7286 0.2903 32
0.0000 1.4032 0.4543 -0.1811 1
0.0000 2.2646 0.7332 0.3770 30
0.0000 2.0245 0.6551 -0.1862 3
0.0000 2.2491 0.7273 0.4595 35
0.0000 2.2559 0.7291 -0.1242 33
0.0000 2.4868 0.8032 0.6033 8
0.0000 2.2530 0.7277 -0.0413 30
0.0000 2.2599 0.7260 0.0414 32
0.0000 0.8331 0.2675 -0.2020 5
0.0000 2.2327 0.7164 0.1229 28
0.0000 0.9385 0.3010 -0.1916 2
0.0000 2.2711 0.7279 0.2087 30
0.0000 1.0722 0.3436 -0.1783 2
0.0000 2.2516 0.7212 0.2903 31
0.0000 1.3820 0.4424 -0.1782 1
0.0000 2.2653 0.7247 0.3767 31
0.0000 2.0192 0.6456 -0.1855 3
0.0000 2.2552 0.7210 0.4602 35
0.0000 2.2583 0.7216 -0.1242 35
0.0000 2.4430 0.7801 0.5921 13
0.0000 2.2441 0.7162 -0.0411 30
0.0000 2.2624 0.7181 0.0414 34
0.0000 0.8489 0.2693 -0.2056 4
0.0000 2.2350 0.7090 0.1229 30
0.0000 0.9095 0.2883 -0.1855 3
0.0000 2.2697 0.7191 0.2083 30
0.0000 1.0508 0.3327 -0.1746 2
0.0000 2.2503 0.7121 0.2898 29
0.0000 1.4025 0.4435 -0.1806 1
0.0000 2.2526 0.7124 0.3742 31
0.0000 2.0118 0.6359 -0.1846 3
0.0000 2.3626 0.7463 0.4816 14
0.0000 2.2608 0.7137 -0.1242 33
0.0000 2.3900 0.7540 0.5786 41
0.0000 2.2389 0.7063 -0.0410 29
0.0000 2.4302 0.7662 0.6828 40
0.0000 2.2571 0.7082 0.0413 31
0.0000 0.8275 0.2595 -0.2002 5
0.0000 2.2394 0.7018 0.1230 26
0.0000 0.8955 0.2805 -0.1824 3
0.0000 2.2551 0.7058 0.2067 26
0.0000 1.0746 0.3363 -0.1783 2
0.0000 2.2621 0.7076 0.2910 14
0.0000 1.3964 0.4365 -0.1796 2
0.0000 2.2815 0.7128 0.3786 15
0.0000 1.9874 0.6205 -0.1822 3
0.0000 2.4512 0.7654 0.4992 24
0.0000 2.2650 0.7068 -0.1244 26
0.0000 2.3850 0.7438 0.5768 31
0.0000 2.2413 0.6985 -0.0410 21
0.0000 2.5029 0.7796 0.7024 22
0.0000 0.6107 0.1894 -0.1713 9
0.0000 2.2615 0.7009 0.0413 3
0.0000 0.8284 0.2566 -0.2002 5
0.0000 0.9265 0.2868 -0.1885 3
0.0000 1.0606 0.3279 -0.1758 2
0.0000 2.3822 0.7360 0.3061 6
0.0000 1.3903 0.4293 -0.1787 2
0.0000 2.5236 0.7788 0.4183 17
0.0000 1.9572 0.6036 -0.1792 2
0.0000 2.5120 0.7747 0.5110 22
0.0000 2.3950 0.7377 0.5786 32
0.0000 2.4392 0.7504 0.6838 25
0.0000 3.3175 1.0155 0.0606 1
0.0000 0.8293 0.2537 -0.2002 5
0.0000 3.2432 0.9915 0.1777 2
0.0000 0.9238 0.2822 -0.1878 3
0.0000 2.6792 0.8181 0.2451 1
0.0000 1.0656 0.3252 -0.1765 2
0.0000 3.0075 0.9178 0.3861 10
0.0000 1.3994 0.4268 -0.1796 2
0.0000 2.5377 0.7734 0.4202 31
0.0000 1.9669 0.5991 -0.1799 2
0.0000 2.5562 0.7781 0.5194 13
0.0000 3.1051 0.9446 -0.1701 1
0.0000 3.5985 1.0940 0.8683 30
0.0000 3.2697 0.9940 -0.0597 2
0.0000 2.4029 0.7301 0.6729 26
0.0000 0.6121 0.1850 -0.1713 9
0.0000 3.2887 0.9935 0.0600 12
0.0000 0.8526 0.2574 -0.2056 4
0.0000 3.2774 0.9889 0.1794 14
0.0000 0.9511 0.2870 -0.1931 2
0.0000 2.6839 0.8093 0.2453 1
0.0000 1.0856 0.3272 -0.1796 2
0.0000 1.4237 0.4285 -0.1826 2
0.0000 2.5443 0.7653 0.4208 19
0.0000 1.9538 0.5873 -0.1785 2
0.0000 2.5683 0.7720 0.5213 15
0.0000 3.1848 0.9567 -0.1743 3
0.0000 3.5948 1.0792 0.8665 31
0.0000 3.3193 0.9958 -0.0605 12
0.0000 2.3742 0.7118 0.6641 31
0.0000 0.6128 0.1828 -0.1713 9
0.0000 3.3477 0.9986 0.0610 11
0.0000 0.8310 0.2477 -0.2002 5
0.0000 3.3478 0.9974 0.1831 14
0.0000 0.9145 0.2723 -0.1855 3
0.0000 2.6811 0.7978 0.2447 1
0.0000 1.0868 0.3232 -0.1796 2
0.0000 1.4290 0.4247 -0.1830 2
0.0000 2.3235 0.6900 0.3839 11
0.0000 1.9750 0.5861 -0.1802 2
0.0000 2.5673 0.7615 0.5205 14
0.0000 3.2113 0.9518 -0.1755 3
0.0000 3.3841 1.0024 -0.0616 35
0.0000 2.4396 0.7222 0.6817 31
0.0000 0.8319 0.2448 -0.2002 5
0.0000 0.9229 0.2715 -0.1870 3
0.0000 2.7794 0.8170 0.2534 1
0.0000 1.0803 0.3173 -0.1783 2
0.0000 2.2819 0.6699 0.2920 27
0.0000 1.4229 0.4174 -0.1821 2
0.0000 2.3411 0.6863 0.3864 8
0.0000 1.9540 0.5729 -0.1781 2
0.0000 2.5585 0.7496 0.5182 13
0.0000 3.2470 0.9507 -0.1773 3
0.0000 3.4087 0.9968 -0.0620 47
0.0000 2.9836 0.8719 0.8329 11
0.0000 0.6140 0.1786 -0.1713 9
0.0000 3.4160 0.9931 0.0621 33
0.0000 0.8402 0.2441 -0.2020 5
0.0000 3.4237 0.9940 0.1868 38
0.0000 0.9352 0.2715 -0.1893 2
0.0000 2.6865 0.7795 0.2447 1
0.0000 1.0549 0.3059 -0.1740 2
0.0000 2.3090 0.6691 0.2952 18
0.0000 1.4129 0.4092 -0.1806 2
0.0000 2.4193 0.7001 0.3989 13
0.0000 1.9407 0.5616 -0.1768 2
0.0000 2.5404 0.7347 0.5140 13
0.0000 3.2849 0.9494 -0.1792 3
0.0000 2.9974 0.8657 0.7203 38
0.0000 3.4314 0.9904 -0.0623 55
0.0000 2.9532 0.8518 0.8236 4
0.0000 0.6146 0.1765 -0.1713 9
0.0000 3.4195 0.9812 0.0621 42
0.0000 0.8336 0.2390 -0.2002 5
0.0000 3.4059 0.9766 0.1857 35
0.0000 0.9738 0.2791 -0.1969 2
0.0000 2.6624 0.7624 0.2423 1
0.0000 1.0749 0.3076 -0.1771 2
0.0000 2.5518 0.7298 0.3259 30
0.0000 1.4181 0.4053 -0.1811 2
0.0000 2.4178 0.6910 0.3983 43
0.0000 1.9618 0.5603 -0.1785 2
0.0000 2.5033 0.7145 0.5060 10
0.0000 3.1960 0.9116 -0.1742 3
0.0000 2.9929 0.8531 0.7185 28
0.0000 3.4231 0.9757 -0.0621 40
0.0000 2.5751 0.7335 0.7174 9
0.0000 0.6524 0.1849 -0.1817 8
0.0000 3.4227 0.9698 0.0621 32
0.0000 0.8344 0.2363 -0.2002 5
0.0000 3.3958 0.9609 0.1850 27
0.0000 0.9295 0.2628 -0.1878 3
0.0000 2.6651 0.7531 0.2423 1
0.0000 1.0683 0.3019 -0.1758 2
0.0000 2.5599 0.7229 0.3266 33
0.0000 1.4004 0.3952 -0.1787 2
0.0000 2.4221 0.6831 0.3986 31
0.0000 1.9733 0.5562 -0.1794 2
0.0000 2.3488 0.6620 0.4744 14
0.0000 3.1624 0.8907 -0.1722 2
0.0000 2.9732 0.8369 0.7131 7
0.0000 3.4188 0.9616 -0.0620 38
0.0000 2.5962 0.7298 0.7226 20
0.0000 0.6791 0.1900 -0.1889 8
0.0000 3.4280 0.9584 0.0621 19
0.0000 0.8202 0.2292 -0.1966 5
0.0000 3.4028 0.9507 0.1852 19
0.0000 0.9190 0.2566 -0.1855 3
0.0000 2.6944 0.7518 0.2447 1
0.0000 1.0694 0.2982 -0.1758 2
0.0000 2.6064 0.7262 0.3322 14
0.0000 1.4094 0.3924 -0.1796 2
0.0000 2.4415 0.6798 0.4014 33
0.0000 1.9463 0.5416 -0.1768 2
0.0000 2.3625 0.6569 0.4766 17
0.0000 3.1136 0.8652 -0.1694 1
0.0000 3.4220 0.9503 -0.0620 18
0.0000 2.6042 0.7227 0.7242 12
0.0000 0.6834 0.1886 -0.1900 8
0.0000 0.8134 0.2244 -0.1948 5
0.0000 3.3907 0.9346 0.1843 4
0.0000 0.9199 0.2534 -0.1855 3
0.0000 2.6010 0.7159 0.2360 1
0.0000 1.0665 0.2936 -0.1752 2
0.0000 2.9954 0.8239 0.3815 6
0.0000 1.4260 0.3920 -0.1816 2
0.0000 2.3353 0.6415 0.3836 18
0.0000 1.9636 0.5390 -0.1781 2
0.0000 2.5369 0.6964 0.5114 7
0.0000 3.0221 0.8290 -0.1642 1
0.0000 0.6729 0.1833 -0.1869 8
0.0000 3.3669 0.9167 0.0609 1
0.0000 0.8142 0.2215 -0.1948 5
0.0000 3.4574 0.9407 0.1878 1
0.0000 0.9207 0.2503 -0.1855 3
0.0000 2.5610 0.6958 0.2322 6
0.0000 1.0447 0.2836 -0.1715 2
0.0000 2.6151 0.7095 0.3327 2
0.0000 1.4159 0.3839 -0.1801 2
0.0000 2.3336 0.6327 0.3830 15
0.0000 1.9596 0.5309 -0.1776 2
0.0000 2.5621 0.6937 0.5159 3
0.0000 3.9862 1.0778 0.9533 1
0.0000 3.4843 0.9421 -0.0630 1
0.0000 2.9877 0.8073 0.8293 1
0.0000 0.6698 0.1800 -0.1858 16
0.0000 0.8036 0.2158 -0.1921 6
0.0000 0.9064 0.2430 -0.1824 3
0.0000 2.5942 0.6951 0.2350 1
0.0000 1.0571 0.2832 -0.1733 2
0.0000 2.5542 0.6839 0.3247 2
0.0000 1.4133 0.3782 -0.1796 2
0.0000 1.9460 0.5200 -0.1762 1
0.0000 2.5738 0.6877 0.5179 2
0.0000 3.1062 0.8277 0.8613 1
0.0000 0.6704 0.1777 -0.1858 16
0.0000 2.5496 0.6755 0.0460 1
0.0000 0.8044 0.2130 -0.1921 6
0.0000 0.9224 0.2441 -0.1855 3
0.0000 1.0428 0.2755 -0.1708 2
0.0000 2.6602 0.7024 0.3378 1
0.0000 1.4376 0.3793 -0.1826 1
0.0000 2.4831 0.6547 0.4067 1
0.0000 2.0036 0.5283 -0.1813 1
0.0000 2.5553 0.6732 0.5137 1
0.0000 0.6859 0.1793 -0.1900 16
0.0000 0.7523 0.1964 -0.1795 7
0.0000 0.8891 0.2319 -0.1786 4
0.0000 1.0743 0.2798 -0.1758 2
0.0000 1.4390 0.3743 -0.1826 1
0.0000 0.6604 0.1702 -0.1827 17
0.0000 0.8172 0.2103 -0.1948 5
0.0000 0.9089 0.2337 -0.1824 3
0.0000 1.0408 0.2672 -0.1702 2
0.0000 1.4210 0.3643 -0.1801 1
0.0000 0.7193 0.1839 0.1714 3
0.0000 0.6477 0.1653 0.1791 2
0.0000 0.6760 0.1715 -0.1869 16
0.0000 0.7726 0.1959 -0.1840 6
0.0000 0.5731 0.1452 0.0310 5
0.0000 0.8640 0.2188 -0.1733 5
0.0000 1.0073 0.2547 -0.1646 1
0.0000 0.7275 0.1839 0.0921 6
0.0000 0.7316 0.1847 0.1195 4
0.0000 0.7158 0.1805 0.1435 4
0.0000 0.7106 0.1789 0.1692 7
0.0000 0.6838 0.1720 0.1889 2
0.0000 0.6728 0.1683 -0.1858 16
0.0000 0.6228 0.1556 0.0112 6
0.0000 0.7430 0.1855 -0.1768 7
0.0000 0.6821 0.1702 0.0368 4
0.0000 0.8419 0.2101 -0.1687 5
0.0000 0.7308 0.1822 0.0659 3
0.0000 0.8396 0.2092 -0.1370 2
0.0000 0.6935 0.1726 0.0877 6
0.0000 0.6145 0.1529 -0.0778 7
0.0000 0.7093 0.1763 0.1158 4
0.0000 0.7309 0.1817 -0.0659 5
0.0000 0.6878 0.1709 0.1378 9
0.0000 0.7308 0.1814 -0.0395 6
0.0000 0.6715 0.1665 0.1597 11
0.0000 0.6774 0.1679 -0.0122 6
0.0000 0.6732 0.1667 0.1858 7
0.0000 0.6696 0.1650 -0.1848 16
0.0000 0.6893 0.1697 0.0124 5
0.0000 0.6756 0.1662 -0.1606 9
0.0000 0.6750 0.1659 0.0364 4
0.0000 0.7512 0.1846 -0.1504 8
0.0000 0.7024 0.1725 0.0633 7
0.0000 0.7060 0.1733 -0.1151 9
0.0000 0.6941 0.1702 0.0877 13
0.0000 0.6690 0.1640 -0.0846 6
0.0000 0.7214 0.1767 0.1176 9
0.0000 0.7044 0.1725 -0.0634 6
0.0000 0.6980 0.1708 0.1397 9
0.0000 0.7159 0.1750 -0.0386 6
0.0000 0.6758 0.1651 0.1606 11
0.0000 0.6780 0.1655 -0.0122 6
0.0000 0.6925 0.1690 0.1910 7
0.0000 0.6552 0.1590 -0.1807 17
0.0000 0.7210 0.1748 0.0129 4
0.0000 0.7178 0.1739 -0.1705 8
0.0000 0.6658 0.1613 0.0359 8
0.0000 0.6907 0.1672 -0.1381 10
0.0000 0.6933 0.1677 0.0624 8
0.0000 0.6912 0.1671 -0.1126 9
0.0000 0.6831 0.1650 0.0863 13
0.0000 0.6464 0.1560 -0.0817 6
0.0000 0.6951 0.1678 0.1133 9
0.0000 0.7089 0.1710 -0.0638 6
0.0000 0.6909 0.1665 0.1381 9
0.0000 0.7204 0.1735 -0.0388 6
0.0000 0.6669 0.1605 0.1584 11
0.0000 0.6746 0.1623 -0.0121 6
0.0000 0.6593 0.1585 0.1817 7
0.0000 0.6558 0.1567 -0.1807 17
0.0000 0.6943 0.1659 0.0125 5
0.0000 0.7070 0.1688 -0.1678 8
0.0000 0.6916 0.1650 0.0373 8
0.0000 0.7028 0.1676 -0.1404 9
0.0000 0.6803 0.1621 0.0612 8
0.0000 0.6649 0.1584 -0.1083 10
0.0000 0.6836 0.1627 0.0863 13
0.0000 0.6856 0.1631 -0.0865 5
0.0000 0.6726 0.1599 0.1095 10
0.0000 0.6978 0.1657 -0.0628 6
0.0000 0.6953 0.1651 0.1389 9
0.0000 0.7151 0.1697 -0.0385 6
0.0000 0.6731 0.1596 0.1597 11
0.0000 0.6480 0.1535 -0.0116 6
0.0000 0.6523 0.1544 0.1796 7
0.0000 0.6525 0.1536 -0.1796 17
0.0000 0.6949 0.1635 0.0125 5
0.0000 0.7076 0.1664 -0.1678 8
0.0000 0.6611 0.1553 0.0356 8
0.0000 0.7110 0.1670 -0.1420 9
0.0000 0.6925 0.1625 0.0622 8
0.0000 0.6847 0.1606 -0.1114 9
0.0000 0.6880 0.1613 0.0868 13
0.0000 0.6745 0.1580 -0.0851 12
0.0000 0.6847 0.1602 0.1114 9
0.0000 0.6868 0.1607 -0.0617 6
0.0000 0.6844 0.1600 0.1366 9
0.0000 0.7177 0.1677 -0.0386 6
0.0000 0.6737 0.1573 0.1597 11
0.0000 0.6602 0.1540 -0.0118 6
0.0000 0.6491 0.1513 0.1786 8
0.0000 0.6568 0.1522 -0.1807 17
0.0000 0.6994 0.1620 0.0125 5
0.0000 0.6740 0.1560 -0.1597 9
0.0000 0.6636 0.1534 0.0357 8
0.0000 0.7039 0.1628 -0.1404 9
0.0000 0.6814 0.1574 0.0612 8
0.0000 0.6698 0.1546 -0.1089 10
0.0000 0.6828 0.1575 0.0860 13
0.0000 0.6712 0.1547 -0.0846 12
0.0000 0.6891 0.1587 0.1120 9
0.0000 0.6873 0.1583 -0.0617 6
0.0000 0.6735 0.1550 0.1343 9
0.0000 0.6832 0.1571 -0.0367 6
0.0000 0.6666 0.1532 0.1579 12
0.0000 0.6607 0.1517 -0.0118 6
0.0000 0.6571 0.1507 0.1807 7
0.0000 0.6460 0.1474 -0.1775 18
0.0000 0.6824 0.1555 0.0122 5
0.0000 0.6859 0.1562 -0.1624 9
0.0000 0.6582 0.1499 0.0354 8
0.0000 0.7006 0.1594 -0.1397 9
0.0000 0.6586 0.1498 0.0591 8
0.0000 0.6549 0.1488 -0.1064 10
0.0000 0.6737 0.1529 0.0848 14
0.0000 0.6563 0.1489 -0.0826 12
0.0000 0.6974 0.1582 0.1133 9
0.0000 0.6898 0.1563 -0.0619 6
0.0000 0.6702 0.1518 0.1336 10
0.0000 0.7227 0.1635 -0.0388 6
0.0000 0.6558 0.1483 0.1552 12
0.0000 0.6690 0.1513 -0.0120 6
0.0000 0.6576 0.1486 0.1807 7
0.0000 0.6579 0.1476 -0.1807 17
0.0000 0.6985 0.1568 0.0125 5
0.0000 0.6941 0.1556 -0.1642 8
0.0000 0.6665 0.1494 0.0358 8
0.0000 0.6744 0.1510 -0.1343 10
0.0000 0.6591 0.1475 0.0591 8
0.0000 0.6708 0.1501 -0.1089 10
0.0000 0.6897 0.1542 0.0868 13
0.0000 0.6606 0.1475 -0.0831 12
0.0000 0.6748 0.1506 0.1095 10
0.0000 0.6903 0.1539 -0.0619 6
0.0000 0.6592 0.1470 0.1313 10
0.0000 0.6979 0.1555 -0.0375 6
0.0000 0.6677 0.1486 0.1579 12
0.0000 0.6598 0.1468 -0.0118 6
0.0000 0.6582 0.1463 0.1807 7
0.0000 0.6395 0.1413 -0.1755 18
0.0000 0.6991 0.1543 0.0125 5
0.0000 0.7022 0.1549 -0.1660 8
0.0000 0.6592 0.1453 0.0354 8
0.0000 0.7055 0.1555 -0.1404 9
0.0000 0.6655 0.1466 0.0596 8
0.0000 0.6752 0.1486 -0.1095 10
0.0000 0.6786 0.1492 0.0853 14
0.0000 0.6456 0.1418 -0.0812 13
0.0000 0.6599 0.1448 0.1070 10
0.0000 0.6675 0.1465 -0.0598 7
0.0000 0.6635 0.1455 0.1320 10
0.0000 0.7043 0.1543 -0.0378 6
0.0000 0.6606 0.1446 0.1561 12
0.0000 0.6525 0.1427 -0.0117 6
0.0000 0.6285 0.1374 0.1724 8
0.0000 0.6513 0.1415 -0.1786 17
0.0000 0.6937 0.1506 0.0124 5
0.0000 0.6780 0.1471 -0.1602 9
0.0000 0.6558 0.1422 0.0352 8
0.0000 0.6639 0.1439 -0.1320 10
0.0000 0.6621 0.1434 0.0593 8
0.0000 0.6410 0.1387 -0.1039 10
0.0000 0.6636 0.1435 0.0834 14
0.0000 0.6694 0.1446 -0.0841 12
0.0000 0.6565 0.1417 0.1064 10
0.0000 0.6505 0.1404 -0.0582 7
0.0000 0.6679 0.1440 0.1328 10
0.0000 0.7029 0.1515 -0.0377 6
0.0000 0.6649 0.1431 0.1570 12
0.0000 0.6275 0.1350 -0.0112 6
0.0000 0.6403 0.1376 0.1755 8
0.0000 0.6329 0.1352 -0.1734 9
0.0000 0.6786 0.1449 0.0121 5
0.0000 0.6918 0.1476 -0.1633 8
0.0000 0.6563 0.1399 0.0352 4
0.0000 0.6912 0.1473 -0.1374 10
0.0000 0.6704 0.1427 0.0600 8
0.0000 0.6531 0.1389 -0.1057 10
0.0000 0.6641 0.1412 0.0834 14
0.0000 0.6427 0.1365 -0.0807 13
0.0000 0.6802 0.1443 0.1101 10
0.0000 0.6899 0.1464 -0.0617 6
0.0000 0.6741 0.1429 0.1339 9
0.0000 0.6839 0.1449 -0.0366 6
0.0000 0.6463 0.1368 0.1525 8
0.0000 0.6476 0.1369 -0.0116 6
0.0000 0.6408 0.1354 0.1755 8
0.0000 0.6334 0.1330 -0.1734 9
0.0000 0.6537 0.1372 0.0117 5
0.0000 0.6695 0.1403 -0.1579 9
0.0000 0.6412 0.1343 0.0343 4
0.0000 0.6764 0.1417 -0.1343 10
0.0000 0.6630 0.1388 0.0593 8
0.0000 0.6574 0.1375 -0.1064 10
0.0000 0.6568 0.1372 0.0824 15
0.0000 0.6393 0.1334 -0.0802 6
0.0000 0.6691 0.1395 0.1083 10
0.0000 0.6670 0.1391 -0.0596 7
0.0000 0.6535 0.1362 0.1298 10
0.0000 0.6863 0.1429 -0.0367 6
0.0000 0.6430 0.1337 0.1516 8
0.0000 0.6226 0.1294 -0.0111 6
0.0000 0.6412 0.1331 0.1755 8
0.0000 0.6262 0.1293 -0.1713 9
0.0000 0.6717 0.1386 0.0120 5
0.0000 0.6623 0.1365 -0.1561 9
0.0000 0.6455 0.1330 0.0345 9
0.0000 0.6845 0.1410 -0.1359 10
0.0000 0.6479 0.1333 0.0579 9
0.0000 0.6617 0.1361 -0.1070 10
0.0000 0.6592 0.1354 0.0826 15
0.0000 0.6475 0.1329 -0.0812 6
0.0000 0.6463 0.1326 0.1045 10
0.0000 0.6519 0.1337 -0.0582 7
0.0000 0.6635 0.1360 0.1317 10
0.0000 0.6770 0.1386 -0.0362 7
0.0000 0.6434 0.1316 0.1516 8
0.0000 0.6348 0.1297 -0.0113 6
0.0000 0.6303 0.1287 0.1724 8
0.0000 0.6267 0.1272 -0.1713 9
0.0000 0.6938 0.1406 0.0124 5
0.0000 0.6761 0.1369 -0.1593 9
0.0000 0.6538 0.1323 0.0350 8
0.0000 0.6696 0.1355 -0.1328 10
0.0000 0.6405 0.1295 0.0572 9
0.0000 0.6428 0.1299 -0.1039 10
0.0000 0.6694 0.1351 0.0838 14
0.0000 0.6402 0.1291 -0.0802 6
0.0000 0.6429 0.1295 0.1039 11
0.0000 0.6406 0.1291 -0.0572 7
0.0000 0.6621 0.1333 0.1313 10
0.0000 0.6462 0.1299 -0.0345 7
0.0000 0.6400 0.1286 0.1507 12
0.0000 0.6195 0.1244 -0.0110 6
0.0000 0.6156 0.1235 0.1682 8
0.0000 0.6347 0.1265 -0.1734 18
0.0000 0.6570 0.1308 0.0117 5
0.0000 0.6651 0.1323 -0.1566 9
0.0000 0.6308 0.1254 0.0337 4
0.0000 0.6855 0.1362 -0.1359 10
0.0000 0.6332 0.1257 0.0565 9
0.0000 0.6317 0.1253 -0.1020 11
0.0000 0.6562 0.1301 0.0821 15
0.0000 0.6484 0.1284 -0.0812 6
0.0000 0.6550 0.1296 0.1057 10
0.0000 0.6684 0.1322 -0.0596 7
0.0000 0.6414 0.1268 0.1271 10
0.0000 0.6819 0.1346 -0.0364 7
0.0000 0.6481 0.1279 0.1525 12
0.0000 0.6141 0.1210 -0.0109 6
0.0000 0.6236 0.1228 0.1703 8
0.0000 0.6389 0.1250 -0.1744 9
0.0000 0.6732 0.1316 0.0120 5
0.0000 0.6522 0.1274 -0.1534 9
0.0000 0.6273 0.1224 0.0335 4
0.0000 0.6860 0.1338 -0.1359 10
0.0000 0.6414 0.1250 0.0572 9
0.0000 0.6437 0.1254 -0.1039 10
0.0000 0.6333 0.1232 0.0792 16
0.0000 0.6216 0.1208 -0.0778 7
0.0000 0.6593 0.1280 0.1064 10
0.0000 0.6572 0.1276 -0.0586 7
0.0000 0.6341 0.1230 0.1256 11
0.0000 0.6490 0.1258 -0.0346 7
0.0000 0.6352 0.1230 0.1494 8
0.0000 0.6224 0.1204 -0.0111 6
0.0000 0.6240 0.1206 0.1703 8
0.0000 0.6356 0.1220 -0.1734 9
0.0000 0.6579 0.1262 0.0117 5
0.0000 0.6622 0.1269 -0.1557 9
0.0000 0.6297 0.1206 0.0336 9
0.0000 0.6710 0.1285 -0.1328 10
0.0000 0.6340 0.1213 0.0565 9
0.0000 0.6325 0.1209 -0.1020 11
0.0000 0.6571 0.1255 0.0821 15
0.0000 0.6103 0.1164 -0.0763 7
0.0000 0.6520 0.1243 0.1051 10
0.0000 0.6498 0.1238 -0.0579 7
0.0000 0.6461 0.1230 0.1278 10
0.0000 0.6691 0.1273 -0.0357 7
0.0000 0.6241 0.1186 0.1467 8
0.0000 0.5992 0.1138 -0.0106 7
0.0000 0.6244 0.1184 0.1703 8
0.0000 0.6284 0.1184 -0.1713 9
0.0000 0.6662 0.1254 0.0118 5
0.0000 0.6607 0.1243 -0.1552 9
0.0000 0.6183 0.1162 0.0330 9
0.0000 0.6676 0.1254 -0.1320 10
0.0000 0.6384 0.1198 0.0568 9
0.0000 0.6446 0.1209 -0.1039 10
0.0000 0.6302 0.1181 0.0787 16
0.0000 0.6224 0.1165 -0.0778 7
0.0000 0.6369 0.1191 0.1026 11
0.0000 0.6502 0.1216 -0.0579 7
0.0000 0.6504 0.1215 0.1286 10
0.0000 0.6656 0.1242 -0.0355 7
0.0000 0.6418 0.1196 0.1507 12
0.0000 0.6075 0.1131 -0.0108 6
0.0000 0.6173 0.1148 0.1682 8
0.0000 0.6288 0.1162 -0.1713 9
0.0000 0.6745 0.1245 0.0120 5
0.0000 0.6573 0.1212 -0.1543 9
0.0000 0.6325 0.1166 0.0337 4
0.0000 0.6371 0.1174 -0.1259 11
0.0000 0.6309 0.1161 0.0561 9
0.0000 0.6334 0.1165 -0.1020 11
0.0000 0.6423 0.1180 0.0802 15
0.0000 0.6072 0.1114 -0.0758 7
0.0000 0.6392 0.1173 0.1029 11
0.0000 0.6389 0.1171 -0.0568 7
0.0000 0.6431 0.1178 0.1271 10
0.0000 0.6640 0.1215 -0.0354 7
0.0000 0.6249 0.1142 0.1467 8
0.0000 0.6019 0.1100 -0.0107 7
0.0000 0.6062 0.1107 0.1651 9
0.0000 0.6178 0.1119 -0.1682 9
0.0000 0.6395 0.1159 0.0113 5
0.0000 0.6213 0.1125 -0.1458 10
0.0000 0.6309 0.1141 0.0336 9
0.0000 0.6839 0.1236 -0.1351 10
0.0000 0.6274 0.1132 0.0558 9
0.0000 0.6143 0.1109 -0.0989 11
0.0000 0.6310 0.1138 0.0787 16
0.0000 0.6232 0.1122 -0.0778 7
0.0000 0.6571 0.1182 0.1057 10
0.0000 0.6393 0.1149 -0.0568 7
0.0000 0.6396 0.1150 0.1263 10
0.0000 0.6664 0.1197 -0.0355 7
0.0000 0.6253 0.1122 0.1467 8
0.0000 0.6003 0.1076 -0.0106 7
0.0000 0.6104 0.1093 0.1662 9
0.0000 0.5877 0.1045 -0.1600 10
0.0000 0.6399 0.1136 0.0113 5
0.0000 0.6294 0.1117 -0.1476 10
0.0000 0.6293 0.1115 0.0335 4
0.0000 0.6495 0.1151 -0.1282 11
0.0000 0.6200 0.1098 0.0551 9
0.0000 0.6264 0.1108 -0.1007 11
0.0000 0.6392 0.1129 0.0797 15
0.0000 0.6119 0.1080 -0.0763 7
0.0000 0.6459 0.1139 0.1039 11
0.0000 0.6161 0.1085 -0.0547 8
0.0000 0.6284 0.1107 0.1240 11
0.0000 0.6275 0.1104 -0.0334 8
0.0000 0.6276 0.1103 0.1471 8
0.0000 0.5948 0.1045 -0.0105 7
0.0000 0.6146 0.1078 0.1672 8
0.0000 0.6300 0.1096 -0.1713 9
0.0000 0.6324 0.1100 0.0112 6
0.0000 0.6297 0.1095 -0.1476 10
0.0000 0.6258 0.1087 0.0333 4
0.0000 0.6499 0.1127 -0.1282 11
0.0000 0.6361 0.1102 0.0565 9
0.0000 0.6345 0.1098 -0.1020 5
0.0000 0.6357 0.1100 0.0792 16
0.0000 0.6044 0.1045 -0.0753 7
0.0000 0.6287 0.1086 0.1011 5
0.0000 0.6204 0.1071 -0.0551 7
0.0000 0.6249 0.1077 0.1233 11
0.0000 0.6515 0.1122 -0.0346 7
0.0000 0.6107 0.1051 0.1431 9
0.0000 0.6090 0.1047 -0.0108 6
0.0000 0.6150 0.1057 0.1672 8
0.0000 0.6189 0.1055 -0.1682 9
0.0000 0.6643 0.1131 0.0118 5
0.0000 0.6494 0.1104 -0.1521 10
0.0000 0.6380 0.1084 0.0339 4
0.0000 0.6000 0.1019 -0.1183 12
0.0000 0.6109 0.1037 0.0542 9
0.0000 0.6232 0.1056 -0.1001 5
0.0000 0.6341 0.1074 0.0790 16
0.0000 0.6126 0.1036 -0.0763 7
0.0000 0.6252 0.1056 0.1004 11
0.0000 0.6562 0.1109 -0.0582 7
0.0000 0.6446 0.1088 0.1271 10
0.0000 0.6283 0.1059 -0.0334 8
0.0000 0.6149 0.1036 0.1440 9
0.0000 0.5975 0.1005 -0.0106 7
0.0000 0.6077 0.1021 0.1651 9
0.0000 0.6193 0.1033 -0.1682 9
0.0000 0.6529 0.1088 0.0116 5
0.0000 0.6382 0.1062 -0.1494 10
0.0000 0.6147 0.1022 0.0327 4
0.0000 0.6507 0.1082 -0.1282 11
0.0000 0.6172 0.1025 0.0547 9
0.0000 0.6197 0.1028 -0.0995 11
0.0000 0.6345 0.1052 0.0790 16
0.0000 0.6052 0.1002 -0.0753 7
0.0000 0.6256 0.1035 0.1004 11
0.0000 0.6172 0.1021 -0.0547 8
0.0000 0.6334 0.1046 0.1248 11
0.0000 0.6326 0.1044 -0.0336 7
0.0000 0.6191 0.1021 0.1449 9
0.0000 0.5821 0.0958 -0.0103 7
0.0000 0.6043 0.0994 0.1641 9
0.0000 0.6006 0.0980 -0.1631 10
0.0000 0.6533 0.1065 0.0116 5
0.0000 0.6232 0.1015 -0.1458 10
0.0000 0.6190 0.1007 0.0329 4
0.0000 0.6395 0.1040 -0.1259 11
0.0000 0.6096 0.0991 0.0540 9
0.0000 0.6357 0.1032 -0.1020 5
0.0000 0.6290 0.1020 0.0782 16
0.0000 0.6133 0.0993 -0.0763 7
0.0000 0.6299 0.1019 0.1011 11
0.0000 0.6058 0.0980 -0.0537 8
0.0000 0.6260 0.1012 0.1233 11
0.0000 0.6605 0.1066 -0.0351 7
0.0000 0.6060 0.0977 0.1417 9
0.0000 0.5903 0.0951 -0.0104 7
0.0000 0.5894 0.0948 0.1600 9
0.0000 0.6086 0.0971 -0.1651 9
0.0000 0.6418 0.1023 0.0113 5
0.0000 0.6139 0.0978 -0.1435 10
0.0000 0.6075 0.0967 0.0322 4
0.0000 0.6398 0.1018 -0.1259 11
0.0000 0.6021 0.0957 0.0533 10
0.0000 0.6282 0.0997 -0.1007 11
0.0000 0.6215 0.0985 0.0773 16
0.0000 0.6137 0.0972 -0.0763 7
0.0000 0.6166 0.0975 0.0989 5
0.0000 0.6179 0.0978 -0.0547 8
0.0000 0.6225 0.0984 0.1225 11
0.0000 0.6451 0.1018 -0.0342 7
0.0000 0.6025 0.0950 0.1408 9
0.0000 0.6064 0.0955 -0.0107 7
0.0000 0.6050 0.0952 0.1641 9
0.0000 0.6089 0.0950 -0.1651 9
0.0000 0.6145 0.0958 0.0109 6
0.0000 0.6027 0.0938 -0.1408 11
0.0000 0.5960 0.0928 0.0316 5
0.0000 0.6285 0.0978 -0.1236 12
0.0000 0.6005 0.0933 0.0532 5
0.0000 0.6129 0.0951 -0.0982 11
0.0000 0.6218 0.0964 0.0773 16
0.0000 0.5905 0.0915 -0.0734 7
0.0000 0.6286 0.0973 0.1007 5
0.0000 0.6419 0.0993 -0.0568 7
0.0000 0.6228 0.0962 0.1225 11
0.0000 0.6257 0.0965 -0.0332 8
0.0000 0.6028 0.0930 0.1408 9
0.0000 0.6067 0.0935 -0.0107 7
0.0000 0.6015 0.0926 0.1631 9
0.0000 0.5901 0.0901 -0.1600 10
0.0000 0.6346 0.0968 0.0112 6
0.0000 0.6165 0.0939 -0.1440 10
0.0000 0.6121 0.0932 0.0324 4
0.0000 0.6172 0.0939 -0.1214 12
0.0000 0.6165 0.0937 0.0546 9
0.0000 0.6172 0.0937 -0.0989 5
0.0000 0.6241 0.0946 0.0775 16
0.0000 0.5986 0.0907 -0.0743 7
0.0000 0.6133 0.0929 0.0982 11
0.0000 0.6068 0.0918 -0.0537 8
0.0000 0.6115 0.0924 0.1202 11
0.0000 0.6339 0.0956 -0.0336 7
0.0000 0.6128 0.0925 0.1431 9
0.0000 0.5675 0.0855 -0.0100 7
0.0000 0.5941 0.0894 0.1610 9
0.0000 0.5598 0.0836 -0.1517 10
0.0000 0.6112 0.0911 0.0108 6
0.0000 0.6303 0.0939 -0.1471 10
0.0000 0.6124 0.0911 0.0324 4
0.0000 0.6175 0.0918 -0.1214 12
0.0000 0.5971 0.0887 0.0528 5
0.0000 0.6057 0.0899 -0.0970 6
0.0000 0.6146 0.0911 0.0763 16
0.0000 0.6068 0.0898 -0.0753 7
0.0000 0.6058 0.0896 0.0970 6
0.0000 0.5952 0.0880 -0.0526 8
0.0000 0.6157 0.0909 0.1210 11
0.0000 0.6264 0.0924 -0.0332 8
0.0000 0.6131 0.0903 0.1431 9
0.0000 0.5599 0.0824 -0.0099 7
0.0000 0.5772 0.0848 0.1563 9
0.0000 0.5792 0.0844 -0.1568 10
0.0000 0.6115 0.0890 0.0108 6
0.0000 0.5959 0.0866 -0.1390 11
0.0000 0.5969 0.0867 0.0316 5
0.0000 0.6295 0.0914 -0.1236 12
0.0000 0.6053 0.0878 0.0535 10
0.0000 0.5982 0.0866 -0.0957 12
0.0000 0.6228 0.0901 0.0773 16
0.0000 0.5992 0.0866 -0.0743 7
0.0000 0.6120 0.0883 0.0979 5
0.0000 0.5798 0.0836 -0.0512 8
0.0000 0.6043 0.0871 0.1187 11
0.0000 0.6069 0.0873 -0.0321 8
0.0000 0.6115 0.0879 0.1426 9
0.0000 0.5760 0.0827 -0.0102 7
0.0000 0.5775 0.0828 0.1563 9
0.0000 0.5719 0.0813 -0.1548 10
0.0000 0.6118 0.0869 0.0108 6
0.0000 0.5962 0.0845 -0.1390 11
0.0000 0.5972 0.0846 0.0316 5
0.0000 0.6298 0.0892 -0.1236 12
0.0000 0.5977 0.0845 0.0528 10
0.0000 0.6024 0.0851 -0.0964 6
0.0000 0.6093 0.0860 0.0756 17
0.0000 0.5877 0.0828 -0.0729 7
0.0000 0.6162 0.0867 0.0986 5
0.0000 0.5406 0.0761 -0.0478 9
0.0000 0.6046 0.0850 0.1187 11
0.0000 0.6230 0.0875 -0.0330 8
0.0000 0.5886 0.0825 0.1372 9
0.0000 0.5763 0.0807 -0.0102 7
0.0000 0.5778 0.0808 0.1563 9
0.0000 0.5760 0.0798 -0.1558 10
0.0000 0.6121 0.0847 0.0108 6
0.0000 0.6042 0.0835 -0.1408 11
0.0000 0.5777 0.0798 0.0306 5
0.0000 0.6418 0.0886 -0.1259 11
0.0000 0.5941 0.0819 0.0525 5
0.0000 0.5832 0.0803 -0.0932 6
0.0000 0.6116 0.0841 0.0758 17
0.0000 0.5959 0.0818 -0.0739 7
0.0000 0.5949 0.0816 0.0951 6
0.0000 0.5764 0.0791 -0.0509 8
0.0000 0.6010 0.0823 0.1179 12
0.0000 0.6115 0.0837 -0.0323 8
0.0000 0.5850 0.0799 0.1363 9
0.0000 0.5607 0.0765 -0.0099 7
0.0000 0.5934 0.0809 0.1605 9
0.0000 0.5916 0.0799 -0.1600 10
0.0000 0.6124 0.0826 0.0108 6
0.0000 0.6045 0.0814 -0.1408 11
0.0000 0.5978 0.0804 0.0316 5
0.0000 0.5954 0.0801 -0.1168 13
0.0000 0.5805 0.0780 0.0512 5
0.0000 0.5913 0.0793 -0.0945 12
0.0000 0.6060 0.0812 0.0751 17
0.0000 0.5962 0.0798 -0.0739 7
0.0000 0.5972 0.0798 0.0954 6
0.0000 0.6083 0.0812 -0.0537 8
0.0000 0.6130 0.0818 0.1202 11
0.0000 0.6078 0.0810 -0.0321 8
0.0000 0.5930 0.0789 0.1381 9
0.0000 0.5610 0.0746 -0.0099 7
0.0000 0.5860 0.0778 0.1584 9
0.0000 0.5880 0.0772 -0.1589 10
0.0000 0.6543 0.0859 0.0115 5
0.0000 0.6125 0.0803 -0.1426 11
0.0000 0.5901 0.0773 0.0312 5
0.0000 0.5840 0.0764 -0.1145 13
0.0000 0.5848 0.0764 0.0516 5
0.0000 0.5994 0.0782 -0.0957 6
0.0000 0.6181 0.0806 0.0765 16
0.0000 0.6083 0.0792 -0.0753 7
0.0000 0.5896 0.0767 0.0942 6
0.0000 0.5730 0.0744 -0.0506 8
0.0000 0.5938 0.0770 0.1164 12
0.0000 0.6239 0.0808 -0.0330 8
0.0000 0.6126 0.0792 0.1426 9
0.0000 0.5533 0.0716 -0.0097 7
0.0000 0.5709 0.0737 0.1543 6
0.0000 0.6113 0.0781 -0.1651 9
0.0000 0.6050 0.0772 0.0106 6
0.0000 0.5973 0.0761 -0.1390 11
0.0000 0.6063 0.0771 0.0320 4
0.0000 0.6271 0.0798 -0.1229 12
0.0000 0.5910 0.0751 0.0521 10
0.0000 0.6036 0.0766 -0.0964 6
0.0000 0.6046 0.0766 0.0748 17
0.0000 0.5888 0.0745 -0.0729 7
0.0000 0.5919 0.0748 0.0945 6
0.0000 0.5970 0.0753 -0.0526 8
0.0000 0.5824 0.0735 0.1141 12
0.0000 0.6282 0.0791 -0.0332 8
0.0000 0.5859 0.0737 0.1363 9
0.0000 0.5694 0.0715 -0.0100 7
0.0000 0.5789 0.0726 0.1563 9
0.0000 0.5847 0.0725 -0.1579 10
0.0000 0.6251 0.0775 0.0110 6
0.0000 0.5821 0.0721 -0.1354 11
0.0000 0.5748 0.0711 0.0304 5
0.0000 0.6313 0.0780 -0.1236 12
0.0000 0.5833 0.0719 0.0514 5
0.0000 0.5960 0.0734 -0.0951 6
0.0000 0.5989 0.0738 0.0741 17
0.0000 0.5970 0.0734 -0.0739 7
0.0000 0.5980 0.0734 0.0954 6
0.0000 0.5972 0.0732 -0.0526 8
0.0000 0.5827 0.0713 0.1141 12
0.0000 0.6166 0.0754 -0.0326 8
0.0000 0.5977 0.0730 0.1390 9
0.0000 0.5617 0.0686 -0.0099 7
0.0000 0.5791 0.0706 0.1563 9
0.0000 0.5658 0.0683 -0.1527 10
0.0000 0.5817 0.0701 0.0102 6
0.0000 0.5862 0.0705 -0.1363 11
0.0000 0.5632 0.0678 0.0297 5
0.0000 0.6277 0.0754 -0.1229 12
0.0000 0.6053 0.0726 0.0533 5
0.0000 0.5884 0.0705 -0.0939 6
0.0000 0.5834 0.0698 0.0721 18
0.0000 0.5894 0.0704 -0.0729 7
0.0000 0.6100 0.0728 0.0973 6
0.0000 0.5737 0.0684 -0.0506 8
0.0000 0.5985 0.0713 0.1172 12
0.0000 0.6128 0.0729 -0.0323 8
0.0000 0.5709 0.0678 0.1327 10
0.0000 0.5421 0.0644 -0.0095 7
0.0000 0.5717 0.0678 0.1543 9
0.0000 0.5622 0.0658 -0.1517 10
0.0000 0.6137 0.0719 0.0108 6
0.0000 0.5903 0.0690 -0.1372 11
0.0000 0.5872 0.0686 0.0310 5
0.0000 0.5694 0.0664 -0.1114 13
0.0000 0.5818 0.0677 0.0512 5
0.0000 0.5886 0.0685 -0.0939 6
0.0000 0.5955 0.0692 0.0736 8
0.0000 0.5975 0.0693 -0.0739 7
0.0000 0.5906 0.0684 0.0942 6
0.0000 0.5621 0.0650 -0.0495 9
0.0000 0.6104 0.0706 0.1194 11
0.0000 0.6051 0.0699 -0.0319 8
0.0000 0.5788 0.0668 0.1345 9
0.0000 0.5423 0.0625 -0.0095 7
0.0000 0.5642 0.0649 0.1522 6
0.0000 0.5662 0.0644 -0.1527 10
0.0000 0.5981 0.0679 0.0105 6
0.0000 0.6022 0.0683 -0.1399 11
0.0000 0.5874 0.0665 0.0310 5
0.0000 0.5852 0.0663 -0.1145 13
0.0000 0.5821 0.0658 0.0512 5
0.0000 0.5889 0.0665 -0.0939 6
0.0000 0.6115 0.0689 0.0756 8
0.0000 0.6056 0.0681 -0.0748 7
0.0000 0.5830 0.0655 0.0929 6
0.0000 0.5504 0.0618 -0.0485 9
0.0000 0.5912 0.0663 0.1156 12
0.0000 0.6332 0.0709 -0.0334 8
0.0000 0.5791 0.0647 0.1345 9
0.0000 0.5346 0.0597 -0.0094 7
0.0000 0.5529 0.0616 0.1491 9
0.0000 0.5818 0.0641 -0.1568 10
0.0000 0.5824 0.0641 0.0102 6
0.0000 0.5947 0.0653 -0.1381 11
0.0000 0.6075 0.0666 0.0320 4
0.0000 0.5933 0.0651 -0.1160 13
0.0000 0.5763 0.0631 0.0507 10
0.0000 0.5577 0.0610 -0.0889 6
0.0000 0.6039 0.0659 0.0746 17
0.0000 0.5703 0.0622 -0.0704 7
0.0000 0.5754 0.0626 0.0917 6
0.0000 0.5823 0.0634 -0.0512 8
0.0000 0.5758 0.0625 0.1126 12
0.0000 0.5699 0.0618 -0.0300 9
0.0000 0.5754 0.0623 0.1336 10
0.0000 0.5547 0.0600 -0.0097 7
0.0000 0.5416 0.0585 0.1460 10
0.0000 0.5744 0.0613 -0.1548 10
0.0000 0.5866 0.0625 0.0103 6
0.0000 0.5639 0.0600 -0.1309 12
0.0000 0.5919 0.0628 0.0312 5
0.0000 0.6130 0.0651 -0.1198 12
0.0000 0.5825 0.0617 0.0512 5
0.0000 0.5697 0.0603 -0.0907 6
0.0000 0.5843 0.0617 0.0721 18
0.0000 0.6100 0.0643 -0.0753 7
0.0000 0.5736 0.0604 0.0914 6
0.0000 0.5865 0.0617 -0.0516 8
0.0000 0.5721 0.0601 0.1118 12
0.0000 0.5741 0.0602 -0.0303 9
0.0000 0.5756 0.0603 0.1336 10
0.0000 0.5350 0.0559 -0.0094 7
0.0000 0.5457 0.0570 0.1470 10
0.0000 0.5899 0.0609 -0.1589 10
0.0000 0.5709 0.0588 0.0100 6
0.0000 0.5951 0.0612 -0.1381 11
0.0000 0.5802 0.0595 0.0306 5
0.0000 0.6054 0.0621 -0.1183 12
0.0000 0.5867 0.0601 0.0516 5
0.0000 0.5895 0.0603 -0.0939 6
0.0000 0.6082 0.0621 0.0751 17
0.0000 0.5826 0.0594 -0.0719 7
0.0000 0.5856 0.0596 0.0932 6
0.0000 0.5629 0.0573 -0.0495 9
0.0000 0.5918 0.0601 0.1156 12
0.0000 0.6140 0.0623 -0.0323 8
0.0000 0.5564 0.0563 0.1291 10
0.0000 0.5352 0.0541 -0.0094 7
0.0000 0.5651 0.0570 0.1522 6
0.0000 0.5709 0.0569 -0.1537 10
0.0000 0.5671 0.0564 0.0099 6
0.0000 0.5721 0.0568 -0.1327 11
0.0000 0.5605 0.0555 0.0295 5
0.0000 0.5939 0.0589 -0.1160 13
0.0000 0.5948 0.0588 0.0523 5
0.0000 0.6055 0.0598 -0.0964 6
0.0000 0.5808 0.0573 0.0717 9
0.0000 0.5630 0.0554 -0.0695 7
0.0000 0.5760 0.0566 0.0917 6
0.0000 0.5869 0.0577 -0.0516 8
0.0000 0.5842 0.0573 0.1141 12
0.0000 0.5983 0.0586 -0.0315 8
0.0000 0.5644 0.0551 0.1309 10
0.0000 0.5234 0.0510 -0.0092 7
0.0000 0.5576 0.0543 0.1501 9
0.0000 0.5711 0.0549 -0.1537 10
0.0000 0.5593 0.0537 0.0098 7
0.0000 0.5994 0.0574 -0.1390 11
0.0000 0.5567 0.0532 0.0293 5
0.0000 0.6019 0.0575 -0.1175 13
0.0000 0.5772 0.0551 0.0507 5
0.0000 0.5742 0.0547 -0.0914 6
0.0000 0.5691 0.0541 0.0702 18
0.0000 0.5672 0.0538 -0.0700 7
0.0000 0.5821 0.0551 0.0926 6
0.0000 0.5435 0.0515 -0.0478 9
0.0000 0.5805 0.0549 0.1133 12
0.0000 0.5906 0.0557 -0.0311 8
0.0000 0.5762 0.0543 0.1336 10
0.0000 0.5435 0.0511 -0.0095 7
0.0000 0.5424 0.0509 0.1460 6
0.0000 0.5251 0.0486 -0.1413 11
0.0000 0.5675 0.0524 0.0099 6
0.0000 0.5841 0.0539 -0.1354 11
0.0000 0.5728 0.0528 0.0301 5
0.0000 0.5982 0.0551 -0.1168 13
0.0000 0.5714 0.0525 0.0502 5
0.0000 0.5823 0.0534 -0.0926 6
0.0000 0.5891 0.0539 0.0726 17
0.0000 0.5753 0.0526 -0.0709 7
0.0000 0.5705 0.0521 0.0907 6
0.0000 0.5357 0.0488 -0.0471 9
0.0000 0.5690 0.0518 0.1111 12
0.0000 0.5868 0.0533 -0.0309 8
0.0000 0.5686 0.0516 0.1318 10
0.0000 0.5437 0.0493 -0.0095 7
0.0000 0.5541 0.0501 0.1491 6
0.0000 0.5830 0.0519 -0.1568 10
0.0000 0.5597 0.0499 0.0098 7
0.0000 0.5843 0.0519 -0.1354 11
0.0000 0.5570 0.0494 0.0293 5
0.0000 0.6180 0.0547 -0.1206 12
0.0000 0.5756 0.0509 0.0506 5
0.0000 0.5431 0.0480 -0.0864 6
0.0000 0.5814 0.0513 0.0717 18
0.0000 0.5754 0.0506 -0.0709 7
0.0000 0.5687 0.0500 0.0904 6
0.0000 0.5240 0.0459 -0.0460 9
0.0000 0.5652 0.0495 0.1103 13
0.0000 0.6068 0.0531 -0.0319 8
0.0000 0.5572 0.0486 0.1291 10
0.0000 0.5558 0.0484 -0.0097 7
0.0000 0.5350 0.0465 0.1439 6
0.0000 0.5678 0.0487 -0.1527 10
0.0000 0.5758 0.0493 0.0101 6
0.0000 0.5689 0.0486 -0.1318 12
0.0000 0.5493 0.0468 0.0289 5
0.0000 0.5908 0.0503 -0.1152 13
0.0000 0.5698 0.0484 0.0500 5
0.0000 0.5629 0.0478 -0.0895 6
0.0000 0.5736 0.0486 0.0707 9
0.0000 0.5558 0.0470 -0.0685 8
0.0000 0.5689 0.0480 0.0904 6
0.0000 0.5638 0.0475 -0.0495 9
0.0000 0.5771 0.0486 0.1126 12
0.0000 0.5831 0.0490 -0.0307 8
0.0000 0.5573 0.0467 0.1291 10
0.0000 0.5400 0.0452 -0.0095 7
0.0000 0.5467 0.0456 0.1470 6
0.0000 0.5680 0.0467 -0.1527 10
0.0000 0.5919 0.0486 0.0104 6
0.0000 0.5846 0.0479 -0.1354 11
0.0000 0.5574 0.0455 0.0293 5
0.0000 0.5753 0.0470 -0.1122 13
0.0000 0.5719 0.0466 0.0502 5
0.0000 0.5710 0.0464 -0.0907 6
0.0000 0.5936 0.0482 0.0731 17
0.0000 0.5560 0.0450 -0.0685 8
0.0000 0.5612 0.0453 0.0892 6
0.0000 0.5203 0.0420 -0.0457 9
0.0000 0.5734 0.0462 0.1118 12
0.0000 0.5873 0.0473 -0.0309 8
0.0000 0.5730 0.0460 0.1327 10
0.0000 0.5043 0.0404 -0.0088 8
0.0000 0.5431 0.0434 0.1460 10
0.0000 0.5412 0.0426 -0.1455 11
0.0000 0.5602 0.0440 0.0098 7
0.0000 0.5692 0.0446 -0.1318 12
0.0000 0.5615 0.0440 0.0295 5
0.0000 0.5754 0.0450 -0.1122 13
0.0000 0.5602 0.0437 0.0492 5
0.0000 0.5672 0.0441 -0.0901 6
0.0000 0.5858 0.0455 0.0721 18
0.0000 0.5561 0.0431 -0.0685 8
0.0000 0.5574 0.0432 0.0885 6
0.0000 0.5363 0.0415 -0.0471 9
0.0000 0.5696 0.0439 0.1111 12
0.0000 0.5994 0.0461 -0.0315 8
0.0000 0.5654 0.0434 0.1309 10
0.0000 0.5084 0.0390 -0.0089 8
0.0000 0.5355 0.0410 0.1439 10
0.0000 0.5567 0.0419 -0.1496 11
0.0000 0.5763 0.0433 0.0101 6
0.0000 0.5810 0.0436 -0.1345 11
0.0000 0.5457 0.0408 0.0287 5
0.0000 0.5599 0.0418 -0.1091 14
0.0000 0.5722 0.0426 0.0502 5
0.0000 0.5516 0.0411 -0.0876 6
0.0000 0.5721 0.0425 0.0704 9
0.0000 0.5602 0.0415 -0.0690 8
0.0000 0.5634 0.0417 0.0895 6
0.0000 0.5166 0.0381 -0.0453 9
0.0000 0.5423 0.0400 0.1057 13
0.0000 0.5717 0.0421 -0.0300 9
0.0000 0.5694 0.0418 0.1318 10
0.0000 0.5524 0.0405 -0.0097 7
0.0000 0.5318 0.0389 0.1429 6
0.0000 0.5684 0.0408 -0.1527 10
0.0000 0.5685 0.0407 0.0099 6
0.0000 0.5579 0.0399 -0.1291 12
0.0000 0.5538 0.0395 0.0291 5
0.0000 0.5601 0.0399 -0.1091 14
0.0000 0.5604 0.0399 0.0492 5
0.0000 0.5635 0.0400 -0.0895 6
0.0000 0.5663 0.0401 0.0697 18
0.0000 0.5643 0.0399 -0.0695 7
0.0000 0.5774 0.0407 0.0917 6
0.0000 0.5287 0.0372 -0.0464 9
0.0000 0.5464 0.0384 0.1065 13
0.0000 0.5638 0.0395 -0.0296 9
0.0000 0.5579 0.0390 0.1291 10
0.0000 0.5087 0.0355 -0.0089 8
0.0000 0.5435 0.0378 0.1460 6
0.0000 0.5570 0.0381 -0.1496 11
0.0000 0.5407 0.0369 0.0095 7
0.0000 0.5463 0.0371 -0.1264 12
0.0000 0.5420 0.0368 0.0285 5
0.0000 0.6072 0.0412 -0.1183 12
0.0000 0.5705 0.0386 0.0500 5
0.0000 0.5519 0.0372 -0.0876 6
0.0000 0.5466 0.0368 0.0673 19
0.0000 0.5684 0.0382 -0.0700 7
0.0000 0.5558 0.0372 0.0882 6
0.0000 0.5407 0.0362 -0.0474 9
0.0000 0.5583 0.0373 0.1088 13
0.0000 0.5799 0.0386 -0.0305 8
0.0000 0.5464 0.0363 0.1264 10
0.0000 0.5128 0.0340 -0.0090 8
0.0000 0.5436 0.0359 0.1460 6
0.0000 0.5726 0.0371 -0.1537 10
0.0000 0.5687 0.0368 0.0099 6
0.0000 0.5387 0.0347 -0.1246 12
0.0000 0.5381 0.0346 0.0283 5
0.0000 0.5603 0.0360 -0.1091 14
0.0000 0.5349 0.0343 0.0469 5
0.0000 0.5835 0.0373 -0.0926 6
0.0000 0.5507 0.0351 0.0678 9
0.0000 0.5765 0.0367 -0.0709 7
0.0000 0.5421 0.0344 0.0860 6
0.0000 0.5249 0.0333 -0.0460 9
0.0000 0.5780 0.0366 0.1126 12
0.0000 0.5840 0.0368 -0.0307 8
0.0000 0.5446 0.0343 0.1260 10
0.0000 0.5129 0.0322 -0.0090 8
0.0000 0.5322 0.0333 0.1429 6
0.0000 0.5071 0.0311 -0.1361 12
0.0000 0.5689 0.0348 0.0099 6
0.0000 0.5505 0.0336 -0.1273 12
0.0000 0.5462 0.0332 0.0287 5
0.0000 0.5605 0.0341 -0.1091 14
0.0000 0.5489 0.0333 0.0481 5
0.0000 0.5363 0.0324 -0.0851 6
0.0000 0.5746 0.0346 0.0707 9
0.0000 0.5608 0.0337 -0.0690 8
0.0000 0.5501 0.0330 0.0873 6
0.0000 0.5330 0.0319 -0.0467 9
0.0000 0.5820 0.0348 0.1133 12
0.0000 0.5921 0.0353 -0.0311 8
0.0000 0.5544 0.0329 0.1282 10
0.0000 0.5130 0.0304 -0.0090 8
0.0000 0.5207 0.0308 0.1398 7
0.0000 0.5689 0.0329 -0.1527 10
0.0000 0.5450 0.0314 0.0095 7
0.0000 0.5584 0.0321 -0.1291 12
0.0000 0.5384 0.0309 0.0283 5
0.0000 0.5723 0.0328 -0.1114 13
0.0000 0.5331 0.0305 0.0467 5
0.0000 0.5483 0.0312 -0.0870 6
0.0000 0.5569 0.0316 0.0685 9
0.0000 0.5688 0.0322 -0.0700 7
0.0000 0.5424 0.0306 0.0860 6
0.0000 0.5547 0.0312 0.1080 13
0.0000 0.5643 0.0317 -0.0296 9
0.0000 0.5662 0.0317 0.1309 10
0.0000 0.5211 0.0290 -0.0091 8
0.0000 0.5324 0.0296 0.1429 6
0.0000 0.5691 0.0309 -0.1527 10
0.0000 0.5531 0.0300 0.0097 7
0.0000 0.5468 0.0295 -0.1264 12
0.0000 0.5225 0.0281 0.0274 5
0.0000 0.5607 0.0302 -0.1091 14
0.0000 0.5332 0.0286 0.0467 5
0.0000 0.5563 0.0297 -0.0882 6
0.0000 0.5471 0.0292 0.0673 19
0.0000 0.5610 0.0298 -0.0690 8
0.0000 0.5425 0.0287 0.0860 6
0.0000 0.5332 0.0282 -0.0467 9
0.0000 0.5588 0.0295 0.1088 13
0.0000 0.5804 0.0305 -0.0305 8
0.0000 0.5430 0.0285 0.1255 10
0.0000 0.5332 0.0279 -0.0093 7
0.0000 0.5209 0.0271 0.1398 7
0.0000 0.5730 0.0291 -0.1537 10
0.0000 0.5532 0.0280 0.0097 7
0.0000 0.5508 0.0278 -0.1273 12
0.0000 0.5346 0.0269 0.0281 5
0.0000 0.5333 0.0268 -0.1038 14
0.0000 0.5413 0.0271 0.0474 5
0.0000 0.5564 0.0278 -0.0882 6
0.0000 0.5353 0.0266 0.0658 10
0.0000 0.6047 0.0300 -0.0743 7
0.0000 0.5662 0.0280 0.0898 6
0.0000 0.5214 0.0258 -0.0457 9
0.0000 0.5549 0.0273 0.1080 13
0.0000 0.5526 0.0271 -0.0290 9
0.0000 0.5372 0.0263 0.1242 10
0.0000 0.5213 0.0254 -0.0091 8
0.0000 0.5287 0.0257 0.1418 6
0.0000 0.5500 0.0260 -0.1475 11
0.0000 0.5653 0.0267 0.0099 7
0.0000 0.5392 0.0253 -0.1246 12
0.0000 0.5307 0.0248 0.0278 5
0.0000 0.5491 0.0257 -0.1069 14
0.0000 0.5553 0.0259 0.0486 5
0.0000 0.5604 0.0260 -0.0889 6
0.0000 0.5473 0.0253 0.0673 9
0.0000 0.5850 0.0270 -0.0719 7
0.0000 0.5190 0.0238 0.0823 7
0.0000 0.5414 0.0249 -0.0474 9
0.0000 0.5511 0.0252 0.1072 13
0.0000 0.5726 0.0261 -0.0300 9
0.0000 0.5490 0.0249 0.1269 10
0.0000 0.5014 0.0227 -0.0088 8
0.0000 0.5249 0.0237 0.1408 7
0.0000 0.5732 0.0251 -0.1537 10
0.0000 0.5654 0.0247 0.0099 7
0.0000 0.5510 0.0240 -0.1273 12
0.0000 0.5348 0.0232 0.0281 5
0.0000 0.5610 0.0243 -0.1091 14
0.0000 0.5414 0.0234 0.0474 5
0.0000 0.5644 0.0242 -0.0895 6
0.0000 0.5514 0.0236 0.0678 19
0.0000 0.5573 0.0237 -0.0685 8
0.0000 0.5191 0.0220 0.0823 7
0.0000 0.5414 0.0230 -0.0474 9
0.0000 0.5590 0.0236 0.1088 13
0.0000 0.5727 0.0241 -0.0300 9
0.0000 0.5315 0.0223 0.1228 10
0.0000 0.5055 0.0211 -0.0088 8
0.0000 0.5096 0.0212 0.1367 7
0.0000 0.5455 0.0219 0.0095 7
0.0000 0.5511 0.0220 -0.1273 12
0.0000 0.5548 0.0221 0.0291 5
0.0000 0.5454 0.0217 -0.1061 14
0.0000 0.5395 0.0214 0.0472 5
0.0000 0.5250 0.0207 -0.0832 7
0.0000 0.5594 0.0220 0.0687 9
0.0000 0.5614 0.0220 -0.0690 8
0.0000 0.5428 0.0211 0.0860 6
0.0000 0.5216 0.0203 -0.0457 9
0.0000 0.5434 0.0211 0.1057 13
0.0000 0.5728 0.0221 -0.0300 9
0.0000 0.5511 0.0212 0.1273 10
0.0000 0.5056 0.0193 -0.0088 8
0.0000 0.5096 0.0194 0.1367 7
0.0000 0.5579 0.0208 -0.1496 11
0.0000 0.5535 0.0205 0.0097 7
0.0000 0.5394 0.0199 -0.1246 12
0.0000 0.5349 0.0196 0.0281 5
0.0000 0.5729 0.0210 -0.1114 13
0.0000 0.5276 0.0193 0.0462 5
0.0000 0.5488 0.0199 -0.0870 6
0.0000 0.5416 0.0196 0.0665 9
0.0000 0.5614 0.0202 -0.0690 8
0.0000 0.5350 0.0191 0.0848 6
0.0000 0.5097 0.0182 -0.0446 10
0.0000 0.5278 0.0188 0.1027 14
0.0000 0.5329 0.0189 -0.0279 9
0.0000 0.5453 0.0192 0.1260 10
0.0000 0.5336 0.0187 -0.0093 7
0.0000 0.5116 0.0179 0.1372 7
0.0000 0.5734 0.0193 -0.1537 10
0.0000 0.5416 0.0182 0.0095 7
0.0000 0.5473 0.0183 -0.1264 12
0.0000 0.5270 0.0175 0.0276 5
0.0000 0.5612 0.0186 -0.1091 14
0.0000 0.5357 0.0177 0.0469 5
0.0000 0.5449 0.0179 -0.0864 6
0.0000 0.5476 0.0179 0.0673 19
0.0000 0.5575 0.0181 -0.0685 8
0.0000 0.5508 0.0178 0.0873 6
0.0000 0.5257 0.0170 -0.0460 9
0.0000 0.5514 0.0177 0.1072 13
0.0000 0.5410 0.0173 -0.0284 9
0.0000 0.5376 0.0171 0.1242 10
0.0000 0.5057 0.0160 -0.0088 8
0.0000 0.5155 0.0162 0.1382 7
0.0000 0.5426 0.0164 -0.1455 11
0.0000 0.5257 0.0158 0.0092 7
0.0000 0.5240 0.0156 -0.1210 13
0.0000 0.5231 0.0155 0.0274 5
0.0000 0.5338 0.0158 -0.1038 14
0.0000 0.5258 0.0155 0.0460 5
0.0000 0.5489 0.0161 -0.0870 6
0.0000 0.5377 0.0157 0.0661 9
0.0000 0.5496 0.0159 -0.0675 8
0.0000 0.5075 0.0146 0.0804 7
0.0000 0.5059 0.0145 -0.0443 10
0.0000 0.5593 0.0160 0.1088 13
0.0000 0.5410 0.0154 -0.0284 9
0.0000 0.5396 0.0153 0.1246 10
0.0000 0.5156 0.0144 0.1382 7
0.0000 0.5581 0.0148 -0.1496 11
0.0000 0.5417 0.0144 0.0095 7
0.0000 0.5513 0.0145 -0.1273 12
0.0000 0.5271 0.0138 0.0276 5
0.0000 0.5456 0.0142 -0.1061 14
0.0000 0.5298 0.0137 0.0464 5
0.0000 0.5490 0.0141 -0.0870 6
0.0000 0.5338 0.0137 0.0656 10
0.0000 0.5457 0.0139 -0.0670 8
0.0000 0.5055 0.0128 0.0801 7
0.0000 0.5179 0.0130 -0.0453 9
0.0000 0.5515 0.0138 0.1072 13
0.0000 0.5531 0.0137 -0.0290 9
0.0000 0.5260 0.0129 0.1215 11
0.0000 0.5234 0.0128 0.1403 7
0.0000 0.5388 0.0124 -0.1444 11
0.0000 0.5338 0.0122 0.0093 7
0.0000 0.5397 0.0122 -0.1246 12
0.0000 0.5192 0.0118 0.0272 5
0.0000 0.5103 0.0115 -0.0992 15
0.0000 0.5378 0.0120 0.0471 5
0.0000 0.5451 0.0121 -0.0864 6
0.0000 0.5597 0.0123 0.0687 19
0.0000 0.5537 0.0121 -0.0680 8
0.0000 0.5273 0.0115 0.0835 6
0.0000 0.5020 0.0109 -0.0439 10
0.0000 0.5358 0.0115 0.1042 13
0.0000 0.5411 0.0115 -0.0284 9
0.0000 0.5533 0.0117 0.1278 10
0.0000 0.5196 0.0109 0.1392 7
0.0000 0.4887 0.0096 -0.1310 12
0.0000 0.5258 0.0103 0.0092 7
0.0000 0.5124 0.0099 -0.1183 13
0.0000 0.5352 0.0103 0.0281 5
0.0000 0.5614 0.0107 -0.1091 14
0.0000 0.5378 0.0101 0.0471 5
0.0000 0.5254 0.0099 -0.0832 7
0.0000 0.5359 0.0100 0.0658 10
0.0000 0.5657 0.0105 -0.0695 7
0.0000 0.5352 0.0098 0.0848 6
0.0000 0.5219 0.0095 -0.0457 9
0.0000 0.5320 0.0097 0.1034 13
0.0000 0.5292 0.0095 -0.0277 9
0.0000 0.5261 0.0094 0.1215 11
0.0000 0.5018 0.0088 -0.0088 8
0.0000 0.5003 0.0087 0.1341 7
0.0000 0.5428 0.0088 -0.1455 11
0.0000 0.5259 0.0084 0.0092 7
0.0000 0.5280 0.0084 -0.1219 13
0.0000 0.5192 0.0082 0.0272 5
0.0000 0.5300 0.0083 -0.1030 15
0.0000 0.5160 0.0080 0.0451 5
0.0000 0.5333 0.0082 -0.0845 7
0.0000 0.5339 0.0081 0.0656 10
0.0000 0.5458 0.0082 -0.0670 8
0.0000 0.5195 0.0077 0.0823 7
0.0000 0.5516 0.0081 0.1072 13
0.0000 0.5532 0.0080 -0.0290 9
0.0000 0.5183 0.0074 0.1197 11
0.0000 0.5158 0.0072 0.1382 7
0.0000 0.5389 0.0068 -0.1444 11
0.0000 0.5659 0.0071 0.0099 7
0.0000 0.5164 0.0064 -0.1192 13
0.0000 0.5033 0.0061 0.0264 5
0.0000 0.5615 0.0068 -0.1091 14
0.0000 0.5279 0.0063 0.0462 5
0.0000 0.5373 0.0063 -0.0851 6
0.0000 0.5518 0.0065 0.0678 19
0.0000 0.5340 0.0062 -0.0656 8
0.0000 0.5136 0.0058 0.0813 7
0.0000 0.5140 0.0057 -0.0450 9
0.0000 0.5438 0.0060 0.1057 13
0.0000 0.5213 0.0056 -0.0273 10
0.0000 0.5066 0.0054 0.1170 11
0.0000 0.5042 0.0053 0.1351 7
0.0000 0.5274 0.0048 -0.1413 11
0.0000 0.5539 0.0049 0.0097 7
0.0000 0.5047 0.0044 -0.1165 13
0.0000 0.5153 0.0045 0.0270 5
0.0000 0.5379 0.0046 -0.1046 14
0.0000 0.5160 0.0043 0.0451 5
0.0000 0.5649 0.0046 -0.0895 6
0.0000 0.5340 0.0043 0.0656 10
0.0000 0.5578 0.0045 -0.0685 8
0.0000 0.5156 0.0040 0.0817 7
0.0000 0.5399 0.0041 0.1049 13
0.0000 0.5173 0.0038 -0.0271 10
0.0000 0.5145 0.0038 0.1188 11
0.0000 0.5197 0.0036 0.1392 7
0.0000 0.4965 0.0029 -0.1330 12
0.0000 0.5459 0.0030 0.0095 7
0.0000 0.5242 0.0028 -0.1210 13
0.0000 0.5233 0.0028 0.0274 5
0.0000 0.5301 0.0028 -0.1030 15
0.0000 0.5200 0.0026 0.0455 5
0.0000 0.5096 0.0025 -0.0807 7
0.0000 0.5241 0.0025 0.0643 10
0.0000 0.5459 0.0026 -0.0670 8
0.0000 0.5175 0.0023 0.0820 7
0.0000 0.5100 0.0022 -0.0446 10
0.0000 0.5124 0.0021 0.0996 14
0.0000 0.5333 0.0021 -0.0279 9
0.0000 0.5378 0.0022 0.1242 10
0.0000 0.4926 0.0018 0.1320 7
0.0000 0.5197 0.0013 -0.1392 11
0.0000 0.5259 0.0012 0.0092 7
0.0000 0.5047 0.0011 -0.1165 13
0.0000 0.5193 0.0011 0.0272 5
0.0000 0.5340 0.0010 -0.1038 14
0.0000 0.5200 0.0009 0.0455 5
0.0000 0.5373 0.0008 -0.0851 6
0.0000 0.5280 0.0007 0.0648 10
0.0000 0.5340 0.0007 -0.0656 8
0.0000 0.5195 0.0006 0.0823 7
0.0000 0.5360 0.0005 0.1042 13
0.0000 0.5333 0.0004 -0.0279 9
0.0000 0.5184 0.0004 0.1197 11
0.0000 0.5042 0.0002 0.1351 7
0.0000 0.5119 -0.0004 -0.1372 11
0.0000 0.5379 -0.0006 0.0094 7
0.0000 0.4891 -0.0006 -0.1129 13
0.0000 0.5615 -0.0008 -0.1091 14
0.0000 0.5180 -0.0008 0.0453 5
0.0000 0.5373 -0.0009 -0.0851 6
0.0000 0.5280 -0.0010 0.0648 10
0.0000 0.5459 -0.0010 -0.0670 8
0.0000 0.5037 -0.0011 0.0798 7
0.0000 0.5320 -0.0013 0.1034 13
0.0000 0.5333 -0.0014 -0.0279 9
0.0000 0.5184 -0.0014 0.1197 11
0.0000 0.4849 -0.0014 0.1299 7
0.0000 0.5506 -0.0027 -0.1475 11
0.0000 0.5579 -0.0028 0.0097 7
0.0000 0.5281 -0.0028 -0.1219 13
0.0000 0.5113 -0.0027 0.0268 5
0.0000 0.5301 -0.0029 -0.1030 15
0.0000 0.5001 -0.0028 0.0438 6
0.0000 0.5570 -0.0032 -0.0882 6
0.0000 0.5340 -0.0032 0.0656 10
0.0000 0.5340 -0.0033 -0.0656 8
0.0000 0.5195 -0.0032 0.0823 7
0.0000 0.5100 -0.0032 -0.0446 10
0.0000 0.5399 -0.0035 0.1049 13
0.0000 0.5253 -0.0035 -0.0275 9
0.0000 0.5067 -0.0034 0.1170 11
0.0000 0.4965 -0.0035 0.1330 7
0.0000 0.4965 -0.0042 -0.1330 12
0.0000 0.5139 -0.0043 0.0090 7
0.0000 0.5164 -0.0044 -0.1192 13
0.0000 0.5113 -0.0045 0.0268 5
0.0000 0.4986 -0.0044 -0.0969 15
0.0000 0.5140 -0.0047 0.0450 5
0.0000 0.5333 -0.0048 -0.0845 7
0.0000 0.5320 -0.0049 0.0653 10
0.0000 0.5618 -0.0053 -0.0690 8
0.0000 0.5136 -0.0049 0.0813 7
0.0000 0.5320 -0.0052 0.1034 13
0.0000 0.5412 -0.0054 -0.0284 9
0.0000 0.5105 -0.0052 0.1179 11
0.0000 0.4926 -0.0052 0.1320 7
0.0000 0.4965 -0.0058 -0.1330 12
0.0000 0.5139 -0.0061 0.0090 7
0.0000 0.5398 -0.0065 -0.1246 12
0.0000 0.5033 -0.0061 0.0264 5
0.0000 0.4986 -0.0061 -0.0969 15
0.0000 0.5100 -0.0063 0.0446 6
0.0000 0.5096 -0.0064 -0.0807 7
0.0000 0.5359 -0.0068 0.0658 20
0.0000 0.5459 -0.0071 -0.0670 8
0.0000 0.5155 -0.0067 0.0817 7
0.0000 0.5060 -0.0066 -0.0443 10
0.0000 0.5320 -0.0071 0.1034 13
0.0000 0.5292 -0.0071 -0.0277 9
0.0000 0.5222 -0.0071 0.1206 11
0.0000 0.4848 -0.0067 0.1299 7
0.0000 0.5582 -0.0085 -0.1496 11
0.0000 0.5164 -0.0079 -0.1192 13
0.0000 0.5192 -0.0081 0.0272 5
0.0000 0.5339 -0.0084 -0.1038 14
0.0000 0.5219 -0.0083 0.0457 5
0.0000 0.5372 -0.0085 -0.0851 6
0.0000 0.5141 -0.0083 0.0631 10
0.0000 0.5458 -0.0089 -0.0670 8
0.0000 0.5155 -0.0085 0.0817 7
0.0000 0.5241 -0.0087 0.1019 14
0.0000 0.5132 -0.0086 -0.0269 10
0.0000 0.5027 -0.0085 0.1161 11
0.0000 0.4964 -0.0086 0.1330 7
0.0000 0.5428 -0.0100 -0.1455 11
0.0000 0.5138 -0.0096 0.0090 7
0.0000 0.5124 -0.0097 -0.1183 13
0.0000 0.5378 -0.0102 -0.1046 14
0.0000 0.5139 -0.0099 0.0450 5
0.0000 0.5254 -0.0102 -0.0832 7
0.0000 0.5220 -0.0102 0.0641 10
0.0000 0.5220 -0.0103 -0.0641 8
0.0000 0.5194 -0.0103 0.0823 7
0.0000 0.5241 -0.0105 0.1019 14
0.0000 0.5411 -0.0110 -0.0284 9
0.0000 0.4988 -0.0102 0.1152 11
0.0000 0.5080 -0.0112 -0.1361 12
0.0000 0.5498 -0.0122 0.0096 7
0.0000 0.5124 -0.0114 -0.1183 13
0.0000 0.4992 -0.0112 0.0262 6
0.0000 0.5064 -0.0114 -0.0985 15
0.0000 0.5278 -0.0120 0.0462 5
0.0000 0.5253 -0.0120 -0.0832 7
0.0000 0.5100 -0.0118 0.0626 10
0.0000 0.5458 -0.0127 -0.0670 8
0.0000 0.5174 -0.0121 0.0820 7
0.0000 0.5123 -0.0121 0.0996 14
0.0000 0.5211 -0.0124 -0.0273 10
0.0000 0.4987 -0.0119 0.1152 11
0.0000 0.4925 -0.0119 0.1320 7
0.0000 0.5138 -0.0132 0.0090 7
0.0000 0.4890 -0.0126 -0.1129 13
0.0000 0.4991 -0.0130 0.0262 6
0.0000 0.5495 -0.0143 -0.1069 14
0.0000 0.5199 -0.0138 0.0639 10
0.0000 0.5179 -0.0138 -0.0636 8
0.0000 0.5035 -0.0135 0.0798 7
0.0000 0.5240 -0.0142 0.1019 14
0.0000 0.5331 -0.0145 -0.0279 9
0.0000 0.4948 -0.0136 0.1143 11
0.0000 0.5123 -0.0150 -0.1183 13
0.0000 0.4991 -0.0147 0.0262 6
0.0000 0.5259 -0.0156 -0.1023 15
0.0000 0.5058 -0.0151 0.0443 6
0.0000 0.4976 -0.0149 -0.0788 7
0.0000 0.5238 -0.0157 0.0643 10
0.0000 0.5695 -0.0172 -0.0700 7
0.0000 0.5004 -0.0154 0.0973 14
0.0000 0.5011 -0.0155 -0.0263 10
0.0000 0.5103 -0.0159 0.1179 11
0.0000 0.4889 -0.0161 -0.1129 13
0.0000 0.5030 -0.0166 0.0264 5
0.0000 0.4984 -0.0165 -0.0969 15
0.0000 0.5015 -0.0168 -0.0795 7
0.0000 0.5079 -0.0171 0.0624 10
0.0000 0.5178 -0.0174 -0.0636 8
0.0000 0.5239 -0.0179 0.1019 14
0.0000 0.5103 -0.0176 0.1179 11
0.0000 0.5232 -0.0188 -0.1403 11
0.0000 0.5044 -0.0183 -0.1165 13
0.0000 0.4905 -0.0179 -0.0954 16
0.0000 0.5093 -0.0188 -0.0807 7
0.0000 0.4999 -0.0185 0.0614 21
0.0000 0.5336 -0.0198 -0.0656 8
0.0000 0.4935 -0.0184 0.0782 7
0.0000 0.5199 -0.0195 0.1011 14
0.0000 0.5089 -0.0192 -0.0267 10
0.0000 0.4985 -0.0188 0.1152 11
0.0000 0.5000 -0.0190 0.1341 7
0.0000 0.5424 -0.0213 -0.1455 11
0.0000 0.5448 -0.0219 -0.0864 6
0.0000 0.5078 -0.0205 0.0624 10
0.0000 0.5455 -0.0220 -0.0670 8
0.0000 0.5017 -0.0204 -0.0439 10
0.0000 0.5159 -0.0211 0.1004 14
0.0000 0.5169 -0.0212 -0.0271 10
0.0000 0.5024 -0.0206 0.1161 11
0.0000 0.4922 -0.0204 0.1320 7
0.0000 0.5055 -0.0216 0.0088 7
0.0000 0.5082 -0.0218 -0.1174 13
0.0000 0.5068 -0.0218 0.0266 5
0.0000 0.5100 -0.0220 -0.0992 15
0.0000 0.4973 -0.0216 -0.0788 7
0.0000 0.5196 -0.0227 0.0639 10
0.0000 0.5454 -0.0238 -0.0670 8
0.0000 0.4953 -0.0217 0.0785 7
0.0000 0.5237 -0.0231 0.1019 14
0.0000 0.5008 -0.0222 -0.0263 10
0.0000 0.4945 -0.0219 0.1143 11
0.0000 0.5012 -0.0236 -0.0795 7
0.0000 0.5175 -0.0245 0.0636 10
0.0000 0.5175 -0.0246 -0.0636 8
0.0000 0.5157 -0.0247 0.1004 14
0.0000 0.5127 -0.0246 -0.0269 10
0.0000 0.5061 -0.0244 0.1170 11
0.0000 0.4959 -0.0247 -0.1330 12
0.0000 0.5248 -0.0265 -0.0832 7
0.0000 0.5095 -0.0258 0.0626 10
0.0000 0.5492 -0.0279 -0.0675 8
0.0000 0.4921 -0.0252 0.0958 14
0.0000 0.5166 -0.0265 -0.0271 10
0.0000 0.4943 -0.0255 0.1143 11
0.0000 0.5074 -0.0269 -0.1361 12
0.0000 0.4962 -0.0265 -0.1147 13
0.0000 0.5058 -0.0271 -0.0985 15
0.0000 0.4955 -0.0268 0.0609 10
0.0000 0.5055 -0.0275 -0.0622 8
0.0000 0.5038 -0.0275 0.0981 14
0.0000 0.5205 -0.0286 -0.0273 10
0.0000 0.4903 -0.0270 0.1134 11
0.0000 0.5078 -0.0289 -0.1174 13
0.0000 0.4979 -0.0284 -0.0969 15
0.0000 0.4973 -0.0285 0.0436 6
0.0000 0.5088 -0.0292 -0.0807 7
0.0000 0.5034 -0.0290 0.0619 10
0.0000 0.5233 -0.0304 0.1019 14
0.0000 0.5084 -0.0297 -0.0267 10
0.0000 0.4941 -0.0289 0.1143 11
0.0000 0.4921 -0.0298 -0.1138 13
0.0000 0.5330 -0.0323 -0.1038 14
0.0000 0.5008 -0.0305 -0.0795 7
0.0000 0.5112 -0.0313 0.0629 10
0.0000 0.4973 -0.0305 -0.0612 8
0.0000 0.4929 -0.0303 0.0782 7
0.0000 0.4918 -0.0303 0.0958 14
0.0000 0.5004 -0.0310 -0.0263 10
0.0000 0.4901 -0.0304 0.1134 11
0.0000 0.5009 -0.0320 0.0088 7
0.0000 0.4952 -0.0320 0.0609 10
0.0000 0.5448 -0.0353 -0.0670 8
0.0000 0.5056 -0.0331 0.1170 11
0.0000 0.4877 -0.0327 -0.1310 12
0.0000 0.5128 -0.0345 0.0090 7
0.0000 0.5030 -0.0343 0.0619 10
0.0000 0.5327 -0.0364 -0.0656 8
0.0000 0.5055 -0.0349 0.1170 11
0.0000 0.4974 -0.0355 -0.0969 15
0.0000 0.4950 -0.0355 0.0609 10
0.0000 0.5128 -0.0368 -0.0631 8
0.0000 0.4874 -0.0362 -0.1310 12
0.0000 0.4973 -0.0372 -0.0969 15
0.0000 0.5003 -0.0376 -0.0795 7
0.0000 0.4988 -0.0376 0.0614 21
0.0000 0.4968 -0.0375 -0.0612 8
0.0000 0.5188 -0.0394 0.1011 14
0.0000 0.4993 -0.0389 -0.1156 13
0.0000 0.5165 -0.0407 -0.0636 8
0.0000 0.5147 -0.0408 0.1004 14
0.0000 0.4856 -0.0386 0.1125 11
0.0000 0.4953 -0.0404 -0.1147 13
0.0000 0.5001 -0.0410 -0.0795 7
0.0000 0.4911 -0.0406 0.0958 14
0.0000 0.5036 -0.0418 -0.0265 10
0.0000 0.5004 -0.0429 0.0617 10
0.0000 0.4988 -0.0430 0.0973 14
0.0000 0.4931 -0.0427 0.1143 11
0.0000 0.5045 -0.0448 -0.0985 15
0.0000 0.5042 -0.0450 -0.0622 8
0.0000 0.4908 -0.0441 0.0958 14
0.0000 0.4993 -0.0449 -0.0263 10
0.0000 0.4887 -0.0450 -0.0954 16
0.0000 0.5075 -0.0469 -0.0807 7
0.0000 0.5001 -0.0463 0.0617 10
0.0000 0.5159 -0.0478 -0.0636 8
0.0000 0.4946 -0.0461 0.0965 14
0.0000 0.5031 -0.0469 -0.0265 10
0.0000 0.4995 -0.0478 -0.0795 7
0.0000 0.4960 -0.0477 -0.0612 8
0.0000 0.4945 -0.0488 -0.1147 13
0.0000 0.4911 -0.0522 -0.0782 7
0.0000 0.4990 -0.0545 0.0088 7
0.0000 0.4953 -0.0546 -0.0612 8
0.0000 0.4877 -0.0551 -0.0954 16
0.0000 0.4951 -0.0563 -0.0612 8
0.0000 0.4953 -0.0577 -0.0969 15
0.0000 0.4949 -0.0580 -0.0612 8
0.0000 0.5025 -0.0607 -0.0622 8
0.0000 0.4931 -0.0598 0.0965 14
0.0000 0.4977 -0.0604 -0.0263 10
0.0000 0.4963 -0.0653 0.0973 14
0.0000 0.5017 -0.0676 -0.0622 8
0.0000 0.4862 -0.0670 -0.0954 16
0.0000 0.4936 -0.0683 -0.0612 8
0.0000 0.4855 -0.0720 -0.0954 16
0.0000 0.4850 -0.0754 -0.0954 16
0.0000 0.4868 -0.0762 0.0958 14
0.0000 0.4912 -0.0837 -0.0612 8
0.0000 0.4896 -0.0923 -0.0612 8
0.0000 2.2952 -1.2477 0.1369 1
0.0000 2.3349 -1.2698 0.2325 1
0.0000 1.4679 -0.8006 0.3860 2
0.0000 2.2908 -1.2557 0.1369 1
0.0000 2.2850 -1.2531 0.2280 2
0.0000 2.2583 -1.2426 -0.0450 1
0.0000 2.2984 -1.2693 0.0458 2
0.0000 2.2567 -1.2473 0.1351 2
0.0000 2.2911 -1.2668 0.2290 3
0.0000 2.2901 -1.2694 -0.1372 1
0.0000 2.2487 -1.2475 -0.0449 1
0.0000 1.4189 -0.7875 0.4348 5
0.0000 2.2957 -1.2783 0.0459 4
0.0000 2.2680 -1.2639 0.1361 4
0.0000 2.2779 -1.2700 0.2282 6
0.0000 2.2787 -1.2735 -0.1368 3
0.0000 1.4016 -0.7836 0.3707 8
0.0000 2.2514 -1.2593 -0.0450 2
0.0000 2.2808 -1.2804 0.0457 7
0.0000 2.2673 -1.2734 0.1363 7
0.0000 2.2683 -1.2750 0.2277 9
0.0000 2.2673 -1.2775 -0.1364 4
0.0000 1.3988 -0.7885 0.3707 11
0.0000 2.2524 -1.2697 -0.0451 3
0.0000 1.3731 -0.7743 0.4224 10
0.0000 2.2661 -1.2821 0.0454 10
0.0000 2.2681 -1.2843 0.1366 11
0.0000 2.2604 -1.2809 0.2273 12
0.0000 1.4005 -0.7940 0.1977 9
0.0000 1.2864 -0.7296 -0.1816 1
0.0000 1.3985 -0.7935 0.2547 8
0.0000 1.7570 -0.9973 -0.1768 1
0.0000 2.2613 -1.2841 -0.1363 6
0.0000 1.3860 -0.7874 0.3680 13
0.0000 2.2636 -1.2864 -0.0454 5
0.0000 1.3721 -0.7801 0.4229 12
0.0000 2.2668 -1.2930 0.0456 15
0.0000 2.2618 -1.2912 0.1365 16
0.0000 2.2665 -1.2943 0.2283 17
0.0000 0.9228 -0.5272 -0.1683 1
0.0000 1.3822 -0.7900 0.1955 10
0.0000 1.2390 -0.7085 -0.1752 1
0.0000 1.3975 -0.7994 0.2550 10
0.0000 1.7329 -0.9912 -0.1747 1
0.0000 1.3734 -0.7859 0.3076 10
0.0000 2.2533 -1.2900 -0.1361 9
0.0000 1.3765 -0.7883 0.3662 15
0.0000 2.2712 -1.3013 -0.0457 8
0.0000 1.3660 -0.7829 0.4219 14
0.0000 2.2709 -1.3058 0.0457 18
0.0000 2.2573 -1.2991 0.1365 19
0.0000 0.8032 -0.4622 -0.1801 4
0.0000 2.2654 -1.3042 0.2287 22
0.0000 0.9209 -0.5304 -0.1683 1
0.0000 1.3726 -0.7909 0.1945 17
0.0000 1.2228 -0.7048 -0.1733 1
0.0000 1.3776 -0.7944 0.2519 13
0.0000 1.7432 -1.0052 -0.1761 1
0.0000 1.3690 -0.7897 0.3072 13
0.0000 2.2523 -1.2998 -0.1363 13
0.0000 1.3569 -0.7834 0.3617 15
0.0000 2.2701 -1.3112 -0.0458 10
0.0000 1.3632 -0.7877 0.4219 15
0.0000 2.2733 -1.3178 0.0459 21
0.0000 2.2579 -1.3099 0.1368 21
0.0000 0.8253 -0.4788 -0.1855 3
0.0000 2.2746 -1.3201 0.2301 27
0.0000 0.9122 -0.5297 -0.1671 1
0.0000 1.3715 -0.7966 0.1947 20
0.0000 1.2341 -0.7171 -0.1752 1
0.0000 1.3696 -0.7962 0.2509 16
0.0000 1.7053 -0.9913 -0.1726 1
0.0000 1.3662 -0.7945 0.3072 18
0.0000 2.2598 -1.3147 -0.1370 16
0.0000 1.3407 -0.7803 0.3581 16
0.0000 2.2586 -1.3151 -0.0456 16
0.0000 1.3438 -0.7827 0.4167 15
0.0000 2.2738 -1.3287 0.0460 28
0.0000 2.2637 -1.3239 0.1374 25
0.0000 0.8236 -0.4817 -0.1855 3
0.0000 2.2631 -1.3240 0.2294 24
0.0000 0.9240 -0.5408 -0.1696 2
0.0000 1.3636 -0.7984 0.1940 20
0.0000 1.2213 -0.7154 -0.1738 2
0.0000 1.3481 -0.7900 0.2475 18
0.0000 1.6846 -0.9872 -0.1708 1
0.0000 1.3685 -0.8022 0.3083 17
0.0000 2.2604 -1.3256 -0.1373 17
0.0000 1.3447 -0.7889 0.3599 17
0.0000 2.2540 -1.3230 -0.0456 16
0.0000 1.3311 -0.7816 0.4136 16
0.0000 2.2657 -1.3346 0.0459 28
0.0000 2.2625 -1.3338 0.1376 25
0.0000 0.8558 -0.5045 -0.1931 2
0.0000 2.2722 -1.3400 0.2308 25
0.0000 0.9187 -0.5420 -0.1689 2
0.0000 1.3505 -0.7971 0.1926 21
0.0000 1.2119 -0.7156 -0.1728 2
0.0000 1.3521 -0.7987 0.2487 18
0.0000 1.7120 -1.0113 -0.1740 1
0.0000 1.3420 -0.7930 0.3030 18
0.0000 2.2557 -1.3335 -0.1373 17
0.0000 1.3402 -0.7926 0.3595 16
0.0000 2.2494 -1.3308 -0.0456 17
0.0000 1.3217 -0.7823 0.4115 16
0.0000 2.2697 -1.3476 0.0461 28
0.0000 2.2664 -1.3468 0.1382 23
0.0000 0.8270 -0.4914 -0.1870 3
0.0000 2.2744 -1.3520 0.2315 25
0.0000 0.9372 -0.5574 -0.1727 2
0.0000 1.3290 -0.7907 0.1899 20
0.0000 1.2163 -0.7239 -0.1738 2
0.0000 1.3426 -0.7994 0.2475 20
0.0000 1.7085 -1.0173 -0.1740 1
0.0000 1.3291 -0.7917 0.3007 17
0.0000 2.2545 -1.3434 -0.1375 17
0.0000 1.3257 -0.7903 0.3563 17
0.0000 2.2585 -1.3469 -0.0459 18
0.0000 1.3140 -0.7839 0.4100 16
0.0000 2.2735 -1.3607 0.0462 28
0.0000 2.2583 -1.3526 0.1380 23
0.0000 0.8084 -0.4842 -0.1832 3
0.0000 2.2662 -1.3579 0.2311 26
0.0000 0.9149 -0.5484 -0.1689 2
0.0000 1.3262 -0.7953 0.1899 21
0.0000 1.2035 -0.7220 -0.1723 2
0.0000 1.3347 -0.8010 0.2465 20
0.0000 1.7049 -1.0232 -0.1740 1
0.0000 1.3264 -0.7963 0.3007 18
0.0000 2.2583 -1.3564 -0.1381 18
0.0000 1.3012 -0.7819 0.3505 17
0.0000 2.2641 -1.3609 -0.0461 20
0.0000 1.3079 -0.7865 0.4089 16
0.0000 2.2688 -1.3686 0.0462 25
0.0000 2.2553 -1.3615 0.1381 24
0.0000 0.8269 -0.4992 -0.1878 3
0.0000 2.2717 -1.3720 0.2322 24
0.0000 0.9198 -0.5557 -0.1702 2
0.0000 1.3132 -0.7938 0.1884 21
0.0000 1.2214 -0.7385 -0.1752 2
0.0000 1.3150 -0.7954 0.2434 20
0.0000 1.7218 -1.0415 -0.1761 1
0.0000 1.3252 -0.8020 0.3011 18
0.0000 2.2621 -1.3695 -0.1386 16
0.0000 1.2968 -0.7854 0.3500 17
0.0000 2.2507 -1.3636 -0.0459 18
0.0000 1.2985 -0.7870 0.4069 16
0.0000 2.2708 -1.3807 0.0464 25
0.0000 2.2641 -1.3777 0.1389 21
0.0000 0.8017 -0.4878 -0.1824 3
0.0000 2.2652 -1.3789 0.2320 22
0.0000 0.9178 -0.5589 -0.1702 2
0.0000 1.3105 -0.7983 0.1884 21
0.0000 1.2052 -0.7345 -0.1733 2
0.0000 1.3054 -0.7959 0.2422 20
0.0000 1.7080 -1.0413 -0.1750 1
0.0000 1.3074 -0.7974 0.2977 17
0.0000 2.2625 -1.3805 -0.1389 17
0.0000 1.2874 -0.7859 0.3482 17
0.0000 2.2545 -1.3767 -0.0461 18
0.0000 1.2826 -0.7835 0.4027 17
0.0000 2.2660 -1.3886 0.0464 19
0.0000 2.2678 -1.3908 0.1394 13
0.0000 0.8134 -0.4988 -0.1855 3
0.0000 2.3436 -1.4378 0.2405 15
0.0000 0.9058 -0.5559 -0.1683 2
0.0000 1.2941 -0.7946 0.1865 21
0.0000 1.2162 -0.7470 -0.1752 2
0.0000 1.2993 -0.7984 0.2415 20
0.0000 1.6941 -1.0410 -0.1740 1
0.0000 1.2929 -0.7947 0.2950 16
0.0000 2.2695 -1.3957 -0.1396 6
0.0000 1.2814 -0.7883 0.3473 17
0.0000 2.2531 -1.3866 -0.0462 7
0.0000 1.2782 -0.7870 0.4022 17
0.0000 0.7816 -0.4831 -0.1786 4
0.0000 2.4029 -1.4858 0.2472 16
0.0000 0.9206 -0.5695 -0.1715 2
0.0000 1.2829 -0.7939 0.1852 22
0.0000 1.1899 -0.7366 -0.1718 2
0.0000 1.2965 -0.8029 0.2415 20
0.0000 1.6464 -1.0196 -0.1694 1
0.0000 1.2784 -0.7920 0.2923 17
0.0000 2.5651 -1.5898 -0.1582 1
0.0000 1.2736 -0.7897 0.3460 17
0.0000 4.0444 -2.5086 -0.0831 1
0.0000 1.2771 -0.7925 0.4027 16
0.0000 4.0354 -2.5118 0.0830 2
0.0000 0.8099 -0.5045 -0.1855 3
0.0000 2.4062 -1.4995 0.2480 15
0.0000 0.9186 -0.5727 -0.1715 2
0.0000 1.2734 -0.7942 0.1843 21
0.0000 1.1941 -0.7450 -0.1728 2
0.0000 1.2836 -0.8012 0.2397 20
0.0000 1.6868 -1.0528 -0.1740 1
0.0000 1.2806 -0.7996 0.2935 16
0.0000 2.5697 -1.6051 -0.1588 1
0.0000 1.2610 -0.7879 0.3433 17
0.0000 4.0560 -2.5355 -0.0835 1
0.0000 1.2629 -0.7897 0.3991 17
0.0000 4.0605 -2.5471 0.0837 2
0.0000 0.7748 -0.4864 -0.1778 4
0.0000 2.4128 -1.5153 0.2493 15
0.0000 0.9099 -0.5717 -0.1702 2
0.0000 1.2656 -0.7954 0.1835 21
0.0000 1.2017 -0.7553 -0.1743 2
0.0000 1.2693 -0.7981 0.2375 21
0.0000 1.7135 -1.0778 -0.1771 1
0.0000 1.2778 -0.8041 0.2935 16
0.0000 2.5945 -1.6332 -0.1607 1
0.0000 1.2468 -0.7848 0.3401 17
0.0000 4.0780 -2.5681 -0.0841 1
0.0000 1.2537 -0.7898 0.3970 18
0.0000 4.0182 -2.5392 0.0830 2
0.0000 0.8064 -0.5100 -0.1855 3
0.0000 2.3909 -1.5126 0.2475 13
0.0000 0.9147 -0.5789 -0.1715 2
0.0000 1.2646 -0.8007 0.1838 22
0.0000 1.2059 -0.7635 -0.1752 2
0.0000 1.2583 -0.7970 0.2359 20
0.0000 1.6661 -1.0557 -0.1726 1
0.0000 1.2602 -0.7988 0.2900 18
0.0000 2.5925 -1.6440 -0.1609 1
0.0000 1.2508 -0.7931 0.3419 17
0.0000 1.2282 -0.7795 0.3898 18
0.0000 4.0233 -2.5611 0.0832 2
0.0000 0.7882 -0.5021 -0.1817 4
0.0000 2.3943 -1.5259 0.2484 11
0.0000 0.8928 -0.5692 -0.1677 1
0.0000 1.2552 -0.8006 0.1828 20
0.0000 1.1798 -0.7528 -0.1718 2
0.0000 1.2488 -0.7971 0.2347 22
0.0000 1.7063 -1.0891 -0.1771 1
0.0000 1.2526 -0.7998 0.2889 18
0.0000 2.5399 -1.6225 -0.1579 1
0.0000 1.2381 -0.7912 0.3392 18
0.0000 1.2239 -0.7827 0.3893 17
0.0000 4.0177 -2.5773 0.0833 2
0.0000 0.7798 -0.5006 -0.1801 4
0.0000 2.4040 -1.5439 0.2500 9
0.0000 0.9074 -0.5830 -0.1708 2
0.0000 1.2274 -0.7889 0.1791 21
0.0000 1.2005 -0.7719 -0.1752 2
0.0000 1.2410 -0.7983 0.2337 23
0.0000 1.6924 -1.0886 -0.1761 1
0.0000 1.2399 -0.7978 0.2866 18
0.0000 2.5611 -1.6486 -0.1596 1
0.0000 1.2288 -0.7913 0.3374 20
0.0000 1.2179 -0.7849 0.3882 16
0.0000 4.0624 -2.6261 0.0844 2
0.0000 0.8341 -0.5396 -0.1931 2
0.0000 2.4120 -1.5610 0.2514 8
0.0000 0.8987 -0.5819 -0.1696 2
0.0000 1.2213 -0.7910 0.1787 21
0.0000 1.1712 -0.7588 -0.1713 1
0.0000 1.2349 -0.8004 0.2331 23
0.0000 1.6719 -1.0837 -0.1743 1
0.0000 1.2371 -0.8022 0.2866 18
0.0000 2.5318 -1.6423 -0.1582 1
0.0000 1.2211 -0.7924 0.3361 20
0.0000 1.2168 -0.7902 0.3887 17
0.0000 4.0465 -2.6359 0.0843 9
0.0000 0.7993 -0.5211 -0.1855 3
0.0000 2.4082 -1.5705 0.2515 7
0.0000 0.8901 -0.5807 -0.1683 2
0.0000 1.2235 -0.7985 0.1794 20
0.0000 1.1851 -0.7738 -0.1738 1
0.0000 1.2206 -0.7972 0.2309 22
0.0000 1.6781 -1.0960 -0.1754 1
0.0000 1.2294 -0.8032 0.2855 19
0.0000 2.5495 -1.6664 -0.1596 1
0.0000 1.2102 -0.7913 0.3338 19
0.0000 4.0347 -2.6392 -0.0842 1
0.0000 1.1994 -0.7849 0.3841 17
0.0000 4.0573 -2.6631 0.0847 2
0.0000 0.7745 -0.5088 -0.1801 4
0.0000 2.4010 -1.5778 0.2514 6
0.0000 0.8947 -0.5881 -0.1696 2
0.0000 1.2108 -0.7962 0.1779 20
0.0000 1.1824 -0.7779 -0.1738 1
0.0000 1.2062 -0.7938 0.2287 20
0.0000 1.6641 -1.0956 -0.1743 1
0.0000 1.2167 -0.8011 0.2832 20
0.0000 1.2026 -0.7923 0.3325 20
0.0000 4.0121 -2.6445 -0.0839 1
0.0000 1.1838 -0.7806 0.3799 16
0.0000 4.0313 -2.6662 0.0844 2
0.0000 0.7792 -0.5159 -0.1817 4
0.0000 2.3969 -1.5877 0.2515 4
0.0000 0.8991 -0.5958 -0.1708 2
0.0000 1.2063 -0.7994 0.1777 21
0.0000 1.1963 -0.7930 -0.1762 1
0.0000 1.2051 -0.7991 0.2290 22
0.0000 1.6138 -1.0706 -0.1694 1
0.0000 1.2023 -0.7979 0.2805 20
0.0000 1.2029 -0.7989 0.3334 20
0.0000 3.9995 -2.6563 -0.0838 1
0.0000 1.1762 -0.7815 0.3784 17
0.0000 4.0232 -2.6821 0.0844 2
0.0000 0.7610 -0.5077 -0.1778 4
0.0000 2.3996 -1.6016 0.2524 4
0.0000 0.8970 -0.5989 -0.1708 2
0.0000 1.1885 -0.7939 0.1755 21
0.0000 1.1603 -0.7753 -0.1713 1
0.0000 1.1989 -0.8014 0.2284 22
0.0000 1.6399 -1.0961 -0.1726 1
0.0000 1.1897 -0.7956 0.2782 20
0.0000 1.1871 -0.7944 0.3298 21
0.0000 4.0197 -2.6909 -0.0844 3
0.0000 1.1766 -0.7879 0.3794 17
0.0000 4.0221 -2.7017 0.0846 4
0.0000 0.7788 -0.5235 -0.1824 3
0.0000 2.4039 -1.6166 0.2534 4
0.0000 1.1841 -0.7969 0.1752 21
0.0000 1.1609 -0.7816 -0.1718 1
0.0000 1.1911 -0.8022 0.2275 20
0.0000 1.6063 -1.0818 -0.1694 1
0.0000 1.1886 -0.8008 0.2786 19
0.0000 1.1714 -0.7898 0.3262 20
0.0000 3.9937 -2.6938 -0.0841 1
0.0000 1.1658 -0.7866 0.3768 16
0.0000 4.0325 -2.7292 0.0850 2
0.0000 0.7900 -0.5351 -0.1855 3
0.0000 2.3900 -1.6194 0.2526 3
0.0000 1.1715 -0.7943 0.1738 21
0.0000 1.1550 -0.7832 -0.1713 1
0.0000 1.1738 -0.7962 0.2246 22
0.0000 1.6486 -1.1187 -0.1743 1
0.0000 1.1858 -0.8049 0.2786 19
0.0000 1.1656 -0.7915 0.3253 21
0.0000 3.9814 -2.7048 -0.0840 1
0.0000 1.1552 -0.7851 0.3743 17
0.0000 3.9970 -2.7245 0.0844 2
0.0000 4.0560 -2.7658 0.2573 1
0.0000 0.8044 -0.5487 -0.1893 2
0.0000 2.3912 -1.6318 0.2533 2
0.0000 0.8843 -0.6037 -0.1696 2
0.0000 1.1754 -0.8027 0.1748 21
0.0000 1.1787 -0.8049 -0.1752 1
0.0000 1.1646 -0.7956 0.2234 22
0.0000 1.6285 -1.1130 -0.1726 1
0.0000 1.1718 -0.8011 0.2759 21
0.0000 1.1565 -0.7910 0.3235 20
0.0000 4.0120 -2.7451 -0.0849 1
0.0000 1.1446 -0.7834 0.3717 17
0.0000 3.9904 -2.7415 0.2537 1
0.0000 0.7864 -0.5403 -0.1855 3
0.0000 2.3858 -1.6397 0.2533 2
0.0000 1.1596 -0.7976 0.1728 21
0.0000 1.1660 -0.8023 -0.1738 1
0.0000 1.1618 -0.7997 0.2234 22
0.0000 1.6248 -1.1184 -0.1726 1
0.0000 1.1545 -0.7950 0.2725 19
0.0000 1.1521 -0.7939 0.3230 21
0.0000 1.1403 -0.7863 0.3711 17
0.0000 0.7845 -0.5430 -0.1855 3
0.0000 2.3882 -1.6537 0.2541 2
0.0000 1.1470 -0.7948 0.1713 22
0.0000 1.1632 -0.8064 -0.1738 1
0.0000 1.1655 -0.8082 0.2246 22
0.0000 1.6209 -1.1240 -0.1726 1
0.0000 1.1453 -0.7945 0.2709 20
0.0000 1.1382 -0.7902 0.3199 20
0.0000 1.1344 -0.7881 0.3701 17
0.0000 0.8148 -0.5682 -0.1931 2
0.0000 2.3890 -1.6666 0.2548 2
0.0000 1.1377 -0.7943 0.1704 23
0.0000 1.1702 -0.8172 -0.1752 1
0.0000 1.1497 -0.8032 0.2221 23
0.0000 1.6331 -1.1414 -0.1743 1
0.0000 1.1490 -0.8030 0.2725 19
0.0000 1.1274 -0.7885 0.3176 21
0.0000 1.1284 -0.7899 0.3691 18
0.0000 0.7806 -0.5486 -0.1855 3
0.0000 2.3959 -1.6845 0.2562 2
0.0000 0.8919 -0.6273 -0.1727 2
0.0000 1.1415 -0.8028 0.1713 22
0.0000 1.1673 -0.8213 -0.1752 1
0.0000 1.1340 -0.7982 0.2196 23
0.0000 1.6128 -1.1356 -0.1726 1
0.0000 1.1364 -0.8004 0.2702 20
0.0000 1.1165 -0.7871 0.3154 20
0.0000 1.1225 -0.7916 0.3680 18
0.0000 0.8108 -0.5740 -0.1931 2
0.0000 2.3851 -1.6894 0.2557 2
0.0000 1.1320 -0.8024 0.1704 23
0.0000 1.1546 -0.8187 -0.1738 1
0.0000 1.1294 -0.8012 0.2193 23
0.0000 1.6413 -1.1643 -0.1761 1
0.0000 1.1320 -0.8033 0.2698 20
0.0000 1.1138 -0.7909 0.3154 20
0.0000 1.1086 -0.7878 0.3644 18
0.0000 0.7768 -0.5541 -0.1855 3
0.0000 2.3906 -1.7058 0.2569 1
0.0000 1.1228 -0.8017 0.1694 23
0.0000 1.1452 -0.8181 -0.1728 1
0.0000 1.1234 -0.8028 0.2187 23
0.0000 1.6048 -1.1468 -0.1726 1
0.0000 1.1116 -0.7947 0.2656 21
0.0000 1.1142 -0.7971 0.3163 20
0.0000 1.1027 -0.7895 0.3634 18
0.0000 0.7748 -0.5568 -0.1855 3
0.0000 2.3814 -1.7118 0.2566 1
0.0000 1.1006 -0.7918 0.1665 24
0.0000 1.1585 -0.8337 -0.1752 1
0.0000 1.1206 -0.8067 0.2187 23
0.0000 1.6817 -1.2106 -0.1813 1
0.0000 1.1072 -0.7974 0.2652 20
0.0000 1.1019 -0.7941 0.3136 20
0.0000 1.0999 -0.7933 0.3634 18
0.0000 0.7729 -0.5595 -0.1855 3
0.0000 2.3818 -1.7248 0.2573 1
0.0000 1.0979 -0.7956 0.1665 23
0.0000 1.1652 -0.8447 -0.1767 1
0.0000 1.1082 -0.8037 0.2168 23
0.0000 1.1044 -0.8012 0.2652 20
0.0000 1.0786 -0.7831 0.3077 20
0.0000 1.0940 -0.7949 0.3623 18
0.0000 3.5059 -2.5537 0.0757 1
0.0000 3.7024 -2.6989 0.2401 1
0.0000 0.7710 -0.5620 -0.1855 3
0.0000 2.3842 -1.7386 0.2582 1
0.0000 0.8682 -0.6333 -0.1702 2
0.0000 1.0984 -0.8016 0.1670 23
0.0000 1.1913 -0.8696 -0.1811 1
0.0000 1.0928 -0.7980 0.2143 24
0.0000 1.6732 -1.2223 -0.1813 1
0.0000 1.0923 -0.7979 0.2629 20
0.0000 1.0839 -0.7924 0.3100 20
0.0000 1.0805 -0.7905 0.3587 19
0.0000 3.4969 -2.5659 0.0757 1
0.0000 2.3762 -1.7461 0.2580 1
0.0000 1.0828 -0.7960 0.1650 23
0.0000 1.1498 -0.8456 -0.1752 1
0.0000 1.0804 -0.7948 0.2124 24
0.0000 1.6689 -1.2282 -0.1813 1
0.0000 1.0893 -0.8019 0.2629 20
0.0000 1.0747 -0.7918 0.3082 20
0.0000 1.0684 -0.7874 0.3556 18
0.0000 3.4923 -2.5823 0.0758 1
0.0000 3.6032 -2.6653 0.2349 1
0.0000 0.7670 -0.5675 -0.1855 3
0.0000 2.3797 -1.7615 0.2590 1
0.0000 1.0751 -0.7964 0.1643 23
0.0000 1.1469 -0.8496 -0.1752 1
0.0000 1.0808 -0.8009 0.2131 24
0.0000 1.6646 -1.2340 -0.1813 1
0.0000 1.0708 -0.7941 0.2591 18
0.0000 1.0690 -0.7930 0.3073 20
0.0000 1.0563 -0.7842 0.3525 19
0.0000 3.4773 -2.5891 0.0757 1
0.0000 3.5944 -2.6772 0.2349 1
0.0000 0.7651 -0.5701 -0.1855 3
0.0000 2.3738 -1.7694 0.2590 1
0.0000 1.0661 -0.7952 0.1633 24
0.0000 1.1441 -0.8534 -0.1752 1
0.0000 1.0750 -0.8021 0.2124 23
0.0000 1.0697 -0.7988 0.2595 19
0.0000 1.0570 -0.7896 0.3046 20
0.0000 1.0553 -0.7889 0.3530 19
0.0000 3.3887 -2.5406 0.0739 1
0.0000 2.3711 -1.7796 0.2594 1
0.0000 1.0571 -0.7940 0.1623 22
0.0000 1.1633 -0.8741 -0.1787 1
0.0000 1.0722 -0.8059 0.2124 23
0.0000 1.0576 -0.7952 0.2572 20
0.0000 1.0448 -0.7862 0.3019 20
0.0000 1.0510 -0.7914 0.3525 18
0.0000 0.7612 -0.5753 -0.1855 3
0.0000 2.3903 -1.8071 0.2622 1
0.0000 0.8760 -0.6625 -0.1740 2
0.0000 1.0527 -0.7965 0.1621 24
0.0000 1.1159 -0.8446 -0.1718 1
0.0000 1.0536 -0.7977 0.2093 24
0.0000 1.0533 -0.7977 0.2568 18
0.0000 1.0390 -0.7875 0.3010 20
0.0000 1.0390 -0.7880 0.3494 18
0.0000 0.7592 -0.5779 -0.1855 3
0.0000 2.3777 -1.8106 0.2615 1
0.0000 1.0531 -0.8025 0.1626 23
0.0000 1.1540 -0.8798 -0.1782 1
0.0000 1.0508 -0.8014 0.2093 23
0.0000 1.0489 -0.8002 0.2564 19
0.0000 1.0331 -0.7888 0.3001 20
0.0000 1.0316 -0.7881 0.3479 19
0.0000 3.3302 -2.5516 0.0732 1
0.0000 3.3189 -2.5448 0.2192 1
0.0000 2.3836 -1.8290 0.2629 1
0.0000 1.0393 -0.7978 0.1609 23
0.0000 1.1100 -0.8523 -0.1718 1
0.0000 1.0449 -0.8026 0.2087 23
0.0000 1.0366 -0.7969 0.2542 19
0.0000 1.0333 -0.7949 0.3010 20
0.0000 1.0212 -0.7858 0.3453 18
0.0000 3.3303 -2.5712 0.0734 1
0.0000 0.7550 -0.5834 -0.1855 3
0.0000 2.3583 -1.8227 0.2608 1
0.0000 1.0301 -0.7967 0.1599 22
0.0000 1.0390 -0.8039 0.2081 25
0.0000 1.0323 -0.7993 0.2538 20
0.0000 1.0167 -0.7878 0.2969 20
0.0000 1.0230 -0.7930 0.3468 19
0.0000 3.3439 -2.5994 0.0739 1
0.0000 2.4086 -1.8750 0.2670 1
0.0000 1.0180 -0.7928 0.1584 22
0.0000 1.1259 -0.8772 -0.1752 1
0.0000 1.0315 -0.8038 0.2071 25
0.0000 1.0250 -0.7991 0.2526 19
0.0000 1.0125 -0.7899 0.2965 20
0.0000 1.0157 -0.7930 0.3453 19
0.0000 2.3741 -1.8609 0.2639 1
0.0000 1.0137 -0.7951 0.1582 22
0.0000 1.1229 -0.8811 -0.1752 1
0.0000 1.0131 -0.7952 0.2040 25
0.0000 1.0268 -0.8063 0.2538 20
0.0000 1.0067 -0.7911 0.2956 20
0.0000 1.0083 -0.7929 0.3437 19
0.0000 3.2566 -2.5682 0.0724 1
0.0000 3.2517 -2.5662 0.2171 1
0.0000 2.3613 -1.8642 0.2632 1
0.0000 1.0125 -0.7999 0.1584 20
0.0000 1.0165 -0.8037 0.2052 24
0.0000 1.0148 -0.8026 0.2515 20
0.0000 1.0009 -0.7921 0.2947 20
0.0000 0.9950 -0.7880 0.3401 18
0.0000 2.3985 -1.9071 0.2681 1
0.0000 1.0050 -0.7997 0.1577 17
0.0000 1.1167 -0.8889 -0.1752 1
0.0000 1.0044 -0.7998 0.2034 24
0.0000 1.0028 -0.7988 0.2492 19
0.0000 0.9981 -0.7956 0.2947 20
0.0000 0.9831 -0.7843 0.3370 18
0.0000 3.2448 -2.5958 0.0725 1
0.0000 2.3980 -1.9205 0.2688 1
0.0000 0.9991 -0.8007 0.1572 17
0.0000 1.0063 -0.8070 0.2043 25
0.0000 0.9969 -0.7998 0.2484 20
0.0000 0.9892 -0.7942 0.2929 20
0.0000 0.9834 -0.7901 0.3380 21
0.0000 3.2015 -2.5796 0.0718 1
0.0000 2.4099 -1.9439 0.2709 1
0.0000 0.9932 -0.8017 0.1567 17
0.0000 0.9927 -0.8019 0.2021 24
0.0000 0.9926 -0.8020 0.2481 20
0.0000 0.9789 -0.7916 0.2906 22
0.0000 0.9746 -0.7887 0.3359 19
0.0000 3.1893 -2.5882 0.0717 1
0.0000 2.3846 -1.9372 0.2688 1
0.0000 0.9904 -0.8052 0.1567 16
0.0000 1.1073 -0.9005 -0.1752 1
0.0000 0.9822 -0.7991 0.2005 22
0.0000 0.9989 -0.8129 0.2503 19
0.0000 0.9686 -0.7888 0.2884 20
0.0000 0.9719 -0.7921 0.3359 18
0.0000 3.1710 -2.5917 0.0715 1
0.0000 0.9753 -0.7986 0.1548 13
0.0000 0.9748 -0.7988 0.1996 24
0.0000 0.9809 -0.8040 0.2465 19
0.0000 0.9688 -0.7947 0.2893 21
0.0000 0.9557 -0.7844 0.3313 19
0.0000 3.2082 -2.6409 0.0725 1
0.0000 2.4202 -1.9943 0.2744 1
0.0000 0.9736 -0.8034 0.1999 24
0.0000 0.9735 -0.8036 0.2454 20
0.0000 0.9615 -0.7943 0.2879 21
0.0000 0.9514 -0.7865 0.3308 18
0.0000 2.4009 -1.9926 0.2730 1
0.0000 0.9632 -0.8005 0.1984 24
0.0000 0.9632 -0.8008 0.2435 19
0.0000 0.9543 -0.7939 0.2866 20
0.0000 0.9531 -0.7936 0.3323 19
0.0000 2.4337 -2.0342 0.2775 1
0.0000 0.9604 -0.8038 0.1984 24
0.0000 0.9619 -0.8054 0.2439 20
0.0000 0.9425 -0.7897 0.2839 20
0.0000 0.9459 -0.7932 0.3308 18
0.0000 2.3931 -2.0144 0.2737 1
0.0000 0.9501 -0.8007 0.1968 22
0.0000 0.9545 -0.8049 0.2427 19
0.0000 0.9398 -0.7930 0.2839 20
0.0000 0.9374 -0.7913 0.3287 18
0.0000 2.4043 -2.0382 0.2758 1
0.0000 0.9413 -0.7989 0.1955 22
0.0000 0.9504 -0.8068 0.2423 18
0.0000 0.9312 -0.7911 0.2821 20
0.0000 0.9199 -0.7821 0.3235 18
0.0000 2.3975 -2.0462 0.2758 1
0.0000 0.9447 -0.8071 0.1968 21
0.0000 0.9282 -0.7936 0.2374 19
0.0000 0.9314 -0.7969 0.2830 20
0.0000 0.9202 -0.7876 0.3246 18
0.0000 2.4024 -2.0649 0.2772 1
0.0000 0.9389 -0.8078 0.1962 21
0.0000 0.9330 -0.8030 0.2393 18
0.0000 0.9169 -0.7898 0.2794 20
0.0000 0.9116 -0.7858 0.3225 18
0.0000 2.4103 -2.0864 0.2789 1
0.0000 0.9329 -0.8087 0.1955 21
0.0000 0.9137 -0.7923 0.2351 19
0.0000 0.9067 -0.7868 0.2771 19
0.0000 0.9102 -0.7904 0.3230 18
0.0000 2.4090 -2.1000 0.2796 1
0.0000 0.9063 -0.7911 0.1905 21
0.0000 0.9168 -0.8006 0.2366 19
0.0000 0.9010 -0.7874 0.2762 19
0.0000 0.9074 -0.7936 0.3230 17
0.0000 0.9096 -0.8000 0.2355 18
0.0000 0.9026 -0.7944 0.2776 20
0.0000 0.8902 -0.7840 0.3178 18
0.0000 2.3942 -2.1168 0.2796 1
0.0000 0.8965 -0.7940 0.2328 18
0.0000 0.8925 -0.7910 0.2753 19
0.0000 0.8946 -0.7935 0.3204 18
0.0000 2.3958 -2.1331 0.2806 1
0.0000 2.4159 -2.1525 0.3973 1
0.0000 0.8894 -0.7932 0.2316 16
0.0000 0.8841 -0.7888 0.2735 19
0.0000 0.8891 -0.7939 0.3194 18
0.0000 2.3976 -2.1490 0.2817 1
0.0000 2.4028 -2.1552 0.3963 1
0.0000 0.8853 -0.7949 0.2313 15
0.0000 0.8757 -0.7865 0.2717 19
0.0000 0.8822 -0.7929 0.3178 17
0.0000 2.3934 -2.1596 0.2820 1
0.0000 2.3957 -2.1631 0.3963 2
0.0000 0.8884 -0.8030 0.2328 18
0.0000 0.8729 -0.7896 0.2717 20
0.0000 0.8737 -0.7908 0.3158 17
0.0000 2.4006 -2.1813 0.2838 1
0.0000 2.3837 -2.1675 0.3956 2
0.0000 0.8740 -0.7956 0.2297 15
0.0000 0.8702 -0.7926 0.2717 19
0.0000 0.8609 -0.7847 0.3121 18
0.0000 2.3842 -2.1816 0.2827 1
0.0000 2.3849 -2.1838 0.3971 2
0.0000 0.8625 -0.7907 0.2274 15
0.0000 0.8631 -0.7917 0.2704 18
0.0000 0.8624 -0.7917 0.3137 17
0.0000 2.3941 -2.2061 0.2848 1
0.0000 2.3802 -2.1948 0.3975 2
0.0000 0.8598 -0.7937 0.2274 14
0.0000 0.8546 -0.7894 0.2686 18
0.0000 0.8583 -0.7934 0.3132 17
0.0000 2.3951 -2.2226 0.2859 1
0.0000 2.3783 -2.2085 0.3985 2
0.0000 0.8541 -0.7940 0.2267 14
0.0000 0.8418 -0.7831 0.2654 16
0.0000 0.8541 -0.7950 0.3127 17
0.0000 2.3903 -2.2337 0.2862 1
0.0000 2.3837 -2.2290 0.4007 3
0.0000 0.8499 -0.7956 0.2263 13
0.0000 0.8391 -0.7860 0.2654 16
0.0000 0.8386 -0.7861 0.3080 17
0.0000 2.3796 -2.2393 0.2859 1
0.0000 2.3889 -2.2496 0.4029 2
0.0000 0.8500 -0.8013 0.2271 14
0.0000 0.8378 -0.7903 0.2659 15
0.0000 0.8330 -0.7864 0.3070 16
0.0000 2.3920 -2.2667 0.2883 1
0.0000 2.3752 -2.2524 0.4019 2
0.0000 0.8358 -0.7934 0.2240 13
0.0000 0.8336 -0.7919 0.2654 16
0.0000 0.8289 -0.7880 0.3064 15
0.0000 2.4014 -2.2916 0.2904 1
0.0000 2.3731 -2.2662 0.4029 2
0.0000 0.8330 -0.7963 0.2240 13
0.0000 0.8266 -0.7907 0.2641 15
0.0000 0.8206 -0.7855 0.3044 16
0.0000 2.4106 -2.3165 0.2925 1
0.0000 0.8302 -0.7992 0.2240 13
0.0000 0.8154 -0.7855 0.2614 15
0.0000 0.8178 -0.7884 0.3044 16
0.0000 0.8260 -0.8008 0.2236 10
0.0000 0.8127 -0.7884 0.2614 15
0.0000 0.8137 -0.7899 0.3039 15
0.0000 0.8070 -0.7886 0.2605 15
0.0000 0.8054 -0.7873 0.3018 16
0.0000 0.8002 -0.7872 0.2591 14
0.0000 0.7985 -0.7860 0.3002 15
0.0000 1.4058 -1.3902 0.2428 1
0.0000 0.7973 -0.7901 0.3007 15
0.0000 1.3759 -1.3697 0.2384 1
0.0000 0.7986 -0.7969 0.3023 15
0.0000 0.7890 -0.7929 0.2997 15
0.0000 0.7740 -0.7832 0.2951 14
0.0000 0.7713 -0.7859 0.2951 9
